-0.752162053953489 -16.4379258946217 -6.11032416344186
-1.73492064881587 -16.6445123954434 -6.60150032763724
-2.71767924367826 -16.851098896265 -7.09267649183262
-3.70043783854065 -17.0576853970866 -7.583852656028
-4.7434218180264 -17.1688535234852 -7.9189835503927
-5.84692014994691 -17.184145447935 -8.0973204530982
-6.95041848186741 -17.1994373723848 -8.27565735580371
-8.05352631300731 -17.2022917610705 -8.43932714860816
-9.15019178921103 -16.9999557278563 -8.36102373018159
-10.2468572654147 -16.797619694642 -8.28272031175501
-11.3435227416185 -16.5952836614277 -8.20441689332843
-12.3804545117004 -16.2555446099677 -8.00605851387968
-13.385380593798 -15.8421841742742 -7.74337394620465
-14.3903066758956 -15.4288237385808 -7.48068937852962
-15.356029527234 -14.964516748532 -7.18530844125504
-16.2140125312029 -14.3601964513154 -6.80007006616262
-17.0719955351717 -13.7558761540987 -6.41483169107019
-17.9299785391405 -13.151555856882 -6.02959331597777
-18.6181380242547 -12.4014604050354 -5.57460456006844
-19.286133870392 -11.6340566462502 -5.1113341391296
-19.9541297165293 -10.8666528874649 -4.64806371819076
-20.5027612651416 -10.0335535177498 -4.16090651522387
-20.9430149164977 -9.14080522185516 -3.65206109172458
-21.3832685678538 -8.24805692596052 -3.1432156682253
-21.7842675200177 -7.34358089164811 -2.63171768133396
-21.9700893475469 -6.37481851498329 -2.10567949988348
-22.1559111750762 -5.40605613831846 -1.57964131843299
-22.3417330026054 -4.43729376165364 -1.05360313698251
-22.322795192668 -3.4528901905914 -0.535346615550476
-22.2468993258357 -2.46413570324791 -0.019254721090593
-22.1710034590034 -1.47538121590442 0.496837173369291
-21.9936233209897 -0.499628892507934 0.997549747060403
-21.6695143163935 0.457324529769642 1.47602645819919
-21.3454053117973 1.41427795204722 1.95450316933798
-21.0142211112397 2.36893844004387 2.43079559469617
-20.4672774803783 3.25367546629124 2.84047781473802
-19.9203338495169 4.13841249253861 3.25016003477986
-19.3733902186555 5.02314951878598 3.6598422548217
-18.700521445433 5.84075159705206 3.99857766258391
-17.9593333583454 6.62193034081591 4.29882165040416
-17.2181452712577 7.40310908457975 4.59906563822441
-16.4367491419069 8.15067862697169 4.85801738948608
-15.5356648733316 8.79820294093174 4.99405365717958
-14.6345806047563 9.44572725489179 5.13008992487308
-13.733496336181 10.0932515688518 5.26612619256658
-12.7457058530574 10.601754711874 5.21300359736551
-11.7404442857077 11.0822454384928 5.12176596689309
-10.7351827183581 11.5627361651117 5.03052833642066
-9.7255020494716 11.9693063943112 4.83505488230965
-8.70858215463811 12.2547825100396 4.46882575019184
-7.69166225980461 12.540258625768 4.10259661807403
-6.67474236497111 12.8257347414964 3.73636748595622
-5.74588487748658 12.9467585274491 3.13683930040292
-4.82974844195516 13.0440263578939 2.50360990829952
-3.91361200642374 13.1412941883388 1.87038051619613
-3.03700247463169 13.2074228864755 1.18903251878597
-2.26390326254898 13.1920065801784 0.381674848265319
-1.49080405046626 13.1765902738814 -0.425682822255335
-0.717704838383536 13.1611739675843 -1.23304049277599
0.0510856647022366 13.1393943302448 -2.0443171156648
0.816198686772525 13.1121835929817 -2.8589385624776
1.58131170884281 13.0849728557187 -3.67356000929039
2.3464247309131 13.0577621184556 -4.48818145610319
3.24010824036393 13.0050039448286 -5.14884447935299
4.17095198341514 12.944861893902 -5.76500949142691
5.10179572646636 12.8847198429754 -6.38117450350082
6.04800481840492 12.8127641306351 -6.95978226983786
7.11869042857032 12.6451045425763 -7.234134323025
8.18937603873572 12.4774449545175 -7.50848637621214
9.26006164890112 12.3097853664587 -7.78283842939928
10.3313356025678 12.070035180277 -7.87332854867696
11.4031593937816 11.7629125873927 -7.79199014508204
12.4749831849954 11.4557899945085 -7.71065174148713
13.5468069762092 11.1486674016242 -7.62931333789221
14.5089984029971 10.7044054816473 -7.27856050578955
15.4674390503383 10.2554517047349 -6.91859037634604
16.4258796976795 9.80649792782243 -6.55862024690253
17.3052452191175 9.29478571867888 -6.11854856403548
18.084859431721 8.70390530481929 -5.57743075949101
18.8644736443245 8.1130248909597 -5.03631295494654
19.644087856928 7.52214447710011 -4.49519515040207
20.2028459528987 6.79542438197569 -3.8600842308031
20.7440438271735 6.05790370340147 -3.21749993911285
21.2852417014484 5.32038302482724 -2.57491564742259
21.6966607841582 4.53075219679818 -1.92132301579664
21.9116848569739 3.66226277258144 -1.2510713984881
22.1267089297897 2.79377334836471 -0.580819781179556
22.3417330026054 1.92528392414797 0.0894318361289876
22.2056346617272 1.0111261002019 0.698319846842622
22.0021206466838 0.0881999213011894 1.29542601525152
21.7986066316404 -0.834726257599521 1.89253218366041
21.489816931403 -1.7347398054788 2.43993829868908
20.8466294551092 -2.56197365267931 2.82947712185821
20.2034419788154 -3.38920749987982 3.21901594502735
19.5602545025217 -4.21644134708033 3.60855476819648
18.7265930217435 -4.88632520659981 3.8010554321233
17.7614122383596 -5.44756137584343 3.85750434788425
16.7962314549758 -6.00879754508705 3.9139532636452
15.8310506715919 -6.57003371433067 3.97040217940615
14.7838585802175 -6.82234332404597 3.72226120857609
13.7249282741862 -7.03043651583277 3.43052452443842
12.6659979681548 -7.23852970761958 3.13878784030075
11.6069583500161 -7.44002613422907 2.84606026542707
10.5432739895091 -7.36122172819875 2.51122910024936
9.47958962900207 -7.28241732216843 2.17639793507165
8.41590526849504 -7.20361291613811 1.84156676989393
7.35222090798801 -7.12480851010779 1.50673560471622
6.26312027179567 -6.94020654781816 1.64826788495655
5.17300867477512 -6.75139636924925 1.80874805470156
4.08289707775457 -6.56258619068033 1.96922822444657
2.99278548073403 -6.37377601211141 2.12970839419158
1.99369036571198 -6.20458853760572 2.57284732714776
1.02188929160784 -6.04128552353908 3.10075002683597
0.0500882175037024 -5.87798250947244 3.62865272652417
-0.921712856600436 -5.7146794954058 4.15655542621238
-1.97768729359908 -5.57865448830983 4.45431067232712
-3.0717401758608 -5.45496953820575 4.64795154173204
-4.16579305812251 -5.33128458810168 4.84159241113697
-5.25984594038422 -5.2075996379976 5.03523328054189
-6.27988341086593 -5.09994881711117 4.71274174022175
-7.27444095317737 -4.99781777178111 4.21257076247262
-8.26899849548881 -4.89568672645106 3.71239978472348
-9.26355603780025 -4.793555681121 3.21222880697434
-9.81565551195358 -4.64718206104464 2.29761882204937
-10.2635777105869 -4.49039147441087 1.28542868265567
-10.7114999092202 -4.3336008877771 0.273238543261962
-11.1594221078535 -4.17681030114333 -0.738951596131745
-11.0349787923791 -3.91487973489853 -1.78294689783097
-10.7829308448399 -3.62950899260735 -2.83403292378544
-10.5308828973007 -3.34413825031616 -3.88511894973992
-10.2788349497616 -3.05876750802498 -4.9362049756944
-9.56317478566144 -2.64789255462182 -5.63059198601022
-8.73536143101658 -2.20665667197608 -6.23868935330328
-7.90754807637172 -1.76542078933033 -6.84678672059634
-7.07973472172685 -1.32418490668458 -7.45488408788939
-6.1238928990604 -0.805797152921536 -7.43244536994581
-5.1476590854453 -0.275120880192297 -7.30957675276466
-4.17142527183019 0.255555392536942 -7.18670813558351
-3.19519145821508 0.786231665266181 -7.06383951840235
-2.49826466812169 1.26903802843199 -6.35278927580446
-1.81794518998266 1.74899809539184 -5.60676635111659
-1.13762571184364 2.22895816235168 -4.86074342642872
-0.458635729458475 2.70845829754273 -4.11373869622805
-0.133188360660512 3.065652303406 -3.10564995276885
0.192259008137451 3.42284630926927 -2.09756120930966
0.517706376935414 3.78004031513254 -1.08947246585046
0.843153745733377 4.13723432099581 -0.0813837223912696
1.31520878619469 4.4041378478643 0.896101901192152
1.78819796768067 4.67046607031926 1.87339253068397
2.26118714916666 4.93679429277422 2.85068316017578
2.73417633065264 5.20312251522918 3.82797378966759
3.63364972737299 5.25458733179955 4.46187693281636
4.57776269089259 5.28356266571831 5.05983813934221
5.52187565441219 5.31253799963707 5.65779934586805
6.46598861793179 5.34151333355583 6.25576055239389
7.50283145329112 5.09762815018417 6.28194658619409
8.56558068567549 4.7775125919275 6.1483929984483
9.62832991805985 4.45739703367084 6.01483941070251
10.6910791504442 4.13728147541417 5.88128582295672
11.4613776775893 3.67182739347818 5.34045990208449
12.0736617401573 3.12784524308424 4.57958007638971
12.6859458027253 2.58386309269031 3.81870025069493
13.2982298652933 2.03988094229637 3.05782042500016
13.6539296912268 1.4479351471273 2.21337751142438
13.805573270335 0.817844836670584 1.30247856645019
13.9572168494433 0.187754526213871 0.391579621475992
14.1088604285516 -0.442335784242842 -0.519319323498202
14.2522949866027 -1.17456027378333 -1.33726968383609
14.3854447960536 -2.03474452223596 -2.03876854294313
14.5185946055045 -2.89492877068859 -2.74026740205017
14.6517444149554 -3.75511301914122 -3.44176626115721
14.7524188101742 -4.72941762272722 -3.93347015064538
14.8259415174474 -5.79913472047514 -4.24977096422683
14.8994642247206 -6.86885181822307 -4.56607177780828
14.9729869319937 -7.93856891597099 -4.88237259138974
14.9184291378253 -9.04481168471923 -4.89179866130271
14.8376534427257 -10.1585312076412 -4.83840789698078
14.7568777476261 -11.2722507305632 -4.78501713265885
14.6338061067966 -12.3696052875333 -4.67554431764551
14.3608963205374 -13.4089851117972 -4.36739452963895
14.0879865342782 -14.4483649360611 -4.05924474163238
13.815076748019 -15.4877447603249 -3.75109495362582
13.3971366567809 -16.4331321647853 -3.34853831247409
12.907156958124 -17.3318315544616 -2.89908779876788
12.4171772594672 -18.230530944138 -2.44963728506166
11.8939246760966 -19.0991163353081 -1.99259433380156
11.1679050565273 -19.784185139992 -1.48928259420014
10.4418854369579 -20.469253944676 -0.985970854598715
9.71586581738856 -21.1543227493599 -0.482659114997295
8.85757241766965 -21.6464392250734 0.00366889062937532
7.91660616998777 -22.017957963737 0.479381839703263
6.97563992230589 -22.3894767024007 0.955094788777151
6.02536222051222 -22.7285636849426 1.42155722192747
4.96743618581338 -22.6927119696433 1.78107581948226
3.90951015111453 -22.656860254344 2.14059441703706
2.85158411641568 -22.6210085390446 2.50011301459185
1.82304738625206 -22.3556800411203 2.75191006734257
0.820709750240701 -21.8857844760665 2.90767875402001
-0.18162788577066 -21.4158889110127 3.06344744069745
-1.18396552178202 -20.9459933459589 3.21921612737489
-1.94537232038224 -20.1394136664909 3.12328125056227
-2.69627823227684 -19.3181597270609 3.01637596152675
-3.44718414417144 -18.4969057876309 2.90947067249123
-4.06004025207438 -17.6153630724962 2.70801237549295
-4.42653690131787 -16.6262308518614 2.33781767190234
-4.79303355056137 -15.6370986312265 1.96762296831172
-5.15953019980487 -14.6479664105917 1.59742826472111
-5.2693609479597 -13.6571441015283 1.12419266192026
-5.2718152285524 -12.6656147420755 0.607849783378102
-5.27426950914511 -11.6740853826227 0.0915069048359459
-5.27672378973781 -10.6825560231699 -0.42483597370621
-5.14775784176456 -9.62145917870787 -0.74608508849318
-5.01008462174397 -8.55575312739667 -1.05440822914138
-4.87241140172338 -7.49004707608548 -1.36273136978958
-4.7347381817028 -6.42434102477429 -1.67105451043778
-4.85616048408215 -5.32270677256241 -1.53320721531964
-4.97991055857819 -4.22074973335875 -1.3913514252262
-5.10366063307423 -3.11879269415509 -1.24949563513275
-5.22741070757027 -2.01683565495143 -1.1076398450393
-5.5986183062826 -0.979474568078091 -1.11409650285738
-6.07115848029661 0.0314348106710992 -1.18128634041517
-6.54369865431062 1.04234418942029 -1.24847617797296
-7.01623882832462 2.05325356816948 -1.31566601553075
-7.42736262179044 3.02558881909148 -1.60788554589917
-7.78366530346082 3.96349226932528 -2.10096969636979
-8.1399679851312 4.90139571955908 -2.59405384684041
-8.49627066680158 5.83929916979288 -3.08713799731103
-8.70405321945521 6.80284930971149 -3.60549193640712
-8.85171943055699 7.77678043412679 -4.13407430214146
-8.99938564165877 8.75071155854208 -4.6626566678758
-9.128078741208 9.73232188861298 -5.17393116381198
-9.03960520024947 10.8018285708124 -5.48709941196679
-8.95113165929093 11.8713352530118 -5.8002676601216
-8.8626581183324 12.9408419352112 -6.11343590827641
-8.62739274443103 14.003787043883 -6.26994022201557
-8.26469287590534 15.0610358492273 -6.29043976690706
-7.90199300737966 16.1182846545716 -6.31093931179855
-7.53097478918468 17.1702297050107 -6.32275114702148
-6.90174100117343 18.0575372793301 -6.06488185658203
-6.27250721316219 18.9448448536495 -5.80701256614258
-5.64327342515094 19.8321524279689 -5.54914327570313
-4.89920072934297 20.5467163887185 -5.17513681648416
-4.06243017781262 21.1218418710387 -4.7073845465284
-3.22565962628226 21.696967353359 -4.23963227657264
-2.37846793113724 22.2328406637069 -3.76180363149556
-1.43287626813004 22.3980816707855 -3.18883043945057
-0.487284605122834 22.5633226778641 -2.61585724740557
0.45830705788437 22.7285636849426 -2.04288405536058
1.39358504894826 22.6021672607794 -1.48289836250264
2.32337044780856 22.3204580159333 -0.929829220526964
3.25315584666887 22.0387487710871 -0.37676007855129
4.15069141476388 21.6684584310413 0.143914805594671
4.93151312283931 20.9775883763062 0.547353140460974
5.71233483091474 20.286718321571 0.950791475327278
6.49315653899017 19.5958482668358 1.35422981019358
7.06898335047459 18.6800848197892 1.55812368832422
7.58602215054666 17.6998269119847 1.7047926208834
8.10306095061874 16.7195690041802 1.85146155344258
8.51959348992856 15.7047701809451 1.9045989729757
8.71745502174565 14.6148208474868 1.75424031146261
8.91531655356274 13.5248715140285 1.60388164994952
9.11317808537984 12.4349221805701 1.45352298843643
9.09588710060926 11.3623227348846 1.1690509375184
9.01844763569334 10.2945736595168 0.847085871562541
8.94100817077742 9.22682458414893 0.52512080560668
8.85511945660979 8.15779348263206 0.218664762767441
8.6176117323151 7.06575684182026 0.190513059512707
8.38010400802042 5.97372020100846 0.162361356257973
8.14259628372573 4.88168356019666 0.134209653003239
7.90560874315556 3.80180496445809 0.146431976586858
7.67660648734286 2.90856321917996 0.778431670966903
7.44760423153016 2.01532147390183 1.41043136534695
7.21860197571745 1.12207972862369 2.04243105972699
6.98959971990475 0.228837983345557 2.67443075410704
6.86812180039814 -0.466571697260543 3.52521860291254
6.77670286642571 -1.106676398785 4.43716981430981
6.68528393245328 -1.74678110030945 5.34912102570707
6.59386499848085 -2.3868858018339 6.26107223710434
6.48075213525828 -3.25282603488675 6.91115228970424
6.3559843615634 -4.24009481433059 7.42054390933888
6.23121658786852 -5.22736359377442 7.92993552897352
6.10644881417364 -6.21463237321826 8.43932714860816
5.92543652727567 -7.27328546775971 8.3677764426379
5.72960231767473 -8.35075022481412 8.14313200797066
5.53376810807379 -9.42821498186853 7.91848757330343
5.33749066724358 -10.5004545915523 7.68511320541826
5.11103953328558 -11.2169837212511 6.85743431080177
4.88458839932758 -11.9335128509499 6.02975541618528
4.65813726536958 -12.6500419806486 5.2020765215688
4.42303006330493 -13.2625784519286 4.3206257891254
4.16134392475571 -13.5557997065398 3.27406565081191
3.89965778620649 -13.849020961151 2.22750551249842
3.63797164765727 -14.1422422157621 1.18094537418494
3.31152134853255 -14.4248002496139 0.153321295861719
2.88339553956187 -14.6906177220551 -0.844574402800959
2.4552697305912 -14.9564351944963 -1.84247010146364
2.02714392162052 -15.2222526669375 -2.84036580012631
1.42144605660798 -15.5131501353995 -3.71633387323229
0.698938752987794 -15.8205455840098 -4.51209621008952
-0.0235685506323919 -16.12794103262 -5.30785854694675
