-0.26701230004827242 -0.78586785922882263 -0.73207063889320911
-0.37501845542263823 -0.75126182644347506 -0.78445724951794382
-0.48446491961729504 -0.7155422046069313 -0.83297096436336293
-0.59392238239097572 -0.67980870532642146 -0.88144963182979641
-0.70339234028119757 -0.64407046339631724 -0.92989657933258896
-0.81287501662512429 -0.6083410460633133 -0.97832129079356167
-0.92236984736511929 -0.57263305638449269 -1.0267343247563432
-1.0310508357368964 -0.53193532775868713 -1.0728572078392771
-1.1367397083499091 -0.47908152302171747 -1.1129209669321931
-1.2375771295448508 -0.41331269723588082 -1.1457457323278213
-1.3320929425261396 -0.3357356963619067 -1.1706798464452035
-1.418837271337251 -0.24756869795015923 -1.1873112849650078
-1.4963811383181504 -0.15012500065159803 -1.1955754895654238
-1.5636584399039677 -0.044991625092379167 -1.1951151531914079
-1.6196104477568825 0.066221642251525714 -1.185938311939482
-1.6632956664585647 0.18184105023578684 -1.1682903663115178
-1.6941251325856639 0.30001957241534105 -1.142283672616236
-1.7115272846865897 0.41898306229008164 -1.1084600872255679
-1.714636393270849 0.53698586556136496 -1.0676415581214771
-1.7034748966384039 0.65224868750936049 -1.0209020796489363
-1.6783409362962114 0.76295417668798293 -0.96894495515759804
-1.6400887644901043 0.86715260931486771 -0.91185739681165534
-1.5901322414269266 0.9636415570522654 -0.8504115754159276
-1.5287304064205411 1.0504335031912477 -0.7850644228860395
-1.4582497427970242 1.1255970615250475 -0.71471290861887382
-1.3792977560692685 1.1878062082771055 -0.64084730256915878
-1.2925606468773621 1.2360184746318534 -0.56528742986479574
-1.2000757378842377 1.2694365472099951 -0.4885875887591431
-1.1027170265846733 1.2873663264350279 -0.41273760127351367
-1.0016966133168288 1.2896584166429905 -0.33969933036320016
-0.89848055072410826 1.276900884735555 -0.27088201081229096
-0.79349124134596694 1.2511416843239993 -0.20870208405675592
-0.68763765886242556 1.2129060984850704 -0.15498508667613661
-0.58224767651801479 1.1622940438550922 -0.11164730253905336
-0.47840989053729777 1.1007678829035044 -0.080469271817981747
-0.37730323909131197 1.029971952698326 -0.063097601349706267
-0.27965169619783553 0.95250684270876629 -0.061865947958152437
-0.18683745058943382 0.87095054436575525 -0.078073757156437384
-0.10078573271147502 0.78810535623361189 -0.11342089115014867
-0.022206177306312129 0.70732513752698689 -0.16660718485485615
0.052273662636376374 0.62921460466194823 -0.22919842445345592
0.13692497154559935 0.57642463874811756 -0.30427491627526609
0.22151208128068725 0.53851465192976911 -0.38794186613604537
0.30294542006611452 0.51227287216676165 -0.47893409576938983
0.38133273616065055 0.4997655194000073 -0.57540686518762474
0.45505777964986333 0.50215723187485994 -0.6761273835316125
0.53440548121507614 0.51591399321805342 -0.77143921869633314
0.62527451684259217 0.52418542756156816 -0.85674620625304054
0.72493830568712259 0.52206685931061936 -0.93204986684586677
0.83094413688773672 0.51074162118036703 -0.99709386305892933
0.94183554378445222 0.4903826547057516 -1.0507925527654649
1.0560205321764353 0.46124803978819467 -1.092146468961565
1.1717796292347502 0.42383161543554448 -1.1204190697604033
1.2871972214854146 0.37847398790661901 -1.1353737242087927
1.4003309636755921 0.32558251788443543 -1.1362511848761256
1.5095109839693279 0.26597728104137452 -1.1250030050313182
1.6132413295014989 0.20073045634732856 -1.100922251249089
1.7100039333014485 0.13084432787255909 -1.0642640386652287
1.7982806358868182 0.055278166606178833 -1.0184446617095666
1.8755852342195924 -0.02430668471917671 -0.96117123597895338
1.9405079905774156 -0.1068487204502885 -0.89369992362097195
1.9914891539616022 -0.19062330758486926 -0.81653616897163306
2.0279537784330071 -0.27298197392756168 -0.73020943042450981
2.0492279813663732 -0.35256813525130354 -0.63653114972147351
2.0575063319951612 -0.42593223511780332 -0.53597832494914499
2.0537834013275265 -0.49081393316426974 -0.42949022143930726
2.0378176393341927 -0.54652253214313573 -0.31902228225794022
2.0108411515203106 -0.59360993350694347 -0.20667273790381194
1.9712814071259424 -0.63202082493179068 -0.094771586776992392
1.9196704012015744 -0.66191353533271668 0.01477627494157379
1.8567379603957617 -0.68242983416103364 0.12049165401719394
1.7829203412337644 -0.69352762684196367 0.22041102890243028
1.6993208654169361 -0.69519688976542848 0.31294367782796428
1.6073111981765897 -0.68742754391358862 0.39677414438194752
1.508346972332467 -0.67035437316953528 0.47077011793333506
1.4010130159285883 -0.6477537671061887 0.52996095696148271
1.2891751396213409 -0.63456260024517985 0.58348524438301408
1.1804247030565194 -0.63371451112995858 0.64454547058905998
1.0776330514100843 -0.64542949097395164 0.71422075165821897
0.98529755357849713 -0.67365859687279872 0.79300221931957471
0.90289147685257487 -0.71584143893560948 0.87663528775621602
0.83075308533149139 -0.76860015045407148 0.96385096184458607
0.76938607428212813 -0.83232512479483456 1.0520621744940972
0.71893895107119776 -0.90431597237310724 1.140805015394426
0.68136639637532259 -0.98509326306639267 1.2282576494001163
0.64902010865702253 -1.0734090661056592 1.3104892554973757
0.60269391837178299 -1.1632257699572974 1.3838988955064517
0.54343025904205333 -1.2514011320103136 1.449489031295605
0.47197376748435438 -1.3365548977756032 1.5063149446078672
0.38925605060737273 -1.4173047055639709 1.553481862798872
0.29654786708455566 -1.4924777493949082 1.5901348799874933
0.1952893062092734 -1.5609192373756791 1.6157083242877293
0.087097109121933899 -1.6216966213400963 1.6296819646451079
-0.026355578110074565 -1.673874922526672 1.6318315444988729
-0.14337069974027764 -1.7164884061935484 1.6221438426684944
-0.26201763744171913 -1.7488933856829332 1.6003825661371389
-0.38045140293984009 -1.7706170188637977 1.5672737192970934
-0.49697258170022751 -1.7810208795431139 1.5236470966756461
-0.6098465586700641 -1.7798209933544953 1.4703440082160824
-0.7173179952167319 -1.7670061024303654 1.4081861721237532
-0.81761754555397059 -1.742937836802988 1.3379483971774866
-0.90900581371886924 -1.7089099377300796 1.2601057209953503
-0.9901497251128919 -1.6662947293328374 1.1754733052228663
-1.0590671399169587 -1.6156747957735906 1.0846519205740679
-1.1151463225679685 -1.5586575017793705 0.98892376951952599
-1.1567504909023392 -1.4950938077397211 0.89001249215852096
-1.1830636378311594 -1.4266526036854477 0.7891490084212941
-1.1935394374170962 -1.3539358671675641 0.68843065285197425
-1.1894812029134116 -1.2771488187618454 0.59023078517258543
-1.1716035440948296 -1.1958394196449988 0.49738483834668196
-1.1403000875814684 -1.1106307285980983 0.41189705914714331
-1.0965988485956115 -1.0225044261458633 0.33526124612252356
-1.0411966660265017 -0.93211448311221823 0.26964322272645425
-0.97520974281750217 -0.84087755866056746 0.21617086392243978
-0.90011875665077501 -0.74980287875234874 0.17608989726885049
-0.81774773322410577 -0.65984171148814852 0.15052015646402367
-0.72994362203043239 -0.5718838626941386 0.14122999537801095
-0.63927941120827891 -0.48664298167804049 0.14964861617954683
-0.55028983229516948 -0.40339496137731984 0.17619933802597795
-0.47179949375031405 -0.31620627131727075 0.21807047602498386
-0.401695715516799 -0.22953822673613544 0.27362248896667168
-0.33824125793999937 -0.14635751690227222 0.34148236251532266
-0.28357121211045061 -0.066709365379909624 0.42059909912198168
-0.24014978545352114 0.00596684474394398 0.51234875250845935
-0.21427113022092054 0.089205220110672487 0.60164804119591486
-0.19128654364293307 0.17631297040623214 0.68820061706804236
-0.16804415878803708 0.26465123516795824 0.773430557771566
-0.1448408383714874 0.35299659557164947 0.85866378717539615
-0.12156706894977196 0.44135549103298732 0.94386034740102931
-0.093990002297423825 0.53005249304027025 1.0274088223525979
-0.054398248721118786 0.61900559338650218 1.1056038225646272
-0.00065221621926333595 0.70702266281926929 1.176075462836093
0.06583663262070244 0.79276853226150179 1.237957455624664
0.14406287609122065 0.87493770539731686 1.2902284797903973
0.23280826631407481 0.95227194048001651 1.3320237703075142
0.3306518972387667 1.0236084650757273 1.3626766095654266
0.43605599100105197 1.0878676275697901 1.3816629832663401
0.54736031209319114 1.1440723804537336 1.3886542565075564
0.66281011735774853 1.1913711275482306 1.383528437721723
0.78064726652966088 1.2290404452908354 1.3666471345658167
0.89920998382326733 1.2566410178194072 1.3388776745287223
1.0167941757298524 1.2733296935303426 1.300456922789798
1.1324322283142416 1.2789495745798789 1.2537105423814254
1.244286569943849 1.2720320631591457 1.198798777662085
1.3509141913979257 1.2536439447973455 1.1366103491872088
1.4499393762189554 1.2221253794896769 1.0675948377906144
1.5388167355605644 1.1783568163217031 0.99184127460492189
1.6156556074886144 1.1231003292705199 0.91066246317043809
1.679032525226825 1.0585314570599615 0.82485216586200583
1.7281786201766036 0.98793125939830539 0.73458292938544689
1.7625349217802546 0.91390427729046542 0.64029849216911094
1.7816527495757513 0.83796973467316549 0.54323668892553578
1.7862078472588729 0.76057915921745001 0.44552429506495794
1.7759231551923653 0.68113542523996695 0.34994423388061757
1.7516753420258524 0.60019175101524569 0.2582118024352496
1.7129174897662092 0.5190343616523978 0.17182414880805141
1.6601655827473358 0.43906040681159442 0.092009622958518472
1.5942651462762871 0.36149310813815738 0.020011368375682473
1.5164773013469763 0.28721024271445228 -0.042959243219888019
1.4285218123926282 0.21565836407591399 -0.094723590994987672
1.3358469119489833 0.14200988496595124 -0.13433232256919941
1.2523111658128665 0.059462036690869254 -0.17606934205885227
1.1788552217362696 -0.028719574651167784 -0.22542750387529573
1.1290634061504559 -0.1267782876655435 -0.28428802099422473
1.0921752002689895 -0.22196362845842182 -0.35592966230416623
1.0679287814259417 -0.31430876067904789 -0.43621953954152187
1.0542142111574719 -0.40226552363387352 -0.52380273213386197
1.0561263101676028 -0.48694408705696202 -0.61555262138841182
1.059922588860716 -0.58350615939395134 -0.69439721218356742
1.0532118541732074 -0.68674137139725955 -0.76413162037332394
1.035789225761087 -0.79504521630593616 -0.82364787239526904
1.0082538276030626 -0.90689626665542122 -0.87171672281850809
0.97163062753099905 -1.0207884412697741 -0.90729293347868945
0.92636386514654456 -1.1347433026713671 -0.93067357738726741
0.87206523093297184 -1.2465622606295597 -0.94195495514416638
0.80952169472141089 -1.35457813601827 -0.94157741056423716
0.73791397169640283 -1.4561493843521536 -0.93027448617287412
0.65884093208435157 -1.5498470508626094 -0.90717047084655733
0.57393942815080834 -1.6343067748653681 -0.87224098265770367
0.48414971684782399 -1.7077739047023399 -0.82644880068480686
0.39225852477101514 -1.769555396979789 -0.76907449552157503
0.30018403725794734 -1.8187692647802038 -0.70086752619017156
0.21086667233641476 -1.8561381433456803 -0.62227079753693171
0.12672765300872441 -1.8822158186127191 -0.53400718007872905
0.049425217066376516 -1.8970143106664017 -0.4372805122982672
-0.019731069428916781 -1.9004048398748243 -0.33357281912628189
-0.080233672502401432 -1.8915819466572277 -0.22489510246798688
-0.13064370509080975 -1.8714295700322392 -0.11263182886293666
-0.17005300350244296 -1.8404847498695138 0.0015647996922746391
-0.19936560714093363 -1.7984767672334581 0.11526108320390724
-0.21867747521352532 -1.7449959346780939 0.22624935863415288
-0.22804158086381318 -1.6806626228946593 0.33266303632561661
-0.22743150721353911 -1.6063810631782947 0.43277069092673448
-0.21706477150369163 -1.5239457956899873 0.5256291829145443
-0.19977997609326267 -1.4308145209640857 0.60645761939933496
-0.19322006451702731 -1.3266247484214357 0.67463746615146281
-0.20261825809322573 -1.2234371212317003 0.74377738711862262
-0.22534050242813244 -1.12508146764369 0.81673381192266237
-0.26333530498647412 -1.0366363720569545 0.89617506593106566
-0.31454871080731756 -0.95598746009514302 0.97575010049117361
-0.38470666841952883 -0.87735440778747376 1.0419795243519365
-0.46644048642644254 -0.79902602782981103 1.0938397912482385
-0.55684919968443936 -0.72158308318403253 1.1308167954834556
-0.65298977743090847 -0.64499543574496476 1.1517963329407952
-0.74995339946556328 -0.56674036491150226 1.155431325884122
-0.84300476530256963 -0.48486425193695304 1.1419843430481873
-0.92970501106832415 -0.40007970723241315 1.1129438175776993
-1.0076241036924416 -0.31295799630964005 1.0695283415242591
-1.0762713300459412 -0.22505957433452672 1.0136643530352638
-1.1364297219746873 -0.13865309553227456 0.94674228706418162
-1.187375871675439 -0.056421755833318252 0.86799618054348371
-1.2285333468415853 0.020619840607542773 0.77893655450773558
-1.2594885107194222 0.091047497668259481 0.68076083170927326
-1.2803339247647192 0.15294941518685892 0.57450929413608443
-1.2906742105176865 0.20589799178831822 0.46205852250378054
-1.2898843216063105 0.24899838029908636 0.34502574916600059
-1.2779012390970701 0.2816600492519058 0.22526073735369356
-1.2549376090834641 0.30337034659892109 0.10462004964558055
-1.2213762072503664 0.3137937177105336 -0.015031624394993694
-1.1777630760959246 0.31277687690998973 -0.13185552604647927
-1.1235412422360183 0.30163444176368376 -0.24356878328899251
-1.0501569807723126 0.29056903255439837 -0.34337515339853153
-0.97025789247388117 0.29284846309343243 -0.43877630294231645
-0.89398548285625734 0.30942524820757883 -0.53617943250684541
-0.82908519372934797 0.34554437776765823 -0.63662483660805824
-0.77724118822810473 0.38830763140528507 -0.74162349230241931
-0.72651462649581788 0.45365232243416442 -0.83481272684162233
-0.67186814911779569 0.53297552017033123 -0.91397865557473279
-0.61247429310419244 0.62235684321079088 -0.97756651766660263
-0.54867584518858048 0.71849871197807813 -1.0250964648788261
-0.48101668594922531 0.81859414813312059 -1.0562796133477772
-0.40911028373240904 0.91952089811395799 -1.0709509312560634
-0.33320140060259085 1.0186107746565349 -1.0709501792593579
-0.25427811485258922 1.1141642255792223 -1.0560901571118595
-0.17203056824430812 1.2035376284790051 -1.0274545913344455
-0.0872540911600862 1.2852627188372956 -0.98620309458838118
0.00073523315687030327 1.3563035897056586 -0.93352801246252226
0.09169916374639675 1.4142763374984146 -0.87084077066135812
0.18414154784472206 1.4580300536053044 -0.79944169974547008
0.2776200270559902 1.4861651753826675 -0.72183368793272606
0.3686626970763161 1.4997367407317233 -0.63768319329616274
0.45493946176594968 1.5001169449187772 -0.54761329002233261
0.5350863342719131 1.487221088612132 -0.45293352400309844
0.60736487300943975 1.4613919799752237 -0.35463689281345329
0.67050564523031875 1.4232997428700278 -0.254065005765372
0.72326913874361554 1.3738630313053499 -0.15245978789096962
0.7648423941828536 1.3138628275227064 -0.051351694140050745
0.79453404379569659 1.2442839115455742 0.047782648938860646
0.8120079563285364 1.1660863382585009 0.14332503030630378
0.81712696385494155 1.0803635063522412 0.23372019014848983
0.80997077706510279 0.98832515869293625 0.31751997497771711
0.79477584321064132 0.88763046185782002 0.38940354493967838
0.78625075462842486 0.78258383495105699 0.45601238037540925
0.7912380978148551 0.67981892248111842 0.5264322623608374
0.81163314940735187 0.58302470446042431 0.60220485892599118
0.85124453243818021 0.49878600486000368 0.68495195258437558
0.89846853240203084 0.42827144130748507 0.77627303275805037
0.95310547614148289 0.36948903754878143 0.87182291201081519
1.0132921431607196 0.32375696803758991 0.97129222068590115
1.0829124438069679 0.29070526339240743 1.0695423845366046
1.1630450397222798 0.24993804692253646 1.1560787412034825
1.2417612858646001 0.19468543541360428 1.2357450074023553
1.3174339564494777 0.1260832633659647 1.3076430195303539
1.3888623197780605 0.045267691505502458 1.3706495910881142
1.4549455680387027 -0.046428198704410194 1.4238129065002485
1.5146698989655594 -0.14754553893863384 1.4663286793649455
1.5671033878572209 -0.25651406169189345 1.4975302947005933
1.6114346558917736 -0.37163441211800563 1.5169325164791976
1.6469652314997332 -0.49111624741910304 1.5242130482594975
1.6731338631458221 -0.61309028081836148 1.5192368003778274
1.6895480264753528 -0.73563034447308151 1.5020263428697063
1.6967054358879212 -0.85693799357575462 1.4734558027617091
1.6937829040602119 -0.97526793562412895 1.4338367201544582
1.6823655781954119 -1.0890720312037019 1.3838863092881806
1.6624741896912441 -1.1971604686526414 1.3247052134915922
1.634089732489822 -1.2968750690025794 1.2552446796135583
1.5970679870057527 -1.3861931460650183 1.1764021979097679
1.5495447557849973 -1.4631939374452674 1.0905852968318661
1.4915780039834325 -1.5261815460161452 0.99993023413030135
1.4258695661996175 -1.5744183232745981 0.90555551608074358
1.3557461729566092 -1.6075115015463717 0.80787509745707453
1.2817451577073722 -1.627349351154328 0.70940787280243534
1.2036122394143283 -1.633883931083618 0.61234422528537547
1.123203648372882 -1.6255387902534424 0.51735067690987624
1.0419424439692073 -1.602881975576844 0.42548185163326446
0.96070619589860207 -1.5654975791656853 0.33854882749562049
0.88094309626424738 -1.5139347374689154 0.25773382431733449
0.80386356427894023 -1.4490614187296316 0.18426027951379687
0.73053782258662148 -1.3720953652955752 0.11908341301052144
0.66102261952475616 -1.2840237932862839 0.064591921971827795
0.58994715055640334 -1.1896379135862265 0.024132112590908691
0.51030242989447283 -1.1039320752680535 -0.019461966838467133
0.42034509749068999 -1.0353713734410064 -0.071539894227803741
0.32990626758961811 -0.98358322191194603 -0.13924781788662621
0.2464228882936102 -0.93964856001717889 -0.22074844831154811
0.17037861727357886 -0.90299726775982214 -0.31282718075582844
0.10189439796956506 -0.87967390657316968 -0.4146796866957273
0.022341102436703512 -0.86476988023177626 -0.50970901231070409
-0.067238262337336513 -0.84348330958455431 -0.59405862713296353
-0.16425478314843545 -0.81675759608388476 -0.66809599178453793
