-0.26701230004827242 -0.78586785922882263 -0.73207063889320911
-0.37078795847062079 -0.75264251747281663 -0.7825820210736556
-0.49175046885446838 -0.7131644479060798 -0.83620038854609269
-0.60363619804035129 -0.67663746654805546 -0.88575162434728594
-0.71558279668474434 -0.64009069209404568 -0.93529120604024163
-0.82744129945041445 -0.60358758968242388 -0.98476361870937201
-0.95452357829751466 -0.56214828908673675 -1.040950435914912
-1.0554831705102441 -0.52228944196112237 -1.0830438649765779
-1.157489225958795 -0.46804802961044822 -1.1205503278379429
-1.2556655243026491 -0.40095035217678421 -1.151436284859336
-1.347940056361475 -0.32221353247814838 -1.174669970907563
-1.432352326423028 -0.23333923843106291 -1.189721084220188
-1.507223447221544 -0.13603393064012831 -1.196566844383981
-1.571670938781131 -0.032065666634642213 -1.1949090457127389
-1.6249360486558599 0.07714038113195551 -1.184941752966141
-1.6662938935684499 0.19002456202531459 -1.166988876835219
-1.6953311424833719 0.30478598152658559 -1.141213123051606
-1.7116515510234189 0.4198592495157204 -1.1082087866546619
-1.7149069327666491 0.53395323692876473 -1.068860135053689
-1.704984199787839 0.64518270476002426 -1.02416568673769
-1.6822297202772569 0.75171051512872145 -0.97496305924735738
-1.6474498341518491 0.85226978264519515 -0.9211392994414952
-1.5986116802171351 0.9510121955386025 -0.85955708241684348
-1.541984730388809 1.03535294479005 -0.79848203029270071
-1.4761797063359079 1.1102248515502771 -0.73186633716179628
-1.4022355677665881 1.1736206762002299 -0.66112467087975968
-1.3200466062083049 1.2244491582688291 -0.58846840067514039
-1.2308489598697729 1.261993992593236 -0.51324133614997325
-1.1387554192767111 1.284266967650471 -0.43946125270028719
-1.042736233230328 1.2925247695536231 -0.36825987365673812
-0.94079514129555231 1.285404841391613 -0.29731640547330079
-0.83263159937624509 1.263667231271187 -0.2297454396098807
-0.72412192872644521 1.2289423835092801 -0.17140648474723461
-0.62059460579320813 1.183438015063961 -0.1248093241775399
-0.51488658658715458 1.1251520621366891 -0.08852659535284417
-0.40937433574802817 1.054618545826949 -0.065220034343579258
-0.30943591584132291 0.97781600927127377 -0.058606210000871448
-0.21605339066667931 0.89846412723566726 -0.068826473130212618
-0.13366043958840829 0.82087205655798301 -0.094905080163399297
-0.054687767699070147 0.74215884146226196 -0.13938435328043361
0.048236677617087137 0.63178125180320455 -0.2256453646980677
0.1311319849625569 0.57907781034746297 -0.29860376782129311
0.21512175923536589 0.54061072941405341 -0.38082706865045179
0.30016111098954451 0.51271713199816527 -0.47550739332675113
0.38385644973146421 0.49936283976400159 -0.57851284775629885
0.44930942392368078 0.50107927543098441 -0.6689597996767308
0.52249625406369515 0.51480358528830905 -0.76021593744708837
0.62351786518738239 0.52422276897180198 -0.85541892077094739
0.72978988377393339 0.52196372858058304 -0.93571560737032855
0.83713615137960995 0.51005467575283947 -1.000851046143284
0.94719900261924128 0.48937491175080511 -1.0533509173248281
1.0602781415079841 0.46014758445529708 -1.0936643331502349
1.1747244215440209 0.42287249831116003 -1.121125671476779
1.2873673929211229 0.3784068129250876 -1.135395281523901
1.39481810590302 0.32857508093512972 -1.1367926483327899
1.505370105732313 0.26856376855999647 -1.125934420089256
1.607973808175633 0.2044751427796461 -1.102855588018897
1.7022595504849121 0.137447309735513 -1.068249920343652
1.796422477551046 0.057162526001331343 -1.0197861118425791
1.8702915490903751 -0.017748140267845498 -0.9664582151104868
1.934337864986835 -0.097097515891368502 -0.90249303257114699
1.985345251123277 -0.1777090770225685 -0.82980188601716265
2.023240162153134 -0.25736261827402002 -0.74798041513520541
2.0465760248311589 -0.33468990098191481 -0.66000098824956166
2.0576680617601921 -0.40946715773885511 -0.56183636442741391
2.057016993131989 -0.4757499186166767 -0.45774075600356462
2.0450015829895452 -0.53172492230492208 -0.35276716005852637
2.020062280163077 -0.58309532421337373 -0.23562067803065881
1.985993276688895 -0.62194330849274981 -0.12866766707514871
1.9384278962404251 -0.65452522483911013 -0.01907724770698585
1.8787538510986099 -0.67802998243089152 0.088622454974817425
1.8088389865452861 -0.69200239181098511 0.18982802346823369
1.7278314798757299 -0.69676944215098535 0.28541376828277598
1.634656857627961 -0.6916302342710271 0.37538338034061008
1.529064030710201 -0.6754019200008553 0.45798190933466321
1.443243393048584 -0.6544924028390785 0.51095720131276257
1.3265906812868531 -0.63587831067545686 0.56345115901012011
1.2041351660020301 -0.63157218569280826 0.62901974731307098
1.0926581544836389 -0.64164453383641828 0.70201542168882058
1.0076253238002499 -0.66306506039415158 0.77109007306671717
0.91565853776113504 -0.70669922059256407 0.86134492816778974
0.8341716461269354 -0.76505023503132474 0.95893699604886529
0.76775963696802663 -0.83401405626364289 1.054400075677844
0.71818958020162282 -0.90539506839644179 1.14213128403694
0.68640056080107803 -0.97134836974929117 1.2154596606573971
0.64834544877411615 -1.0752511052866669 1.312204394069812
0.59902511518950063 -1.170295888458458 1.3896606522910491
0.53747864891191988 -1.260083712065021 1.4558938538138719
0.4650373076967334 -1.344652604282861 1.511654147749961
0.38200976703122108 -1.424251775967744 1.5574814729429669
0.2894908298087488 -1.4981115258257409 1.592831243055002
0.1891380733380261 -1.565020496517691 1.617202166942284
0.082572674002898472 -1.624209606703644 1.6302353113861829
-0.028592606482963679 -1.6748948849192511 1.6318643258819721
-0.14275779944596881 -1.7163192662556019 1.6222543795517741
-0.25813516180382939 -1.748159551030845 1.601446012914522
-0.37317586554839111 -1.7699036294699979 1.569935276705104
-0.48636173900772622 -1.7810018614368579 1.5285293043652579
-0.59634180854552055 -1.7811989817513449 1.477925826699821
-0.70119580607446674 -1.7704999617305599 1.419058837734654
-0.79891439181817026 -1.7493232476633951 1.3531582644696909
-0.8889072752660806 -1.7185989354193221 1.2799738254269051
-0.9717875659613916 -1.678644440871526 1.1980437749050681
-1.0417896845480219 -1.6315635957209531 1.1119983005023291
-1.101937963538808 -1.576249664840774 1.01679691498636
-1.1459224221321871 -1.5176669320399789 0.92397802583089772
-1.176593795069705 -1.453726747647482 0.82776792849950953
-1.193138903424209 -1.3844909621773871 0.7290090805975592
-1.1941592738578899 -1.3066510881592259 0.62563451401362458
-1.181895262945093 -1.2293080640503631 0.53282024890020063
-1.1566621668078161 -1.1472500974315729 0.44594019182033529
-1.117737857803843 -1.0601350304351149 0.36495382099890727
-1.0691431306596899 -0.97362913369735749 0.29669600625878523
-1.007194000974698 -0.8816033083673176 0.23672790591473841
-0.93295696857795463 -0.78707684520839416 0.1890140028795935
-0.8482482891073353 -0.69092579763840101 0.15567528388805399
-0.75573273204884039 -0.59664025225835537 0.14003853657211651
-0.66517726588495318 -0.50971106408853284 0.14422220586143381
-0.59717345828295587 -0.44913780589494751 0.1584711298688273
-0.51813520984990569 -0.37202273143461262 0.1883580358210829
-0.43292922570558579 -0.2693827634771041 0.24299575207998739
-0.35100184005913981 -0.1648681345497007 0.32333153466866482
-0.28573984465773911 -0.070198484489493257 0.41616109623571912
-0.24282283206686789 -0.0011491801505542 0.50398871183901761
-0.22701328355916081 0.040938054763304747 0.55343359163647921
-0.19483810818468639 0.162817337538816 0.6751797619249017
-0.17093994465945769 0.2536282568816311 0.76279594397391848
-0.1471678028412314 0.34411830508165409 0.85009782284375357
-0.12230112580334609 0.43899452048322868 0.94163642230351918
-0.092010917639922377 0.53641788635972398 1.033404728553166
-0.054215785301198367 0.61940623593330002 1.105954068744629
-0.002090908882027133 0.70515790004073586 1.1747261563476641
0.064042998333754597 0.79087742288730289 1.236751154751409
0.14234755564924931 0.87343744276393831 1.2894145413497271
0.23080555532818989 0.95080504609594563 1.3313888363920801
0.32787981324413068 1.0219075090965291 1.362164988867814
0.43203089255437099 1.0858148082388011 1.3813872952470281
0.54136347554027553 1.141574944999056 1.3888757290453391
0.65400332632476588 1.188484803968286 1.384715763472059
0.76972376207809945 1.2264108341358479 1.369114410755109
0.88807979550208449 1.2549026379458701 1.342381504257842
0.9995376054699886 1.272310790261493 1.3072941205731601
1.120485788106792 1.27945209915395 1.2593734368119509
1.224141108951742 1.2750918591951601 1.2102383698870629
1.3346549238031069 1.2583064536519699 1.14748314290955
1.429981422534474 1.2309706193763239 1.083737014682381
1.5168244114925891 1.1924823513929561 1.013497604784279
1.593118283268568 1.1434792647631731 0.93836933399601419
1.6582793237956059 1.084558665823858 0.85826184141546602
1.712013899128751 1.0171685325632021 0.77175688776611018
1.7522685965869269 0.94435950713858374 0.67918328606234213
1.777210712903323 0.87036829109878489 0.58471237909609941
1.787762909950521 0.79340450699273934 0.48618557987697431
1.784191358224176 0.71801370240050288 0.39279778095044871
1.765812617541453 0.63603986961586478 0.2975419888634438
1.7350960076002779 0.55815126406629612 0.2120877587258623
1.690200931904706 0.47896850226105953 0.13058376334794061
1.6299466748728579 0.39890841611841038 0.053199739688721562
1.5513568421098309 0.31649987274597707 -0.019898825696721249
1.4552198603348601 0.23577012209699291 -0.08345926515952734
1.358923982600263 0.16323000996534501 -0.12408800872014999
1.272721414334185 0.083963914995292252 -0.1623548311109218
1.1786561696959419 -0.028958530529792258 -0.22556125537682351
1.136951391331859 -0.1081660903580224 -0.27085756020273488
1.099552359480412 -0.19641145896881551 -0.33453494034091452
1.0710887489837371 -0.2950004928846155 -0.41708311575561319
1.0541440631294909 -0.39853716729103489 -0.51969831148001744
1.055692659281986 -0.48084480235696592 -0.61030798670127051
1.061096549476106 -0.55685033093917891 -0.67566339331428515
1.056300311881321 -0.66575320628175272 -0.75220075340697179
1.039744574701355 -0.77826067064793858 -0.81615639615550395
1.013155031732498 -0.89109354702011601 -0.86651729537971089
0.97827244377430822 -1.0035638182227671 -0.90352238232902049
0.93360210011328559 -1.119410117300444 -0.92888168308005392
0.88153316833361928 -1.229710844855167 -0.94177184523524571
0.82004518690773065 -1.339149627167451 -0.94296102279337346
0.75225608203108141 -1.438535343055386 -0.93404821772364
0.6772514015254667 -1.530651182987415 -0.91431280064246223
0.59597006765380167 -1.6154000130327579 -0.88277975936834874
0.50933488831933427 -1.689750587457967 -0.84133616849262338
0.42086546642347372 -1.7530621459700499 -0.78904044261287454
0.33227466782136322 -1.8041389194416479 -0.72720932416775774
0.24397186156775211 -1.8443967930693079 -0.65472540464520657
0.1589648510437639 -1.8745460569667221 -0.57138894918119487
0.079600060754978968 -1.893428250882518 -0.47935873420356911
0.0085018921467496355 -1.9018777489407319 -0.380213746191994
-0.054521018983526459 -1.8985898538003341 -0.27609973060712067
-0.1088739508386326 -1.8837761240887521 -0.16786035103980479
-0.15236447792984051 -1.859110795419544 -0.05752756950644184
-0.1867505597959902 -1.8229021965458201 0.057346620351365209
-0.2107092877118841 -1.77651297586974 0.1673388241012293
-0.22525180770601039 -1.718992090274263 0.27485482145109719
-0.23043124301546469 -1.6478303916310471 0.38218036097038288
-0.2237674576109831 -1.5557524727050831 0.49456462566283949
-0.2049030367654312 -1.466233952621234 0.5819944816931566
-0.19326352245116099 -1.3857615537647541 0.63757435078389291
-0.19318375856502359 -1.2772202366965411 0.70560101088655414
-0.21571369882059599 -1.14878413104417 0.79676763537062611
-0.25010078626166299 -1.0641178604763979 0.8680871186538579
-0.28262672625882718 -0.99657772078942664 0.93711772768305091
-0.34225940653686121 -0.9207520453929785 1.0092859205016751
-0.42848178408199561 -0.83259918633384911 1.075695863792725
-0.52682976698442474 -0.74561379919985715 1.122705338747519
-0.62503714246747866 -0.66699827123581323 1.149241645590529
-0.72086108435236185 -0.59157073346929823 1.1579993248757281
-0.81494180850764975 -0.51127258442649182 1.149694753588766
-0.90394064870412572 -0.42752121851492358 1.12524196336552
-0.98264962585394011 -0.34368862627142899 1.087671676854423
-1.0558552254178799 -0.25361049907782679 1.034489634389989
-1.121800772640607 -0.16138887354187831 0.9672224156906396
-1.1738095041803629 -0.080558805172288625 0.89441161518074153
-1.218056623689586 -0.001835085865033666 0.8082568730430959
-1.251608712257831 0.07007763635456056 0.71435748197635429
-1.2756271199418761 0.13399585463962541 0.61195155790782374
-1.2897057152913369 0.1906881372855895 0.49995743440990309
-1.292636950480927 0.2367220872049767 0.38525307531345571
-1.284563655780685 0.27272771545702562 0.26726875058809008
-1.2655365126509619 0.29823749691750168 0.14729839773221429
-1.235505788393658 0.31278081193638602 0.026374408285114181
-1.1942948192296039 0.31573509828084051 -0.094392281023004287
-1.1416496480512519 0.30631467182051009 -0.2136936112704724
-1.092901152166954 0.29371532000618128 -0.29411867546703208
-0.99990588947177617 0.2868701802234559 -0.40128227123282251
-0.89737424646602504 0.30754487082921089 -0.53094784946251183
-0.82959509130612807 0.34515457299911229 -0.63558550488105681
-0.78382574350648804 0.38014416863162848 -0.72887783937834771
-0.73890719719277365 0.43583371259864512 -0.81582618698323162
-0.68323205980588009 0.51588599350914999 -0.90112553616324542
-0.62291747893128768 0.60658959601062912 -0.96934417422838004
-0.55821627063117396 0.70427625622213319 -1.0202860577033659
-0.49221765704695519 0.80266414964505872 -1.0535634210941589
-0.42186931153044588 0.9027134246532561 -1.0706226233257881
-0.34350081712855718 1.005948280056391 -1.0726391561371551
-0.26670672604175938 1.100361857879752 -1.060045875355661
-0.18910222081434691 1.1865441271599719 -1.035346288856668
-0.1047295434337861 1.2705305601356089 -0.99634340695664492
-0.017380308784780241 1.344167726554282 -0.94565810790989502
0.072090279298473461 1.404105365546749 -0.88574895494731154
0.15938771816254049 1.4493858507521531 -0.81937871804099438
0.24815116609006191 1.4803826403270179 -0.74788761916756741
0.33792496216939288 1.497998527262983 -0.6685170485694758
0.42622380788364139 1.5029918113601839 -0.57994208239848088
0.50789133934190012 1.4948156699947761 -0.48799875841193441
0.58167599127297709 1.4742102775200669 -0.3928608066529431
0.64743103499008336 1.441399673925607 -0.29502022521622639
0.70378047314208103 1.397198669663644 -0.1950053785332139
0.74971032884185163 1.34220247216236 -0.094736182128821761
0.78431753311350472 1.2773893849248179 0.0044846317002217983
0.80729294734557011 1.202940095152867 0.1018554378815166
0.81808328955147824 1.118599927424623 0.1967589884409211
0.81572537584300342 1.0243243247339431 0.28789041417128869
0.80242321001288763 0.94110968286137042 0.35638125889085698
0.78596206596507312 0.82599435188943893 0.42746253712614579
0.78675355693336524 0.70697675110556946 0.50573697580896559
0.80423587236249683 0.60110599667836928 0.58641447144501624
0.83452938414877786 0.52705904188755504 0.65107965653465127
0.88156601263026202 0.44749837537816273 0.74639670532899938
0.94418752188376875 0.37626523108481919 0.85708438620862482
1.0167900329785831 0.32109914117633681 0.97707311368489869
1.085306005321635 0.28960503708133228 1.0728896745889049
1.1549625879322329 0.25553123576600401 1.14787450756406
1.238034599065176 0.19804404525218339 1.23219820115796
1.3156420263844359 0.1281017391314857 1.306059655753488
1.3874544054413469 0.04721044230099309 1.3695136498280951
1.453251718734162 -0.043581859053885202 1.4226006033583589
1.512661225458386 -0.14341342857662309 1.465120520252275
1.5649050288806621 -0.25088592756717859 1.4965436594333219
1.6092130425293329 -0.36432119736318308 1.5164293329537379
1.644869983604085 -0.4816984476031812 1.524505439093734
1.6713497285529191 -0.60072061086259898 1.5208102034454649
1.688373736355665 -0.71875058387133306 1.505796971704499
1.696899851649585 -0.84130870014206127 1.478419737035636
1.6954825040479879 -0.95525080737306167 1.4422312085057341
1.68582921883967 -1.068942881654535 1.394552701318404
1.666106728806146 -1.183561282389864 1.3338166631100301
1.6398630029124841 -1.2818102772026341 1.267989873991848
1.605907488945481 -1.370413912737372 1.193028960325754
1.563396351545334 -1.44629976701223 1.113067149535393
1.511332345645988 -1.509799901170696 1.0285645888169881
1.449033237131327 -1.5614625628431811 0.93826065460618191
1.3821567567738451 -1.598867500107326 0.843836737057299
1.304322513296607 -1.6243421097289881 0.73785471743008213
1.2257645460281541 -1.6348058140599251 0.63887384784520562
1.1513187551102819 -1.6317077029466529 0.54971750089456739
1.0692773276082139 -1.6137064764809761 0.45526932866408892
0.9894560002291225 -1.5820975608625809 0.36828611749425272
0.90966813926321766 -1.5360284810023599 0.2857577380786453
0.82970307635730567 -1.4745236960820269 0.20774448577913071
0.74831138180159684 -1.3943202504955261 0.13377175218283019
0.67261967687263824 -1.2996718217656591 0.071218978082856765
0.59599290475305933 -1.196278531861066 0.02743115301564537
0.51779698407174024 -1.110388625820643 -0.01523870999662609
0.45494933483480671 -1.056245442008523 -0.050653993995584533
0.37230233168723348 -1.0063908767006271 -0.10053681745060269
0.26428909500711978 -0.94828339273381479 -0.19916154927931451
0.17108835837416181 -0.90323898108014811 -0.31177162503222428
0.099654524076291939 -0.87891108284010711 -0.41801091790983352
0.029419065517159799 -0.86642803288727877 -0.50293217835952519
-0.059937529717174143 -0.84549448548243422 -0.58848713272455178
-0.16549457757872671 -0.81641606259591104 -0.66904213076747665
