-1.483289118584951 -0.68154904819565931 0.20234461487190231
-1.4811449054020283 -0.72870465470838963 0.17492601011787137
-1.4761206482371891 -0.77527975139794103 0.14689853598334005
-1.4682263184120234 -0.8211679678594932 0.11840347909060352
-1.4574799984593501 -0.86622791824927514 0.089522184248306783
-1.4438648393145395 -0.91046718654214798 0.060582621229609702
-1.4274792948087536 -0.95367738142536274 0.031523980484986204
-1.4084489720036741 -0.99556344906653227 0.0021403321088414324
-1.3867721684250303 -1.0360632550628079 -0.02735303307483742
-1.3624765364514293 -1.0751147119304971 -0.056758501282004811
-1.3356461900015359 -1.112574459824911 -0.086030874412960118
-1.3063288463283553 -1.1483746538814315 -0.11499240983085353
-1.2746435667461293 -1.1824996122561358 -0.1434792309480879
-1.2406978052996098 -1.2147515726955533 -0.1715402733684358
-1.2046411143809597 -1.2449102622133457 -0.19929462373911877
-1.1665234529403499 -1.2729807264311479 -0.22647942327918585
-1.1264468894456177 -1.2988981181979846 -0.2529759431894853
-1.0845222910430674 -1.3225915547520715 -0.27868292933550748
-1.0408624140346459 -1.3440239365838222 -0.30346915570332944
-0.99565503098765618 -1.3630347050297207 -0.32744323255051971
-0.94907213639660737 -1.3795574808096454 -0.35061486975442252
-0.90118389141437916 -1.3935439312327567 -0.37277200862488935
-0.85207726574449127 -1.4052075589777375 -0.39356500405777395
-0.80191168291036807 -1.4144729147574566 -0.4129914435763774
-0.75089677660998444 -1.4211210729326416 -0.43124358571456844
-0.69918435066791795 -1.425142853086999 -0.44825615247594991
-0.64686321771321142 -1.4266779628485229 -0.46374720471626008
-0.5940896179476054 -1.4257053593846043 -0.47766754679639489
-0.54108291920869056 -1.42209740158736 -0.49019932296284463
-0.48793167337307464 -1.416017445553728 -0.50105041750379997
-0.4347897750536367 -1.4075022955529908 -0.51017114403033226
-0.3818806457371533 -1.396434710752938 -0.51777842851450095
-0.32929831524610631 -1.3829881128331656 -0.52361088535193478
-0.27720156655358902 -1.3671971564114975 -0.52764747154493385
-0.22574228774850985 -1.3491243089708052 -0.52988699091200708
-0.17506913331331797 -1.328832113268632 -0.53029942446303957
-0.12532641345079079 -1.3063972908626567 -0.52887734510337459
-0.076668444297316021 -1.2818770692550425 -0.52558594418495685
-0.029230512832330351 -1.2553747696677511 -0.52039674633884392
0.016855962929399709 -1.2269997559462491 -0.51328594926506976
0.061425850715612927 -1.1967801407141705 -0.50434432744005508
0.10440164957630925 -1.1649520170949539 -0.49340467402435473
0.14565201613083437 -1.1316269634216265 -0.48046313853479822
0.18505751724482486 -1.0969207511409604 -0.4655529049268638
0.22251228312428556 -1.0609786144160809 -0.44867302226879324
0.25790985307494602 -1.0239361855043327 -0.42984508468371269
0.29117035466080154 -0.98597035646307174 -0.40906140886447073
0.32220185665537937 -0.94725252914013713 -0.38631042544499811
0.35095585103329352 -0.90802611198493355 -0.36152938044346244
0.37739112579242523 -0.86851769808338508 -0.33469825792065594
0.40136810583769156 -0.82887896664847849 -0.30582827142425001
0.42282712165650421 -0.78934772891914495 -0.27490283643067526
0.44169329429020709 -0.75021578377327081 -0.24185147308691626
0.45801259238205699 -0.71181680303167716 -0.20665388393410988
0.4719233021491826 -0.67466045196849445 -0.16916139634701324
0.48344084107638102 -0.63953433836415208 -0.12899247395366409
0.49272801911865921 -0.60771752699106929 -0.085664038384460406
0.50170818525963701 -0.57988522734040049 -0.039578316094639972
0.51283910003179412 -0.55402111229585516 0.0071847470040799629
0.5277006703112942 -0.53048562324367066 0.054144882970978435
0.54513447938217896 -0.50816582617427408 0.10080001177997996
0.56635870631449992 -0.4846805519290513 0.14524106657659716
0.59011949308679224 -0.45783729668305967 0.1863938820968439
0.61493234121753715 -0.4277692427656572 0.22460237611918971
0.63999733386941604 -0.39483079399018328 0.26019109193679957
0.6645957178602645 -0.35919027842446083 0.29342545219673977
0.68843422953045352 -0.32106625894658181 0.32437924915760169
0.71131354041673578 -0.28070005311398877 0.35313720155151496
0.73307308624514567 -0.2382931297200083 0.37974726173348011
0.75347470784598969 -0.19398758648777117 0.40425810964368925
0.77235634759829896 -0.1479208979044449 0.42664804338501133
0.78963897301152119 -0.10027294284945645 0.44691963383058009
0.80509757226007328 -0.051198372232556112 0.46516047913715047
0.81865826818113663 -0.00086002746958713531 0.48135227381769352
0.83019658986874645 0.050572867056947905 0.4955489259822658
0.83967691239108611 0.10294065856138089 0.50770513951648466
0.84699799559553124 0.15607633960745385 0.51785555316836374
0.85214351028003765 0.20981426116192689 0.52596456367569655
0.85504882917191438 0.26397703635935349 0.53212586157262587
0.85558432598340395 0.31839114535317481 0.53646842667877792
0.85391548851578314 0.37290625549344597 0.53877737836968542
0.84990637388264334 0.42734653387846788 0.53924747180643573
0.84355449765151247 0.48154773239463811 0.53786328564572117
0.83487849886153853 0.5353489509669237 0.53467153831082082
0.82386898952458676 0.58858390146878337 0.52968518005821519
0.81055846523286579 0.64109680634225208 0.52295782787615375
0.79497171879973916 0.69272508039012859 0.51449541149920486
0.77715336363092935 0.74331542647695026 0.50433919826077533
0.75708639839441172 0.79271631490548244 0.49263903048411711
0.73492018917172064 0.84077642213449122 0.47926316458984314
0.71063205863471202 0.88735579815577548 0.46441481171082577
0.68424649054288922 0.93231168773164053 0.4482036902797959
0.65593593820361928 0.97550598253688403 0.43051811625500208
0.62573897694731717 1.0168254224279436 0.41152133866954832
0.59362006164962322 1.0561181452586628 0.39140981431411687
0.5598757682301938 1.0933111637616784 0.37000790032528319
0.52462915982685066 1.1282866483241272 0.3473279715171369
0.48776506758883065 1.1609199421117466 0.3237453968380038
0.44933957389349816 1.1911227771140609 0.29942894427249522
0.40959498822051943 1.2187990617580247 0.27424158429351714
0.36868914543413028 1.2438513832358875 0.24818189328555079
0.3267120047440949 1.266211447286135 0.22138722656433826
0.28377987981928043 1.285812381497988 0.19395281062676048
0.23992622570937261 1.3026088686616317 0.16611860613767052
0.19526441462992905 1.3165508806554933 0.13799471097063126
0.15004754050066799 1.3275811377053852 0.10946812199383993
0.10442445185493653 1.3356674070083319 0.080603651261210038
0.058588728796464692 1.3407862363945962 0.051399914046156923
0.012614118231989426 1.3429723810541789 0.022047436075066155
-0.033488307400456149 1.342195265715149 -0.0071751638899906099
-0.079487619381718666 1.338431870581029 -0.036328108197973365
-0.1252411810932775 1.3316846752796858 -0.065329488072524131
-0.17062561368063806 1.321978015732171 -0.09407003705106437
-0.21542728953838303 1.3093567460755389 -0.12259201610823911
-0.25942449116131822 1.2938679639407085 -0.15095272194156439
-0.30263790029158538 1.2755416633782926 -0.17882268443018612
-0.34493680894078405 1.254422796311838 -0.20611333362778675
-0.38622843998477474 1.2305783110083344 -0.23269182532583854
-0.42640170457366711 1.2040840479612562 -0.25846295765360666
-0.4651557879581289 1.175018361850759 -0.28362756446468068
-0.50252162876100792 1.1435254924567009 -0.30795867127649035
-0.53849723387184389 1.1096554497836204 -0.33116509344617212
-0.57290500059419414 1.0734924591126531 -0.35326300164813595
-0.60555582817574638 1.0351551699385253 -0.37433788918631195
-0.63634324526606989 0.99475696705531724 -0.39434027941476341
-0.66533287850343792 0.9524070242724928 -0.41294262753725902
-0.69243202972656259 0.90824275029887003 -0.43012175026505162
-0.71739408725723131 0.86239129145829552 -0.4460750790799608
-0.74033912654260015 0.81499204092198996 -0.46045548430687699
-0.76120460146357594 0.76618610208423343 -0.47320619286640725
-0.77974875873352922 0.71612083092343737 -0.48458843800429141
-0.79609927248823775 0.66494440841220515 -0.49426337384557539
-0.81020673218566108 0.61281217783348785 -0.50221112779411203
-0.8220147637976184 0.55988168512990544 -0.50844803245811387
-0.83148596583544221 0.50630826274461904 -0.51293659199055708
-0.83866616675218353 0.45225850673832546 -0.5155887282330105
-0.84354388095021582 0.39789336217897325 -0.51637768981559184
-0.84601829758000358 0.34337015609716209 -0.51534781188930467
-0.84627768987661911 0.2888671762808509 -0.51229501488772444
-0.84417553484837493 0.23453972696204273 -0.50738359668415511
-0.83977928254475398 0.18056032665412533 -0.50053660013232326
-0.83321381752508683 0.1271014053483214 -0.49164823505734356
-0.82449932613528909 0.074330265957656197 -0.48072841367085833
-0.81370368693077033 0.022415122661280228 -0.46775722481241389
-0.80088623595433051 -0.02848472122914817 -0.45276019690520541
-0.78615074203048263 -0.078205778092767242 -0.43570969064919091
-0.76956998645676433 -0.12657336624925261 -0.41658654864072431
-0.75135445474941531 -0.17343594475126795 -0.3953237338771794
-0.73160675817208176 -0.21862667575291078 -0.37191719210881297
-0.7104622048782081 -0.26199835999424681 -0.34638676072145314
-0.68814082566049461 -0.30337849411997564 -0.31864908012933085
-0.66476169094494841 -0.34252677760123962 -0.28863510199508652
-0.6405568686059907 -0.37925251608453675 -0.25630400101779865
-0.61586206445294867 -0.41340189820423512 -0.22160611591764062
-0.591325851653559 -0.44481994109373774 -0.18431392170158797
-0.56770548208894578 -0.47312218205603035 -0.14406222332735863
-0.54605979641137448 -0.49820263053116176 -0.10071155348844732
-0.52846358209603839 -0.52134544890919077 -0.054518082091678348
-0.51339376763752975 -0.54563838818483468 -0.0080122364412253747
-0.50214226858448807 -0.57206215974251939 0.038410757166412506
-0.49307623540895756 -0.60012311502804294 0.084340199704678542
-0.48430099952238753 -0.63229504795338431 0.12752092252152639
-0.47359120456699316 -0.66780000060214606 0.16757774571995088
-0.46038680843256768 -0.70548810363714598 0.2047972392478879
-0.44480814782761452 -0.74446870599238413 0.23969104891320855
-0.42659552187478744 -0.78420998764881311 0.2723816581795489
-0.40580602299041535 -0.82437089828312682 0.3029527041749317
-0.38252764271172707 -0.86470066200142104 0.3314372447829575
-0.35684902422639947 -0.90494870473654099 0.35790270357738829
-0.32881649289794157 -0.94491422137607417 0.38232858988450019
-0.29848416493191793 -0.98437148591474977 0.40475152756817989
-0.26589717066966267 -1.0230964509042726 0.42520093376738899
-0.23114603732420624 -1.0609094679620401 0.44370057030400217
-0.19431339417544857 -1.0976327205306531 0.46026767157506343
-0.15549720735594275 -1.1331195187683782 0.4748862481047168
-0.11480616293720006 -1.1672282408465027 0.48755711800818335
-0.072354908388365391 -1.1998349524330778 0.49825306057261154
-0.028280034860262211 -1.2308385840173512 0.50696577277859789
0.017344885111615808 -1.2600012170517858 0.51386910957559728
0.064359704572446358 -1.2872808966163354 0.51888615906588864
0.11261297945510182 -1.3126092007395938 0.52202683960418272
0.16198842942026068 -1.3358491185031574 0.52334525194202441
0.21233134197692505 -1.3569471186064126 0.52284884251653496
0.26350688486420654 -1.3758031914240425 0.52054595992100694
0.31537218314143123 -1.3923430819793339 0.51651759479734782
0.36776796653803662 -1.4065182845479074 0.51072431686733033
0.42053770175893884 -1.4182894304554832 0.50319991680331255
0.47356359567111395 -1.4275380508794571 0.49411370389107523
0.52664182430042727 -1.434323903268234 0.48331990749585735
0.57964268812869768 -1.4385622722560336 0.47095849151290287
0.63244974811420018 -1.4401687267738583 0.45722072391601404
0.68484796857531693 -1.4392478232782224 0.44194187460628992
0.73668018739107854 -1.4357834500505693 0.42516851521664184
0.78785874966452285 -1.4296933094897784 0.40717994840479871
0.83821846349239204 -1.4210940010626807 0.38794877819224838
0.88755133430203803 -1.4099982208845745 0.36737905010010941
0.93574946969660866 -1.396378493750756 0.34566752315669852
0.98272992198902231 -1.3802017853047652 0.32305980074738866
1.0283434075335818 -1.3615015296167945 0.29961425850845763
1.0724273861602382 -1.3404088113802732 0.27529008096954066
1.1148130430823355 -1.3170068697994197 0.25007496326979839
1.1553891726985344 -1.2913332455742745 0.22410492257410461
1.1940581286159719 -1.2634596717655986 0.19750073697460183
1.2307245004831282 -1.2334292751488427 0.17041213532617239
1.2653011025022729 -1.2014284355641349 0.14283680665894299
1.2976074396131001 -1.1675316298539602 0.11477746392980438
1.3275657189453316 -1.1317914235497828 0.08640210311284488
1.355084705228466 -1.0943349413497974 0.0577712387689557
1.3800997725966573 -1.05523541108856 0.029040279165869192
1.402617537274319 -1.0145408115138566 0.00045883239098570166
1.4225310381085603 -0.97237968460166035 -0.027929194586159195
1.439699848664393 -0.92903614756702479 -0.056329095666933733
1.4540560666074878 -0.88472547002773017 -0.084797231624619204
1.4655991292163382 -0.83943701542608518 -0.11300501598261183
1.4743066270109511 -0.7932759411375373 -0.14081320075244785
1.4801490998124145 -0.7463743746421706 -0.16812718215975575
1.4831346181277125 -0.69885423678183733 -0.19482683421170774
1.4831892720407918 -0.65098277970933893 -0.22106157145557292
1.4803446263457822 -0.60289050070379979 -0.2467321071196632
1.4746219952379398 -0.55463527726317674 -0.27160443166392761
1.4660550552207339 -0.50627944836234107 -0.29544149586286439
1.454770199568669 -0.457988339802401 -0.31825757171815727
1.4406819710012646 -0.4100153855022583 -0.3401672626840137
1.423845143607178 -0.36244006023722053 -0.36097663145456604
1.4043513459468635 -0.31532081585651761 -0.38046183586088195
1.3822392812023632 -0.26886692335863116 -0.39871026398000775
1.3575158160805612 -0.22329897804779905 -0.41580501865142672
1.3303541691718603 -0.17858266210748791 -0.43138025612633935
1.3008384933352724 -0.13485113237069749 -0.44539023263834887
1.2689692619283361 -0.092389145183755392 -0.45808820727537508
1.2349305582199483 -0.051170602165088362 -0.4691469567027175
1.1988239264748719 -0.011319353192978832 -0.47853194817258238
1.160749319466525 0.02702521258039035 -0.48627232299106293
1.1208364518860952 0.063780877185586712 -0.49226275877462694
1.0792030836764954 0.098827229687244222 -0.49654110345255781
1.0360089822011445 0.13211767347136344 -0.49897444924851198
0.99139675092926405 0.16357114753651977 -0.49953157593365338
0.9454487842684659 0.19301781279553698 -0.49827876924108583
0.89836507455771908 0.22045607326267358 -0.49509599680742472
0.8502997221590004 0.24582113715202508 -0.4899733975648462
0.80135536745219837 0.26896512599879341 -0.48299390260342628
0.75177289510118628 0.28994952718002998 -0.4739887944439824
0.70172894732274149 0.30874227961804079 -0.4629297467894587
0.6513736837038494 0.32527411084630115 -0.44985624083256642
0.60090136924290194 0.33955277710610782 -0.4347389247672423
0.55047474209168223 0.3515502318996937 -0.4176187299175434
0.50030922304511893 0.3612930111562716 -0.39842489248599772
0.45060665867184929 0.36882076735972052 -0.37714355383945486
0.40157323168249598 0.374174931083123 -0.3537564235357924
0.35343108066093804 0.37736690611725238 -0.32822188165794763
0.30641169738453583 0.3783961075002647 -0.30050878719834628
0.26075536493068574 0.37734111397709019 -0.27060466977759823
0.21672141212819385 0.37443666523836716 -0.23847118528213518
0.17459138687070497 0.36982601404180904 -0.20406499405985287
0.13472095287085306 0.36386750717499522 -0.16725623729316302
0.097819352493913103 0.35692675687638664 -0.12763508060237636
0.064771882584371901 0.34957062217812612 -0.084853938366065182
0.035654187636380064 0.34416012917070571 -0.039001355621133778
0.0069219287475823198 0.34159693569763067 0.0073385211850177292
-0.021726400032365374 0.34316139841618742 0.053780588329427045
-0.050368953699549704 0.34737383619935885 0.1000559172209452
-0.082895818791220571 0.35411268265464091 0.14334141066266609
-0.11914904654676202 0.36074089867673415 0.18360706097748308
-0.15853524234718278 0.36668233128297201 0.22093435307023571
-0.20024369750497556 0.37134430562623966 0.25584377504545319
-0.2439701519194018 0.37439051923075722 0.28838220050898955
-0.28941408161611509 0.37556680767362594 0.31860628964065529
-0.33629213851201561 0.37473026414371091 0.34656674526812709
-0.38434859384366199 0.37184738807406731 0.37230205200134264
-0.43332902134350315 0.36692988951710986 0.39589803014532854
-0.48302041370722826 0.35983494501472324 0.41735621341524398
-0.53323084866652126 0.35059931934959587 0.43668580510533883
-0.58375260354469594 0.33912577957347778 0.45388884414112696
-0.63437202602371989 0.32540697469339697 0.46903669319614832
-0.68491751581707072 0.30946193595082888 0.4821095630079088
-0.7352000703416548 0.29128274684730698 0.49311731597866809
-0.7850611145307258 0.27092955325065926 0.50203946628968843
-0.83432803971105596 0.24844037519624551 0.50889750317037119
-0.88276528943741206 0.2237535399751219 0.51383956481874271
-0.93024809659763341 0.19698759386649684 0.51683007930037206
-0.97666330148720215 0.16827033106469896 0.51781301430543047
-1.0217908471800181 0.13756554090235318 0.51695906046232132
-1.0655610635389134 0.10506460292121092 0.51415549185189924
-1.1077801698668468 0.070772364290115797 0.50950822543613772
-1.1483134233250269 0.034771390517690119 0.50310483608621093
-1.187060236841075 -0.0027906407577150474 0.49487146811219435
-1.2238201059638467 -0.04194589910134118 0.48509449808682764
-1.2585379301655071 -0.082472749092257422 0.47359596235436602
-1.2911167173300722 -0.12424850523034323 0.46042596948782594
-1.3214026744660412 -0.16726607727748194 0.44585805188477284
-1.3493380381591786 -0.21129038817741735 0.42968725315940326
-1.374834815396043 -0.2562219544631098 0.4120496887593777
-1.3977439727518128 -0.30205956162781256 0.39323229328447706
-1.4180782065420146 -0.34852968627140019 0.37305631189875826
-1.4357493106001755 -0.39547682443665855 0.35152246978647117
-1.4506999642355942 -0.44289908250487664 0.3289914404777019
-1.4629262276187782 -0.49062181147800582 0.30547421667162394
-1.4723199093002957 -0.53843046670971129 0.28085448646330946
-1.4788895643831312 -0.58621847962962459 0.25529736435617395
-1.4825577218313049 -0.63395276790150845 0.22906718650241831
