-1.483289118584951 -0.68154904819565931 0.20234461487190231
-1.4811511234943151 -0.72864694515525774 0.1749607357883777
-1.4761364116214279 -0.77518803330912978 0.14695548527909921
-1.4682536745132939 -0.82105315790476641 0.1184770621078301
-1.4575234192457109 -0.86608662628157151 0.089614595545334796
-1.4439699723070629 -0.91018977013564684 0.060769157316905291
-1.4275404508502769 -0.95354265768958402 0.031618473263025353
-1.408559618569901 -0.99535649274668903 0.0022910098269917881
-1.386944594467912 -1.03578581643943 -0.027144178453310679
-1.362670177945565 -1.0748440734793929 -0.056547069053966267
-1.3358699521698181 -1.1123007747177249 -0.08580955472621897
-1.3067292630720599 -1.147942959812831 -0.1146321579037306
-1.274922890481381 -1.182233789571985 -0.14324811165873541
-1.2411631210883349 -1.2143617879616919 -0.17118177044286059
-1.20509321834056 -1.244576746885552 -0.19897185617307309
-1.167067194124574 -1.2726283966483549 -0.22611952215112449
-1.1270737367361301 -1.2985430901893971 -0.25259110614510383
-1.085215279736744 -1.322250498446498 -0.278289047442485
-1.0416439186413571 -1.3436942645275201 -0.30305419923559979
-0.99655742419454407 -1.362713675556058 -0.32699383096303503
-0.9498613258394154 -1.379325972460139 -0.350248993535134
-0.90231046669719639 -1.3932749944826051 -0.37229405347026512
-0.85320086524236327 -1.4049984689968691 -0.39312904560517331
-0.80319106009978958 -1.414304764719053 -0.41253293222679349
-0.75198532666473106 -1.4210347940761341 -0.43088436926809148
-0.70076281479047076 -1.425094708209321 -0.44778755953928162
-0.64814468428759131 -1.4266996185905609 -0.46340811368558832
-0.5957136271445016 -1.4258135764018911 -0.47728198410976441
-0.5427201561987528 -1.422282318467895 -0.48986338147547309
-0.48961355053322941 -1.416284220504632 -0.50076022304747492
-0.43654540849205609 -1.4078666907807049 -0.5099167066436967
-0.38372848456648029 -1.396904131854767 -0.51757126584703939
-0.33117428835455132 -1.383553374039743 -0.52346315820300193
-0.27914797704880823 -1.3678770003379701 -0.52756007121529014
-0.22775474808396701 -1.3499263292645329 -0.52986779878047363
-0.17700704742469781 -1.329701987412093 -0.53035176188221089
-0.12734857763101909 -1.3074117225217661 -0.52901063116143288
-0.078695992758946676 -1.2830048405908629 -0.52580381377471863
-0.031273336099908559 -1.2566272156607501 -0.52070802694286689
0.014934575633279211 -1.2282973474760741 -0.51366697405139494
0.059501443665011901 -1.1981995162967121 -0.50482904668336259
0.1024540907057116 -1.166519140569519 -0.49401014297735152
0.14382643314051069 -1.1332284554938861 -0.48114805740181432
0.18330316006517439 -1.098597509903517 -0.46633725163617229
0.2208460854300551 -1.0627151765863589 -0.44955237435500989
0.25632550429104539 -1.0257374416928411 -0.43082776496370001
0.28973810154151042 -0.98775044780418286 -0.41010385571162589
0.32090581314903488 -0.94901331900514596 -0.38741884126782078
0.34971467549497259 -0.90987392855039495 -0.3627806260339636
0.37642019127239051 -0.87011573728805258 -0.33585843990728709
0.40043411773142268 -0.830591757917989 -0.30716389425959739
0.42205576046877519 -0.79094097364734695 -0.27624448577473593
0.44110669173475631 -0.75159131969829829 -0.24310868656243809
0.45760349338728218 -0.71290764348474467 -0.20775254781423891
0.47175585053267721 -0.6751711447946076 -0.1697454057461186
0.48418731090770362 -0.63725775963817688 -0.12638906285057119
0.49177268740050128 -0.61077172984702433 -0.090678210034684403
0.50067905722679629 -0.582297996961746 -0.04393207333618844
0.51253405641863836 -0.55450419386010741 0.0062208589841586748
0.52831001032489744 -0.52952064343672522 0.056070297940643693
0.54402030327647211 -0.50939610785508171 0.098415194271243969
0.56385515984850121 -0.48749430924620618 0.14087034386021341
0.58849666956947477 -0.45979950540501902 0.18388979956681439
0.61428518461046988 -0.42861777270282841 0.22368252459233429
0.63945014328347782 -0.39562232682692411 0.25945134068079068
0.66420904086826538 -0.35980760167725662 0.29292308901933217
0.68803419938757349 -0.32177114060033901 0.32387626850415241
0.71103553950876575 -0.28124113816970092 0.35279716181752108
0.7328258605032375 -0.23882970456909819 0.37945022208522222
0.75337666689909777 -0.1942265586530415 0.40414184301485379
0.77221969260953705 -0.14829719141393169 0.42648776220337581
0.78949957467551135 -0.10071526612137929 0.44675515193535559
0.80505464591255138 -0.051357646787434673 0.46510922753378597
0.81862802878441576 -0.00099476618103319994 0.4813150702253669
0.83017672928202857 0.050463172556521829 0.49552346033252243
0.83967354576240194 0.1029162321892607 0.50770047230109805
0.8469923094238242 0.15601708215739751 0.51784660054291043
0.85212945180387922 0.20955291851609639 0.52593480364301837
0.85504697656773065 0.26378878536734862 0.53211083803913073
0.85558474414194163 0.31843363622101462 0.53647181769929486
0.85392423281125285 0.3727875001104462 0.53877635201876728
0.84990778074600626 0.42733452507779268 0.53924777813640823
0.84356203357934478 0.481500988479584 0.53786605720562874
0.83488899049336629 0.53529821136880318 0.53467628959782298
0.82387932821691889 0.58854310677893318 0.52969040502517217
0.81057128421237579 0.64105434420030638 0.52296478751459818
0.7949758216591809 0.69271342861694429 0.51449774997398379
0.77718586851871663 0.74323538821441471 0.50435814920842481
0.75712353673437893 0.79263577959363063 0.4926614406438859
0.73495137664566079 0.84071659927341458 0.47928223062952069
0.71067583299672876 0.88728120652756404 0.46444170589533351
0.68427567307891823 0.93226714858555837 0.44822192017711732
0.65602474325452398 0.9753844530293968 0.43057398343094061
0.6257737282067326 1.0167828974004589 0.41154309765612362
0.59371152061549493 1.0560173390284759 0.39146782106793337
0.55984976754297444 1.09333982176405 0.36999140970079147
0.52481900873113851 1.1281185681847059 0.34744942240116911
0.48780368713657257 1.1608895785715101 0.32376983600976961
0.44943037451321499 1.19105952332682 0.29948648643009951
0.40972247353332542 1.218720954803812 0.27432280028515932
0.36880995882406298 1.2437869945129221 0.24825901003706499
0.32687061023415792 1.2661389962174541 0.22148858065272711
0.28392244298342723 1.285757740902578 0.19404329904274181
0.24008748329840571 1.3025584924242071 0.16622015068431209
0.19541354759439439 1.316514454467397 0.13808879528603579
0.15025867363610421 1.3275436721736491 0.1096016970862866
0.1045705644403106 1.3356510178136549 0.08069674383518749
0.058937794560141463 1.340769566276149 0.051622780117482503
0.01276086027232339 1.3429748096549361 0.022140450420677731
-0.033270932414441748 1.342212977215361 -0.0070373984380604016
-0.079252767607022837 1.338466422477413 -0.036179244158370628
-0.12500250938095239 1.3317356224252641 -0.065178349573136424
-0.17034792069750629 1.3220561373738351 -0.093893262428692836
-0.21517840516336759 1.3094442557066419 -0.12243158512165429
-0.25916030273383772 1.2939798874377959 -0.1507823372275896
-0.30238600721265169 1.275667306317295 -0.1786601642929872
-0.34467561677314762 1.2545734721518531 -0.20594520593428831
-0.38593277378180069 1.2307731536156139 -0.2325021686140557
-0.42617659411555647 1.2042526693605891 -0.25831678847018091
-0.46476488340340177 1.175347698031461 -0.28337301545466198
-0.50239685128062739 1.1436428523776849 -0.30787817931720513
-0.53819559486136637 1.109972211608562 -0.33097137691965639
-0.57265981678314892 1.0737801096193149 -0.35310475200660407
-0.60532949047075368 1.035451933918569 -0.37419082668660719
-0.63613357622424804 0.99506298020841399 -0.39420572368388113
-0.66509927764435561 0.95278737506325062 -0.41279454867794541
-0.69223286865921907 0.90860824473322499 -0.42999444778083451
-0.7172108853707948 0.862769335497235 -0.44596023678072222
-0.74015119219907088 0.81543114255303073 -0.46034064318723922
-0.76105332256139813 0.76659408934623374 -0.47311331692289621
-0.77962493621798734 0.71650791277035686 -0.48451514570435661
-0.79598729852348071 0.66535749482368678 -0.49420025959892783
-0.81009472368157998 0.61331338219044707 -0.50215192508583506
-0.82193513724802547 0.56033109377951185 -0.50841024052361683
-0.83142241675549911 0.50678531672790117 -0.51291304326384679
-0.83862482788041237 0.45271783188863118 -0.51558196642351528
-0.84352827955189869 0.39823451922130759 -0.51638402522799787
-0.84601589775992159 0.34383757011122779 -0.51537385377182066
-0.84629572814529286 0.28933488273658819 -0.51233724695494354
-0.84418864233018032 0.23470116725380469 -0.50740403571444137
-0.83981968101619409 0.18089019122500299 -0.50059133637661468
-0.83328521997925964 0.1275345292648376 -0.49173773764180562
-0.82457173945065165 0.074678967691244103 -0.48081543761718298
-0.81378762724885922 0.022748758431447389 -0.46785544542914798
-0.80096186260148916 -0.028229531424182289 -0.45284770490072251
-0.7861539519709495 -0.078196414364705008 -0.43571339277980359
-0.76957053746009063 -0.126571948249872 -0.41658719179319692
-0.7514065047610885 -0.17331683323530239 -0.3953854276938481
-0.73152257560267742 -0.21881931958020889 -0.37181741222718401
-0.71025256828752359 -0.26242816756695547 -0.3461336220112996
-0.68808254106799704 -0.3034864355489279 -0.3185766333145052
-0.66459237985071729 -0.3428102133678243 -0.28841772426640611
-0.6403946268880828 -0.37949850468603058 -0.25608723069095918
-0.61549302849114718 -0.41391189676098628 -0.22108742687372171
-0.59020361905752117 -0.44625519416707338 -0.18260629873627141
-0.56470833490198047 -0.47670133695610462 -0.1389274751769958
-0.54545185327353707 -0.49890357360453819 -0.09946571283673139
-0.52912215326098622 -0.52028381478205421 -0.056550450109959578
-0.51328922320859471 -0.54580691656789593 -0.0076896095708644616
-0.50092562190897583 -0.57492781726068054 0.043442432616988769
-0.49254465721554441 -0.60182939753428089 0.087109888920906639
-0.48519411557678183 -0.62932914089815051 0.1241703669427187
-0.47372128479373032 -0.66742872448030166 0.16721108600239409
-0.46010242178800831 -0.70629980248750002 0.20559884552876989
-0.44442825437483058 -0.74541678084569185 0.24053786288360471
-0.42602037514302588 -0.78546115799566329 0.27340869398526751
-0.40519595494626293 -0.82554519212031952 0.30384434078919248
-0.38174068619416868 -0.86605998914947613 0.33239516416449721
-0.35589625857392249 -0.90643722858554221 0.35887904286173472
-0.327818498660854 -0.94633224757042456 0.38319279650545301
-0.29740216537432118 -0.98577456666784269 0.40554672331688058
-0.26467075250740962 -1.0245493074149989 0.42596602771160991
-0.22985404453659239 -1.062310734607455 0.44438403326545578
-0.19295589140794389 -1.098981871239975 0.46087435948719319
-0.1540806360961344 -1.1344104987264321 0.47541613427700369
-0.1132990130490043 -1.168487614999453 0.4880230257798544
-0.070859357152834007 -1.200979965851201 0.49862672953669429
-0.026807679544551839 -1.231871068632175 0.50725412952041704
0.01888649041414096 -1.2609833929752501 0.51410007437704375
0.065871657895456681 -1.288155270657251 0.51904529311399694
0.11413562076452489 -1.313405809882825 0.52212396620866119
0.1634894148483243 -1.336553091376286 0.52338355966399053
0.2137725934278937 -1.3575489155268969 0.52283306382167305
0.26491381277206538 -1.3763195846299321 0.52048126028996589
0.31669945781785191 -1.392764569675109 0.51641333314966398
0.36908642508849882 -1.406873370361633 0.51057744098727953
0.42175049803518 -1.4185585268913179 0.50302601569847694
0.47469880583298651 -1.427734789683837 0.49391843768636712
0.5277328181689932 -1.434462298816509 0.4830972994958832
0.58054598352661646 -1.4386336168219589 0.47074726136734951
0.63349950873867911 -1.440199774579245 0.45694714787553259
0.6855250791610441 -1.439235270296009 0.44174400636633382
0.73737387048375336 -1.4357366420302939 0.42494374513284849
0.78878760342373766 -1.4295821203131469 0.40685311847796662
0.83866096876024721 -1.421018015383344 0.38777954645826401
0.88806276880171764 -1.409882944530561 0.36716564368490823
0.93620233115578588 -1.396250247401758 0.34546336413438677
0.98303210655087614 -1.380097554731027 0.32291429544903077
1.0287288232460681 -1.3613433527356771 0.29941606953255873
1.072639951947723 -1.3403069781168411 0.27517272334000448
1.1150003591366879 -1.316903380009163 0.24996348902726709
1.1555084461233751 -1.291257733638203 0.22402855886073089
1.1940292340750991 -1.2634833368973879 0.19752208385643549
1.2309221432210271 -1.2332674023071819 0.1702661196414178
1.2653057790889191 -1.201424104493916 0.14283307543608201
1.2975437481065759 -1.1676075940238 0.1148377791837883
1.3275103462040749 -1.1318667571112779 0.086459694350832686
1.354998200541806 -1.0944700540019481 0.05787054515913663
1.3799841770337691 -1.055444173662422 0.029186930127810051
1.4025266453860561 -1.014733063332196 0.00058830068403813152
1.422430940914222 -0.9726320895138576 -0.027763791187896882
1.4396092851891029 -0.9293152062878921 -0.056149766822578828
1.453967279915751 -0.88507304762728445 -0.084580683296766476
1.465525959064192 -0.83982372169963226 -0.1127719875656881
1.4742541343902009 -0.7936950742090223 -0.1405690170810682
1.480116707602193 -0.74688471720962879 -0.16784036741905711
1.483133705995251 -0.6993516005928665 -0.1945541855215423
1.4832214030423081 -0.65153251797640388 -0.22076801521959211
1.480411519980136 -0.60345744492057696 -0.24643975454768929
1.474709886498734 -0.55513433974477311 -0.27135822741653493
1.466263152198219 -0.50717225405722199 -0.29501953165306011
1.4549126382190909 -0.45847474944731759 -0.31803529439962358
1.4409162337697059 -0.41067883100684949 -0.3398768608628534
1.4241078419449691 -0.36307650789879098 -0.36071323887186402
1.4046944204591321 -0.31604299100778088 -0.38017796509446539
1.3825954463185099 -0.26952443768465761 -0.3984633593804992
1.3578913348188739 -0.22391832274981671 -0.41558900835483781
1.330847840000781 -0.17931536814124441 -0.43114528488768161
1.3013431457629649 -0.13552451353585579 -0.4451885585533224
1.2694842456165849 -0.093013703869637324 -0.45792032042425818
1.235514954925345 -0.051816640664369397 -0.46899445224427971
1.199483219771962 -0.011984300936880859 -0.47839731198903312
1.1614046219926071 0.026420878967245189 -0.48617345214174951
1.1215035743505259 0.063218454636593355 -0.49219364939698629
1.079946013416355 0.098253865069799023 -0.49649873178523091
1.0366970045724091 0.13163178774574161 -0.49896536155738291
0.99220442680359022 0.16305272598391499 -0.49955303838474541
0.94623977884380972 0.19255597712425929 -0.49833161523697189
0.89931178606687168 0.21995568594834661 -0.49519637690470619
0.85102818184465079 0.24547613521848391 -0.49007685227437331
0.80208965201127547 0.26865365313713602 -0.4831266785196302
0.75277308473997906 0.28957302580434552 -0.47420908339586981
0.70268689430496212 0.30842696996671309 -0.46317774097136788
0.65231376134040697 0.32500736041224643 -0.45013709871078011
0.60185538878626299 0.3393251063696977 -0.43506214010888389
0.55130869632245816 0.35138775516595472 -0.41793726401254888
0.5010293972894071 0.36118351610834581 -0.39873276762177889
0.45129301683393369 0.36874541852962722 -0.37747042033924388
0.4022455732885219 0.37412987768574901 -0.35411240249823622
0.35419469903966683 0.3773497515003375 -0.32867131688592183
0.30701449186709667 0.37840965053178388 -0.30090293446200378
0.26143042691854051 0.37738550972388041 -0.27109703048370132
0.2169176376369131 0.37445810667434121 -0.23863134769364081
0.174768856147585 0.36985253624883951 -0.20422883535253261
0.1340523034956134 0.36376757969755991 -0.16663893394965071
0.094659075300032522 0.35633009290750051 -0.1242331223075339
0.066277215290644759 0.34985855938416149 -0.087221055211564869
0.037285776406746282 0.34431313153529469 -0.041632380315059163
0.0078059600023609428 0.34154865944561041 0.0059054100528625284
-0.023602498307349569 0.34326385066846737 0.056821948358683372
-0.050639143737434243 0.34741532384238161 0.10049233614581329
-0.078847118589270584 0.35336881164019668 0.13882593006991881
-0.11814316067857 0.36058870573819168 0.18265246860704001
-0.15808333285259199 0.36663174934907478 0.22055595730007951
-0.2000915414272777 0.371333700635118 0.25573054120851002
-0.24393730930181501 0.37438966781084781 0.28836035531303372
-0.28937270464806342 0.37556754591658598 0.31858161012157471
-0.33628856072456359 0.37473047877289561 0.34656482928292032
-0.3843768554432605 0.37184569267875339 0.37231718672006919
-0.433396585175714 0.36692310472028039 0.39593057645087548
-0.48313809832528798 0.3598181351999149 0.41740702505105393
-0.53325966791898005 0.3505940156004595 0.43669689653125771
-0.584029304826572 0.33906293364126572 0.45398305601220651
-0.63464209304608554 0.32533371635370262 0.46911744947775891
-0.68519566570797541 0.30937412497393008 0.48218144216400249
-0.73552161664390148 0.29116641278070271 0.49318763757958911
-0.78513898409629324 0.27089774357298241 0.50205338019849932
-0.83437595693028932 0.24841849848748451 0.50890417033112079
-0.88310564339516417 0.2235800551219006 0.51387427868975311
-0.93036205759528856 0.19692330990991619 0.51683722457949044
-0.97682435643493226 0.16817066410929271 0.51781640850718613
-1.02198001233219 0.13743679118911661 0.5169554537682991
-1.065718294649491 0.10494781099049209 0.51414539018822891
-1.107884424726614 0.070687656787542116 0.50949673172696641
-1.148448112878325 0.034651735170594493 0.50308354143142286
-1.1871851963429609 -0.002911814631753809 0.49484489157389222
-1.224070496539968 -0.042212687446115373 0.48502785655098379
-1.258503822443805 -0.082429012784424466 0.47360975041987141
-1.2913567021341621 -0.1245562375778326 0.46032895549703562
-1.3214721781616039 -0.16736487560103849 0.44582457713920381
-1.349416165712904 -0.21141354220331221 0.42964200891980958
-1.374920247953396 -0.25637255637540662 0.4119905606420381
-1.3977857474764579 -0.30214318347661839 0.39319795964872728
-1.4181410808956809 -0.34867341066540519 0.37299390482034728
-1.435743200385956 -0.39545744333382321 0.351531678040439
-1.4507685144723561 -0.44311651828378179 0.32888813346308782
-1.4629256033872291 -0.49061863448394399 0.30547585270878702
-1.4723343711143211 -0.53850406936138762 0.28081658375682028
-1.4788874111140899 -0.58619045881356147 0.25531276190404889
-1.4825590474811161 -0.63397001878321946 0.2290577070755368
