-29.9178281188974 -12.9125376112549 5.35725011730168
-29.8076362921781 -13.7228506784713 4.66922310168847
-29.6974444654588 -14.5331637456876 3.98119608607525
-29.5872526387395 -15.343476812904 3.29316907046204
-29.4770608120202 -16.1537898801203 2.60514205484882
-29.3668689853009 -16.9641029473367 1.91711503923561
-29.2566771585816 -17.774416014553 1.2290880236224
-28.9009454225588 -18.4776781280426 0.525432409603569
-28.456959336662 -19.142462943274 -0.18384058773857
-28.0129732507653 -19.8072477585054 -0.893113585080709
-27.5689871648685 -20.4720325737369 -1.60238658242285
-27.1250010789718 -21.1368173889683 -2.31165957976499
-26.681014993075 -21.8016022041997 -3.02093257710713
-26.1031717520991 -22.3654235025794 -3.69728084051949
-25.374548458405 -22.815516966354 -4.33654185884038
-24.6459251647109 -23.2656104301286 -4.97580287716127
-23.9173018710168 -23.7157038939031 -5.61506389548217
-23.1886785773227 -24.1657973576777 -6.25432491380306
-22.4600552836286 -24.6158908214523 -6.89358593212395
-21.6903440151005 -25.0137014497614 -7.50183665683504
-20.7568946204772 -25.2031617385696 -7.98650943968239
-19.8234452258539 -25.3926220273778 -8.47118222252973
-18.8899958312305 -25.582082316186 -8.95585500537707
-17.9565464366072 -25.7715426049942 -9.44052778822441
-17.0230970419839 -25.9610028938023 -9.92520057107176
-16.0896476473606 -26.1504631826105 -10.4098733539191
-15.0643294464115 -26.0846067287014 -10.6863980535971
-14.0311164977961 -25.9968096255193 -10.9450355436819
-12.9979035491808 -25.9090125223371 -11.2036730337666
-11.9646906005654 -25.821215419155 -11.4623105238513
-10.9314776519501 -25.7334183159729 -11.7209480139361
-9.89826470333472 -25.6456212127908 -11.9795855040208
-8.87868921201711 -25.3972124093483 -12.0664055189064
-7.86730844168903 -25.0522923543908 -12.0499807543846
-6.85592767136095 -24.7073722994332 -12.0335559898628
-5.84454690103287 -24.3624522444757 -12.017131225341
-4.8331661307048 -24.0175321895182 -12.0007064608193
-3.82178536037672 -23.6726121345606 -11.9842816962975
-2.85325911216614 -23.268428783087 -11.8802290349699
-1.98308005293646 -22.7282416137172 -11.5750784054157
-1.11290099370677 -22.1880544443475 -11.2699277758615
-0.24272193447708 -21.6478672749777 -10.9647771463073
0.627457124752608 -21.1076801056079 -10.6596265167531
1.4976361839823 -20.5674929362381 -10.3544758871989
2.36781524321198 -20.0273057668683 -10.0493252576447
3.03165463916417 -19.3956302300586 -9.50566197702099
3.68235950883146 -18.7581310122958 -8.94681620246954
4.33306437849875 -18.120631794533 -8.38797042791808
4.98376924816604 -17.4831325767702 -7.82912465336662
5.63447411783333 -16.8456333590074 -7.27027887881517
6.28517898750061 -16.2081341412446 -6.71143310426372
6.83673377504388 -15.566904904228 -6.07118417742583
7.28701205586118 -14.9218656520105 -5.34778628365377
7.73729033667849 -14.276826399793 -4.6243883898817
8.18756861749579 -13.6317871475755 -3.90099049610964
8.63784689831309 -12.9867478953581 -3.17759260233758
9.0881251791304 -12.3417086431406 -2.45419470856552
9.5384034599477 -11.6966693909231 -1.73079681479345
9.90477680989743 -11.0407270988345 -0.971350010657638
10.2624058755824 -10.3836485293067 -0.208146312661168
10.6200349412674 -9.72656995977886 0.555057385335302
10.9776640069523 -9.06949139025104 1.31826108333177
11.3352930726373 -8.41241282072322 2.08146478132824
11.6929221383223 -7.7553342511954 2.84466847932471
12.037240483914 -7.06973597453667 3.58535789272869
12.337916175168 -6.29062842780079 4.25222837423094
12.638591866422 -5.51152088106492 4.9190988557332
12.939267557676 -4.73241333432905 5.58596933723546
13.23994324893 -3.95330578759318 6.25283981873772
13.540618940184 -3.1741982408573 6.91971030023998
13.841294631438 -2.39509069412143 7.58658078174224
14.0479124909875 -1.49681456762503 8.10640396872146
14.2075264314271 -0.538985821405256 8.55274258762345
14.3671403718667 0.418842924814514 8.99908120652544
14.5267543123063 1.37667167103428 9.44541982542742
14.6863682527459 2.33450041725405 9.89175844432941
14.8459821931855 3.29232916347382 10.3380970632314
14.9555215153021 4.2717724271917 10.7193873029545
14.8882733064847 5.32752535254641 10.871025420876
14.8210250976674 6.38327827790111 11.0226635387975
14.75377688885 7.43903120325582 11.174301656719
14.6865286800327 8.49478412861052 11.3259397746404
14.6192804712153 9.55053705396522 11.4775778925619
14.552032262398 10.6062899793199 11.6292160104834
14.2722997487086 11.6218929064133 11.5261567671334
13.9510536518227 12.6296516292293 11.3733366715478
13.6298075549367 13.6374103520453 11.2205165759623
13.3085614580507 14.6451690748613 11.0676964803768
12.9873153611648 15.6529277976772 10.9148763847912
12.6660692642788 16.6606865204932 10.7620562892057
12.2349798370725 17.5765638884998 10.4822238993147
11.6865067073426 18.3942525582128 10.0666602517488
11.1380335776128 19.2119412279258 9.65109660418288
10.589560447883 20.0296298976388 9.23553295661698
10.0410873181531 20.8473185673518 8.81996930905108
9.4926141884233 21.6650072370648 8.40440566148519
8.91949976573496 22.4380183155189 7.96073089882271
8.20640864592009 22.9572350143306 7.35736885634144
7.49331752610521 23.4764517131423 6.75400681386017
6.78022640629034 23.995668411954 6.1506447713789
6.06713528647547 24.5148851107657 5.54728272889763
5.35404416666059 25.0341018095774 4.94392068641636
4.64095304684572 25.5533185083891 4.34055864393509
3.86036871825186 25.7728367852862 3.65988923238591
3.06544538083484 25.928683792231 2.96279578251919
2.27052204341783 26.0845307991757 2.26570233265247
1.47559870600081 26.2403778061204 1.56860888278575
0.680675368583792 26.3962248130651 0.871515432919036
-0.114247968833224 26.5520718200099 0.174421983052316
-0.904342955870123 26.5147284037864 -0.518297108859713
-1.68970504404652 26.2880137403068 -1.20672831937349
-2.47506713222292 26.0612990768272 -1.89515952988726
-3.26042922039932 25.8345844133476 -2.58359074040104
-4.04579130857571 25.607869749868 -3.27202195091481
-4.83115339675211 25.3811550863884 -3.96045316142859
-5.59800468439617 25.0888757838945 -4.6285025269127
-6.28303230430145 24.5067797752703 -5.20645760864625
-6.96805992420672 23.9246837666461 -5.7844126903798
-7.653087544112 23.342587758022 -6.36236777211336
-8.33811516401728 22.7604917493978 -6.94032285384691
-9.02314278392256 22.1783957407736 -7.51827793558047
-9.70817040382783 21.5962997321494 -8.09623301731402
-10.2381772920242 20.7717256469539 -8.49977922929568
-10.7429262116652 19.9076439193555 -8.87490850826845
-11.2476751313063 19.0435621917571 -9.25003778724122
-11.7524240509473 18.1794804641586 -9.62516706621399
-12.2571729705884 17.3153987365602 -10.0002963451868
-12.7619218902294 16.4513170089618 -10.3754256241595
-13.1422453739855 15.5003869548709 -10.6069122974915
-13.4096200527473 14.4706192047469 -10.7080055304631
-13.6769947315091 13.440851454623 -10.8090987634347
-13.9443694102709 12.4110837044991 -10.9101919964063
-14.2117440890328 11.3813159543752 -11.0112852293779
-14.4791187677946 10.3515482042512 -11.1123784623494
-14.7038532706544 9.31866329725299 -11.1617273027359
-14.7171697101902 8.27032293643673 -10.9545176501792
-14.730486149726 7.22198257562047 -10.7473079976226
-14.7438025892618 6.17364221480421 -10.5400983450659
-14.7571190287975 5.12530185398795 -10.3328886925093
-14.7704354683333 4.07696149317169 -10.1256790399527
-14.7837519078691 3.02862113235544 -9.91846938739601
-14.6324144802782 2.07449260258202 -9.48922797594975
-14.4335482750267 1.14755914115882 -8.99589515695857
-14.2346820697752 0.220625679735618 -8.50256233796738
-14.0358158645237 -0.706307781687582 -8.00922951897619
-13.8369496592722 -1.63324124311078 -7.515896699985
-13.6380834540207 -2.56017470453398 -7.02256388099381
-13.4035032402463 -3.43299051046214 -6.46803284084316
-13.088995678442 -4.18469191718906 -5.77654121509229
-12.7744881166376 -4.93639332391599 -5.08504958934142
-12.4599805548333 -5.68809473064291 -4.39355796359055
-12.145472993029 -6.43979613736983 -3.70206633783968
-11.8309654312246 -7.19149754409676 -3.01057471208881
-11.5164578694203 -7.94319895082368 -2.31908308633794
-11.168110186492 -8.63133937119413 -1.58137932610247
-10.8057077629527 -9.29308115153161 -0.824482385059953
-10.4433053394134 -9.9548229318691 -0.0675854440174386
-10.080902915874 -10.6165647122066 0.689311497025076
-9.7185004923347 -11.2783064925441 1.44620843806759
-9.35609806879536 -11.9400482728816 2.2031053791101
-8.99000931665432 -12.601935784031 2.95772405135203
-8.51308277324081 -13.2682050210272 3.64384142892746
-8.03615622982729 -13.9344742580235 4.3299588065029
-7.55922968641377 -14.6007434950197 5.01607618407833
-7.08230314300025 -15.267012732016 5.70219356165376
-6.60537659958674 -15.9332819690122 6.3883109392292
-6.12845005617322 -16.5995512060085 7.07442831680463
-5.54796869290302 -17.2556004423891 7.66959970189234
-4.85610721053906 -17.9006573861148 8.16695260312385
-4.16424572817509 -18.5457143298404 8.66430550435535
-3.47238424581113 -19.190771273566 9.16165840558685
-2.78052276344716 -19.8358282172917 9.65901130681836
-2.0886612810832 -20.4808851610173 10.1563642080499
-1.38273027369646 -21.1177828050718 10.6360768000261
-0.480573113524313 -21.6408835738724 10.8697618954458
0.421584046647832 -22.163984342673 11.1034469908655
1.32374120681998 -22.6870851114736 11.3371320862851
2.22589836699212 -23.2101858802741 11.5708171817048
3.12805552716427 -23.7332866490747 11.8045022771244
4.03021268733641 -24.2563874178753 12.0381873725441
5.01911587033105 -24.6238652376865 12.0664055189064
6.04128766204838 -24.9316589494574 12.0158235161527
7.06345945376571 -25.2394526612283 11.965241513399
8.08563124548305 -25.5472463729993 11.9146595106454
9.10780303720038 -25.8550400847702 11.8640775078917
10.1299748289177 -26.1628337965411 11.813495505138
11.151983194477 -26.3583190015948 11.654359028266
12.1737632023358 -26.3968739290475 11.3435378370642
13.1955432101946 -26.4354288565002 11.0327166458624
14.2173232180534 -26.473983783953 10.7218954546606
15.2391032259122 -26.5125387114057 10.4110742634588
16.260883233771 -26.5510936388584 10.100253072257
17.266853513127 -26.5520718200099 9.7618998372725
18.1704474093015 -26.3097206247353 9.24526200596682
19.0740413054759 -26.0673694294608 8.72862417466114
19.9776352016503 -25.8250182341863 8.21198634335546
20.8812290978248 -25.5826670389118 7.69534851204978
21.7848229939992 -25.3403158436372 7.1787106807441
22.6884168901736 -25.0979646483627 6.66207284943842
23.4035260852225 -24.6326822974427 6.03038755376417
24.0894696723659 -24.1329041883173 5.38090012764512
24.7754132595093 -23.6331260791919 4.73141270152608
25.4613568466528 -23.1333479700664 4.08192527540704
26.1473004337962 -22.633569860941 3.432437849288
26.8332440209397 -22.1337917518156 2.78295042316896
27.3426135507096 -21.509147432273 2.10363152180715
27.7370627080142 -20.8032359570513 1.40489728674861
28.1315118653188 -20.0973244818295 0.706163051690079
28.5259610226234 -19.3914130066077 0.00742881663154551
28.920410179928 -18.685501531386 -0.691305418426988
29.3148593372326 -17.9795900561642 -1.39003965348552
29.5920141960111 -17.2271718284482 -2.07510392500646
29.6516621294312 -16.3885129149483 -2.73481903824618
29.7113100628512 -15.5498540014485 -3.3945341514859
29.7709579962712 -14.7111950879486 -4.05424926472562
29.8306059296913 -13.8725361744488 -4.71396437796534
29.8902538631113 -13.0338772609489 -5.37367949120506
29.9178281188974 -12.1911599592405 -6.02152974830172
29.634718718307 -11.3091308298696 -6.55445034466618
29.3516093177167 -10.4271017004986 -7.08737094103064
29.0684999171263 -9.54507257112769 -7.62029153739509
28.785390516536 -8.66304344175676 -8.15321213375955
28.5022811159456 -7.78101431238583 -8.68613273012401
28.2191717153552 -6.89898518301491 -9.21905332648846
27.6787907351379 -6.0625409606919 -9.58013506870528
27.0855320472232 -5.23546592478967 -9.90589831708046
26.4922733593085 -4.40839088888745 -10.2316615654556
25.8990146713937 -3.58131585298523 -10.5574248138308
25.305755983479 -2.754240817083 -10.883188062206
24.7124972955643 -1.92716578118078 -11.2089513105812
23.9908605974097 -1.18332890886221 -11.385356988175
23.1654399592102 -0.506783814650133 -11.4410183331354
22.3400193210107 0.169761279561947 -11.4966796780958
21.5145986828111 0.846306373774027 -11.5523410230563
20.6891780446116 1.52285146798611 -11.6080023680167
19.8637574064121 2.19939656219819 -11.6636637129771
19.0103386478052 2.81974403873179 -11.6440964512967
18.0735408066212 3.27273364492054 -11.4004965719269
17.1367429654373 3.72572325110929 -11.1568966925572
16.1999451242533 4.17871285729805 -10.9132968131875
15.2631472830693 4.6317024634868 -10.6696969338178
14.3263494418854 5.08469206967555 -10.426097054448
13.3895516007014 5.5376816758643 -10.1824971750783
12.4780736250829 5.77225500531413 -9.68748059052314
11.5691541461588 5.98475802319029 -9.16705909979014
10.6602346672347 6.19726104106646 -8.64663760905715
9.75131518831056 6.40976405894262 -8.12621611832415
8.84239570938644 6.62226707681878 -7.60579462759115
7.93347623046232 6.83477009469494 -7.08537313685816
7.07898325657521 6.96739624655595 -6.47306315461949
6.28403681086209 7.01263133684894 -5.76022052483
5.48909036514897 7.05786642714192 -5.04737789504052
4.69414391943585 7.10310151743491 -4.33453526525104
3.89919747372273 7.1483366077279 -3.62169263546155
3.10425102800962 7.19357169802088 -2.90885000567207
2.3093045822965 7.23880678831387 -2.19600737588258
1.56665687468343 7.2392524848615 -1.4281790127758
0.831044149205911 7.23367332122496 -0.652954225478863
0.0954314237283945 7.22809415758842 0.122270561818073
-0.640181301749123 7.22251499395188 0.897495349115009
-1.37579402722664 7.21693583031534 1.67272013641194
-2.11140675270416 7.21135666667881 2.44794492370888
-2.85996244751952 7.19520384239363 3.20905242204432
-3.6693500161289 7.12935488012581 3.90380875180302
-4.47873758473827 7.06350591785799 4.59856508156172
-5.28812515334764 6.99765695559018 5.29332141132043
-6.09751272195701 6.93180799332236 5.98807774107913
-6.90690029056638 6.86595903105455 6.68283407083783
-7.71628785917575 6.80011006878673 7.37759040059654
-8.5923367901532 6.62755127543051 7.94651640827853
-9.51305037946881 6.38349442116502 8.43113318277825
-10.4337639687844 6.13943756689952 8.91574995727797
-11.3544775581 5.89538071263403 9.40036673177769
-12.2751911474157 5.65132385836854 9.88498350627741
-13.1959047367313 5.40726700410304 10.3696002807771
-14.1188076351616 5.12031516187338 10.8023994495579
-15.0517268324615 4.63711464165924 10.998128109608
-15.9846460297614 4.15391412144509 11.1938567696582
-16.9175652270613 3.67071360123095 11.3895854297083
-17.8504844243612 3.1875130810168 11.5853140897584
-18.7834036216611 2.70431256080266 11.7810427498085
-19.716322818961 2.22111204058851 11.9767714098586
-20.5409757520682 1.55962450705606 11.9174770039975
-21.3446858911318 0.863649515880162 11.8088514829867
-22.1483960301955 0.167674524704265 11.7002259619759
-22.9521061692592 -0.528300466471632 11.5916004409651
-23.7558163083229 -1.22427545764753 11.4829749199543
-24.5595264473866 -1.92025044882343 11.3743493989434
-25.2312636376449 -2.68843290359493 11.1227039260108
-25.7882280771708 -3.5194119336897 10.7466784688442
-26.3451925166967 -4.35039096378446 10.3706530116777
-26.9021569562226 -5.18136999387923 9.99462755451115
-27.4591213957485 -6.01234902397399 9.61860209734461
-28.0160858352744 -6.84332805406876 9.24257664017807
-28.4917811093384 -7.68399772598702 8.81601989379028
-28.7288291126633 -8.5531240113053 8.24107778880973
-28.9658771159882 -9.42225029662358 7.66613568382919
-29.2029251193131 -10.2913765819419 7.09119357884865
-29.4399731226379 -11.1605028672601 6.5162514738681
-29.6770211259628 -12.0296291525784 5.94130936888756
