-22.5994521938479 17.6606954704532 -1.05050818590747
-22.8371818811281 16.9095356946719 -1.77286891778221
-23.0749115684084 16.1583759188905 -2.49522964965696
-23.3126412556887 15.4072161431091 -3.2175903815317
-23.5503709429689 14.6560563673277 -3.93995111340645
-23.5568298295897 13.796737101829 -4.55016419793605
-23.4689203591564 12.8932841483968 -5.11461625600983
-23.3810108887231 11.9898311949646 -5.67906831408362
-23.2931014182898 11.0863782415325 -6.2435203721574
-23.0842261168194 10.1625215524558 -6.69865864157616
-22.7038813969254 9.2097425085735 -6.99884429664372
-22.3235366770314 8.25696346469117 -7.29902995171129
-21.9431919571374 7.30418442080883 -7.59921560677885
-21.5416617071936 6.35745385617942 -7.86439101619531
-20.957905726192 5.46274882742581 -7.82842845109316
-20.3741497451903 4.5680437986722 -7.792465885991
-19.7903937641887 3.67333876991859 -7.75650332088885
-19.206637783187 2.77863374116497 -7.72054075578669
-18.5729096732154 1.9897048903632 -7.41546214620732
-17.9244013662004 1.23206133368117 -7.03078740480661
-17.2758930591854 0.474417776999144 -6.64611266340589
-16.6273847521705 -0.283225779682883 -6.26143792200518
-16.0142917893917 -0.985560473447366 -5.76350128643163
-15.4538077755003 -1.60573470244734 -5.09731584995214
-14.8933237616089 -2.22590893144732 -4.43113041347264
-14.3328397477175 -2.8460831604473 -3.76494497699315
-13.7723557338261 -3.46625738944728 -3.09875954051365
-13.3820923176123 -4.0590830464536 -2.30032530479995
-12.9965751070153 -4.65114615211317 -1.49820361878771
-12.6110578964182 -5.24320925777274 -0.696081932775475
-12.2255406858211 -5.83527236343231 0.106039753236762
-11.90048546669 -6.48596020629812 0.884249862357282
-11.6377116023144 -7.19703686479619 1.63782887073085
-11.3749377379389 -7.90811352329426 2.39140787910443
-11.1121638735634 -8.61919018179233 3.144986887478
-10.8486373428995 -9.335373815849 3.89196747043582
-10.5613446618071 -10.2128150367446 4.43059652570936
-10.2740519807146 -11.0902562576402 4.96922558098289
-9.9867592996222 -11.9676974785358 5.50785463625643
-9.69946661852977 -12.8451386994315 6.04648369152996
-9.32174148682213 -13.7702648646755 6.38503395548917
-8.89133250465288 -14.7231711736647 6.60702295133686
-8.46092352248364 -15.676077482654 6.82901194718456
-8.0305145403144 -16.6289837916432 7.05100094303225
-7.55019694103222 -17.5590619617662 7.17750298286396
-6.94311679037157 -18.4311590998889 7.06147836361079
-6.33603663971092 -19.3032562380117 6.94545374435761
-5.72895648905027 -20.1753533761345 6.82942912510444
-5.12187633838962 -21.0474505142572 6.71340450585126
-4.37785956657067 -21.6995741584113 6.31591264813323
-3.6284767516204 -22.3430778494337 5.90739112334092
-2.87909393667014 -22.9865815404561 5.49886959854861
-2.12971112171988 -23.6300852314786 5.0903480737563
-1.33426571367016 -24.054261559548 4.54756563015147
-0.51500372349459 -24.365035063314 3.93536381642376
0.304258266680979 -24.67580856708 3.32316200269605
1.12352025685655 -24.986582070846 2.71096018896835
1.93659916041884 -25.1574811516295 2.06579570314389
2.73891337171465 -25.0848602538757 1.36324353320692
3.54122758301045 -25.0122393561218 0.660691363269957
4.34354179430625 -24.9396184583679 -0.0418608066670088
5.1382591571638 -24.8389354848304 -0.741995446029462
5.83781756162062 -24.3867438661173 -1.41184783173871
6.53737596607744 -23.9345522474042 -2.08170021744795
7.23693437053426 -23.4823606286911 -2.7515526031572
7.93649277499108 -23.0301690099779 -3.42140498886644
8.50020164779879 -22.3257779290533 -3.97077678897685
9.02618702704009 -21.5513546244273 -4.48669283447006
9.55217240628139 -20.7769313198012 -5.00260887996326
10.0781577855227 -20.0025080151751 -5.51852492545647
10.4994872495105 -19.1235142634041 -5.90884718606076
10.8094921162586 -18.1332868285355 -6.16557281732299
11.1194969830066 -17.1430593936669 -6.42229844858522
11.4295018497547 -16.1528319587983 -6.67902407984745
11.7033565928707 -15.1502971786832 -6.87921981945264
11.8031327758019 -14.0884971810542 -6.80719955650052
11.902908958733 -13.0266971834252 -6.73517929354841
12.0026851416641 -11.9648971857962 -6.6631590305963
12.1024613245953 -10.9030971881672 -6.59113876764419
12.0873894706924 -9.90349844593921 -6.23879315209828
12.0495150114047 -8.91624950715974 -5.83079009067178
12.011640552117 -7.92900056838027 -5.42278702924528
11.9737660928293 -6.9417516296008 -5.01478396781879
11.936072057646 -6.022126415677 -4.49163590275578
11.898598057841 -5.18497140116504 -3.82806328356703
11.861124058036 -4.34781638665308 -3.16449066437829
11.823650058231 -3.51066137214112 -2.50091804518954
11.786176058426 -2.67350635762916 -1.83734542600079
11.8826064132344 -1.92391952511529 -1.08147209052969
11.9791847616519 -1.17442947460171 -0.325496742572472
12.0757631100693 -0.424939424088132 0.430478605384746
12.1723414584868 0.324550626425447 1.18645395334196
12.342350848245 1.10496619026427 1.89066931919772
12.5830493902194 1.91515251969341 2.54505740238573
12.8237479321937 2.72533884912255 3.19944548557373
13.0644464741681 3.53552517855169 3.85383356876174
13.3065903627213 4.35590069952777 4.49047868798284
13.5679545403341 5.31177258496273 4.89117700993681
13.8293187179469 6.26764447039769 5.29187533189078
14.0906828955597 7.22351635583264 5.69257365384475
14.3520470731725 8.1793882412676 6.09327197579872
14.5231461416419 9.20702668035119 6.26614527279729
14.6563676806598 10.2647801857683 6.34341741033983
14.7895892196777 11.3225336911855 6.42068954788236
14.9228107586956 12.3802871966026 6.49796168542489
14.9682766791952 13.43057780431 6.45435472194819
14.8745389622542 14.4690302810283 6.21900151092017
14.7808012453132 15.5074827577466 5.98364829989216
14.6870635283721 16.5459352344649 5.74829508886414
14.567950455761 17.5696032641906 5.48912472429337
14.212644758657 18.4556583523573 5.00826540779816
13.857339061553 19.341713440524 4.52740609130296
13.5020333644489 20.2277685286907 4.04654677480775
13.1467276673449 21.1138236168574 3.56568745831255
12.5909075549357 21.7844065007409 2.96392525644206
11.9918636624165 22.4085412369258 2.33610069030625
11.3928197698972 23.0326759731108 1.70827612417043
10.793775877378 23.6568107092958 1.08045155803461
10.0900022299137 24.095661076037 0.433591319121678
9.30309273308469 24.3874302867514 -0.228379685832716
8.51618323625571 24.6791994974659 -0.890350690787111
7.72927373942674 24.9709687081804 -1.5523216957415
6.91096434007873 25.1574811516295 -2.19091089908507
6.01709563167473 25.0907084581829 -2.77323518972301
5.12322692327073 25.0239357647363 -3.35555948036094
4.22935821486673 24.9571630712897 -3.93788377099887
3.33513714525926 24.8811336404762 -4.51512336198896
2.42847044815025 24.4781502090098 -4.91276804539109
1.52180375104123 24.0751667775435 -5.31041272879321
0.615137053932213 23.6721833460772 -5.70805741219534
-0.291529643176804 23.2691999146109 -6.10570209559747
-1.13802641990692 22.6688404279725 -6.30122028410952
-1.96480203195288 22.0037893867459 -6.43048992405017
-2.79157764399884 21.3387383455193 -6.55975956399083
-3.61835325604479 20.6736873042927 -6.68902920393148
-4.37732444216756 19.9445313961759 -6.67346411463415
-5.0572309718383 19.1406247736541 -6.48901170045192
-5.73713750150904 18.3367181511324 -6.30455928626969
-6.41704403117977 17.5328115286106 -6.12010687208746
-7.07581986967474 16.7303182491162 -5.89394301914683
-7.60491286883135 15.9364989091171 -5.41178858993579
-8.13400586798796 15.1426795691181 -4.92963416072475
-8.66309886714457 14.348860229119 -4.44747973151372
-9.19219186630118 13.5550408891199 -3.96532530230268
-9.67723428475997 12.8536686975413 -3.32905996052956
-10.1487171935431 12.1807532932202 -2.64535668770299
-10.6202001023263 11.5078378888992 -1.96165341487641
-11.0916830111094 10.8349224845782 -1.27795014204984
-11.590042376876 10.196119869768 -0.583834452975011
-12.146805408904 9.63144577476516 0.132907852543888
-12.7035684409321 9.06677167976229 0.849650158062786
-13.2603314729601 8.50209758475942 1.56639246358169
-13.8170945049882 7.93742348975655 2.28313476910058
-14.4919648388689 7.35726371818003 2.87014349273475
-15.1894776640059 6.7741351691366 3.43228083714513
-15.886990489143 6.19100662009317 3.99441818155551
-16.5845033142801 5.60787807104975 4.55655552596589
-17.3026910529131 4.97017129096678 4.99792951547842
-18.0499395641371 4.25574904791624 5.26955786640852
-18.7971880753612 3.54132680486569 5.54118621733862
-19.5444365865852 2.82690456181514 5.81281456826872
-20.2858384202133 2.10497969334576 6.06673488947498
-20.9225663718711 1.24873427877705 6.00362589226696
-21.5592943235289 0.39248886420834 5.94051689505895
-22.1960222751868 -0.463756550360373 5.87740789785093
-22.8327502268446 -1.32000196492908 5.81429890064291
-23.2866800741801 -2.2289695674751 5.53359451911376
-23.6717025882965 -3.15781125672707 5.17086566741886
-24.056725102413 -4.08665294597905 4.80813681572396
-24.4417476165294 -5.01549463523103 4.44540796402906
-24.6851298473935 -5.93229813450013 3.99376338695942
-24.7329514728759 -6.83248068620621 3.41935420731388
-24.7807730983584 -7.73266323791229 2.84494502766833
-24.8285947238408 -8.63284578961837 2.27053584802279
-24.8310199686168 -9.51672628143421 1.68397869561857
-24.5167272425165 -10.2868718179695 1.01266850293861
-24.2024345164161 -11.0570173545049 0.341358310258637
-23.8881417903157 -11.8271628910402 -0.329951882421332
-23.5738490642153 -12.5973084275756 -1.0012620751013
-22.9823920610504 -13.1897797443432 -1.64936951825373
-22.3357840631167 -13.7468969019503 -2.29286000740557
-21.6891760651829 -14.3040140595574 -2.93635049655741
-21.0425680672492 -14.8611312171644 -3.57984098570925
-20.2575589428223 -15.2740763460531 -4.14261087103863
-19.3560985364672 -15.5657145319433 -4.63746210547763
-18.4546381301122 -15.8573527178336 -5.13231333991663
-17.5531777237572 -16.1489909037238 -5.62716457435563
-16.6175420864603 -16.3731491762929 -6.06010224225493
-15.5765153552112 -16.3892098972519 -6.30210810579565
-14.5354886239622 -16.4052706182108 -6.54411396933637
-13.4944618927131 -16.4213313391698 -6.78611983287709
-12.453435161464 -16.4373920601288 -7.02812569641781
-11.4094904226538 -16.2380673157087 -6.97074320802247
-10.36533723135 -16.023356169296 -6.89197343833259
-9.32118404004608 -15.8086450228832 -6.81320366864271
-8.27703084874221 -15.5939338764705 -6.73443389895283
-7.30256855231249 -15.3053780813045 -6.45790649838731
-6.3750005469968 -14.9671329764791 -6.04831000853758
-5.44743254168111 -14.6288878716537 -5.63871351868785
-4.51986453636542 -14.2906427668282 -5.22911702883812
-3.62617721860095 -13.9583580749405 -4.76252235997747
-2.85296765718981 -13.6472682651399 -4.09324547833467
-2.07975809577866 -13.3361784553392 -3.42396859669187
-1.30654853436752 -13.0250886455386 -2.75469171504906
-0.533338972956378 -12.7139988357379 -2.08541483340626
0.193721482493052 -12.5151323282955 -1.33171671513837
0.907400653155502 -12.3488058221662 -0.553540016282458
1.62107982381795 -12.1824793160369 0.224636682573455
2.3347589944804 -12.0161528099075 1.00281338142937
3.07589728353188 -11.8868250752318 1.7577183060363
3.88575704218267 -11.8500935379882 2.4543813561622
4.69561680083346 -11.8133620007445 3.1510444062881
5.50547655948425 -11.7766304635009 3.847707456414
6.31533631813505 -11.7398989262572 4.5443705065399
7.25789966546338 -11.7028607358943 5.03467260635641
8.22772850867807 -11.665759540081 5.48257544856553
9.19755735189277 -11.6286583442678 5.93047829077464
10.1673861951075 -11.5915571484546 6.37838113298376
11.172590823947 -11.4979279547176 6.67725451446099
12.2229608284551 -11.3321276920725 6.78585730658658
13.2733308329632 -11.1663274294274 6.89446009871218
14.3237008374712 -11.0005271667823 7.00306289083778
15.3675784937526 -10.8170973856337 7.08018180336687
16.3472802691353 -10.4594024787911 6.84608732489376
17.3269820445181 -10.1017075719484 6.61199284642066
18.3066838199009 -9.74401266510578 6.37789836794755
19.2863855952837 -9.38631775826313 6.14380388947445
20.0972293744865 -8.88130631848707 5.69528022665896
20.8573714184093 -8.33206123846796 5.18237150665441
21.617513462332 -7.78281615844884 4.66946278664986
22.3776555062547 -7.23357107842974 4.15655406664531
22.9866406226032 -6.61668761449816 3.56376215305204
23.4178795505326 -5.92026783606085 2.87703519190915
23.849118478462 -5.22384805762354 2.19030823076627
24.2803574063914 -4.52742827918623 1.50358126962338
24.6510029575081 -3.81883180318446 0.80915542391441
24.6960072102853 -3.04479524424043 0.0733541854192785
24.7410114630625 -2.27075868529639 -0.662447053075854
24.7860157158397 -1.49672212635236 -1.39824829157099
24.8310199686168 -0.722685567408326 -2.13404953006612
24.5443677048533 0.0485834603988462 -2.80202907236427
24.2017484066972 0.819385467349817 -3.45856370399637
23.8591291085411 1.59018747430079 -4.11509833562847
23.516509810385 2.36098948125176 -4.77163296726057
22.9895902036448 3.08654580112758 -5.3189046120575
22.3128581900388 3.77532320656154 -5.77735952526633
21.6361261764328 4.46410061199551 -6.23581443847516
20.9593941628267 5.15287801742947 -6.69426935168398
20.2278853803508 5.80686040389195 -7.08277441666631
19.3229329231828 6.35066878637591 -7.24979218017259
18.4179804660148 6.89447716885988 -7.41680994367888
17.5130280088468 7.43828555134384 -7.58382770718516
16.6080755516787 7.98209393382781 -7.75084547069144
15.6280661865154 8.36866694264257 -7.60640760889029
14.6410779940037 8.740620130908 -7.43301045348479
13.6540898014921 9.11257331917344 -7.2596132980793
12.6671016089805 9.48452650743887 -7.08621614267381
11.7201653234751 9.77763337054825 -6.72835864424025
10.8037605007078 10.0106358886094 -6.22988751437721
9.8873556779405 10.2436384066707 -5.73141638451417
8.97095085517322 10.4766409247319 -5.23294525465113
8.08373643164164 10.7034979070844 -4.69261873651649
7.32906585372189 10.9024500660191 -3.96224089101568
6.57439527580213 11.1014022249538 -3.23186304551486
5.81972469788237 11.3003543838884 -2.50148520001404
5.06505411996262 11.4993065428231 -1.77110735451323
4.40068756908326 11.7713191250983 -0.982846741097658
3.767594029655 12.068633120064 -0.174540859235657
3.13450049022674 12.3659471150296 0.633765022626345
2.50140695079848 12.6632611099952 1.44207090448835
1.86189284423428 13.0040412331357 2.22357276900099
1.20612267346056 13.4548720972136 2.9372102505272
0.550352502686848 13.9057029612916 3.65084773205342
-0.105417668086866 14.3565338253695 4.36448521357963
-0.76118783886058 14.8073646894474 5.07812269510584
-1.53684523662574 15.3313639839633 5.58453525511491
-2.33141887473945 15.8669080581094 6.05825111740231
-3.12599251285317 16.4024521322554 6.53196697968971
-3.92056615096689 16.9379962064015 7.0056828419771
-4.7874551155884 17.4491792348159 7.31843117541312
-5.72714215891258 17.9358385915539 7.46913741625579
-6.66682920223675 18.422497948292 7.61984365709846
-7.60651624556093 18.90915730503 7.77054989794112
-8.5573656045743 19.3662784652335 7.86439101619531
-9.56277938790718 19.6790089152818 7.68026000355005
-10.5681931712401 19.9917393653301 7.49612899090478
-11.5736069545729 20.3044698153785 7.31199797825952
-12.5790207379058 20.6172002654268 7.12786696561425
-13.543323736261 20.7080116511301 6.69604226631102
-14.5010506800425 20.7633250068429 6.2245966451036
-15.458777623824 20.8186383625556 5.75315102389618
-16.4165045676055 20.8739517182684 5.28170540268876
-17.2837947668771 20.7640520916722 4.69748606611552
-18.0816905386883 20.5273803175548 4.02673257295808
-18.8795863104994 20.2907085434374 3.35597907980065
-19.6774820823106 20.0540367693201 2.68522558664322
-20.4059065185006 19.7394112379635 1.9902761043138
-20.9528276279364 19.221120898015 1.2321113046228
-21.4997487373722 18.7028305580664 0.473946504931794
-22.046669846808 18.1845402181179 -0.284218294759208
