-1.7027697154566721 1.4542638793139391 -0.15268847436044461
-1.71831395442068 1.407922036939999 -0.21408583229689121
-1.729324695746502 1.357602800468565 -0.27368474045614921
-1.7357593775023441 1.3039276327432949 -0.33075515204257688
-1.737029875165135 1.2475442371518339 -0.38574672236889179
-1.733581794223813 1.1886288163525249 -0.4376001579473493
-1.7257602368998819 1.127049690833656 -0.4858660502180645
-1.7131970507993231 1.063556185465119 -0.53067031133606013
-1.696026744193565 0.99873005533644654 -0.57162640596242476
-1.67476543298379 0.93246217171050028 -0.6081116335562109
-1.64932563838267 0.86520911703595027 -0.64027674218581754
-1.620130284724107 0.79762902069864716 -0.66754506555143045
-1.587184194177045 0.72979040402939277 -0.68980292723931647
-1.5507651672605851 0.66221998379467129 -0.7069593403160952
-1.511160011964483 0.59526400729538298 -0.7187277359291856
-1.4688377474924741 0.52945369894079697 -0.72504153426894813
-1.4237413480647989 0.46463136328593468 -0.72580002650298348
-1.376711352762765 0.40198325223357978 -0.720985550220824
-1.3281559877286411 0.34115787048773449 -0.7103843812955476
-1.2778278638081311 0.28237027208461152 -0.69409478984484396
-1.2270420311199459 0.22658674664577669 -0.67226256149569574
-1.175954472961573 0.17329279478819731 -0.64461458019814832
-1.125197295309345 0.12329319700575959 -0.61149250497398466
-1.075044594848926 0.076498665252776765 -0.57266839762176214
-1.026381611740357 0.033348462363497561 -0.52866868199119921
-0.9796058242258705 -0.0064977325763044243 -0.47914861187978802
-0.93579182104459468 -0.042456022385644797 -0.42502625910954178
-0.89484365097917207 -0.075635985859813334 -0.36507816346281569
-0.85995598904228199 -0.104083818762246 -0.30313535517821599
-0.82772824803715062 -0.13172613973192529 -0.23142172412168041
-0.80568082023712506 -0.15464657999875331 -0.15953123925277629
-0.7957715833174156 -0.17321340663366119 -0.10107913503191809
-0.78309620260370039 -0.20367812739725091 -0.0087648456749231368
-0.77925271645489724 -0.2276407054873954 0.057261067398111161
-0.78125341210899457 -0.26231796074482661 0.1284283886851931
-0.78551908824659711 -0.30386196304135299 0.19197490334358319
-0.78916942714966165 -0.35606993262189768 0.25533995263139603
-0.79121333868277333 -0.41046854694860341 0.31005449609951802
-0.7906343031981603 -0.47118832429092838 0.36134317743519162
-0.78692316621278846 -0.53490348706362856 0.40699666033693133
-0.77961970172549433 -0.60258063474175971 0.44810552138511112
-0.76890256513282351 -0.67154576184017101 0.48357391718187598
-0.75414774983346644 -0.74323628400696551 0.51438409648054906
-0.73547256774582326 -0.81489306828684038 0.53971896502705874
-0.71275086811971133 -0.88776805628682354 0.5601171398124104
-0.68608708035437371 -0.96024889958317394 0.57549328231451513
-0.65526917198201373 -1.032167577755891 0.58597330887339782
-0.62083702832864807 -1.1021322262429001 0.59144189549738246
-0.58243274671856149 -1.170812452826663 0.59208086456341957
-0.54004057548916673 -1.2371833323157551 0.58823971172031775
-0.49418323159483879 -1.3008390724019609 0.58001018024652773
-0.4457583747106626 -1.360800395447437 0.56752482790282821
-0.39337981076113421 -1.4175927297905899 0.5510212816995117
-0.33882305785914602 -1.4697958609450921 0.53079714391741939
-0.28118939982355401 -1.517855858177702 0.50687513270302664
-0.22130662267179399 -1.5608848131820821 0.48008542498692508
-0.1596793488314216 -1.5992321896769961 0.44962237796913118
-0.096860823181338943 -1.6320492786441181 0.41685719113462832
-0.031967948924616851 -1.6595938547635261 0.38122608301640742
0.032719623660395852 -1.6808870002341749 0.34413280421124209
0.099713122528102785 -1.6969479804404339 0.30416989574882702
0.16447643842076429 -1.7070107180766789 0.26304765990179502
0.2306209916471039 -1.7109436851244799 0.22026355203587361
0.29606441442804338 -1.7089912395005249 0.17667804138523829
0.35941397761309551 -1.7013210683070641 0.1320101117875781
0.42241309810908972 -1.687337831888515 0.086687874624977318
0.48346479492109901 -1.6676646003426749 0.041516572058396498
0.54190078469934844 -1.642423732692732 -0.003616465114380418
0.59873366777989723 -1.6109727092530259 -0.048688032802885292
0.65155411730878254 -1.5746872499613009 -0.092735159403139769
0.70273476908894528 -1.5322458487985009 -0.13635589704967349
0.74967006803737479 -1.4858785176804901 -0.17726378588327599
0.79365752724538152 -1.4338438789881269 -0.2169676031024777
0.83369952250882196 -1.3775483801373081 -0.25440102801612341
0.86969776574399704 -1.316942961692138 -0.28954663200713437
0.9013384177466639 -1.2533346662046421 -0.32100063860602512
0.92972166723236527 -1.1844288248612 -0.35029761172930052
0.95316665142548174 -1.114429953047485 -0.37526091318529647
0.97254251842278683 -1.0411743573652781 -0.39640303464235083
0.98761326236674285 -0.96585996806883323 -0.41322933775076792
0.99846388325080937 -0.88885309992261752 -0.42547847236700259
1.005177579929877 -0.81054267393798551 -0.43296295976727073
1.007941342914412 -0.73150863206468786 -0.43539663066057338
1.0067691027545409 -0.65287598431332883 -0.4323853537458624
1.0021315432551929 -0.57489277095452962 -0.4237672490764629
0.99422418876076502 -0.49673546307800842 -0.40893802653358707
0.98388312264955924 -0.42210162246371419 -0.38824645698288779
0.9713881210492068 -0.34896409406716561 -0.36056183678033099
0.95747035169877748 -0.27844813112411271 -0.32548496978119779
0.94425141766209775 -0.213923597365896 -0.28415701845201191
0.93397083750077192 -0.15544797736302421 -0.23548468466450129
0.92997852367424783 -0.09933102116513623 -0.18061976888584011
0.93275626648209831 -0.040596513828335359 -0.12261803213517571
0.94285244206636554 0.01516414348159645 -0.071246777874046138
0.95820206106566674 0.076289664585252701 -0.022691751522202541
0.97432704002923265 0.14113762366690349 0.017579501820929301
0.98821586205547496 0.21077700447571079 0.051038576852667057
0.99771177097687846 0.28344217731100968 0.077724912565137583
1.002121108134115 0.35984957001774021 0.099364573638179743
1.001269359653485 0.43678284821173341 0.1159726972857679
0.99497246035672637 0.51443354754295167 0.12837016390920261
0.98302044348247475 0.59177669528958732 0.13674866264458829
0.96555493752943655 0.66793735551844868 0.1415194823811198
0.94231151155982817 0.74328265772970104 0.14299475105619899
0.91361300102946885 0.8163109316665117 0.14161348434235271
0.87951003277783435 0.88709439609473828 0.13752075362457461
0.84050835710864702 0.9546049978140545 0.13102694329008749
0.79589804034614775 1.019485311740369 0.1224656595328637
0.74708986396927957 1.079732392376709 0.112448721593819
0.69442821871616711 1.1353766844642179 0.10059168500059321
0.63572603544137452 1.188604486889876 0.086769835317674307
0.57628645916611709 1.234435704712928 0.072776059974157148
0.51095362238399966 1.277040737741554 0.057182418957028483
0.44377334717587552 1.31368004642868 0.041265108079604033
0.37422330390343189 1.3447942613282009 0.02487789432933445
0.3007140825162683 1.370866511501875 0.0079990971142687561
0.22902382139795641 1.390100694899568 -0.0079819897068910562
0.1516323023083512 1.4044184985768839 -0.024593733530408848
0.076256514285800978 1.4123283213260831 -0.040155707795647887
-0.001886953349874368 1.414370298578649 -0.055518064407821033
-0.076489529296890485 1.410255654234092 -0.069476447460511931
-0.1553341070063467 1.399641169983461 -0.082698728385003542
-0.22913278285233901 1.383708122008628 -0.093591590927397023
-0.30486226377475162 1.3610152656372181 -0.1030547582373167
-0.37741055354648889 1.3330734461941851 -0.1100053610442045
-0.4479071557045195 1.299372266665862 -0.1143925591495963
-0.51580460159056796 1.260379413664898 -0.1155099869274297
-0.58026192545402888 1.216492137740971 -0.11306680849620659
-0.6420588062655167 1.167770387790354 -0.1064345781399712
-0.69974952683017866 1.115627303443375 -0.094921579311061099
-0.75149838754578724 1.061707507327428 -0.07827667926106309
-0.80154675403868136 1.0038569337642209 -0.054172211595227122
-0.84620541765423674 0.94858037018754071 -0.023910512830557631
-0.88962682750302047 0.89505759171055477 0.014656569664615
-0.93398780111166813 0.84684131051275113 0.059461152028260029
-0.9821144358554672 0.80596990530738988 0.1061656373476855
-1.037511499837368 0.76901001964796611 0.15241872069703691
-1.0969408566487471 0.73561240988857701 0.19250878229219609
-1.158399495914717 0.70179343525212767 0.2224089220470124
-1.2252907023830439 0.66156460596622013 0.24563745438673221
-1.2899859544168211 0.61862421486656138 0.26118904160466111
-1.35349348469633 0.57138232852491255 0.27071216998215419
-1.4143636464224181 0.52028145085139876 0.27494880348319761
-1.4716772425257141 0.46579394848530248 0.2742911287109514
-1.5252720232011641 0.40792012352884049 0.26923339244480882
-1.5751832405231001 0.34626419988003221 0.25989981895865311
-1.61997030057512 0.28268583995038632 0.24705129329396891
-1.660135904263921 0.2160718099064248 0.2307753000099679
-1.6947806189169481 0.14726423704338701 0.2117026485021562
-1.723846832957429 0.076779140798814843 0.1900298307896425
-1.747106244203017 0.0044808646096428277 0.16601578852010421
-1.76426843451576 -0.06858992885844109 0.14048105713312209
-1.7755368254105981 -0.1422604685790782 0.1130137361125815
-1.7806024012561681 -0.21607597643173221 0.083966208728341971
-1.7793346541303889 -0.28976303015051658 0.054407406939741818
-1.7718512947782501 -0.36242982212303021 0.0241200205223129
-1.758217934488135 -0.43495933640915241 -0.0075172584484978064
-1.738920266092888 -0.50457096598638351 -0.038594505915237193
-1.7132210146059941 -0.5733145281730786 -0.070244081088199586
-1.681949768784462 -0.63922941808324951 -0.10157195228778911
-1.6451304091212009 -0.70221244384565251 -0.13294126779958329
-1.602935210794783 -0.76185952450775696 -0.16358370953257759
-1.5552456957220471 -0.81860118199851217 -0.19357247107592859
-1.5035064148065349 -0.87060935473680556 -0.22242576821745019
-1.4465282462664451 -0.91903484134890601 -0.25033592777545111
-1.3858221331115681 -0.96254851852715162 -0.27695184264497519
-1.321232944518808 -1.0013477610694641 -0.30176997844523301
-1.2530626580815309 -1.035257769085862 -0.32475057906466431
-1.182251953850123 -1.063720906022136 -0.34564274177801768
-1.1088105613896531 -1.087024036480714 -0.36405456062833369
-1.032837370666758 -1.1048471195260661 -0.38018521326037308
-0.95590825927106571 -1.117031905131372 -0.39341124888456669
-0.87777343730108948 -1.123791981060055 -0.40342358205828449
-0.79889661058863704 -1.125080490543527 -0.41017642623862782
-0.71943999858108754 -1.12093825552421 -0.41358937634952347
-0.64096702149302165 -1.111525790718338 -0.4132366896581478
-0.56354119473229791 -1.097101992143138 -0.40893076294959929
-0.48664539028859582 -1.077606071661295 -0.40044563100533281
-0.41241562267817039 -1.053645112668264 -0.3877168967193021
-0.3409512084285356 -1.025864062413425 -0.37041295621269732
-0.27085102119317062 -0.99382941019342397 -0.34764563762107392
-0.20606344681945671 -0.95951413338303382 -0.32057370249738459
-0.14407055944155661 -0.92190934154776827 -0.28731252327280948
-0.087620920278195166 -0.88333461929606849 -0.2487841427366623
-0.032751252819807883 -0.84214509011301319 -0.20126629506409011
0.01048996919731837 -0.80685284890990516 -0.15221031230514279
0.051112442648726879 -0.7736578593636787 -0.092843297950870082
0.089369550564561223 -0.74703890300885012 -0.027320793369579589
0.12770127265324721 -0.72720127119169309 0.040961739788741937
0.1667872520612369 -0.71370447828205152 0.11054112200123339
0.20736242009334671 -0.70775791641641794 0.17933992591480391
0.25214246732469853 -0.70940094621345851 0.24413043421126279
0.30232021609233323 -0.71582951393175109 0.30169293058700758
0.36162009682902918 -0.72521867869288636 0.35647089111885
0.42397864321366552 -0.73529949259449223 0.40367693822882361
0.49101623034352998 -0.74523640410653391 0.44518438565623297
0.56098241421351713 -0.75414136162696299 0.48017558801108012
0.6345177540346949 -0.76121382467598264 0.50944214708128222
0.70995410893634547 -0.76628366432406747 0.53252813561011803
0.78661957368888014 -0.76914206842186605 0.54969718347848451
0.86532875141328969 -0.76927653239028071 0.56122552983205531
0.94400287149017914 -0.76643957087715542 0.56697800293703793
1.022755727601411 -0.76044678669019994 0.56722101174628681
1.1010775397772219 -0.75123216938452542 0.56189879851731572
1.178045969784884 -0.73877321341662616 0.55128763343666831
1.2536697159124419 -0.72298366642997969 0.53546843433673086
1.3279803177394141 -0.70354962421761769 0.51456480927689563
1.398820020438873 -0.68070881161145158 0.48944460875433432
1.4673243379973251 -0.65475050005543411 0.45944598323073621
1.532401846963277 -0.62546249692225697 0.42540888742837119
1.593653214353697 -0.5930809692436837 0.38754002304264129
1.6508973041882991 -0.55767701718217899 0.34590792212850902
1.7036007232438239 -0.51918898703749117 0.30130594238356811
1.7515277158028439 -0.47818677576680152 0.25346106339423358
1.794290119900944 -0.43453537789352442 0.2032317479474133
1.8316480911332851 -0.38869305270355708 0.15077409614398249
1.8633982782209331 -0.34097789538432838 0.096055463584901801
1.8892836673325299 -0.29133351242307098 0.040261366754103599
1.909312610501662 -0.23994933102167201 -0.016905417722013968
1.9231826057492689 -0.1883904777741286 -0.075038202378060165
1.930866758657279 -0.13578250570466399 -0.13388448394034649
1.932407615235729 -0.082179996059522697 -0.19231889938992369
1.9276294931523179 -0.028627564880083788 -0.25028632038927773
1.916528162314171 0.024850352372561949 -0.30799873583090431
1.8992506004202809 0.077553646281362076 -0.36414816150894969
1.875755637490244 0.12985548359258531 -0.41966287205790559
1.846770167684022 0.1804560028242885 -0.47279816994276191
1.8118098588117839 0.2299836983848681 -0.52403732883473464
1.771340586653813 0.27779780812192362 -0.57263078338332973
1.7255904851934289 0.32362861588860597 -0.61835363782284269
1.674790967134872 0.36673078475328791 -0.66153771660066762
1.6194753714523511 0.40723530378876172 -0.70106186854238317
1.559685872014458 0.44541175312278469 -0.73677117360400368
1.496014427703739 0.48014519709311199 -0.76883173846974351
1.4290483543010279 0.51174482485336337 -0.79661616176926542
1.358678993680017 0.54061592780034262 -0.81990091429750012
1.2859921765995099 0.56549340493174105 -0.83889220248190544
1.211008077386351 0.58691051234070335 -0.85316054755522397
1.134267774274095 0.60461974237817517 -0.86259295171526562
1.056629895460595 0.61860309318501916 -0.86703158219877507
0.97774581828839535 0.6289278247522988 -0.86646395824017231
0.89912418332863675 0.63522268625162215 -0.86096835437513464
0.82094068470318693 0.63821143368220268 -0.85017186837544256
0.74296584514973496 0.63735617399886746 -0.83428895324708274
0.66667188030941416 0.6329473270511341 -0.81350421197929368
0.59218687049271412 0.62527466852325941 -0.78758612084451807
0.52012790931186315 0.61456991863992405 -0.75670349036100826
0.45077329888452472 0.60080777359371662 -0.72083678578210797
0.38501550911516919 0.58445770676009445 -0.68019945326616282
0.32291013886539233 0.56573720883287937 -0.63478957115613321
0.26498524216247438 0.54505596524070088 -0.58460414395815219
0.2117765448643541 0.52293781196807676 -0.52995222660855568
0.16386915716855349 0.50019551778219795 -0.47089250990758302
0.1214699455927287 0.47764644806618078 -0.40730272228540643
0.085683386347346444 0.4564240421059465 -0.33993289623639972
0.057066470569295709 0.43771814029458611 -0.26919487229970612
0.034346895924156469 0.42258257967220669 -0.19134905523103879
0.020093837117700328 0.41381564786229091 -0.1148033983553587
0.012213796532344119 0.41325160664269661 -0.038210511600083652
0.001019954107956064 0.41493304990606322 0.053089177723275677
-0.0067372696557497511 0.42025111092756179 0.1184180021843588
-0.015380625385298739 0.43572251003122342 0.19729159421848461
-0.025612115743103469 0.46048225320022679 0.27649928111684757
-0.036310790569480743 0.48978137202941929 0.34668312294136361
-0.050328217225666043 0.52700731629149866 0.41700120467227841
-0.067330268263846138 0.56937088967509308 0.48302811635963949
-0.087535769763871327 0.61572152518193024 0.54420345647026325
-0.1105145063086001 0.66581849408975058 0.60053062262127277
-0.13784549400358539 0.72008252512908355 0.65334549435510569
-0.16838614298879681 0.77586506172442327 0.70046704469543331
-0.20273957792486891 0.8338666775885375 0.74277845613909566
-0.24078217470711619 0.89306998380513614 0.77985261963102881
-0.28204474111579891 0.95288671450061646 0.81133369476683359
-0.32680702852889981 1.0129117467094031 0.83748433212752205
-0.37494188323421118 1.0731304324634821 0.85824606951758897
-0.42577861904513647 1.131961269447211 0.87341510618168439
-0.47893945599442173 1.1898666727055911 0.88281004138615715
-0.53490953871411329 1.246254158619162 0.88668753640556641
-0.59265210707982519 1.3003762564807859 0.88496737291105909
-0.65223647638521953 1.352224996361987 0.877599394199718
-0.7133465117283907 1.401051845832999 0.86494129043921997
-0.77540258314580179 1.4468052577223001 0.84680996895737759
-0.83863239833590675 1.4889293168059829 0.8236878089786005
-0.90165914320019336 1.5269434279512311 0.79569222288180397
-0.96515370238903864 1.5615813635017051 0.76236714618553503
-1.0278769132014951 1.5914804402394249 0.72514958091797188
-1.0901065171274109 1.617023823610253 0.68337792280085108
-1.150721194090673 1.638071102600247 0.63744900091673284
-1.2102181816085991 1.6542131589447 0.58776393803517601
-1.268230519068964 1.665027584121711 0.53520721203673227
-1.3238595236587329 1.670811306779391 0.47972040820507073
-1.3773168186675591 1.6715396388554249 0.42119159582067328
-1.427322897062109 1.667079134944035 0.36113347443022148
-1.4752503804378081 1.6574769451297191 0.29819509932551092
-1.5192125318498999 1.643025328463168 0.2350535277453018
-1.5599228761021771 1.623398057026171 0.1701331402997934
-1.5967048449189081 1.598877176840543 0.10504522073852381
-1.629535538486885 1.5695243152687131 0.039631794423892523
-1.658309897416091 1.5354089080183571 -0.02521351733202994
-1.6826656731526799 1.496950864265453 -0.089352110739738297
