-1.7027697154566721 1.4542638793139391 -0.15268847436044461
-1.718383081516496 1.407606125179109 -0.21446000323715167
-1.7293814724402852 1.3571291952962614 -0.27418830371003911
-1.7357764228573223 1.3031711772055348 -0.33149293446002609
-1.7369746097250789 1.2465999476435625 -0.38657782319988404
-1.7334155010852013 1.1873195903721478 -0.43862633296354914
-1.7254388197696082 1.125425270075799 -0.48701232449254467
-1.7127015374273407 1.0616853851893771 -0.53185225252194046
-1.6953066163191584 0.9964855394782226 -0.57286217308586884
-1.6737786853289998 0.92985358956516073 -0.60935923975759654
-1.6481140855114664 0.86240466874218369 -0.64140832688428973
-1.6185692162962229 0.79441465684195733 -0.66859969888049076
-1.585301123347711 0.7262966289880739 -0.69069001137462283
-1.5485575166516048 0.65848775749260502 -0.70761532829411777
-1.5086364101108212 0.59133985488469321 -0.71910421656869417
-1.4658940218186836 0.52522233732159906 -0.72509104582843042
-1.4206505352870162 0.46051412744738068 -0.72548361896954305
-1.3732209331829286 0.3976107981649612 -0.72022348144510928
-1.3242921484629593 0.33664457228882128 -0.70913378107113723
-1.2739734487963073 0.27813655479609056 -0.69243782245381602
-1.2228953115794789 0.22226093661446855 -0.67001840600199236
-1.1717303571147948 0.16913172628331646 -0.6418580935433702
-1.1207806615267453 0.11917229607951209 -0.60807350933592474
-1.0706474062011164 0.072599611594843419 -0.56869258196644346
-1.0219099758757861 0.02953927637588976 -0.52393470030339384
-0.97535706663320798 -0.0099847012564885096 -0.47390022687570749
-0.9315840757848417 -0.045865523562477639 -0.418866122652022
-0.8914931764783538 -0.078368004385891601 -0.35912941860160802
-0.8561840991838886 -0.10731903745509164 -0.29474209182017785
-0.8262174919256069 -0.13329671728530057 -0.22649557172138049
-0.80476391800345226 -0.15636456948186894 -0.15412266285509441
-0.79285004890537447 -0.18023518626097812 -0.079801717085192542
-0.78290309212970655 -0.20488209292072321 -0.0054474679413308077
-0.77955998376107427 -0.23296644645491443 0.068190961235253256
-0.78192340234150581 -0.26884308709296517 0.13840934897328033
-0.78617979036120222 -0.31331147357095002 0.20344381709878798
-0.78947831622945297 -0.36429100170883644 0.26360876696571484
-0.79111532075489255 -0.42074706513036403 0.31873653787735867
-0.79002216813948944 -0.48169784874551597 0.3688735104691756
-0.78568827681199027 -0.54634652104967285 0.4139474570274056
-0.77785405830213628 -0.61394260834818304 0.45394892360678707
-0.76637898663986725 -0.6838072951917139 0.48884351251497676
-0.75101192875879419 -0.75526844804336069 0.51863817091684394
-0.73148974941465517 -0.82766710556688761 0.5432944996831065
-0.70807493557493351 -0.90047876104584235 0.56281359861156866
-0.68060741534174474 -0.97303660275160209 0.57735671295919955
-0.64907292790972171 -1.0447580816415023 0.58695740959607734
-0.61357991738653472 -1.1151104672866525 0.59156263905009077
-0.57428648711951513 -1.1835665628062968 0.59134273232550705
-0.53115974760136786 -1.2495110343535956 0.58664596366582145
-0.48465332260092364 -1.3126393334361832 0.57755308942069394
-0.43497780212195547 -1.3724894116537318 0.56412806280656902
-0.38205166902165238 -1.4284321664782049 0.54682195004636258
-0.32635906246658264 -1.4801894331126599 0.52562371145243669
-0.26802821833070151 -1.5273128659050696 0.50098722599324708
-0.20740162513796556 -1.569537153978005 0.47321203002299228
-0.14518471148136552 -1.6068043477074565 0.44206219574647937
-0.08132737929190724 -1.638642639356056 0.40832815269994494
-0.016210026444319216 -1.6647808748089485 0.3721901432123022
0.049807877929189642 -1.6849837278004212 0.33393933241669072
0.11615570344801751 -1.6995027813424455 0.29372948390142717
0.18229174283552924 -1.7080700192858058 0.25152423327681922
0.24837927787022884 -1.7104138826362858 0.20843648156149014
0.31368221661735091 -1.7068581299406407 0.16425568662394799
0.37758295907219319 -1.6972882951313981 0.11893915333277744
0.44020094737887094 -1.6816058949291794 0.073526891993353438
0.50097208176466224 -1.6601024950064793 0.02799481892469477
0.55938293107601311 -1.6327492033416593 -0.017480758126569157
0.61519338113507271 -1.5996655684727099 -0.062413835677070241
0.66792983020305763 -1.5611077394216921 -0.10669200932768483
0.71778683904540153 -1.5173759251521357 -0.1494749869093307
0.76430598778923187 -1.4685650649389488 -0.19047441211914787
0.8070867085384289 -1.4149636395026475 -0.22952192878674266
0.84592543512197915 -1.3569652493174558 -0.26633736280678527
0.8806760270736953 -1.2948729837871462 -0.30046013354558465
0.91134673963892576 -1.2290375243016436 -0.3313311519475084
0.93788498332068604 -1.160055896658972 -0.35898959116143697
0.96010701745478011 -1.0881900615474287 -0.3828339452239789
0.97800178489688283 -1.0138922721522261 -0.40249823954957759
0.99158634296504222 -0.93766301076689607 -0.41771450036124896
1.0009360689041618 -0.86001683863742484 -0.42823448641680761
1.0061938196017879 -0.78148174171169249 -0.43385782409680551
1.007510194307665 -0.70258763303787375 -0.43428908641260139
1.0050450032383305 -0.62388426562091137 -0.42918141208360405
0.99920406340336287 -0.54595718393322812 -0.41827713854162279
0.99043564282177232 -0.46939266005073521 -0.40135747720243642
0.9792346244824468 -0.39489236890996493 -0.37794698601161875
0.96629959810745825 -0.32318251325772729 -0.34773726425325091
0.95267025986609477 -0.25501782376036758 -0.31047786246934661
0.94030766230222063 -0.19149163961744139 -0.26548572031123979
0.93236284557458315 -0.13284564287494258 -0.21338663690658671
0.93105611440674874 -0.076545700434481334 -0.15811871737926106
0.93650774922869062 -0.019877268001942842 -0.10352977713971537
0.94881542988153289 0.038910057797349275 -0.052384223011000028
0.96446877779148033 0.10149179295578117 -0.0070409691264484361
0.97986041036355198 0.16888227207119133 0.030909750624216283
0.99208142874237459 0.24035732940667237 0.061901971939895641
0.99952630146812638 0.3148853486719424 0.086630066205489895
1.0017730073442488 0.39129140468530826 0.10615214190674166
0.99868065292097186 0.46870568493973219 0.1210693970742991
0.990034618118944 0.54638700491876324 0.13183164705301587
0.9757065922317022 0.62366971582802877 0.13874649001878878
0.95568982830457516 0.69991584426903464 0.14214562444101675
0.93003105137627684 0.77453239138419727 0.14240368934014547
0.89884211312260465 0.84696910226955702 0.13984081557583317
0.8623748760662403 0.9167547817142313 0.13466773626499703
0.82073318152040931 0.98336560058994416 0.127231837093887
0.77412234022464299 1.0463644631145805 0.1179966165796478
0.72285836512862023 1.1053363132706937 0.10699287669794717
0.66733872844000419 1.1599398941404508 0.094213270405155147
0.60796826018832462 1.2100072747902233 0.080234861563349066
0.54484641282605606 1.2549384760407218 0.065271949937977081
0.47854164709493169 1.294717836623579 0.049502910571133915
0.40939582964295995 1.3290593246850744 0.033165160164277105
0.33778263882250148 1.3577190361871412 0.01651058224690017
0.26414385536531415 1.3806781434438471 -0.00015308375454457443
0.18882907181851755 1.3975369171123786 -0.016609613132799111
0.11236040318287717 1.4085396330851427 -0.032701752027739221
0.035143980012163678 1.4134026383780662 -0.048238090518749173
-0.042345024287507034 1.41213886661183 -0.063087900228523758
-0.11968664307178367 1.4044402247250907 -0.076720628227940429
-0.19646113586900985 1.3907618924568745 -0.088769177035233182
-0.27212582772737953 1.3708249623667648 -0.098964008272132628
-0.34627409094211692 1.3450655885165399 -0.10702228335821865
-0.41837266802340645 1.3134913453327599 -0.11255454647335647
-0.48795372459950631 1.2763739056268342 -0.11505162883780341
-0.55451350291528512 1.2340235532083186 -0.11404277192152557
-0.61767170160707408 1.1869976109055906 -0.10905187684004322
-0.67714369129337149 1.1360593240108507 -0.099432893358007104
-0.732305959009802 1.0817050844589777 -0.08444987902392953
-0.78305895369413525 1.0252268590744886 -0.063076370049246114
-0.83007836620015152 0.96854173743041605 -0.034838559788412937
-0.87428918714609338 0.91396331425715882 0.0010336117047765915
-0.918172364990686 0.86403122888565442 0.043487561895842956
-0.96504100594347664 0.8204694662239822 0.089596729903361344
-1.0170349344070271 0.78267160137457847 0.13532206936787175
-1.0743348221806863 0.74831635887742143 0.17725912517200801
-1.1363440145889889 0.71392995132957504 0.21167874673113679
-1.2007876852047747 0.67630088816380607 0.23712857620981312
-1.2654362421249463 0.63491867565089866 0.25528772767697411
-1.3289578436843101 0.58963386434921361 0.26703298330691766
-1.3903360879931121 0.54045273493003021 0.27327645768842296
-1.4488287573346745 0.48751579069294726 0.27455331557961526
-1.5038486550822441 0.43105394814509013 0.27125511442057609
-1.5548777423441262 0.3713478246150993 0.26369701865835182
-1.6015916038224771 0.30877568366462343 0.25232377951287921
-1.6435361310896732 0.24360227596190209 0.2375018961989187
-1.6802726898949492 0.17607831137682237 0.21968957167666928
-1.7115530499234808 0.10659136468015382 0.1991965189011688
-1.7371178351717287 0.03552828654176457 0.17632826264725118
-1.7567966780512223 -0.036777720537999284 0.15159789541740876
-1.770575341421887 -0.10982325490102879 0.12510762553548294
-1.7783409182016299 -0.18312167365154561 0.096934229138724806
-1.7799081109177557 -0.25643119272267006 0.067778129828726025
-1.7752604386883761 -0.32932549829409585 0.037917842342682889
-1.7645594069799393 -0.401222685289996 0.0071986245062276785
-1.7480035049510605 -0.47180539836411323 -0.023966725189952531
-1.7254286767391984 -0.54065995138760015 -0.055209895342828073
-1.6970701886396828 -0.60735794050156033 -0.086424152663448134
-1.663134524936561 -0.6714146868884725 -0.11760214200575649
-1.6237525380021056 -0.73243217627019264 -0.14846602407812434
-1.5791466011475954 -0.79016354770286112 -0.17854278263427098
-1.5297145334043811 -0.84426503113848872 -0.20781036150820889
-1.4756356869805265 -0.89429655971002697 -0.23607795256370898
-1.4172828539107378 -0.93999771470353355 -0.26315824224779183
-1.3549801178719476 -0.981075563932857 -0.2888027628879386
-1.2890689638450905 -1.0173471194334422 -0.31261264367114333
-1.2199811270720944 -1.0485552522475328 -0.33451103457993991
-1.1481234052409131 -1.0745499765770061 -0.3541987976147204
-1.0739470317231319 -1.0952029161432375 -0.37145679661745584
-0.99792431108106405 -1.1103769916142645 -0.38618764018891083
-0.92050497111174912 -1.1200949301699903 -0.39794788834389028
-0.84217493514326425 -1.1243735081008799 -0.40647125966075398
-0.7634470484713356 -1.1232324326675156 -0.41169911370166679
-0.68482306721876218 -1.1167861172948994 -0.41343379500877664
-0.6068047558824391 -1.1051616399090438 -0.41133680407640605
-0.52990427301519527 -1.0885737927726413 -0.40521906865062696
-0.45462663996621189 -1.0672705959056765 -0.39495513604429044
-0.38147568634262485 -1.0416175331345283 -0.3802252965536832
-0.31094479244165141 -1.0121516154369128 -0.3606673954730033
-0.24348805320340569 -0.97933638695556691 -0.33621183258405352
-0.17977500555600243 -0.94356760462466827 -0.30646910770623798
-0.12031331071381034 -0.9056748839902049 -0.27109756896945941
-0.065581740176345216 -0.86679026074561405 -0.22969792531603878
-0.015854345648368243 -0.828354320665175 -0.1820972163883445
0.027769997799033365 -0.79273233087993933 -0.12695671204696632
0.067027040068339178 -0.76258462363845569 -0.065586551710928934
0.10456087961103742 -0.73917700753386895 -0.00025959254653712405
0.14228839568091647 -0.72216418675287586 0.066929184481079984
0.18109379567440353 -0.71160775876602256 0.13479913833142518
0.22277839148593515 -0.70832354557302624 0.20164469520745842
0.27002831448988457 -0.71169240771829578 0.26464857298609801
0.32395823981011773 -0.71925554054879803 0.3216809439603025
0.38325212702932532 -0.72871568886079541 0.37284655565761066
0.44715108016299071 -0.73873431871730222 0.41802454156030733
0.51498473230330788 -0.74828699912221697 0.45717141504425285
0.58616453334470753 -0.75656332102069745 0.49019789808482239
0.66001862224757246 -0.76292765765339499 0.51724624567280852
0.73593639728569116 -0.76725239098251374 0.53834680707894089
0.81333430167466592 -0.76918770691592664 0.55361002624810296
0.89166483373547578 -0.76832686238594483 0.56315116440033419
0.97038751922614241 -0.76443180242864173 0.5670594184201756
1.0489677818476233 -0.75736291973201142 0.56543982030047923
1.1268848534350904 -0.74705471397220713 0.55834090256589219
1.2036203178553493 -0.73343352329032185 0.54593791559413518
1.2786720598818726 -0.71644494118534641 0.52843525722465545
1.3515640014167034 -0.69594554798763397 0.50620188791417386
1.4218125153653627 -0.67199627540900408 0.47937599892453103
1.4890375843797634 -0.64497849682136721 0.44808943533819046
1.5527942612389158 -0.61468171674651828 0.41280120855355529
1.6126777476684009 -0.58131479971574862 0.37370398698912949
1.6683208571752608 -0.54495301853831013 0.33116267464104249
1.7193766515771998 -0.5056924600914332 0.28555704303159485
1.7655105064252845 -0.46391329489704847 0.23703668277732123
1.8064527848698038 -0.41961045493099475 0.18615306773830481
1.8419292450931994 -0.37324221843709166 0.13305543879362167
1.8717138788128613 -0.32502979205241456 0.078131783835215199
1.8956688421576777 -0.27495236945788976 0.022036745015992419
1.9136816193700972 -0.22370843958202052 -0.035217078769837373
1.9255956694736955 -0.1718699334101367 -0.09351777053024124
1.9313441250428898 -0.1191761345168203 -0.15198780782433008
1.9309431062125229 -0.065766012216539271 -0.21008609110741433
1.9242564748397617 -0.012378882912089564 -0.26782160845379854
1.9113495038993389 0.040647277781736192 -0.32482858124320313
1.8922719549977984 0.093088719846971729 -0.38063754614030931
1.8673531680958875 0.14452384387880246 -0.4350660280951309
1.8366619741120309 0.19477611468973424 -0.48761312304969406
1.800300750582593 0.2435816143962585 -0.53785688371694174
1.7585056262047587 0.29065541031856451 -0.58545809981796504
1.7115523310067322 0.33553965196587682 -0.63028730923277154
1.6597490531430898 0.37774513765128298 -0.67228547926632887
1.6033980107170451 0.41750092824299856 -0.71066407937338572
1.542897094399414 0.45457020826598366 -0.74522484855312021
1.4785862035180375 0.48836914347083227 -0.77606276059078805
1.4109420458580522 0.51917347121924828 -0.80260741858294038
1.3404066671907877 0.5468697356107709 -0.8246750264693421
1.2673322732860191 0.57082308359294387 -0.8424429011274247
1.1922160907771777 0.59124710732699282 -0.85547033270695216
1.115523068722716 0.60799584947308405 -0.86366460414493362
1.0377540684674509 0.62107365319916752 -0.8668957579358334
0.95939802649505812 0.63039684543873697 -0.86518145889319253
0.88095038366294887 0.63591742232777193 -0.85845870493373788
0.80296080421859828 0.63801422305659938 -0.84650949577691981
0.72587399671538566 0.63636847668940644 -0.82963262625923073
0.6502049150219098 0.63125107431582117 -0.80777430326229127
0.57647502541918116 0.62294058863976287 -0.7808524253031367
0.50516940404007027 0.61160167877877525 -0.74896770630542031
0.43680038081676759 0.59733353662392386 -0.71220173098891726
0.37187725920427323 0.58049742797526516 -0.67059309592240257
0.31083919204952193 0.56142745248117454 -0.62433144939640894
0.25417659698333334 0.54056295408122457 -0.57350232765767306
0.20230822725016753 0.51844307169973936 -0.51827978561721133
0.15573614740079939 0.49587015895032044 -0.45869472733948791
0.11488392708917804 0.47374075941403682 -0.39490424279210334
0.080451757662959242 0.45300430486931864 -0.32700085708954224
0.052998844472455842 0.43500832717794558 -0.2552576537564849
0.032300751514046766 0.42132401414179954 -0.180360293445856
0.018879309985421644 0.41372871387286531 -0.10299836536140425
0.010529688936296288 0.41350457888089692 -0.024474522251932519
0.00092414604482012855 0.41499873231276296 0.053896042180099572
-0.0082112108091887178 0.42288943018153002 0.13186822185091882
-0.016838979575578252 0.43925166110677683 0.20858152931601029
-0.02662556470187729 0.46325765874832586 0.28314755696166893
-0.037949590687185453 0.4941335176360771 0.35490412408828548
-0.051944065835280717 0.5310334847223821 0.42327630014208906
-0.068942129726354565 0.57306843725321943 0.48790828096134647
-0.089267028784998717 0.61949592022684397 0.5484472456944296
-0.11258664829101259 0.6699326072753552 0.60453486550619007
-0.13960953476100352 0.72330454795361476 0.65606725496318308
-0.17028256360531724 0.77906693834377427 0.70280277133019797
-0.20454562942165641 0.83667732220407942 0.74453853179455132
-0.24245361150656386 0.89549300044246383 0.78112783423951926
-0.2837303189385999 0.95514702935383888 0.8123184284999535
-0.32840262045536789 1.0149078979266442 0.83817254986001233
-0.37608418633323831 1.074452363274595 0.85858691826238442
-0.42680901843278279 1.1330836312361303 0.87359720518608686
-0.47988264349398657 1.1908168941321329 0.88287538352349593
-0.53547067412582094 1.2467801107291152 0.88667082006131615
-0.59308898293016199 1.3007564142736525 0.88491335048869724
-0.65241132792305256 1.3523647025439522 0.87756317610728618
-0.71331647309236945 1.4010278449966211 0.86494751252973989
-0.77519184852904854 1.4466498848877101 0.84687154064563364
-0.83806444496640931 1.4885509430716686 0.82389550069224105
-0.90126833335589496 1.5267077139080927 0.79586581507139098
-0.96423548867390596 1.5610804540081573 0.76284907003651181
-1.0270784649527025 1.5910998336800266 0.72562334970989584
-1.0891531236815748 1.6166324842355204 0.68401788871029157
-1.1498384633517134 1.6377645913546754 0.63811786319870067
-1.2092008645962111 1.6539371518858688 0.58861348457256568
-1.2671999414162562 1.6648354680063775 0.53614087183539982
-1.3230019788284904 1.6707221482279981 0.48057576094998172
-1.3762969198430066 1.6715257431835973 0.42230825290074886
-1.4268004131414997 1.6671257401097737 0.36176098619950947
-1.4743271483454683 1.6576619131098616 0.29940748778498621
-1.5187372745615011 1.6431815591281675 0.23573612609707834
-1.5594205016162863 1.6236402618165924 0.17093427197445241
-1.5963851199323245 1.5990903230733462 0.10561099344939133
-1.629299154030643 1.5697356589677867 0.04010277799231167
-1.6581949711627821 1.5355451666903586 -0.024954521858209504
-1.6826675313273869 1.4969469187964497 -0.089357964787751584
