-6.44228745353765 -19.2445665048711 -2.61636243144689
-5.61207174337887 -19.7125452399434 -2.0826523320591
-4.78185603322009 -20.1805239750157 -1.54894223267132
-3.94950998713044 -20.6410893270164 -1.01366476565744
-3.05986478792945 -20.9022586281223 -0.436230173897219
-2.17021958872845 -21.1634279292282 0.141204417862998
-1.27710556236284 -21.4073709876045 0.7175587157104
-0.341870744142248 -21.4421416225574 1.28079537094129
0.593364074078347 -21.4769122575104 1.84403202617218
1.53049264398341 -21.4825872981344 2.39857729900526
2.48264976760977 -21.2573636913743 2.88414895277882
3.43480689123612 -21.0321400846142 3.36972060655238
4.38077590219091 -20.7679831992383 3.83447139808183
5.28789281736709 -20.259383532995 4.16849830382638
6.19500973254326 -19.7507838667517 4.50252520957094
7.08150405191143 -19.203483603462 4.80302725460501
7.85024736592713 -18.4352104688433 4.91210887469776
8.61899067994283 -17.6669373342245 5.02119049479051
9.35326050793459 -16.8737570547678 5.08984090653445
9.8862170519176 -15.9351276287084 4.9223869880262
10.4191735959006 -14.9964982026489 4.75493306951796
10.9157397961646 -14.0542942428436 4.55290142623259
11.1541676915118 -13.0867339937675 4.10558945993739
11.3925955868591 -12.1191737446914 3.65827749364218
11.6129012901846 -11.1579119326425 3.19724178692665
11.5727889838042 -10.2871593941362 2.53899433222249
11.5326766774237 -9.41640685562989 1.88074687751833
11.4925643710432 -8.5456543171236 1.22249942281417
11.2375076899568 -7.73593288766057 0.537854515465522
10.9668794610053 -6.93063282924772 -0.148702743383046
10.6962512320538 -6.12533277083487 -0.835260002231613
10.2601512968854 -5.25524549798176 -1.29716540451115
9.75847097503163 -4.35948150569182 -1.67003591399708
9.25679065317784 -3.46371751340188 -2.042906423483
8.71213008612763 -2.56978662968484 -2.12495788195525
8.12240939157001 -1.67777756157524 -1.90211709375987
7.5326886970124 -0.785768493465632 -1.67927630556449
6.97590362659087 0.0612188873001685 -1.34811220201073
6.54344935781142 0.738251010633952 -0.608031462191486
6.11099508903196 1.41528313396774 0.132049277627757
5.67854082025251 2.09231525730152 0.872130017446999
5.35261855959682 2.70103168967442 1.7161907451949
5.04221933884321 3.29979367534721 2.57540265172993
4.73182011808959 3.89855566102001 3.43461455826495
4.35611446837951 4.62831158692066 4.11987966599037
3.91745254591734 5.48434742678434 4.63745772842491
3.47879062345516 6.34038326664803 5.15503579085944
3.01252537935374 7.21357167000704 5.53249450985411
2.45183814507695 8.1454334172123 5.43065050425035
1.89115091080015 9.07729516441757 5.32880649864659
1.33046367652336 10.0091569116228 5.22696249304284
0.771303403599503 10.6826893473237 4.57674246342587
0.212159821174228 11.3533981064466 3.92052839261411
-0.346983761251047 12.0241068655695 3.26431432180236
-0.877294576084736 12.4457633304864 2.42409274174133
-1.39922460510546 12.7950280651494 1.53038592069202
-1.92115463412619 13.1442927998123 0.636679099642706
-2.51039831883232 13.4245637379678 -0.234624487621451
-3.15585941757517 13.6472140821335 -1.08721787623962
-3.80132051631802 13.8698644262991 -1.93981126485779
-4.53544007018539 14.049091522311 -2.71357222624994
-5.3992594697789 14.164794066958 -3.37200799237367
-6.26307886937241 14.280496611605 -4.03044375849739
-7.18441451052203 14.3312290603223 -4.58844718355843
-8.20470551277093 14.2701819641766 -4.97365909257077
-9.22499651501984 14.2091348680309 -5.35887100158311
-10.2582758591946 14.0685173006599 -5.63461731545607
-11.3123791084846 13.800326256072 -5.73485999849114
-12.3664823577745 13.5321352114842 -5.8351026815262
-13.3880111022357 13.1801630216772 -5.82790693908111
-14.3669587616594 12.7186729101746 -5.68026870163229
-15.3459064210831 12.257182798672 -5.53263046418347
-16.251875474344 11.7155975547781 -5.29005255566267
-17.0869211710982 11.0961728463106 -4.95520870110495
-17.9219668678523 10.476748137843 -4.62036484654723
-18.652004687319 9.78558415878088 -4.21059321194644
-19.3119980419529 9.04656720957886 -3.75084174354849
-19.9719913965867 8.30755026037684 -3.29109027515053
-20.5010279327317 7.50669698210416 -2.77925445155244
-20.975400151585 6.68003183125037 -2.24567744829345
-21.4497723704384 5.85336668039658 -1.71210044503446
-21.7665534497368 4.97523747025653 -1.15045871579654
-22.048740031349 4.08581084019221 -0.582656201753821
-22.3309266129613 3.19638421012788 -0.0148536877111046
-22.4209742618668 2.26994429153223 0.554516128281882
-22.4983403626746 1.34106142297246 1.12398938929138
-22.5633991843998 0.411559752401526 1.69163486083495
-22.4158221339694 -0.52863311192984 2.2277011665374
-22.268245083539 -1.46882597626121 2.76376747223985
-22.0803187877845 -2.40417613344013 3.28697931851719
-21.6889118287607 -3.31510458816877 3.7453663109769
-21.297504869737 -4.22603304289742 4.20375330343661
-20.8403517433873 -5.11400329758227 4.62668995549709
-20.2028206008147 -5.93898654103305 4.95236676206805
-19.565289458242 -6.76396978448385 5.27804356863901
-18.8515004620811 -7.5339706515737 5.53559950595034
-17.9997923446961 -8.20453099321354 5.66995278303429
-17.1480842273111 -8.87509133485338 5.80430606011824
-16.2373778990007 -9.45135794050947 5.8351026815262
-15.2482722602696 -9.90232305376145 5.72828885225887
-14.2591666215385 -10.3532881670134 5.62147502299153
-13.2597730890417 -10.6800413880199 5.38925306371097
-12.2493133912386 -10.8731861791671 5.02213594230254
-11.2388536934355 -11.0663309703143 4.6550188208941
-10.2754819632102 -11.1378214006602 4.1752934633916
-9.3593228684626 -11.0873353838111 3.58266173349797
-8.44316377371496 -11.036849366962 2.99003000360434
-7.57522262837314 -10.8997512283239 2.35240161396876
-6.765954302207 -10.6572612714362 1.66002015181391
-5.95668597604086 -10.4147713145485 0.967638689659065
-5.13253397625749 -10.1148488292559 0.328445136505627
-4.27237341721591 -9.67597794616798 -0.182069165654208
-3.41221285817433 -9.23710706308007 -0.692583467814043
-2.54651601644662 -8.78738853357971 -1.16099200188579
-1.61735260872178 -8.21331528702778 -1.1467104963176
-0.688189200996932 -7.63924204047584 -1.1324289907494
0.240974206727914 -7.0651687939239 -1.1181474851812
1.0674177108149 -6.57236076340327 -0.651424929415278
1.87098443662263 -6.09765133172398 -0.0839391016519832
2.67455116243037 -5.6229419000447 0.483546726111312
3.43729321089298 -5.20168540333167 1.1333488929554
4.15800563365249 -4.83545951544311 1.86789698177137
4.87871805641199 -4.46923362755456 2.60244507058734
5.62040868622786 -4.08477054594658 3.29222132565912
6.5086459456377 -3.57290862297656 3.66923675620853
7.39688320504753 -3.06104670000653 4.04625218675794
8.28512046445737 -2.54918477703651 4.42326761730734
9.14198470410668 -1.92576955687998 4.30903798107002
9.99180495964252 -1.27730798609531 4.08451222183673
10.8416252151784 -0.628846415310633 3.85998646260344
11.5193131152807 0.0265343495243185 3.3813297313849
12.059653768155 0.687436053484564 2.69989770350784
12.5999944210293 1.34833775744481 2.01846567563079
13.0513073628695 2.01851386137039 1.2971754303708
13.3168826461057 2.70803905688229 0.49272936894025
13.5824579293419 3.39756425239419 -0.311716692490297
13.8267991612849 4.10681099476938 -1.10087043095144
13.9206087217599 4.95586701669615 -1.78161438432612
14.014418282235 5.80492303862292 -2.4623583377008
14.1051409589487 6.65636287364239 -3.13909264752337
14.0025951861624 7.65705220943221 -3.5647849187511
13.9000494133762 8.65774154522203 -3.99047718997883
13.79750364059 9.65843088101185 -4.41616946120656
13.484522482638 10.6938601978261 -4.55215504010256
13.1641503255515 11.7305096667051 -4.67796542003869
12.8437781684651 12.767159135584 -4.80377579997482
12.3374816480089 13.722319664334 -4.66831140262548
11.8208416227436 14.6729467299658 -4.51831154114234
11.3042015974783 15.6235737955976 -4.3683116796592
10.645684844811 16.419589985787 -4.01991452785338
9.97961104067626 17.2073708412283 -3.66094976174309
9.31353723654154 17.9951516966695 -3.30198499563281
8.54355818329895 18.5969049879904 -2.8160775226549
7.77015398538899 19.1925260451392 -2.3259854955835
6.99674978747903 19.7881471022881 -1.8358934685121
6.14153743540156 20.1837677112775 -1.28353359028403
5.28615777294217 20.5789792882858 -0.731046364628765
4.42869137321192 20.9674040748867 -0.17840520459977
3.50610587945188 21.1440390742066 0.379039658845567
2.58352038569184 21.3206740735266 0.936484522290904
1.65841949815428 21.4825872981344 1.49080585563843
0.692164984225484 21.4036418461647 1.99402402103824
-0.274089529703312 21.3246963941949 2.49724218643804
-1.23952453435469 21.2250862136534 2.9917373867092
-2.1942295501934 20.8549088626081 3.37202116702112
-3.14893456603211 20.4847315115628 3.75230494733304
-4.09670881288792 20.0951442232742 4.1194323017364
-4.94859181577664 19.4370090967627 4.30453280606778
-5.80047481866536 18.7788739702511 4.48963331039916
-6.64272388062841 18.1104279718906 4.66298342511684
-7.28912497686409 17.232372708528 4.59746038085428
-7.93552607309977 16.3543174451654 4.53193733659171
-8.57951928279348 15.4754360789008 4.46411089048715
-8.94800245210534 14.5020321344522 4.13272952871701
-9.3164856214172 13.5286281900036 3.80134816694687
-9.68496879072906 12.555224245555 3.46996680517673
-9.78195026332638 11.6132540931763 2.93181967567466
-9.86322880814474 10.6731019867718 2.3817137703817
-9.94450735296309 9.73294988036726 1.83160786508874
-9.81592100059518 8.84479977981093 1.21697502179537
-9.64615367460543 7.96685383087703 0.589680308092413
-9.47638634861569 7.08890788194314 -0.0376144056105449
-9.14803498972099 6.18344934130587 -0.530211529466792
-8.73764706673092 5.26375835587982 -0.953128703453343
-8.32725914374085 4.34406737045376 -1.37604587743989
-7.84695940282911 3.41941349153841 -1.57588469119574
-7.28035010070313 2.48863267769064 -1.50032235017855
-6.71374079857714 1.55785186384287 -1.42476000916137
-6.15938240405052 0.657983186189414 -1.25173938689851
-5.65828002027512 -0.107507116298415 -0.655057151672315
-5.15717763649972 -0.872997418786243 -0.058374916446124
-4.65607525272431 -1.63848772127407 0.538307318780067
-4.2592439817235 -2.28591330104596 1.31793907994596
-3.87788472040325 -2.91582014063959 2.12471735140675
-3.49652545908301 -3.54572698023323 2.93149562286754
-3.06319409288731 -4.26880198080306 3.60700213862227
-2.58229990849962 -5.07714080342535 4.16237392700057
-2.10140572411194 -5.88547962604765 4.71774571537888
-1.593162722835 -6.71666548550937 5.14524385396191
-0.98997874585536 -7.62716446400782 5.12883068452029
-0.386794768875717 -8.53766344250627 5.11241751507866
0.216389208103927 -9.44816242100473 5.09600434563704
0.822876662861259 -10.1580701355054 4.54301279390342
1.4295202802765 -10.858495459917 3.96465600226436
2.03616389769173 -11.5589207843287 3.3862992106253
2.61424504018851 -12.0376481460051 2.6153951005447
3.18069060340286 -12.4260617575767 1.76605242392739
3.74713616661722 -12.8144753691484 0.916709747310084
4.3669993005796 -13.1317528967936 0.0808422445050687
5.04980510507115 -13.3652097820805 -0.739147272578896
5.73261090956271 -13.5986666673674 -1.55913678966286
6.47569148517546 -13.7909272646441 -2.32228662892928
7.37069679555252 -13.8793511320118 -2.94217001000948
8.26570210592959 -13.9677749993795 -3.56205339108968
9.18842990647947 -14.0121739383461 -4.12405047702438
10.2203996277642 -13.8830903471084 -4.45794359298757
11.2523693490488 -13.7540067558707 -4.79183670895075
12.2838103614874 -13.5841651251331 -5.07392955189911
13.3127183534086 -13.2190535437508 -5.10784959558882
14.3416263453299 -12.8539419623685 -5.14176963927854
15.3490304215802 -12.4533910805003 -5.13039460556929
16.2556154218437 -11.886686388169 -4.90665788294727
17.1622004221072 -11.3199816958376 -4.68292116032526
18.0303158545992 -10.7233269041765 -4.42114167362156
18.7479513885675 -10.0095174843513 -4.01055179963834
19.4655869225359 -9.29570806452604 -3.59996192565512
20.130528888522 -8.55724429004179 -3.16054397949976
20.6386717047666 -7.74541706730391 -2.63534294105495
21.1468145210113 -6.93358984456603 -2.11014190261015
21.5890361082825 -6.10133938351169 -1.56806829602496
21.8867553223316 -5.22432024244981 -0.98900924216263
22.1844745363806 -4.34730110138794 -0.409950188300297
22.3996271348073 -3.45383451438801 0.170645795721389
22.4815131596036 -2.53382094167703 0.753722460520678
22.5633991843998 -1.61380736896604 1.33679912531997
22.5393254355168 -0.685387983530273 1.89922145670767
22.3864910210876 0.253246014520431 2.43654496404033
22.2336566066585 1.19188001257114 2.97386847137299
21.9491207294893 2.11850303104609 3.45789090465165
21.5399473422257 3.03375929203048 3.89147112554152
21.1307739549621 3.94901555301488 4.32505134643138
20.5772611249267 4.81381311662926 4.66197371488285
19.9119706156292 5.63953504033333 4.92404342892095
19.2466801063318 6.46525696403739 5.18611314295905
18.4561056513956 7.18797638862305 5.30806044041274
17.5812459765657 7.84140051568639 5.33573988388356
16.7063863017358 8.49482464274972 5.36341932735439
15.7647887345182 8.99745425948562 5.22449378448502
14.7812103249547 9.4052280104126 4.9807669448505
13.7976319153912 9.81300176133958 4.73704010521598
12.8264524044078 10.0558278152368 4.34037506469928
11.8634843513855 10.18941343369 3.84242315591326
10.9005162983631 10.3229990521432 3.34447124712725
9.9856628375361 10.3260046197505 2.76662712728624
9.11236525297054 10.2162300891052 2.11978126212485
8.23906766840498 10.1064555584599 1.47293539696347
7.3588954255679 9.91617393147542 0.866212248135914
6.4668250759623 9.58655708373742 0.328930276444485
5.5747547263567 9.25694023599942 -0.208351695246945
4.67464424349049 8.9067639562686 -0.69169684459675
3.71141585190436 8.39518881537528 -0.75161873479726
2.74818746031823 7.88361367448196 -0.81154062499777
1.7849590687321 7.37203853358864 -0.871462515198279
0.919059177367251 6.89304233080595 -0.472187398410478
0.0771041389007979 6.42206123026845 0.0400598155402298
-0.764850899565656 5.95108012973095 0.552307029490938
-1.54351400421706 5.53177286484608 1.17508052830685
-2.24469739302816 5.17572285663542 1.93315634177896
-2.94588078183925 4.81967284842476 2.69123215525108
-3.65996911732149 4.45357948166026 3.42677701904853
-4.50952463031923 3.98205790424638 3.92580760371354
-5.35908014331697 3.51053632683251 4.42483818837854
-6.20863565631472 3.03901474941863 4.92386877304355
-7.09222780855828 2.44162785401032 4.98184175664434
-7.98420981531802 1.81321581246527 4.9310963359557
-8.87619182207776 1.18480377092021 4.88035091526706
-9.63115079705299 0.52765196506258 4.54097025312541
-10.2847615488264 -0.150757026615463 3.98810235096481
-10.9383723005997 -0.829166018293507 3.43523444880421
-11.4706554245212 -1.5052147131183 2.79031652872419
-11.8103637609163 -2.17751707519877 1.99929410667316
-12.1500720973115 -2.84981943727924 1.20827168462213
-12.4468288408737 -3.5416967188682 0.422180230551519
-12.5832048059289 -4.3066665360982 -0.345499042937861
-12.719580770984 -5.07163635332821 -1.11317831642724
-12.8409590911203 -5.8500031022645 -1.8651702880473
-12.8002731677807 -6.77313682052248 -2.44764559732661
-12.7595872444412 -7.69627053878046 -3.03012090660592
-12.7160449290361 -8.62068239100563 -3.60888388496586
-12.4654401228093 -9.63774735134155 -3.91853657688985
-12.2148353165826 -10.6548123116775 -4.22818926881383
-11.9642305103558 -11.6718772720134 -4.53784196073782
-11.5079111876898 -12.6625276859145 -4.56122106512568
-11.0467414797974 -13.6525552914305 -4.57785034357178
-10.5855717719051 -14.6425828969464 -4.59447962201787
-9.9600171570072 -15.5057001039164 -4.36465478955821
-9.32813305746337 -16.3639307465804 -4.12534047573844
-8.69624895791954 -17.2221613892444 -3.88602616191866
-7.94922105091522 -17.8985629409576 -3.46767278598436
-7.19849180107608 -18.5691195252531 -3.04356412920319
