-0.024492373815016458 -1.3840176008779661 -0.82168476334753926
0.078498330088189516 -1.459010204781358 -0.80197580756588027
0.17801188869351281 -1.521472541968756 -0.77174062814461331
0.29285558407946599 -1.5819523406865461 -0.72539128799193608
0.39100591386244821 -1.6226098379710441 -0.67709547120110147
0.49730060268200482 -1.656249407063916 -0.61290605239624918
0.59621802229803489 -1.6745950460586909 -0.54293777639754381
0.69066379042795956 -1.678920122996139 -0.46452186288561792
0.77808224709117868 -1.668898917079878 -0.37998355886989787
0.86037904649707586 -1.644641616287176 -0.28624125621772889
0.93068149494656915 -1.6104469111605459 -0.18567134578068659
0.98680994684404688 -1.5684978020197291 -0.08449132231372615
1.0305922880676399 -1.5195164112080459 0.01661241410745689
1.0664072252933039 -1.4563701872990811 0.12889603885237119
1.086678197874285 -1.3905271348375139 0.23045546434875441
1.0949090304257449 -1.3149668353238071 0.33156481266901749
1.0902689337533149 -1.2342856033343581 0.4255273622506035
1.072494773378883 -1.146894623553371 0.5143129390304908
1.04113746933966 -1.0538137793925939 0.59628651882656802
0.99701620351095255 -0.95846840863528215 0.6681603659987656
0.95545224865783751 -0.88691031033655576 0.71363313055398758
0.89575741809061171 -0.7728037687079925 0.76672539112976745
0.85063093715220428 -0.64897831685522001 0.83177074004180984
0.82951494603590925 -0.55375705875721448 0.89067518450137428
0.8257040706891059 -0.47464011418154239 0.94549569137948208
0.83514441834985453 -0.37298210069665222 1.0356253769276129
0.86109297115380168 -0.27466307031124182 1.1397428581727791
0.89807774622277348 -0.19025567559063669 1.2476736509840041
0.9386035194950908 -0.13325116651231411 1.3373922220015391
0.9818671123607805 -0.082472565317237345 1.4037712081162581
1.0399928732446471 0.0092053932989352369 1.492260994631071
1.087272817811294 0.1081288377775272 1.5652509562880961
1.125071949776693 0.21221049300888239 1.624575027070259
1.1549493248327509 0.32330028787490589 1.6725267786376949
1.176826378772887 0.44119720337720741 1.7089275810016049
1.190192941413261 0.56346334646973839 1.7328827057532961
1.194869035729428 0.68726302742940992 1.7439705631725939
1.191052815321999 0.80978193350933936 1.7423340605255699
1.178117112198777 0.9377982226924656 1.7277617895633071
1.1580390923364909 1.0557395515564121 1.7020817478501531
1.126529978775664 1.178874666009101 1.6628509928199979
1.0889972873346889 1.286975665996144 1.6165750793684801
1.0436678968172599 1.386834199245216 1.5614513259280089
0.99003106993783263 1.476447919633421 1.4969021762278649
0.92910260905620878 1.554787753434431 1.4222156140994411
0.86284732686403964 1.6180544863669979 1.340936142213812
0.79061811040444363 1.6668481619649209 1.252532304830406
0.71560248840629193 1.701537563219276 1.155159412568842
0.64405992859439531 1.719997672997357 1.0552617300201661
0.57796326317529878 1.7237978916612631 0.95688910467323318
0.50693593646316093 1.713393029191131 0.84361543161053087
0.4433942661428405 1.689123858202447 0.74014890858610993
0.38193659226929211 1.650189465527695 0.63807347662204261
0.32603759354991169 1.598351570830608 0.54201603873103743
0.27407593051183893 1.5326535403308059 0.45087878041128299
0.22674863413694929 1.4534034132209011 0.36566892552607277
0.18370024487912509 1.357811096906411 0.28531792242800003
0.1479867745089834 1.248523797352012 0.21482050971032901
0.1173381284427667 1.140712999663086 0.1663530573529321
0.073900661763117242 1.0300119508650689 0.1149381173146057
0.0094035350392884347 0.91235437361982452 0.041265234964183557
-0.04406556068987421 0.8493528055320485 -0.012645632188605141
-0.10227476715955471 0.79435136945404483 -0.07608956906827552
-0.17620719449564021 0.74180981143175195 -0.15853475067019901
-0.25464903455675419 0.70043612653501419 -0.25110817824032289
-0.34146624550053561 0.67155764689530872 -0.35887886869640478
-0.41844996940297879 0.661658457496061 -0.44851332257999332
-0.4983618745541718 0.65069145276492524 -0.52036002368354406
-0.59849197968334233 0.62393830516517901 -0.59777018623425215
-0.70001361196995493 0.58466214745905909 -0.66435870022722621
-0.80092858078180096 0.53428935580563308 -0.71934044575871969
-0.90079862599849692 0.47348682304579831 -0.76280846975275285
-0.99910267807261888 0.40263102059761829 -0.79448402917800531
-1.093942482333317 0.32305923484705779 -0.81361235751973626
-1.182563617627169 0.23736922618088571 -0.81982098827561789
-1.2637488362625571 0.14670579717580359 -0.81392645598225266
-1.3418931258055811 0.045009409451664657 -0.79577036832305859
-1.406537421605687 -0.052405687923495377 -0.76714728359598661
-1.468406577588091 -0.16391903266270591 -0.7237913946453669
-1.5129694913486309 -0.26442135077114581 -0.67620225560059144
-1.548640489984854 -0.37183328609625721 -0.6143985747652968
-1.5689382858050609 -0.47135568714209941 -0.54742835704577031
-1.5754483820853289 -0.56749856420863409 -0.47150352801477508
-1.567511611325028 -0.65730974618652815 -0.38920581193325587
-1.54544637930972 -0.74102171870418765 -0.29930193110053199
-1.5128160547883549 -0.81454968104070491 -0.2022228682858091
-1.472908073570488 -0.87400651786439554 -0.1029288051457324
-1.4218299966013019 -0.92417410246861276 0.0047712920185780132
-1.36220506084643 -0.9617559910925364 0.1119428168323976
-1.298770011908271 -0.98531253379522465 0.2112805446991369
-1.224371864157209 -0.99730054254638723 0.31276986286920883
-1.1451401721265499 -0.99606480319032964 0.40749347882189002
-1.059190221597939 -0.9819721016941404 0.49701140847283798
-0.96749740842953547 -0.95468407952315981 0.57991734262037897
-0.87177454167622026 -0.91420741192128752 0.65427571545414287
-0.78872000948650611 -0.86910604392399105 0.70875481830484122
-0.67223031824077617 -0.80823114324436984 0.76373347018197635
-0.56093181660261671 -0.76682096350442763 0.82000116840823178
-0.45038521281630178 -0.74071346174595099 0.88574228316157377
-0.36517719339511551 -0.7370882633176925 0.94323876919099015
-0.27837060670048802 -0.74420078065901318 1.017025755081628
-0.1839507609325432 -0.76625741469669151 1.1113049332910461
-0.095495110204610933 -0.80186216315048542 1.218641817115967
-0.034781754622208547 -0.84010196655575942 1.3075349320347891
0.022493322731899489 -0.88681045272444481 1.3846693999537121
0.11044348579120861 -0.9438310763765333 1.470992930704613
0.20758690617487419 -0.99125533519291353 1.544277450457139
0.31071471341351747 -1.0293644447098489 1.6046894327689241
0.42137188917638141 -1.0594476326997371 1.654119782039793
0.53872583527919804 -1.0812490612471679 1.692118605056832
0.66057940844618723 -1.0943210439552411 1.7178824966848001
0.78393813329825945 -1.098483950469294 1.730946870507412
0.90817050718108372 -1.093906028389998 1.731483792965443
1.031906716174483 -1.080333037484845 1.7200531691526231
1.158310398616847 -1.057092640205592 1.6953850844017251
1.2713495353262689 -1.0275136886359471 1.6620559688212639
1.3884470603280441 -0.98584389441706499 1.6149332714841349
1.4894580035748439 -0.94010451775105575 1.5610458584746529
1.5791501338607301 -0.88705149277129225 1.498273048825189
1.658119910213578 -0.82511637219778622 1.4255489374810251
1.722841611781291 -0.7574175138146908 1.3447661137411739
1.772152106528387 -0.68484629029343314 1.2582260953038029
1.8074545184690911 -0.60787279686438012 1.1626580822136181
1.8271774493309541 -0.53369448449189105 1.0620637063041749
1.831961644170242 -0.46740305621629408 0.96452012199796844
1.8221866592600759 -0.39436343224335302 0.85226343378211744
1.7992245069036219 -0.33141747372641678 0.75227350088915379
1.759980050427858 -0.26751023956314318 0.64658339821464861
1.7086505531070291 -0.21095949464376559 0.5497801026943484
1.643518260725946 -0.15889228140152989 0.45773809578567942
1.564766694947276 -0.1116837010953225 0.37155191222148748
1.470699857173154 -0.069405811509315976 0.29087166719078172
1.3665202699087591 -0.035546347168518892 0.221725909292011
1.2557801081597271 -0.0028903065774429949 0.16982265332576771
1.1503311539653389 0.0407406826735962 0.1177611409484705
1.0355282060114399 0.1064090897756246 0.042051442350548543
0.97351636282996012 0.1618210999333059 -0.01352933460805187
0.9168997320785699 0.22456297855553051 -0.083577379474802121
0.86673195987532503 0.29979600565607978 -0.17012229683626029
0.83015556006375979 0.37598859792943318 -0.26222860645301899
0.80760031642379415 0.44987442277300771 -0.35837201229738569
0.79774487053437626 0.52932139097513231 -0.45124768228813361
0.78111050125512871 0.62102999570181594 -0.53384597943426704
0.74959245092373872 0.72102060242546517 -0.61104757236890217
0.70669392892446559 0.81990282272924586 -0.67598147443353873
0.65285070216449759 0.91846013034918017 -0.72977942662131023
0.58830645834754258 1.016523671934302 -0.77236328963710854
0.51425210166805091 1.1123401174664049 -0.80287320749963587
0.43159706686127519 1.204762910507527 -0.82083157736872758
0.34332565017312461 1.2906932012471519 -0.82572097256782473
0.25068927476193859 1.3691730790533101 -0.81839447529731302
0.14786590964455429 1.44396594614725 -0.79882837189163947
0.048072425301175677 1.5065135946934101 -0.76864220650953252
-0.06686622404270906 1.566872313499116 -0.72248522646618718
-0.16505000576102141 1.607394054107794 -0.67441308633211805
-0.27156221952739401 1.6409110551551429 -0.6104159678777481
-0.37067026088570698 1.659118168609776 -0.54065291711513996
-0.46532650973209838 1.6632700525865129 -0.46248005024883859
-0.55292637558800328 1.6530801473279571 -0.37823189485579151
-0.63555103034010041 1.6286014731024121 -0.28465073551256709
-0.70606590471612296 1.5941792243220001 -0.1844601427285617
-0.76248012164573542 1.552000065428123 -0.083464693139048571
-0.80653757122338998 1.5028098839532451 0.017403360535730359
-0.84259578473142183 1.439490679714224 0.12944514869254739
-0.86308822086337833 1.3734809592903789 0.23084772979251181
-0.87160135430655561 1.297577197017449 0.33193254259582278
-0.86721106173649676 1.2168468184127961 0.42554904483931238
-0.84966404826742892 1.1292537278500201 0.51419663953971306
-0.81848294035691549 1.0358744632520509 0.59615583136147077
-0.77463869578094469 0.94054364615048747 0.66781778095953748
-0.73330092832327631 0.86903284226103628 0.71317329351345049
-0.67355362391165119 0.75446394100528014 0.76635212890208004
-0.62859570123972586 0.63047603175730227 0.83125217752848735
-0.60765629140844846 0.53521729872479884 0.88996248345171891
-0.60399072762235062 0.45601776083670081 0.94460749651012954
-0.61364672685107935 0.35432851321340397 1.034350353444301
-0.63992328301286494 0.25558940763209531 1.1383956135280731
-0.67717287286338612 0.17096281427555271 1.246063214701763
-0.71790087992967666 0.11379342053504141 1.335501340831678
-0.76135637391337085 0.062831889189396334 1.4017133726119591
-0.81965854064184396 -0.02894936986541688 1.489776216782577
-0.86715907839055284 -0.12808904129348231 1.56247361350271
-0.90512153335550571 -0.23232345279673869 1.6214845156027771
-0.93510272777201353 -0.34342622136803619 1.669080564944674
-0.95709217930305335 -0.4614848450401714 1.7051947486755761
-0.97051659199324558 -0.58375010877657174 1.7288404834844131
-0.97522167507595736 -0.70753384840529865 1.7396477200735201
-0.97140108323698138 -0.83011494488219084 1.737760030353352
-0.95840737007221011 -0.95824164874112505 1.7229349497864681
-0.93829232697887088 -1.075928038082369 1.697105072722461
-0.90667964838167259 -1.1990047246859741 1.65769053652179
-0.86901955272410347 -1.307054048163276 1.6112614161361301
-0.8235708589323143 -1.406742791017453 1.5560847595658509
-0.76975675086745377 -1.4962366555353881 1.491474502465201
-0.70860528853577776 -1.5744652843384961 1.4167311783297309
-0.64220951850963204 -1.6374852720459521 1.335589588743253
-0.5698110994357648 -1.6860628716212931 1.2473520230319901
-0.49442609515750657 -1.7205979100206239 1.1499662363361249
-0.4226311426171922 -1.738844036239652 1.0502443272396891
-0.35632855417747322 -1.7424329231509801 0.95209710896834154
-0.28495786030453468 -1.731781211498288 0.83894678496028485
-0.22111723744828349 -1.7072745341033779 0.73564230915024686
-0.1595185843308029 -1.6682116567499781 0.63400604537046235
-0.1032968472020392 -1.616098285070579 0.53806151152678217
-0.051094825557816713 -1.55020159453624 0.44717683692528182
-0.003568286989425492 -1.4707959563452611 0.36227989714819608
0.039706953914737643 -1.374994517523457 0.28219234687569639
0.075578294951915509 -1.2656009162391131 0.21204617188854619
0.1063918061087798 -1.1575840518463469 0.16383460306562411
0.14986060490316411 -1.0470488647895499 0.1128755443772342
0.21458817313754261 -0.92917277331837556 0.039627103620780132
0.26828888928732431 -0.86593025990675243 -0.01410958085160597
0.32650113210639709 -0.81090071103614758 -0.077122368538528815
0.40073535412711042 -0.75814340687806703 -0.15932612354268019
0.47952246597990977 -0.71651266815528891 -0.25174359008489589
0.56651965311020192 -0.68742873636619006 -0.35911211882321242
0.64372819382732305 -0.67732604037024835 -0.44855947935157342
0.72383745347765982 -0.66620909854907062 -0.52018751606004987
0.82415542774104522 -0.639295830019599 -0.5972704172317943
0.92584407193983187 -0.59988429845925628 -0.66351077979673112
1.0269382536343961 -0.54937894273677323 -0.71814511103340817
1.1269725052357009 -0.48845252907275 -0.76124666737861457
1.2252669590371821 -0.41759535904752138 -0.79248779043571582
1.3200904893221941 -0.33804178722118278 -0.81119229452672748
1.408879215011422 -0.25219284251239232 -0.81699899034819579
1.4899375629653899 -0.16166658896545599 -0.8107070291846411
1.5680315408614891 -0.060030132579265691 -0.79212994157971894
1.6326655421336289 0.037385080861222712 -0.76310591766528513
1.6944489268371321 0.14889048818332459 -0.71933787531975224
1.7389064058342281 0.24926515643495681 -0.67137988982016561
1.774390492003959 0.35658766658508889 -0.60926206365406932
1.7944798860426381 0.45597164052114908 -0.54203944791381875
1.800819715408646 0.55188395605934615 -0.46590837378582067
1.792647072390499 0.64148139424870165 -0.38351591057524509
1.7703601659616821 0.72502591563103203 -0.29344079863429162
1.737472162908368 0.79835129644136316 -0.19629515561102609
1.6972844683238399 0.8576257604756774 -0.096937984062671359
1.6459610579779149 0.90752756753030117 0.010694961155608231
1.5860710263874229 0.94487579173515013 0.1177618735229045
1.5223632031807039 0.96823207892453489 0.21700699572791851
1.447653424297868 0.98000954762530179 0.31839672738715008
1.368176602960941 0.97856985602850244 0.4129081835368289
1.2820949790438301 0.96430473970277264 0.50206898463630789
1.1901910248595731 0.93684423000412087 0.5846763525988351
1.094209410855151 0.89618273169534324 0.65875090695491967
1.01101007766719 0.85096363680112219 0.71291644526109976
0.89447450236243442 0.79002109586180447 0.76742345250082755
0.78295670249887384 0.74846827291137741 0.82335797077930162
0.67239069622602321 0.72224150130416698 0.88867380278334063
0.58692507724613086 0.71848362839819635 0.94601324418577393
0.49978810201941792 0.72545339071087878 1.0196954749144109
0.40518426911446048 0.74729711165551582 1.1137105795983859
0.31641750557709258 0.7826877391234951 1.2209474898631629
0.25550356180185069 0.82072471643266931 1.309736757906512
0.198046316102793 0.86725818625721329 1.3867851882794471
0.1099041845630698 0.92407315331269002 1.4729636670625359
0.012575804871858189 0.97134057810783236 1.546089156949406
-0.090796785577491976 1.0093534143160809 1.6063591913674129
-0.201445895983311 1.0392955413698231 1.6555002656242159
-0.31897536639412971 1.0610335293665909 1.6932629250371769
-0.44092655049143892 1.0740554101434401 1.7187397656299419
-0.56436501347259882 1.078191515100243 1.7314904844529
-0.68844211077222728 1.0736193877824649 1.7316917409396819
-0.81217003439691438 1.060077020992815 1.719904332279578
-0.93872086439098645 1.0368672002631441 1.6948093289453801
-1.0514342996701369 1.007415166395246 1.6612039350551451
-1.168494332573055 0.96580834454394293 1.613655553849626
-1.2693574006232129 0.92013318646453557 1.559456432887085
-1.35894232453813 0.86721887346526505 1.496270589732118
-1.4376346416933341 0.80549802289372818 1.4232911671291371
-1.5021875383344421 0.73788256228934246 1.342175630164848
-1.551279752696207 0.66554359771757132 1.255311988599823
-1.586322032616849 0.58881586678252262 1.159552973972237
-1.60577665558856 0.51481147565241669 1.0587292322287309
-1.610304490823993 0.4487495619874719 0.96108687992598629
-1.600247318219199 0.37596856551821778 0.84871851176612623
-1.5770234027036381 0.31321507603176879 0.74862709824359763
-1.537487864117713 0.24950854276978779 0.64285197641455116
-1.4859129424261861 0.1931727790322883 0.54606593923481317
-1.420553893086191 0.1413034135491969 0.45409567072114482
-1.341579379844126 0.094273727820933573 0.3680115492981556
-1.24732149790886 0.052171201106836228 0.2874945166240368
-1.1429689649705861 0.018458040858125181 0.2185416622724087
-1.032105523645259 -0.01407606040503512 0.1668495740112626
-0.92642119658008748 -0.057649725614332417 0.1149220769197775
-0.81148641253947706 -0.1231241481529117 0.039421123151790832
-0.74937627531236506 -0.17837496027919511 -0.016073829310396609
-0.69261768481087205 -0.24091274383988451 -0.086039572070198911
-0.64219602880516125 -0.31596504053879221 -0.172629801274223
-0.6052544042236474 -0.39221364916133322 -0.2650668409097986
-0.58249959898653969 -0.46592433918574983 -0.36134482252023331
-0.57243986440600214 -0.54502180419116331 -0.45417204840378722
-0.55558265322280109 -0.63652478419787017 -0.53687784967918439
-0.52387275663138977 -0.73634509779614032 -0.61421309493148557
-0.48079511454308171 -0.83511160951760843 -0.67926397557972229
-0.42678084360601692 -0.93361528022652585 -0.73317307770155926
-0.36216082479404638 -1.0315417820692969 -0.77578871704930497
-0.28810978650433888 -1.1271921127586231 -0.8062892582059662
-0.20531705325503921 -1.2196681559252751 -0.82424481530259175
-0.11703919231825161 -1.305570773428202 -0.82908176725095262
