-0.024492373815016458 -1.3840176008779661 -0.82168476334753926
0.075381453783960189 -1.4567406536350855 -0.8025722728285577
0.17784200322462151 -1.5213659088266009 -0.77179224440379435
0.28201046032724925 -1.5762410049497493 -0.72976823117632317
0.38705234492429252 -1.6209721234700072 -0.67904086294384225
0.4904142659532621 -1.6540700564043871 -0.6170645852187393
0.59148564554377614 -1.6737173596425077 -0.54628517712996416
0.68783417385425971 -1.6787905427129028 -0.46687122138953652
0.77759057729362024 -1.6689552795972709 -0.38045902975336898
0.85859853134791109 -1.6451664300326807 -0.28826939815270936
0.92785799444062067 -1.6118202455088533 -0.18971045393786803
0.98536136583235256 -1.5695804380252594 -0.087102608672108964
1.0309310505554934 -1.5189191304764014 0.017674470417205979
1.0644175022721181 -1.4598783184070869 0.12265804626147356
1.0858300441928415 -1.3932820607356009 0.22620613687934327
1.0944787980395625 -1.3189164343172501 0.32627974388390824
1.0904760600849854 -1.2378870816647418 0.42133302760992852
1.0733928699061281 -1.1513103334266066 0.50982676266571725
1.0434113750622955 -1.0605636282935129 0.59034212411807963
1.0010211492047307 -0.96712303412854528 0.66163628176589062
0.94729411467612668 -0.87131605458693706 0.72088893094831719
0.89429645774885158 -0.76879494571325591 0.76883122063830256
0.85591108344866373 -0.66346684969473446 0.82415993257316178
0.83064975246061135 -0.5588743982589558 0.88750956742718257
0.8272680702602242 -0.45779824614820985 0.9604276403508536
0.83717530093353398 -0.36528708941942944 1.043774208229111
0.85946517178668724 -0.28083079984305326 1.1332113813942111
0.89129280527034616 -0.20574040378107508 1.2278735020089955
0.93333808187481371 -0.1406576553314049 1.3257352565465226
0.98855997429678899 -0.071916352198254249 1.4139603207383502
1.0403845574378539 0.010024910959012364 1.4928656699221667
1.0852595228526332 0.10391643706750989 1.5621428663107528
1.123201359633009 0.20705973667425806 1.6216392183276165
1.1535509367106893 0.31810081337852097 1.670282432884491
1.1757559850643517 0.43542877966921201 1.7071465738357139
1.1895078812925712 0.55719698906755655 1.7316549629823939
1.1946513481423162 0.68149974465298258 1.7434543869014052
1.1911575635913341 0.8064190136560444 1.7423789795296465
1.1789003780237082 0.93004674730713233 1.728644150709636
1.1588905472303754 1.0507379765833198 1.7031707694440055
1.1296552164343465 1.1666614853351716 1.6667421030145806
1.0925284134860413 1.2768053783512547 1.6209287796199889
1.0471165389504427 1.3792370014627275 1.5656451193252727
0.99313275715501947 1.4712657761849004 1.5006348965275815
0.93218930914069631 1.5508189748355079 1.4259993141026266
0.86487454009951414 1.6161187137897393 1.3434230506643867
0.79229480495518589 1.6657154888722883 1.2545844693099748
0.71888355937068349 1.7000203007585235 1.1594183570527805
0.64683739971329957 1.7192810027818204 1.0591400218908222
0.57710813363469238 1.723672622899562 0.95552535260071769
0.51089516013801894 1.713973019734663 0.84992956208520831
0.44661817151596644 1.6903551999401967 0.74539847596190523
0.38518052397074953 1.6522445467358529 0.64346134291795065
0.32796784162664794 1.6001415849423708 0.54533299769261256
0.27533647147182572 1.5342473126158611 0.4530896843811727
0.22810910475259616 1.4556815376327681 0.3681183682919682
0.18718245021642388 1.3655436062944266 0.29181755450876523
0.15342499002657933 1.2651653581455489 0.22555539825009213
0.12176422902007525 1.1562824128391231 0.17335244709420394
0.081336120794688715 1.0489613320331765 0.12373912965459985
0.030569662703045564 0.95096625335897467 0.065442585373343368
-0.031122814653830818 0.86460298480874509 0.00040404917641660709
-0.10168384105708826 0.79490973102986462 -0.075445501220263222
-0.17706744951739856 0.74135607500520539 -0.1595499838147369
-0.25356154061178809 0.7010097187884734 -0.24982476824039385
-0.33033040812796388 0.67526182086425979 -0.34505537829165267
-0.4108610793093016 0.6626342983174609 -0.43967735070636277
-0.50246996034961411 0.64959383856092423 -0.52353596750970111
-0.59925718725504273 0.62364226566515235 -0.59827208946362354
-0.69871733820975512 0.58516364306634183 -0.66350846819809473
-0.79924724503287436 0.53512861262131961 -0.71842439955280102
-0.89934374084555901 0.47437258115255959 -0.76217523700914847
-0.99749182382215329 0.40379209552927764 -0.79396497926643539
-1.0921967207724197 0.32452395070110412 -0.813260253246604
-1.1820457383466068 0.23786997670605414 -0.81978470662318281
-1.265227400137181 0.14478160532572762 -0.81358292562994705
-1.3406470442896641 0.046631050517437156 -0.79605988359494595
-1.4077242302141391 -0.054544799010309432 -0.76631560678681332
-1.4651470078203876 -0.15804396419869154 -0.72607559494891616
-1.5122707350344085 -0.26284545226168965 -0.67694846379457607
-1.5470309254030878 -0.36698659120774646 -0.6171873112598858
-1.5685268234240488 -0.46933824029904869 -0.54878592934001635
-1.575441402060008 -0.56739548129135553 -0.47158493345123786
-1.5670148707809748 -0.65919430061783135 -0.3871818630055332
-1.5446658974012373 -0.74278042767239538 -0.29697990539803726
-1.5121792905843487 -0.81549836308919244 -0.20063855098514763
-1.4711124069642438 -0.87577017581189553 -0.099142572784559763
-1.4217203461107195 -0.92424321570911283 0.0049683808728222065
-1.3636086658598998 -0.96087129198770105 0.10941993797935688
-1.2977105913048488 -0.98548324158633094 0.21272574028460231
-1.2241105660613045 -0.99729646720314391 0.31308225176122001
-1.1438160475537609 -0.99584769437021603 0.40887257083563777
-1.0577117480967737 -0.98153210409471126 0.49834820055600115
-0.9671500117476266 -0.95453718191659465 0.58018720344748065
-0.87350623348958178 -0.91493966238865965 0.65293052187753431
-0.77758780626854773 -0.86328860413175179 0.71400878986919702
-0.67537160512284256 -0.80987270933409883 0.76225090364678805
-0.56960106565923241 -0.77004648007797416 0.81561837185134933
-0.46425086223114392 -0.74398807583703741 0.87749650067627238
-0.36084457043449636 -0.7374432577612503 0.94692156794437599
-0.26680832672081417 -0.74690174861843572 1.0285708094697694
-0.18004788710869901 -0.76782838093345884 1.1160408920541758
-0.10302614643545181 -0.79883080621185143 1.2095032493213853
-0.035550847205341497 -0.83961755997178233 1.3064088694951743
0.033336833012055936 -0.89384061272921256 1.3953123602457307
0.11488298070839781 -0.94599838482763854 1.4743420638900109
0.20790152598124911 -0.9913715975374584 1.5444617538636265
0.31067306366997277 -1.0293490537626291 1.604665034465133
0.42145692788466882 -1.0594634307651969 1.6541473172947472
0.5385771085090415 -1.0812214315324431 1.6920704478162385
0.66021405053993887 -1.0942818497641427 1.7178052478913723
0.78445871059120686 -1.098464767367427 1.7309491204011473
0.90937609984639411 -1.0937737833631405 1.7313724215541095
1.0330953643839527 -1.0801144943531926 1.7198212006355384
1.1538452498324654 -1.0579135959693398 1.6962564725330695
1.2703135910428556 -1.0277847641826996 1.6623614126503827
1.3804987688553152 -0.98867233737566118 1.6181318440706265
1.4834829996982812 -0.9428100954251819 1.5642334091625314
1.5762513020084037 -0.88876615601079167 1.5003018535764183
1.6562999021223941 -0.82654378437720744 1.4272250023907083
1.7220429560657264 -0.75825290718160177 1.3457629612024815
1.772221750568475 -0.68469443820267251 1.2580375602386644
1.8067848936114208 -0.60933284907464791 1.1644708398594932
1.8265632584092675 -0.53600446805185564 1.0651963113358025
1.8317403673243065 -0.46574965441878979 0.96197896146096007
1.8226400419590363 -0.3977511512170635 0.85747011601716872
1.7995254021449314 -0.33224231536510107 0.75358376547233863
1.7618444304026166 -0.27054627008352494 0.65160440063516145
1.7105007765086777 -0.21299792317106059 0.55326947492819023
1.6454203120328947 -0.16041279461204502 0.46042598858255052
1.5676074902790464 -0.11338665027769551 0.37466089558596272
1.4782199342122515 -0.072785674107659765 0.29732156677836075
1.3785790928789667 -0.039465591783258078 0.22972955449292728
1.2702712702700265 -0.007163588922453952 0.17661457492295435
1.1646084977682203 0.034833230686461575 0.12481005022203626
1.0689478080844459 0.087292751099380533 0.064090841558535921
0.98552721089050122 0.15108854949474973 -0.0027640963424693105
0.91902760060851196 0.22220489989104905 -0.080944707267400079
0.86844654297878299 0.29722476775924828 -0.16716445265699414
0.83140490036742221 0.37338608710666155 -0.25908253069327608
0.80807389071140734 0.44832310160691702 -0.35635336662641726
0.7977602507664997 0.52919740746122912 -0.45110274218302765
0.78104132800497328 0.62124944694259276 -0.53401541520343154
0.75077807250609951 0.71725923330147345 -0.60814346269798203
0.70864313169750459 0.81540985912496011 -0.67303103847281309
0.65511176686800421 0.91432136558819155 -0.7275202631548453
0.5909410954169283 1.012520807750966 -0.77062505525051883
0.51719659598095913 1.1085303351443003 -0.80166009481239286
0.43505121245508749 1.2009005712792258 -0.82008109889756864
0.3458374034313359 1.2882480644651422 -0.82558184537600221
0.25078445245360526 1.3690924462178962 -0.81840200278416808
0.150867045380642 1.4417829447838553 -0.79939945349434449
0.048336573851193457 1.5063480340781135 -0.76872210783644523
-0.055945517511255032 1.5611374292068922 -0.72687075593176698
-0.1611210028985145 1.6057725028489309 -0.67633678058068014
-0.26465064456997833 1.6387361377734175 -0.61456873933573497
-0.3659025530414487 1.6582422941958612 -0.54400894998393379
-0.46246416683232749 1.6631445023374134 -0.46484394648555305
-0.55244947206270478 1.653135622318618 -0.37869055129224011
-0.63369126060429559 1.6291524551020813 -0.28675712141530085
-0.7032346394085558 1.5955613230585124 -0.18848292731130509
-0.76100127372028448 1.5531057541183568 -0.086112197956704578
-0.80686818294338047 1.502229320775393 0.018430652924608298
-0.8405961421353676 1.4430021065328711 0.12323176454675336
-0.86223408444617078 1.3762322820584794 0.22662121242002353
-0.87114467099956472 1.3016490210290448 0.32650989218094378
-0.86740548313982868 1.2204219135230578 0.42140329567777901
-0.85054457833700026 1.1336492536335485 0.50974819748052891
-0.82077084719431226 1.0427261459619119 0.59014209394410055
-0.77858959209320666 0.9491341048839903 0.66136017323622698
-0.725034429540519 0.85318135419644203 0.72053099412166444
-0.67214064512564531 0.75056713539068221 0.76839186709436824
-0.6339041309625344 0.64511596758182521 0.8235890710799485
-0.60879326408171441 0.54038967832960094 0.88677461836804838
-0.60559155935458697 0.43915908359713723 0.95948562664650505
-0.61573462816351998 0.34648283104473943 1.0426176558162181
-0.63826116494618501 0.26183512911340523 1.1318142523530057
-0.67031456243428456 0.18654407168336795 1.2262396989269837
-0.712595876944074 0.12123998682503616 1.3238516294825899
-0.76803478081535159 0.052318513300661243 1.4118008108551399
-0.82006262017693166 -0.029792735314274028 1.4903946419975538
-0.86511955164488341 -0.12383228924355606 1.5593522112622631
-0.90321955882079807 -0.22710115628028704 1.6185279830716732
-0.93370349734409985 -0.338241025199707 1.6668592444875079
-0.95600519656270777 -0.45564897022995077 1.7034095520624752
-0.96982675735833546 -0.57746731521842887 1.7276254100793058
-0.9750035270062436 -0.70179469706891184 1.7391466496865771
-0.97150715876145732 -0.82671158366287079 1.737812440473447
-0.95921173936504223 -0.95031002943654119 1.7238526889592931
-0.9391428815235302 -1.0709517279231386 1.6981972761655677
-0.9098148110332136 -1.1867986906440107 1.6615994422933846
-0.87257708366497799 -1.2968472548798444 1.6156473060136132
-0.82702386070498424 -1.3991688570476961 1.5602768512862426
-0.77286997606357466 -1.491059304020435 1.4952123007409088
-0.7117397554697108 -1.5704554857021149 1.4205623291984406
-0.64420822761002061 -1.6355881839801361 1.3380321906358528
-0.57139432101271492 -1.6850005679855513 1.2492816179004789
-0.49772800082962121 -1.7190852558758216 1.1542317886771116
-0.42541256129798277 -1.7381371604145142 1.0541076681993364
-0.35542225711558112 -1.7422976629419069 0.95066027543575449
-0.28893753424081398 -1.7323751575136714 0.84525611685690472
-0.22439229191085336 -1.7085317383657124 0.74094187812949874
-0.16269033308470224 -1.670223025932565 0.63923935286469769
-0.10523591201327825 -1.6178956540310419 0.5413705994153496
-0.052370259553595297 -1.551811625655142 0.44939739084313679
-0.0049286809826385794 -1.4730688538984211 0.364709977065519
0.036192032868967598 -1.3827757449988982 0.28869725384040595
0.07011537719353482 -1.2822606850080054 0.22272887217071913
0.10191701809524129 -1.173270435899892 0.17083596520135852
0.14246751210233638 -1.0658484847085004 0.12154256670992319
0.19341143627108828 -0.96773796339151885 0.06359159043976173
0.25528656921665677 -0.88124289371144615 -0.0010985519279391037
0.32602243123896002 -0.81135323943057669 -0.076604191009806699
0.40165107390194316 -0.75765954486316578 -0.1604002649810764
0.47837276920210581 -0.71712016251625244 -0.25039499307457647
0.55538388180159015 -0.69115152354864939 -0.34536878503034674
0.63614146931023952 -0.67831875918981355 -0.43977013458730374
0.72796843883065221 -0.66510083934714037 -0.52336170630905354
0.82495027064136373 -0.63898777225859493 -0.59778818086522756
0.92457910159399836 -0.60037456380894716 -0.66268677338970194
1.025251524654085 -0.55022161088770016 -0.7172335520468065
1.1254610080573451 -0.4893731147808088 -0.76059541163614963
1.2236919533664692 -0.41873072773094466 -0.79198720322991323
1.3184462572868496 -0.33942123946188496 -0.81086795999985173
1.4083067496339661 -0.25274635364970627 -0.81696155167240214
1.4914701396443273 -0.15967199646314367 -0.81034245803596994
1.566851519911703 -0.061565886692819732 -0.79241064635555947
1.6338581727667716 0.039537516587616971 -0.76226104475480172
1.69116419038072 0.14296226203845244 -0.72166481944895622
1.7381832357518052 0.24763240624870722 -0.67216000108848184
1.7727634874916145 0.35166675055937602 -0.61211026955081527
1.7940583154145153 0.45388609407624947 -0.54345009675106615
1.80081162028631 0.55176148873680775 -0.46600558308327228
1.792136158799114 0.64339660090137496 -0.38145099415971939
1.7695730142189696 0.72678090820982555 -0.29111568445576508
1.7368306644737384 0.79929746855411143 -0.19470916092592569
1.6955001868179138 0.85936061930208285 -0.093196076183071866
1.645846663710272 0.90759890532462539 0.010899466658507035
1.5874619982107301 0.94400836311406133 0.11527519828904045
1.5212926796953441 0.96840083938709809 0.21845981877917883
1.4474373775567444 0.98000563402291463 0.3186536437025802
1.3668963457362802 0.97835769671498596 0.41423423612006161
1.2805574827697748 0.96384534237085062 0.50345095477653989
1.1897819041763305 0.93667091076853282 0.58499209465634694
1.0959495365476122 0.89691991577622154 0.65740795146777098
0.99987230186321885 0.84513911191993119 0.71812590018328903
0.89753335663079858 0.79162073057412041 0.76599273925026024
0.79162307348763461 0.75169746304747487 0.81901113747491472
0.68611761063684007 0.72549758933031661 0.88056475674094148
0.58253824664017362 0.71883451464998527 0.94972270809629644
0.48827741256586626 0.72811117190835273 1.0311345323049035
0.40128613903933802 0.7488512662040514 1.1184198131944758
0.32402812928072644 0.77965344185320096 1.2117532854262512
0.25630198890200917 0.82022614826240248 1.3085729560999728
0.18718070107222212 0.87426198284365242 1.397408736383174
0.10542254614775678 0.92624965627541178 1.4763308453270392
0.01221696693164223 0.9714725323114316 1.5462983727087605
-0.090713226336710404 1.0093226873727035 1.6063104732469136
-0.20162898529548492 1.0393294051595301 1.6555590929065445
-0.31884752017014789 1.0610098832149266 1.6932218475661682
-0.44055255578299046 1.0740154751929052 1.718661634337981
-0.56483121501884515 1.0781743360005416 1.7314912406447143
-0.68974832163075872 1.0734764193559962 1.7315672998213416
-0.81343566312580473 1.0598449006984696 1.7196533583652003
-0.93412528115932392 1.0377100446993297 1.6957206321468412
-1.0505108466555633 1.007656464776342 1.6614792616141929
-1.1605732792500822 0.96862373632464505 1.6168729906947217
-1.2634149570229845 0.9228241818513051 1.5626496256555391
-1.3560157545633804 0.86894748396009835 1.4983347516839904
-1.4358753657965446 0.80687787811549894 1.4249227233443875
-1.5013939431170751 0.73871380780964868 1.3431728418399012
-1.551349115020487 0.66539172364526655 1.2551224442025868
-1.5856781389805288 0.5902257207586411 1.1613125233017509
-1.6051768504963022 0.51709310355719906 1.0618377269965904
-1.6100696535341492 0.44705010900653963 0.958463052725263
-1.6007047909039249 0.37927916971685222 0.85382983490637598
-1.577310807237674 0.31399167364696834 0.74986576646236391
-1.5393565983250517 0.25251977221538863 0.64785167024742407
-1.4877563386195667 0.19518633773521801 0.54952527580107358
-1.4224340765866732 0.14279553937028222 0.45674137905289858
-1.3443957010385998 0.095950860040539376 0.37108140722723354
-1.254806619044629 0.055514608640578632 0.29388846194388135
-1.1549890766405524 0.022341376887703688 0.22648417201253884
-1.0465412460877921 -0.00983973822219706 0.17358049116205787
-0.94074972771807253 -0.051742069899568366 0.12196233331024635
-0.84492732915870972 -0.10407399964407207 0.061388546858226624
-0.76133823688915814 -0.1677340549254597 -0.005385904300163738
-0.69463905279127058 -0.23868555898314736 -0.083547852122788591
-0.64384047514880438 -0.3135172931884363 -0.1698057570620764
-0.60656839194464551 -0.38950153953951255 -0.26177892013147569
-0.58301910388006695 -0.46424148302530649 -0.35914674250749024
-0.57245401538044982 -0.54491053821319857 -0.45404146884515056
-0.55549621060473042 -0.63679689890562996 -0.53708866906957475
-0.52504763099644169 -0.73264668373099284 -0.61134776874223085
-0.4827371925651448 -0.83065889895984646 -0.67633127361419199
-0.42906345253962025 -0.92945257739166065 -0.73089491313558341
-0.36478887578012714 -1.0275591797045378 -0.77405556879170101
-0.29096660691103637 -1.123502011675211 -0.80511257560428851
-0.20875821016617907 -1.2158245266287331 -0.8234985192573776
-0.11952303201514075 -1.303153765028177 -0.8289456718230187
