1.7484009053784419 0.0002354045488412707 0.00014338384307709329
1.7478576982597733 0.028699358379526644 0.018110033192155421
1.7461612621120115 0.057153053640427928 0.036020938780225248
1.7433397149233261 0.085538612678624254 0.053898117352358728
1.7393930657332417 0.11379938106881046 0.071759930579105416
1.7343648241522127 0.1419412276751752 0.089537665539878852
1.728205515357323 0.16991367975711921 0.10722648204974911
1.7209230029224243 0.19770938335960106 0.12476667529650319
1.7125613031182245 0.22525226317296596 0.1422241913911825
1.7031077756642765 0.25252874669039049 0.15954227988537176
1.6925740167730936 0.27958285044598485 0.1765836674933102
1.6809716278127957 0.30629985455509395 0.19346201859646373
1.6683112899602428 0.33263448158043346 0.21018017206052586
1.6545988763911472 0.35863248370701606 0.22659254954236302
1.6398513452013812 0.38421233013952849 0.24276273640717541
1.624114810697894 0.4093560498380272 0.25868280870770127
1.6073791297522435 0.43409687700111993 0.27421023142659212
1.5896632864323235 0.45834186616589434 0.28942939849090915
1.5709880245028289 0.48203999611629844 0.30436009694008642
1.5513688938080041 0.50523588482141213 0.31886298707338867
1.5308450040033292 0.52786929948014294 0.3329977914311581
1.5094258504068045 0.54993046221898612 0.34670242863031769
1.487137758385028 0.5714002510086712 0.35995317998499377
1.4640172983018045 0.59225543286303362 0.37275152860629429
1.4400867299877846 0.61251064391030574 0.38501321404294397
1.415365400333356 0.6320529198951671 0.3968558110289917
1.3898839670832015 0.65093753878340854 0.40814130318098246
1.3636670092712846 0.66912555546718 0.41887239579784746
1.3367586208296454 0.68660661801299994 0.42905304842387504
1.3091810713749921 0.70334664314076389 0.43867269454024976
1.2809676062472382 0.71936067125273284 0.4476641289788108
1.2521675754968213 0.73465787329061338 0.45602144110043097
1.2227903570873209 0.74915441481343747 0.46377539784328353
1.1928879113898696 0.76292434614601312 0.47081268343307525
1.1624800516351865 0.77588212918062016 0.47719643769318032
1.1316089541475045 0.78803545282016896 0.48290286604069738
1.1003159205614625 0.79941475773445003 0.4878577727391899
1.0686318486086523 0.8099535691165578 0.49214113485397409
1.0366013224057782 0.81968592618815872 0.49569346667219938
1.0042700573015078 0.82865629724592826 0.49843438021317299
0.9716631210619725 0.83678328802025792 0.50044288796050018
0.93882112234909354 0.84407335399410421 0.50168847354938373
0.90578805963190046 0.85054749600402502 0.50212939434747517
0.87260749459206932 0.85622102545129386 0.50173717825115682
0.83931797478500469 0.86107874837464038 0.50051181678562739
0.80596313522874663 0.86514028752459293 0.49845004162386619
0.77258363636834138 0.86839450579241273 0.4955328710257792
0.73922039007349882 0.87084934218021726 0.49177000550240796
0.70591818844631415 0.8725268085514255 0.48713939896531622
0.67271846676339553 0.87341780251874979 0.48163708373728947
0.63966370938529138 0.87354996588002187 0.47526055241771975
0.6068000655153758 0.87292759009656784 0.46798834540933343
0.57417373920452364 0.87160636788138168 0.45979879688315439
0.54183015717081906 0.86957505161701532 0.45068506310550249
0.50981582152442384 0.86679984226955331 0.44065141279820547
0.47818289655501933 0.86336827150751239 0.42965718441331346
0.44697101269669909 0.85930510746560951 0.41771564358864061
0.41621806903506869 0.85462330832367117 0.40484584106148425
0.38597223639310335 0.84938811885150445 0.39102289228810627
0.35628477605802916 0.84363395271352737 0.37622968861010581
0.32724633815068915 0.83731002977212876 0.36041635534266298
0.29888955073858542 0.83049802267685313 0.34360017946502897
0.27125038741106816 0.82329702966442153 0.32578131146358008
0.24436964794359781 0.81576268543179131 0.30696764337851246
0.2183025257683274 0.80796535444724327 0.28714349600477246
0.19322489845053481 0.79989007080196495 0.26618679448339849
0.16907649067007888 0.79174129677085747 0.24419255688334482
0.146028145520608 0.78359304542592656 0.22104934439249657
0.12410781513168434 0.77566304298420186 0.19676130657418936
0.10349003365008504 0.76816892371930301 0.1712284582133656
0.084290033467006809 0.76144382634875607 0.14440630948371849
0.066428448734315498 0.75588674200434092 0.1164176377672427
0.049562236595598039 0.75183589948927176 0.08756603047259702
0.033112889872580056 0.74936055879470853 0.058298830193907379
0.016579052658241722 0.74813869597790617 0.028999960908975688
-0.00012293721361643028 0.74779162390301179 -0.00022702930009639761
-0.016823634261761328 0.74814491606242917 -0.029454696105796596
-0.033356012638326639 0.74938381901149409 -0.058753697105251523
-0.049810201906119893 0.75188501904670324 -0.088015860281322231
-0.066691335688819034 0.75595713383713725 -0.11685574428740936
-0.084578526318738648 0.7615380246251805 -0.14482283195519166
-0.10378523095509805 0.76827457649021336 -0.17163730510180078
-0.12441409319885072 0.77577959449145939 -0.1971578181987548
-0.14636038923468744 0.78370959980477484 -0.22142239547071829
-0.16944179183707811 0.79185345611258851 -0.24453420712279808
-0.19360491544680508 0.80000745286420538 -0.2665103395974745
-0.21870854207185456 0.80808026155741319 -0.28743658888281287
-0.24478809558611064 0.81588157472915668 -0.30724288644667125
-0.27167523457272857 0.82341808067832412 -0.32604640709834254
-0.29933107790400265 0.83060421969305076 -0.34384544813240858
-0.32769584498372867 0.83741417296171206 -0.36064896928729062
-0.35674817738059933 0.84373254131358688 -0.37643913682808278
-0.38644530465325266 0.84947330975295399 -0.39121796304189466
-0.41669801344892526 0.85470643075585961 -0.40502662849134069
-0.44745761941595158 0.85937601698723964 -0.4178847939903092
-0.47867319531673097 0.86342450653455682 -0.42982180189500602
-0.51031120177133504 0.86685310713110875 -0.44080213518976724
-0.54232995693582065 0.8696135324610087 -0.45082569354608815
-0.57467934026081846 0.87162868367265522 -0.45992227975743355
-0.60730928216428925 0.87294555802692075 -0.46809830186234791
-0.64017435491575037 0.87354852215386158 -0.47536548247851457
-0.67323176232949877 0.87340856576003567 -0.48172801948553623
-0.70643497724033344 0.87251056309155306 -0.48720820452021152
-0.73973785525517832 0.87082157522297987 -0.49182974886697023
-0.77310228186823038 0.86835576492580524 -0.4955752477526052
-0.80648101144509832 0.86507986450439756 -0.49847712746362455
-0.83983596307870079 0.86101236117582147 -0.50052580391177459
-0.87312415867192894 0.8561413029942343 -0.5017342680018464
-0.90630302265513563 0.85045703613528123 -0.50211582327734749
-0.93933251159483533 0.84396607059806561 -0.50165709238664202
-0.97217095294188205 0.83666222494697873 -0.5003991456920347
-1.0047716279061822 0.82850929439742904 -0.49839464490419372
-1.0371030759692164 0.81954473169679565 -0.49563626025324992
-1.0691277323894461 0.80979407726307329 -0.49208199406749586
-1.1008033198476868 0.79923966368440147 -0.48777446366991595
-1.1320918641216831 0.78785877061799336 -0.48279507310202507
-1.1629524367281143 0.77567585542629414 -0.47709480109741775
-1.193354992186622 0.76271742309742918 -0.47068724217473962
-1.2232499247943243 0.74893133041220483 -0.46364954751292325
-1.2526128031001429 0.73440714618496006 -0.45589335445228085
-1.28141051595778 0.71911566504989877 -0.44751738029914345
-1.3096218386350076 0.70310185870307096 -0.43851907964028464
-1.3371811852209532 0.68633260283172082 -0.42889801799468064
-1.3640765621740787 0.66883450769847197 -0.41871235756842728
-1.3902815414990675 0.65063673118588849 -0.40796840748045865
-1.415749582522859 0.63173988216291832 -0.39667336156434796
-1.4404591451290747 0.61218032948060308 -0.3848346572414289
-1.4643778831656264 0.59192091159591687 -0.37255705040935205
-1.4874904927669794 0.57107172675074558 -0.35973467259335395
-1.5097680275664604 0.54959358269588665 -0.34647986796558672
-1.5311678550423027 0.52751576827713564 -0.33277182048636206
-1.5516785769894794 0.50487369026889173 -0.31863192458484352
-1.5712792632659087 0.4816654929137551 -0.30412378901026188
-1.5899394255448962 0.45795779384078739 -0.28918945293994819
-1.6076385573330469 0.43370091263058097 -0.27396983178524764
-1.6243630122581787 0.40896827131777042 -0.25841730902312021
-1.6400928761561744 0.38383086009709499 -0.24248076374835073
-1.654816721821001 0.35822845448278334 -0.22632471588970096
-1.6685023638578034 0.3322188142495755 -0.20990849024748826
-1.6811488001823345 0.30587931596165258 -0.19318746839841608
-1.692731563753701 0.27914451440882482 -0.1763239003974317
-1.7032470116364034 0.25208881172974862 -0.15927372555590319
-1.7126905075447807 0.22482184794411819 -0.14193520431425272
-1.7210387616700873 0.19727765083891105 -0.12447336476115735
-1.7282960804668721 0.16947078283497471 -0.10694047879051201
-1.7344308671669124 0.14148628467361446 -0.089262134597053039
-1.7394486498721284 0.11333986821983572 -0.071488721426003501
-1.7433814444895674 0.085067596223887557 -0.053642054524794459
-1.7461960522589179 0.056676149744624225 -0.035773147296200271
-1.7478555866997674 0.02823842081864867 -0.017833479762791697
-1.7483913819090788 -0.00022858185013763208 0.00012861876084033528
-1.7478483735737285 -0.028698117201385515 0.018086432194910823
-1.7461651344284268 -0.057133560239049329 0.036027593377482098
-1.7433316840698039 -0.085512320660981134 0.053913592523596815
-1.7393805621899936 -0.11377887358854882 0.071765328048517305
-1.7343521079329371 -0.14193035784558516 0.089527688224757832
-1.7281941970638908 -0.16990500468923592 0.10721360141336116
-1.7209161497374552 -0.19769722099668524 0.12476113929365198
-1.7125500430107428 -0.22523717547892297 0.14222117260471923
-1.7030885996291809 -0.25251513474155107 0.1595325858342698
-1.6925578679831745 -0.27957592839456014 0.17656525274282758
-1.6809632444184095 -0.30629524658134816 0.19344527300949169
-1.6682942551111244 -0.33261697952679969 0.21017713373015043
-1.654593255721843 -0.35861621159043167 0.22659715662858781
-1.6398422178391816 -0.38419991697931993 0.24275792247909966
-1.6241043809405933 -0.40934565918476684 0.25867353565734447
-1.6073713331502371 -0.434088081469164 0.27420113520655959
-1.589655929237211 -0.45833109639142389 0.28942398959810667
-1.5709849479655431 -0.48203280041954627 0.30435431446926398
-1.551365455788106 -0.50522766704421218 0.31885836849155391
-1.5308415492691714 -0.52785637127560769 0.33300067184138804
-1.5094199314084733 -0.54991501027214773 0.3467055074127976
-1.4871375880416273 -0.57139394966991686 0.35995114206281964
-1.464021043335979 -0.59224905440102082 0.37275665961845561
-1.4400885762242532 -0.61249760584060364 0.38502563621365499
-1.4153692500823285 -0.63204274965849427 0.39686767668627482
-1.3898856846046983 -0.65092287631852341 0.40815587016430405
-1.3636718584955962 -0.66911322825536668 0.41889075270275239
-1.3367632616969258 -0.6865928077753588 0.42907340080036116
-1.3091819501272746 -0.70332647410183879 0.43869342307422621
-1.280967699230539 -0.71933988714311847 0.44768348721494949
-1.2521702218767985 -0.73464381727259231 0.45603738132129634
-1.2227951614489703 -0.74914846055760742 0.46378434789968742
-1.1928903662777859 -0.76291667390642737 0.47081494532838358
-1.1624837037808087 -0.7758761789937505 0.47720092276613363
-1.1316118487056839 -0.78803324651100726 0.48289502332267437
-1.1003203607646468 -0.79941484991004363 0.48785450824067278
-1.0686339905046927 -0.80994630230145426 0.49213852604490971
-1.036604641046432 -0.81968376226641926 0.49568778665243657
-1.0042713967988837 -0.8286476908593986 0.49842561561231102
-0.97166366280199246 -0.83677076305296028 0.50043707922745739
-0.93882262354362611 -0.84406300699832215 0.5016929096403433
-0.90579134142817064 -0.85054689748216172 0.50212669547649846
-0.87260819826293057 -0.85620561825119645 0.50174238510756919
-0.83932038086316385 -0.86107324917758221 0.50050906735408029
-0.8059653632483389 -0.86513196667124115 0.49844516343340189
-0.77258490819454595 -0.86838321685272701 0.49553533414821027
-0.73922303160981884 -0.87084528294354524 0.49176516777948032
-0.70591950680766036 -0.87251342468341708 0.48714070403060722
-0.67272009260585208 -0.87340668546591749 0.481636877537232
-0.63966419652682083 -0.87353366227645435 0.4752661463821215
-0.60680240790785167 -0.87290808947938836 0.46798595536121701
-0.57417313690723448 -0.87158299469594858 0.45980865155478462
-0.54183102492012203 -0.86955813512156843 0.45068838588429389
-0.50981932874378078 -0.86678428264257412 0.44064589344031968
-0.47819069063096864 -0.86335090998296504 0.42964004308164389
-0.4469786648343908 -0.85928993272472887 0.41769805009766919
-0.41622674023889711 -0.85461418793753952 0.40482363328276522
-0.3859771080545325 -0.84938490037470404 0.39100665429151288
-0.35629537253646348 -0.84362165458383986 0.37620575556012048
-0.32725821034876657 -0.8372843312511371 0.36039512150543934
-0.29889935715657068 -0.83047355999902583 0.34358208765820619
-0.27125792149260702 -0.82327453932593764 0.32576582219944128
-0.24438211414207217 -0.81574028446671165 0.30694513150758357
-0.21832316417237899 -0.80793463165345869 0.28711347755974548
-0.19323667220769994 -0.79987006828259921 0.26616313507054346
-0.16907603417704847 -0.79172791636900264 0.24417987925352139
-0.1460289352703448 -0.78358158952156143 0.22103467059567644
-0.12410544267701676 -0.77565419345822195 0.19674863616611052
-0.10347898931756247 -0.76816421899609955 0.17122156501816543
-0.084276501380797342 -0.76144241061871432 0.1444003727753701
-0.066420110162564966 -0.75588969475632506 0.11640761532262993
-0.049556860536458788 -0.75186325687877265 0.087551059893017619
-0.033108971628146563 -0.74939077773714013 0.058282663328023072
-0.016571526997004402 -0.7481606160243609 0.028986191442503591
0.00013185444132630654 -0.74780776649657421 -0.0002399346948148993
0.016832280683723718 -0.74815615789383061 -0.029467815064513996
0.033363363624955608 -0.74939041530182515 -0.058767731738095505
0.049814735524626515 -0.75188601363383512 -0.088032081533667081
0.066697525493612062 -0.75596062828414834 -0.11687048621732916
0.084575409422867814 -0.76153937081141687 -0.14484415418710517
0.10378984648403025 -0.76827476608013223 -0.17165337765861988
0.12442963734074527 -0.77578171126925399 -0.19716498880604463
0.14637455720379161 -0.78371177060957131 -0.22143079304189062
0.16945328713840285 -0.79185450783707867 -0.24454591961797129
0.19361012893954979 -0.80000574594929519 -0.26652998010690437
0.21871907821514316 -0.80807113433665301 -0.28745281660032529
0.24479836343517389 -0.81586682944609645 -0.30726165135669964
0.2716871232546671 -0.82341011447439105 -0.32606014640458486
0.29933986281536018 -0.83060218006415143 -0.34386164515744527
0.32770709901503214 -0.83740727571495954 -0.36066294666299487
0.35675984665344923 -0.84371473172648059 -0.37645672756767168
0.38645515164212946 -0.84946671311164357 -0.3912348690759585
0.41671073329093744 -0.85469315858520167 -0.40503972253931814
0.44746746400143622 -0.85936827353732392 -0.41790283945495738
0.47868554580234773 -0.863418435330357 -0.42983269697513199
0.51032398521536138 -0.86684079770220612 -0.44081395921468663
0.54234296053714581 -0.86960451007376949 -0.45083581890459185
0.57469216284928426 -0.87162021510095311 -0.45993301274362491
0.60732273268685 -0.87293348997434639 -0.46810703641712981
0.64018794911395949 -0.87353954221013053 -0.47537343085001649
0.67324551262092547 -0.87340009247869121 -0.4817350995868242
0.70644782381925741 -0.87249382015061439 -0.48721943624252001
0.73975148539368318 -0.87081358138367804 -0.49183859561875104
0.7731146630792195 -0.86833456533608822 -0.49558626574518511
0.80649432049847303 -0.86506663733872657 -0.49848690728218148
0.83984870389463162 -0.8609958443621637 -0.50053757966926871
0.87313565052232367 -0.85611637233423288 -0.50174736727968383
0.90631576771273215 -0.85043946611085142 -0.50212793047407422
0.93934455904438918 -0.84394416228850955 -0.50167895769327575
0.97218259247260896 -0.83664011386805437 -0.50041229083769556
1.0047850249658405 -0.82849375404493497 -0.49840908807577466
1.0371132625767223 -0.81951663071376701 -0.4956544309773856
1.0691377821466603 -0.80976503213355988 -0.49210093599586774
1.1008170245152984 -0.79922247992607143 -0.48779143232778249
1.1321053083461927 -0.7878439287359601 -0.48280493821033282
1.1629666968200087 -0.77566363736000521 -0.47710352325699118
1.1933673466752115 -0.76269735149549267 -0.47070278157819107
1.2232633771170578 -0.7489185835640384 -0.46365544067246228
1.2526310661116979 -0.73440642837400194 -0.45589480728376269
1.2814195535367812 -0.71909355493329086 -0.44752639290984192
1.3096225143234412 -0.70306403477926238 -0.43852970732418206
1.337188301898985 -0.68630519404081614 -0.42890896697120307
1.3640908283219739 -0.66881817736449911 -0.41872309837960264
1.3902916483402696 -0.65061762218658603 -0.40797380985754855
1.4157626796316582 -0.63172585631089284 -0.39667689868345418
1.4404716364928618 -0.61216999669607064 -0.38483092779499234
1.4643920073144143 -0.59191143018137227 -0.37255499437635503
1.4874981113767094 -0.57104885586151455 -0.35974275652783305
1.509768574899307 -0.5495587624278897 -0.34649535467218057
1.5311757774319259 -0.52749010651094974 -0.33278408096979695
1.5516848775417156 -0.50485450102928364 -0.3186314862670605
1.5712913561221036 -0.48164983603518902 -0.30412548619550495
1.5899485682482364 -0.45793615593055936 -0.28919701338553577
1.6076468363331895 -0.43368016415588928 -0.27397492926635092
1.6243725179508355 -0.40894186775192165 -0.25843274408072681
1.6400917662061725 -0.38379219260185754 -0.24250507652923631
1.6548218097260516 -0.35819868642295355 -0.22634055896431005
1.6685130230909164 -0.33219462010916451 -0.20992017324785725
1.6811644944570241 -0.30586272880107923 -0.19319096595759511
1.6927405948084011 -0.27913757959640639 -0.17630764817483682
1.7032604057170864 -0.25207920119846461 -0.15926439904011713
1.71270815319289 -0.22480613090386428 -0.1419379612794518
1.7210460767494646 -0.19726433832916002 -0.12446736888380237
1.7283107383140255 -0.16946841293139869 -0.10692017565413216
1.7344438276996439 -0.14148050507577337 -0.089246657928728934
1.7394708491610102 -0.11332921858345824 -0.071483529594923045
1.743390376244401 -0.08505681241419269 -0.053634250698640702
1.7461945057517936 -0.056673537964023288 -0.035750705375049159
1.7478637651345508 -0.028228769755621233 -0.017823164675545386

6.8589819727777482e-05 1.7483907945178641 -3.7729091549825972e-05
-0.028406942750010569 1.7478471330462324 0.017910220512221901
-0.056831620242212957 1.7461776100287447 0.035869291651687042
-0.085212939897700749 1.7433585661057946 0.05375319793300587
-0.11348264667689421 1.7394215566524527 0.071602642669535796
-0.14163425971092311 1.7344018256953799 0.089366898253373322
-0.16961522592677131 1.72825735950124 0.10704708138419687
-0.19741156333039203 1.720993439030805 0.12459357688183878
-0.22495546972980546 1.7126342824835437 0.14205023031433789
-0.25222161825085865 1.7031895361306786 0.15938904022342354
-0.27927481058090436 1.692669358672438 0.17643977254365906
-0.30601103331389895 1.6810755045482086 0.1932931804608515
-0.33233512659673986 1.668429553024644 0.21003827270389019
-0.35832016457925997 1.6547294211565988 0.22648104028573773
-0.38391585001569251 1.639994995503449 0.24263754646515287
-0.40906380301004652 1.6242658240875041 0.25855778655967032
-0.43381023955082887 1.6075468555473424 0.27409375879074283
-0.45805778312783491 1.5898348150439563 0.28931284777770588
-0.48176696734923696 1.5711731900997683 0.30424258848836128
-0.50497197585530063 1.5515680528107207 0.31874931018751296
-0.527601278621189 1.531047289471251 0.33289470114120456
-0.54966668342811831 1.509635199450801 0.34660304679034393
-0.57114931223840271 1.4873552092913378 0.35984612184617953
-0.59200652463186632 1.4642480278603507 0.37266460760853376
-0.61225793409697526 1.4403228563396022 0.3849424815746022
-0.63181535828142621 1.4156117310459104 0.39678079894830387
-0.6507037446398779 1.3901355837402685 0.40807124417773694
-0.66890085700704016 1.3639289321287484 0.41881156797796087
-0.68638533221296216 1.3370247910104285 0.42899688757847038
-0.70313215402722062 1.3094533944828428 0.43862175850486423
-0.71915638813307203 1.2812464859788693 0.44761479202391719
-0.73447345098509564 1.2524555264304063 0.45596619200159338
-0.74898212460621882 1.2230837616684624 0.46371715811178199
-0.76275860031573928 1.193186246204933 0.4707616161464534
-0.77572481813070138 1.1627835104836617 0.47715155152507788
-0.78790183896379817 1.1319195313181565 0.48284470027761073
-0.79927843615497352 1.1006294716274678 0.48782321600103501
-0.80981620451270364 1.0689481341806715 0.49212746994972129
-0.81956414434500946 1.0369217708302236 0.49567265049055143
-0.82853986647572997 1.0045930390962052 0.49842343163890079
-0.83668631255119874 0.9719907809096866 0.50042557933189469
-0.84397444998441118 0.93914910364000925 0.50168373226204177
-0.85046458725053298 0.90611940852129591 0.50212845300276754
-0.85615424814921093 0.87294177573148779 0.50174335571145645
-0.86101852831460601 0.83965289786565078 0.50053099981840521
-0.86509032197264502 0.80629924246528084 0.49847374759241686
-0.86835294526423279 0.77291965403324214 0.49556878919849845
-0.87082267863769536 0.73955650485311664 0.49181644956643494
-0.87250402889733802 0.70625398386877614 0.48719091443010221
-0.87339994500871454 0.67305185629349606 0.48170499206736878
-0.87353661924100501 0.63999618877813869 0.47533438902104086
-0.87293033037748891 0.6071304505979257 0.46807125284557244
-0.87161345554872183 0.57450355765055872 0.45988410298316407
-0.86959743719973237 0.54215679747611267 0.45077898386593712
-0.86683088576767264 0.51013709888390202 0.44076096265994014
-0.86340402393653748 0.47850110028299231 0.42977457888642162
-0.85934820027455761 0.44728586880559518 0.41783982155173932
-0.85467248507412619 0.41653095164140735 0.40497307466319427
-0.84944222284055537 0.38628095157497172 0.39115796383235324
-0.8436854464985204 0.35659069334277177 0.37637188911305269
-0.83737922575834611 0.32753351237044487 0.36058624049982696
-0.83056446943839501 0.29917589612604062 0.34377305561548227
-0.8233776624754009 0.27152349039938162 0.32596927284017263
-0.81583487620750206 0.2446381848808924 0.30716611994056736
-0.80803771807363389 0.21856508822499501 0.28735000594934285
-0.79996602489703672 0.19346209025744879 0.26642303815873514
-0.79181539543748203 0.16931024728055349 0.24443358300091192
-0.78367182757740272 0.14624209473023433 0.22130882937562446
-0.77574875658137421 0.12430130017491217 0.19703730494516225
-0.76825402340461113 0.10367857554884602 0.17150904795251473
-0.76151296588562389 0.084474037301383115 0.14469442000184335
-0.75593948276039036 0.066592814669516984 0.11672226543236185
-0.75188502256497125 0.049722450178266785 0.087873824012388843
-0.7494044191840934 0.033275352979227193 0.058605984232396754
-0.74817912095656347 0.016747273825834477 0.029304226479622168
-0.74783428470672308 4.8026879795933647e-05 7.5872825994929838e-05
-0.74819296941242286 -0.016654539149222561 -0.029150413941876719
-0.74942114405344851 -0.033191620541740241 -0.058446935007967188
-0.75190338036935056 -0.04964587316028389 -0.087710613033259915
-0.75594001775240782 -0.066509572456560195 -0.11656536370817155
-0.76148957792199279 -0.084368604980889481 -0.1445567184846909
-0.76821658682909566 -0.10357675064844403 -0.17137229062259707
-0.7757036262734055 -0.12420854005448138 -0.1968955836981737
-0.78362827442299621 -0.14613652474281794 -0.22117816710930924
-0.79177339684195625 -0.16919635855247256 -0.24431043161805482
-0.7999148969803217 -0.19335867864815284 -0.26629175735142213
-0.80798408307906444 -0.21844819363906814 -0.28723612851324332
-0.81578833106677495 -0.2445177897872764 -0.30705405266685731
-0.82332607798768553 -0.2713987474680174 -0.32586566885016288
-0.83052162354886827 -0.29904654559555055 -0.34367306946118603
-0.8373375060241488 -0.32740610345444204 -0.36048257992511196
-0.84366776233118923 -0.35644710111489841 -0.37628833367236464
-0.84942497785463622 -0.38613481858574694 -0.39107935084242268
-0.8546563144240128 -0.41638471574910524 -0.40489436674108431
-0.85933343261553852 -0.4471401338195139 -0.4177594062918345
-0.86339052517527937 -0.47835354977499062 -0.42969847283071994
-0.86682321324814793 -0.50998402854776304 -0.44069880409912765
-0.86958859028175506 -0.54199774341552842 -0.45073633896439558
-0.87161184314404472 -0.57434295804158475 -0.4598453431116708
-0.87293947985203246 -0.60697285517596855 -0.46801878084544396
-0.87354621649255082 -0.63983782161980185 -0.47528533826603581
-0.87341800482485676 -0.67289448176229671 -0.48165096470004426
-0.87251351212406258 -0.70609216607808156 -0.48716215840070232
-0.87084442948213392 -0.73939641910485798 -0.49177963018155713
-0.86837364685063967 -0.77275780240187253 -0.49554678118198603
-0.86511680346178754 -0.80613793301779368 -0.49845180817774065
-0.86105865360952982 -0.83949293927289814 -0.5005139981557104
-0.85618910711478757 -0.8727807347186356 -0.50173457784734143
-0.85051923181787958 -0.90596182466232422 -0.5021172316143222
-0.84402806141343001 -0.93899140584730323 -0.50167958514961175
-0.83674421196752646 -0.97183367326792613 -0.50041072290798971
-0.82859954116238765 -1.0044368509117418 -0.49841634006930952
-0.81963235478805019 -1.0367682956357065 -0.49566954567105692
-0.80989388808783813 -1.0687961464804461 -0.49211196509024813
-0.79934693961784065 -1.1004776459338432 -0.48783120718292383
-0.78797111598931135 -1.1317698678354096 -0.48286456157993701
-0.7758037378801389 -1.1626355033430009 -0.47715980839862449
-0.76283851724736707 -1.1930403074452811 -0.47077769594654145
-0.74906779652172706 -1.2229427228486303 -0.46374281403455592
-0.73456182866307451 -1.2523155239310124 -0.45599066136809968
-0.71925599470996293 -1.2811113726006285 -0.44763537732273545
-0.7032332418202486 -1.3093198906019141 -0.43864475332259806
-0.68648681186041882 -1.3368940442527244 -0.42902703545464199
-0.66900912131020407 -1.3638038951959066 -0.41884515580733744
-0.65081206116377244 -1.3900090262420655 -0.40810113580550827
-0.63192881451175664 -1.415489619002267 -0.3968120788753044
-0.6123754315514337 -1.4402057990365937 -0.38497777297434976
-0.59212155456011639 -1.4641283086669308 -0.37269874949068044
-0.57127076945347044 -1.4872425664453233 -0.35988258130018941
-0.54978715322370952 -1.5095232315450728 -0.34664224088497964
-0.52772664857276241 -1.5309408559842275 -0.33293463654612698
-0.50510228457719986 -1.5514632607544092 -0.3187836944369456
-0.4818972056065019 -1.5710776551220482 -0.30428954867184843
-0.45818633947002341 -1.5897415657406648 -0.28936540641668984
-0.43395247104150131 -1.6074553330832029 -0.27412655851308965
-0.40920459822635619 -1.6241844753658168 -0.25860394195524694
-0.38405100469035602 -1.6399164139117244 -0.24269535120311031
-0.35847484224618642 -1.6546655366288598 -0.22652138447720682
-0.33247139574409407 -1.6683633128436801 -0.21010577864961055
-0.30614460665330639 -1.6810265031175999 -0.19337787358293301
-0.27943320697674978 -1.6926180358581322 -0.176483596045274
-0.25236374726704641 -1.7031400892254422 -0.15945975506076721
-0.2250748034240207 -1.7125925124766062 -0.14216106806895612
-0.1975348845508936 -1.7209505417370861 -0.12469755347000275
-0.16974046272779436 -1.7282186301168718 -0.10714974948406944
-0.14176023305951663 -1.7343743544495944 -0.089472285257585327
-0.11361464251666667 -1.7393952862397162 -0.071698868377046934
-0.085353158305249435 -1.7433396363675131 -0.053837988495512829
-0.056967586245746354 -1.7461648545548563 -0.035961932347914949
-0.028541124732956658 -1.747836389068643 -0.018005800355289359
-7.544731918253538e-05 -1.7483911130084906 -4.2626486642869869e-05
0.028391039794742178 -1.747841631383543 0.017919489180563204
0.056815550707671719 -1.7461692910995863 0.035878600842314728
0.085204884197049108 -1.743355067648249 0.053750522429677795
0.11347257236936527 -1.7394149153461369 0.071602485022574158
0.14162211390713245 -1.7343987276060229 0.089371028268067018
0.16961042728841597 -1.7282545298940204 0.10703964584463073
0.19741062801738982 -1.7209894992636852 0.12457955996285093
0.22494783008231173 -1.7126342206675405 0.14204864410752371
0.25221293534125361 -1.7031820231961561 0.15938503404563367
0.27927356087432359 -1.6926693098932704 0.17642863433215114
0.30600402268542409 -1.6810747836886251 0.1932906755896121
0.3323394608072241 -1.6684268437902647 0.2100165251633698
0.35833552572043526 -1.6547265405728959 0.22644166100324423
0.38392982231380135 -1.6399944288389414 0.24260261660866908
0.40906824762341154 -1.6242607033520571 0.25853337014326999
0.43380643369686489 -1.6075375828754781 0.2740780653447229
0.45805991863876855 -1.5898318406607281 0.28929500629722671
0.48176516789737395 -1.5711682447391662 0.30422849024482751
0.50496677291054026 -1.55155926090163 0.31873551252983867
0.52760535063625724 -1.5310433264177394 0.3328730165610006
0.54968070081351972 -1.509643176614466 0.34658403662364662
0.57114804149649656 -1.4873569671964031 0.35984125442623666
0.59201230339891875 -1.4642472510111335 0.3726437546120932
0.61227623144229881 -1.4403251405503328 0.38490682977436441
0.63182513801213069 -1.4156116746770129 0.3967543932986522
0.6507123221765464 -1.3901359349308613 0.40804774773756364
0.66890522666395147 -1.3639287505387736 0.41879379640280312
0.68639651247254729 -1.3370280771625269 0.42897658141339762
0.70316100870948051 -1.3094640171004681 0.4385916339096359
0.71917955951948187 -1.2812537163015212 0.44758415172645272
0.73447525686191995 -1.2524561094906896 0.45595191012676967
0.74899058541244967 -1.2230874352391399 0.46370203262857396
0.76276980227341029 -1.1931888406394164 0.47073657129052121
0.77573012434560296 -1.1627855741222595 0.47713593491335465
0.78790652776937442 -1.1319220759463462 0.48283303806706646
0.79928476419896222 -1.1006314699892952 0.48780436912610103
0.80982835653499496 -1.0689522294743259 0.49210993134651704
0.81957758500294065 -1.0369267662210904 0.49565925000561561
0.8285454495092619 -1.0045958507313082 0.49841050384538677
0.83669311037367167 -0.9719940717905412 0.50041551013999219
0.84398872624006516 -0.93915394030174881 0.50167153055986147
0.85048150086270335 -0.90612483514682318 0.50211979546000551
0.85615187350645539 -0.87294386853078254 0.50173466379603771
0.86102223344226736 -0.83965594923325026 0.50052039823937078
0.86509151108585458 -0.80630173867815313 0.4984671835458333
0.86835126929344841 -0.77292194637388778 0.49556138305090403
0.87082109653256534 -0.73955909072251791 0.4918063552080964
0.87250539872281174 -0.70625614213909715 0.48718499418670413
0.87340719405988654 -0.67305531143355868 0.48169222383526822
0.87354337540678273 -0.63999913219638693 0.4753242660161382
0.8729345795423592 -0.6071345716052543 0.46805618279436895
0.87161227129916574 -0.57450637246242708 0.45987495186550031
0.86960114381340714 -0.5421585586233908 0.45077252561404213
0.86683684972984065 -0.51014056482458847 0.4407483483956971
0.86340621799352113 -0.47850364460480233 0.42976590567943507
0.85935310854462688 -0.4472874296628146 0.41783273148325434
0.85467385263321294 -0.41653168108530958 0.40496929313492935
0.84944054915895462 -0.38627903024367694 0.39116104508681959
0.84369065429094625 -0.35658724821391868 0.37637547978348163
0.83737255459317139 -0.32754169825877028 0.36057306867746758
0.83056432059565766 -0.29917815024846939 0.34376719313203419
0.82338276398358079 -0.27152320831791688 0.32596524877687716
0.81583911451755797 -0.24464389014167706 0.3071538624885542
0.80803913757036938 -0.21857123769821227 0.28733827337061063
0.79997774421453893 -0.19346500332101202 0.26641118049489926
0.79182868216798008 -0.16931242280878725 0.24442195449061888
0.78367656888561033 -0.14625157946120809 0.22129291716677157
0.77575554125868207 -0.12431589971557944 0.19701610326263369
0.76827223191617589 -0.10368305905711933 0.17149231766041872
0.76153425574557043 -0.084473441620689149 0.14468055358239065
0.75596011323503587 -0.066596313571698179 0.11670592317696069
0.7519036946522607 -0.049723285936159808 0.087859314631116667
0.7494113476079588 -0.033268903199571077 0.05859663831801247
0.74817516234883719 -0.016735923437235994 0.029298113602342569
0.74782212967001727 -3.443648036085753e-05 7.1137719393245258e-05
0.74817695691854691 0.016668914375719115 -0.029154747392346761
0.74940551814431067 0.03320536284454248 -0.058451626235336375
0.75188901016167076 0.049658908414120226 -0.087715544609766632
0.75594168229377023 0.066529975967363042 -0.11656379310303541
0.76151111335745025 0.084401556788253632 -0.14454316200862033
0.76824128289234239 0.10360773002809054 -0.17135935386015899
0.7757216419164813 0.12422119199680243 -0.19689974562550305
0.78364269004953713 0.14614631918881596 -0.22118608359550726
0.79179349631525975 0.1691991072074385 -0.2443237165630181
0.79994912944457597 0.19334652945648095 -0.26631617128939811
0.80801464196558337 0.21844260112955763 -0.28725405221760841
0.8158145772944837 0.24451345811210115 -0.30707201989762595
0.82335412612379943 0.27139517677988106 -0.32588172514962038
0.83054632106901671 0.29904319121478767 -0.34369015145804738
0.83735926740143551 0.32740033072754254 -0.36050487145623966
0.84367557363574319 0.3564467950189828 -0.37630618073795435
0.84943592255007094 0.38613515507223778 -0.39109469234795025
0.85467195290515929 0.41638448443502446 -0.40490916360873636
0.85934699084524713 0.44713986082058715 -0.41777505889614641
0.86340608336610758 0.47835604426110001 -0.42970622567056538
0.86683315390847016 0.50998871345200225 -0.44070200508191448
0.86958665868727281 0.54200383268883801 -0.45073839125531107
0.87161119135799026 0.57434846895236724 -0.45984916456775121
0.87294615856608271 0.60697799923947859 -0.46802286581318525
0.87355976232845012 0.63984225137978057 -0.47529209462543448
0.87342318934872254 0.67289813462783687 -0.481661580351746
0.87252356593583036 0.70609879403135289 -0.4871556665600546
0.87084147281182278 0.7394008186177643 -0.49178450432710819
0.8683778096179755 0.77276381936482008 -0.49554194016584729
0.86511548314453435 0.8061427331253388 -0.49845478577546487
0.86105285261145037 0.83949744087531164 -0.50051307872708128
0.85618417506383948 0.87278537123010036 -0.50173321750471056
0.85050902189217148 0.90596550796926467 -0.5021214473160448
0.84403279914206331 0.93899791315437686 -0.50167658443663454
0.83673471526647336 0.97183775002985129 -0.50042680694854258
0.82859673626267982 1.0044420294687857 -0.4984231408318493
0.81962565758445194 1.0367722194763092 -0.4956742814814647
0.80987925327974208 1.0687990279124746 -0.49212883906561622
0.79934439334379848 1.1004828707158552 -0.48783567598389999
0.78797095123544991 1.1317738328990996 -0.48285565242330125
0.77580011793708492 1.1626396255897846 -0.47715895787914736
0.76284375923970349 1.193045487270088 -0.47076390020243053
0.74906567467440333 1.2229433962733667 -0.46372428134441029
0.73455927251960362 1.2523163748705413 -0.45597361409838372
0.71925861553671255 1.2811133902217029 -0.44761301853620844
0.70323692703633689 1.309321248337644 -0.43861842816125302
0.68649374727354295 1.336896593684952 -0.42899852035482933
0.66901210926260624 1.363804529985758 -0.41881835756674846
0.6508131793083004 1.3900120141953329 -0.40808321663698821
0.63192630671803729 1.4154912823427537 -0.39679723611527518
0.61237810541333393 1.4402075631790336 -0.38495447712801251
0.59212185462725775 1.4641358675998899 -0.37269066982604065
0.57126120899132371 1.4872506455587606 -0.35989147127280718
0.54977568043452352 1.5095244725518642 -0.34664276176325476
0.52771330233161173 1.5309416264636997 -0.33293738294082598
0.50507973866741995 1.5514617937645403 -0.31879807730232451
0.48187161093343861 1.5710700733442302 -0.30430053968680076
0.45817320373543913 1.5897477248995877 -0.28937381274465246
0.43393026370472354 1.6074567822043753 -0.27414392220176398
0.4091844405509632 1.6241854317826843 -0.25861736451751
0.3840379513459804 1.6399214687662396 -0.24270159753563089
0.35845804623247868 1.6546654997638479 -0.22652879657089783
0.33245243036829197 1.6683656431635157 -0.21011860363301962
0.30611888984924113 1.6810238909444879 -0.19339756750858283
0.27940572803454372 1.6926170274645309 -0.1765071646042756
0.25233981711558434 1.7031426500337583 -0.15947988785305622
0.22505678980433105 1.7125969691482634 -0.14217290942453065
0.19752254730626057 1.7209589649813024 -0.12470232966113144
0.1697259591461264 1.7282281372186199 -0.10715840650963901
0.14174370399646996 1.734377110104004 -0.089481801504700281
0.11359731140732401 1.7394022455347931 -0.071710785325947116
0.085334030282247522 1.7433448394970357 -0.053852377084038082
0.056955550191131549 1.7461695387748326 -0.035964873986317779
0.028535114946315162 1.7478494409542693 -0.0180000230889398
