1.7484009053784419 0.0002354045488412707 0.00014338384307709329
1.7478607237564681 0.028648522492913799 0.018078033287979221
1.7461687761157449 0.057077460647531567 0.035973330437159258
1.7433397071618559 0.085538690761199146 0.053898166528636451
1.7394063669821249 0.11372493721011501 0.071712902990338528
1.73436244149233 0.1419545628437138 0.089546089617205851
1.728230878233155 0.16981687417357921 0.1071653939020934
1.7209236737039 0.1977071734909352 0.1247652746172062
1.7125722714227489 0.2252206080266636 0.14220409292297981
1.703129605747761 0.25247267444800492 0.1595069600522403
1.6925840492372091 0.27955974450749699 0.1765690705336298
1.680992516684604 0.30625639999109128 0.19343443196009399
1.66832398650984 0.33261040610262432 0.21016497339274059
1.654622273241886 0.3585918974677163 0.2265668931782952
1.639869769648522 0.38418289036655401 0.2427440961416098
1.6241243017702729 0.40934201705133372 0.25867400168840993
1.6074090987299361 0.43405586069688551 0.27418448456707489
1.589676992378062 0.45832447193564813 0.28941843935421002
1.571018756024827 0.48200365944342011 0.30433737794179039
1.551388916484721 0.50521380367464763 0.3188491971445635
1.5308515151952979 0.52786259226808974 0.33299362478733252
1.5094680442414501 0.54988981475022425 0.3466773416315197
1.487161687901233 0.57137866330235954 0.35993993175627942
1.464064763876967 0.59221525725041202 0.37272720791553271
1.44008580683079 0.61251142528496882 0.38501368705555811
1.415418541556448 0.63201353624922008 0.39683227527061171
1.389868626367557 0.65094890798566551 0.40814809744268321
1.3637639255397831 0.66906259371252108 0.41883572801800129
1.3367050808587551 0.68664140031079024 0.42907330500098012
1.3092815839449219 0.70328959197341623 0.43864066188567569
1.2809492325206471 0.71937110022247552 0.44766998455724788
1.252232406436254 0.73462588154957054 0.45600432921022299
1.2227922148760919 0.74915355911970749 0.46377496048733291
1.192977126222458 0.7628863283215962 0.47079395352016917
1.162484976863019 0.7758801898444847 0.47719552694974371
1.131686855697015 0.78800712311811749 0.48289052983412839
1.1003394326467559 0.79940693686605047 0.48785459394561081
1.068642983757528 0.80995018525951845 0.49213989943647968
1.036654054825823 0.81967129124144977 0.49568899275084027
1.0043618826108081 0.828633410163366 0.49842872362004098
0.9716687962690721 0.83678202814266123 0.50044267259634445
0.93885006425348838 0.84406768036531576 0.5016880859160433
0.9058479303522311 0.85053725660424573 0.50213009993251467
0.87265470767461684 0.85621413296521787 0.50173891303506823
0.83940511579985144 0.86106813394679094 0.50051719960449659
0.80601798355372056 0.86513493655345497 0.49845483108885108
0.77267835474823987 0.86838753162492799 0.49554354829491848
0.73929434348267831 0.87084561511547631 0.49178028636398352
0.70595565381975556 0.8725258007368093 0.4871456054569453
0.67280907466216278 0.87341744023974943 0.48165456273729179
0.63965011427423113 0.87355002023757033 0.47525792981031478
0.60686122948272214 0.87293006404788043 0.46800369417712723
0.57424344101387381 0.87161074445341669 0.45981843604435352
0.54184962230761946 0.86957673870265706 0.45069116326106767
0.50983685040511861 0.86680212230093057 0.44065871958082681
0.47826620571613421 0.86337911270111301 0.4296890516605133
0.44703872799802402 0.85931541637922526 0.41774398177199329
0.4161932555878069 0.85461953074786001 0.4048354568794108
0.3860093314217205 0.8493953087881021 0.39104137666863531
0.35623958824083041 0.84362519419378068 0.3762071716087847
0.32737055888860428 0.83733987068942872 0.36049002087275539
0.29888531989348149 0.83049700632241041 0.34359767048422152
0.27132475323656963 0.82331787350054997 0.32583335965814519
0.24433485601001989 0.8157529336760998 0.30694329271319071
0.21832737877229841 0.80797335480511312 0.28716425236667009
0.19339337841792509 0.79994692362619724 0.26634024511531262
0.1688356213661896 0.79166001648330109 0.24397317444006059
0.1463678780642354 0.78371594867841854 0.2214257728824568
0.12365023188725929 0.77549750550455621 0.19625429783169179
0.1036765349826036 0.76823424869893653 0.17148899813166721
0.084241420741189219 0.76142679898878451 0.1443383981425935
0.066424308735365034 0.75588545441291077 0.116411148568326
0.049550096131571048 0.75183298386446196 0.087545262377448765
0.033273964137188937 0.74937257218046416 0.058584308512488192
0.016788924909025841 0.74814307014967207 0.029367218544565268
-9.836517591608889e-05 0.7477911040978662 -0.00018402610516553351
-0.01700003221231149 0.7481486476439726 -0.029763407802621319
-0.033469534764596992 0.74939239197846375 -0.05895491031272105
-0.049731233870128642 0.75186597148282341 -0.087880947858911471
-0.066687302376860116 0.75595587689808086 -0.11684943172825051
-0.08441134485094047 0.76147938746435473 -0.14458942997063681
-0.1039644579617837 0.76833743849850744 -0.17188752385868331
-0.12389830253144921 0.7755932203203294 -0.19658754235426221
-0.1466026005949774 0.78379711969291033 -0.2216901926542752
-0.16909011810349239 0.79173478161803212 -0.24421436318697379
-0.19372749043171919 0.80004881655728421 -0.26662182038737819
-0.21854512985706109 0.80803137629451338 -0.28731247504362828
-0.24476335471974031 0.81587463829790619 -0.30722557975508019
-0.27159415489108207 0.82339701031184998 -0.32599421852286559
-0.29928811488798129 0.83059390445850678 -0.3438199954894649
-0.32768232225688249 0.83741123098313541 -0.36064161763699842
-0.35665712076631961 0.84371493270297448 -0.37639380936223849
-0.38634265724444039 0.84945554865710482 -0.3911711009563319
-0.41662668165103828 0.85469559773780734 -0.40499680351763517
-0.44737581655217967 0.85936540760300228 -0.41785351212530131
-0.47872330967421373 0.8634310060927608 -0.42984096590092769
-0.51018865651086831 0.86684253777994635 -0.44076376622271912
-0.54228201836765388 0.86961054374080793 -0.45081220986596737
-0.57460363818382887 0.87162562849946346 -0.45990331123285921
-0.60731661204021214 0.87294585384496581 -0.46810013849533211
-0.64003831467966688 0.87354909594494579 -0.4753392962998656
-0.67320864863458407 0.87340918996984962 -0.4817242035581546
-0.7063794666434936 0.87251337689392761 -0.48720049945885269
-0.73969980838071892 0.87082438664634554 -0.4918254772504615
-0.77308616035253319 0.86835734641342144 -0.49557384539568888
-0.80641745511298846 0.86508761477743179 -0.49847322363124591
-0.83983233507904276 0.86101289185768004 -0.5005256720027903
-0.87304975454363853 0.85615404853936894 -0.50173341083296952
-0.90627617208309308 0.85046231053848509 -0.50211619404217611
-0.9392243431690086 0.84399012294923248 -0.50166123081131264
-0.97210289034719211 0.83667924311953479 -0.50040332777965546
-1.0047146058211069 0.82852510494992837 -0.49839950979128228
-1.037126768783003 0.81953816237412469 -0.49563423888093899
-1.0689636564093821 0.80984874292157571 -0.49210430278703748
-1.1007715757480649 0.79925120844052211 -0.48777951404311243
-1.132033372771355 0.78788185707040659 -0.48280587347235437
-1.1628796810777531 0.77570686324919924 -0.47711013297169658
-1.193322660165318 0.76273233138036733 -0.47069485215535128
-1.22320349409542 0.74895429002408276 -0.46366180696679821
-1.25249023976416 0.73447222687207214 -0.45592900267682529
-1.281423891853485 0.71910856249776722 -0.44751348984585448
-1.3095440796633819 0.70314916278349715 -0.4385462181506441
-1.3370926002417141 0.68639022930208615 -0.42893156153325612
-1.364029508692886 0.66886718002299306 -0.41873164688071041
-1.390240718577922 0.65066701430205154 -0.40798650752065341
-1.4156643760434171 0.63180732590363509 -0.39671418282877841
-1.440438912679463 0.61219746247302154 -0.38484503956895039
-1.4642901493469289 0.59200005361556529 -0.37260572324162772
-1.487502376647444 0.57106100666224158 -0.35972807967252562
-1.509689986854609 0.54967408946945084 -0.34652985402125253
-1.5311434367000809 0.52754271742136516 -0.33278865006809211
-1.551609441381709 0.50495554475593718 -0.31868309386983268
-1.571261036653361 0.48168864507195419 -0.30413837355313073
-1.5898911834325451 0.45802390186325481 -0.28923093128191291
-1.6076101068632089 0.43374297942507822 -0.27399628401038112
-1.624330252037139 0.40902061403008838 -0.25845049348661558
-1.640057467079691 0.38389242299805099 -0.24251961216465151
-1.6547966151550659 0.35826665685960668 -0.22634882723551869
-1.6684634096456381 0.33229994339358121 -0.20995999334110721
-1.681144245302475 0.30588982533618492 -0.1931940974418217
-1.692693363442916 0.2792427980154587 -0.17638583733115501
-1.7032436634799399 0.25209847595628898 -0.15927987089460369
-1.7126687762524171 0.22489352720451891 -0.14198064640814481
-1.721023689726155 0.19733538623036589 -0.12450976818426331
-1.728287031856659 0.16951204087692201 -0.106966542311847
-1.7344191083638401 0.14155222563456091 -0.089303773874535405
-1.739443753844548 0.1133750421767936 -0.071510924880083954
-1.7433751176800889 0.085131405869040999 -0.053682214775758928
-1.746195417513319 0.056687000802785617 -0.03577999257645087
-1.747853704502877 0.028338370106130759 -0.017896545731627259
-1.748391523396057 -0.00022113684047576969 0.00012392265216663181
-1.7478512697334221 -0.02864915042293472 0.018055536877546921
-1.746168607119212 -0.057098744420778703 0.036005650469783018
-1.743341539360292 -0.085441802707681605 0.053869056897997071
-1.7393838204167289 -0.11376062699484241 0.071753815273228452
-1.734360318512121 -0.1418930455408817 0.089504098874847407
-1.7282072626226801 -0.1698551041319539 0.1071820951702408
-1.720924540893543 -0.1976695955496594 0.124743625073059
-1.712557453928726 -0.22521580197113311 0.1422076080201862
-1.703118438336982 -0.25243845829191591 0.15948432396718959
-1.6925576774288189 -0.27957641806159073 0.17656556095017489
-1.680984527399936 -0.30625101971623969 0.1934171590865805
-1.668321527675646 -0.33256522667915522 0.2101444488054072
-1.6545855207296769 -0.3586308896332972 0.2266064266639245
-1.639898487686748 -0.38411000963754488 0.2427010170013498
-1.624084197887699 -0.40937790744405889 0.25869394670015128
-1.6074286619200679 -0.43400962871531718 0.2741518725693729
-1.589647259056657 -0.45834296128130042 0.28943143988807851
-1.5710297294739901 -0.48197985602628302 0.30432120763662279
-1.551376944590193 -0.50521499945245252 0.31885045157335978
-1.5308556316131481 -0.52784186804993116 0.33299166097409139
-1.509468626545555 -0.54986807061626253 0.34667656065101571
-1.4871394644886089 -0.57139225652004932 0.35995010239638342
-1.464080509536154 -0.59219874181070009 0.37272617427756932
-1.4400837733078991 -0.61250166944584772 0.38502809842818819
-1.4154205835438241 -0.63200471800017766 0.39684493802963872
-1.3898855100436169 -0.65092300564639671 0.4081559474878349
-1.3637405575882591 -0.66906860195017004 0.41886475585533428
-1.33673674635968 -0.68661003189705327 0.42908343463268561
-1.309270410157952 -0.7032762673104529 0.43866523656122641
-1.2809659024166531 -0.71934090695126507 0.4476840597437805
-1.2522139638843981 -0.73462221831196095 0.45602584516749362
-1.222801044463782 -0.74914575126076322 0.46378296425832399
-1.1930011235869351 -0.76286946846546455 0.4707916841869359
-1.1624577209097451 -0.7758872530519364 0.47720637966323293
-1.1317292447220619 -0.78799054624371545 0.48287641686414617
-1.100292578521596 -0.79942495510135114 0.48785891153449051
-1.068710035470702 -0.80992318335509483 0.49213009929235862
-1.036587294691069 -0.81968903584967157 0.49568970884994651
-1.0044563921142611 -0.82860160577104425 0.49841420386116358
-0.97158586685195469 -0.83679014318279643 0.500441878203152
-0.9389114949970061 -0.84404556193612801 0.50169174252919146
-0.90578923389785815 -0.85054731118077898 0.50212672315380136
-0.87272348116200626 -0.85618875866752764 0.50174665440465238
-0.83934310521956057 -0.86107048219816285 0.50051047156409645
-0.80607553628070461 -0.86512123184228962 0.49845476302380509
-0.77263627325951667 -0.86837942271794755 0.49554113505608799
-0.73931751359472442 -0.87084054809422973 0.49177828465328699
-0.70595509111537691 -0.87251246516285064 0.48714660078272459
-0.67280450134775927 -0.87340636122866788 0.48165314529777148
-0.63964561438465328 -0.87353373365558562 0.47526256511989368
-0.60690221687464774 -0.87291214113510329 0.46801096638656658
-0.5741976631254152 -0.8715845290341524 0.45981556622237618
-0.54189602820267557 -0.86956376773520627 0.45070877827369688
-0.50980378800870207 -0.86678293601894363 0.44064101810619988
-0.47832736045456431 -0.86336868934099853 0.42969232976378807
-0.44700642072992519 -0.85929415271938792 0.41770966982647151
-0.41623802757000378 -0.85461613919102297 0.40482878894270241
-0.38593733561545029 -0.84937802486892044 0.39098848762581989
-0.35638583553433612 -0.84364139801687432 0.37625501234856312
-0.32725258892058978 -0.83728310438166142 0.360392060657303
-0.29898202229956922 -0.83049508916500647 0.3436353682941175
-0.27126462721343092 -0.82327641902525628 0.32577051761550918
-0.24441453006164451 -0.81574999335863529 0.30696979791632012
-0.21835681757581191 -0.80794544801052293 0.28714157168074173
-0.1933425093628901 -0.79990573547791777 0.26625943406954089
-0.1688638964835647 -0.79165642581793549 0.24398685963299771
-0.1463617564089256 -0.78370193553725898 0.22140335754626389
-0.1236446477243347 -0.7754875729219024 0.19623818455635139
-0.103661509222249 -0.76822810987463575 0.17147650080918661
-0.084234213958827298 -0.76142760795625763 0.14434130756059971
-0.066448323232107337 -0.75589644219122198 0.1164558852597294
-0.049631263723498679 -0.75187447591697709 0.08768346106605128
-0.03321007287772948 -0.74939837274463972 0.058461797087815959
-0.016797287655228369 -0.74816539859873443 0.02938120770134716
0.00010808524959681591 -0.74780727064204944 -0.00019833557139909699
0.017021719844157731 -0.74816010982732262 -0.02979935780708454
0.033455965020037157 -0.74939738693851266 -0.058931883635862832
0.049767477238973477 -0.75187461684262957 -0.087951339193935718
0.066652687804684196 -0.75594664816201451 -0.1168002783607469
0.084458600275396839 -0.76149842473650897 -0.1446811745209251
0.1038970175469109 -0.76831233363767093 -0.1718029096467443
0.1239677820797576 -0.77561481434508539 -0.1966542879505225
0.14657968719136791 -0.78378589678474586 -0.2216576174801885
0.16916883300264551 -0.79175852453712381 -0.2442870506408801
0.19369876160864929 -0.80003565325242276 -0.26661064073194879
0.21857763072786129 -0.80802884829094557 -0.28734536479344108
0.2447566330412729 -0.81585512014399875 -0.30723247028437017
0.27161186176074481 -0.82339053873420098 -0.32601169325424489
0.29931535291917721 -0.83059629983477212 -0.34384712744624102
0.32768257772814202 -0.83740195039670529 -0.3606496130368565
0.35667588438707371 -0.84369846272474458 -0.37641493209361637
0.38636217693157382 -0.84945064600647535 -0.39119243541031617
0.41661118645850997 -0.85467802466029996 -0.40499808587813102
0.44743267175711521 -0.85936375932903686 -0.41788954318890048
0.4786712557046866 -0.86341688890677604 -0.42982773606817909
0.51025817547972474 -0.86683511310286709 -0.44079335531363739
0.54225708829194208 -0.86959915700705048 -0.4508116668428967
0.57465295094900015 -0.87161863622074598 -0.45992318910138702
0.60729488177481716 -0.87293297442236972 -0.46810087618268981
0.640085732204279 -0.87353997026274122 -0.47535375630003501
0.67320153000246596 -0.87340129160628122 -0.48172783296692878
0.70640227638753217 -0.87249611741713196 -0.48721311812443069
0.73973012974988517 -0.87081516727937436 -0.491836195765253
0.77305432203877622 -0.86834047283157201 -0.49558102220040878
0.80649932014296122 -0.86506614786461378 -0.49848734174369469
0.83977816968757135 -0.8610061826066201 -0.5005350149062322
0.87311184806062836 -0.85612044375712659 -0.50174709326827061
0.90625976854976487 -0.85045047549562136 -0.50212868861144966
0.93927175630093662 -0.84396034857377855 -0.50168176011422727
0.97206837980029603 -0.83666865215350938 -0.50041930844721505
1.0047986594916589 -0.82849034719014403 -0.49840825032479452
1.0370595159193119 -0.8195329925011301 -0.49566039099169779
1.0690474067547551 -0.80979510193712556 -0.49211322552353121
1.1007459118080241 -0.79924833914935112 -0.48780276394179722
1.1320740234056921 -0.78785627345836573 -0.48281071565618783
1.1628821025388849 -0.7756997157451857 -0.47712133264184781
1.1933441878095159 -0.76270802373960966 -0.47070823954722513
1.223207636028909 -0.74894612305921093 -0.46367016705372233
1.252558851017419 -0.73444483378892456 -0.45591579417147188
1.2813486718120719 -0.71913383787860929 -0.44754900129777159
1.309586188163042 -0.70308611426916023 -0.43854238179955402
1.337093115023029 -0.68636706367177103 -0.42894500450418338
1.3640707488878421 -0.66883212269921033 -0.4187313341807325
1.390209565870671 -0.65067849598902383 -0.40801021041667679
1.415722404516599 -0.63175772634167582 -0.39669620395218991
1.4404093369936639 -0.61222275302559503 -0.38486289534385759
1.464349694777634 -0.5919496301201681 -0.37257845378068732
1.487461253749047 -0.57108441604032412 -0.3597646768739961
1.5097142402268671 -0.54961477112862445 -0.34653015263321302
1.5311495109279829 -0.52751908879625775 -0.33280220174877889
1.5516099766879989 -0.50494314730521217 -0.31868690194679689
1.571290144408956 -0.48165137569586292 -0.30412645547030642
1.5898790927400519 -0.45803136895617519 -0.28925676519908677
1.6076346508478729 -0.43369818373567642 -0.27398625008843658
1.624332859153979 -0.40900530618028108 -0.25847292087158008
1.6400548919041691 -0.38385625660380301 -0.24254553850849611
1.654808843710516 -0.35822330503932542 -0.2263561041448322
1.6684664011014181 -0.33229165587081699 -0.20998182211888819
1.6811755170022269 -0.30583978724323019 -0.19317639070083409
1.692679343218616 -0.27929512698088549 -0.17640688247796879
1.703284528317019 -0.25201715460441609 -0.15922531777867649
1.712670715380666 -0.22492977159309011 -0.14201639083894829
1.7210359677568909 -0.19730300849188959 -0.1244917808265958
1.7283022457242381 -0.16950714758993299 -0.10694463547378261
1.734429469090597 -0.14156091319020381 -0.089297394496526544
1.73947142110857 -0.1133260156809574 -0.07148150860138236
1.7433769215514221 -0.085193000219519865 -0.053720059007804077
1.746197703604959 -0.05664116943617678 -0.035730310827696378
1.7478616152754129 -0.028342695245142768 -0.017895074291229392

6.8589819727777482e-05 1.7483907945178641 -3.7729091549825972e-05
-0.028458022099291359 1.74784615782745 0.01794241550574625
-0.056825163056757937 1.7461782514044679 0.035865222788754647
-0.085243807773891317 1.7433555000785681 0.053772648691871081
-0.1134975036176611 1.739419486936886 0.071612023337250572
-0.14168033912856029 1.734393608297925 0.08939597531874803
-0.1696050596850345 1.728260016209942 0.1070406639230662
-0.19747521704567539 1.720976804626108 0.1246337584213132
-0.22494527070275039 1.712637815333939 0.14204374465351091
-0.25227990862216149 1.703169344875161 0.1594261076393356
-0.27925729553366718 1.6926769538703339 0.17642873178301291
-0.30608094128679197 1.6810451897633589 0.1933372475527364
-0.33231633569094032 1.6684394601830459 0.210026382226881
-0.35839683443969478 1.6546889983871971 0.226529555307979
-0.38388629819231518 1.6400134791428791 0.2426188382973945
-0.40913699958759342 1.624220042169765 0.25860412460908949
-0.43380672129415088 1.6075494255192071 0.27409155053977952
-0.45808813316944502 1.589812645327483 0.28933189712934659
-0.48179594624149708 1.571150378555892 0.3042608366552742
-0.50499451065615364 1.5515490122840101 0.31876339779747698
-0.52763582525809227 1.531015959668822 0.33291629595769229
-0.54966801639144225 1.509633905821248 0.34660387489866101
-0.57117832946876679 1.4873251149211459 0.35986400965578619
-0.5920192860148461 1.464233888586941 0.37267245050282038
-0.61229091133160496 1.440283895252999 0.38496247459448801
-0.63183070631350213 1.415592336429069 0.39679008925095538
-0.65073542864569012 1.3900928470125511 0.40809018295018512
-0.66889855742761406 1.3639324705940821 0.41881022839234988
-0.68643503202297151 1.336948315698113 0.42902583945967171
-0.70312468483561708 1.3094665422440881 0.43861756668577279
-0.71919173982658013 1.281184257607912 0.44763463190909197
-0.73448217338796229 1.252439128818609 0.45597094743918021
-0.74900576823044329 1.2230358947991591 0.46372978908491769
-0.76274719200217023 1.193212996021064 0.47075599396830359
-0.77575285132733252 1.162717779221025 0.4771653666805446
-0.78789698516225537 1.1319328811570799 0.48284257620422633
-0.79929672459537593 1.1005791713151489 0.48783121921030492
-0.80983086788879022 1.068904042857036 0.4921334586051348
-0.81957316646165412 1.0368921253362231 0.49567593109212088
-0.82852804406815717 1.004640352633974 0.49842052605211751
-0.83671086914754 0.97189250486554635 0.50043161459343777
-0.84397111466183317 0.93916607780917682 0.50168350371724113
-0.85048032684041319 0.90603930638574492 0.50212953151956663
-0.85614973216205081 0.87297268105353032 0.50174448126003923
-0.86102303890016685 0.8396220295096487 0.50052987561609785
-0.86508782689693831 0.80632476934741037 0.49847596914558739
-0.86835420458380319 0.77290677005455155 0.49556766793176621
-0.87082202543280351 0.73956944288877724 0.49181824658770462
-0.87250516293436409 0.70623152198634476 0.4871877945994304
-0.87339992422134061 0.67305688387264839 0.48170596099988389
-0.87353690866818501 0.63992618868762186 0.47532089836048519
-0.87292990263100234 0.60710732372055942 0.46806614054523898
-0.87161588612149221 0.57454255588414538 0.45989508039049182
-0.86959108726178791 0.5420549135225684 0.45075030508858349
-0.86683091559367986 0.51013737423072614 0.44076105828094198
-0.86340248587684509 0.47848690127040461 0.42976964792775452
-0.85935120968046774 0.447305663430698 0.41784810290816737
-0.85465659935720506 0.4164264619778888 0.40492935996073598
-0.84944049019393042 0.3862709347461733 0.39115338783693998
-0.84366678955971697 0.3564944747079809 0.37632396983881078
-0.83737829296795951 0.32752921587213341 0.36058390573184712
-0.8305718600750277 0.29920433279948933 0.34379136434282909
-0.82335089613855106 0.27142050257597122 0.32590296494441029
-0.8158446209893786 0.24467077068143619 0.30719088584952681
-0.80798527284458488 0.21838971541574079 0.28721671884405547
-0.80002420565214505 0.19363449074119371 0.26658000310381708
-0.79170365426416811 0.16897913723741831 0.24413211824508391
-0.78377722806895134 0.14653397278260291 0.2216317130916593
-0.77557192301325828 0.1238116076061518 0.19649559324387841
-0.76832106707763825 0.1038695756670432 0.17177573476591251
-0.76146402288510784 0.0843346040266027 0.14449973417607639
-0.75594407055956159 0.066611904225339524 0.11675490870649891
-0.75188122260650347 0.049706638780124088 0.087846786410840635
-0.74941302054038728 0.033390480070320493 0.058810115018888547
-0.74818276677679252 0.01692382850172584 0.02961324655237332
-0.74783413637651031 4.0843751998236049e-05 6.3300342918973484e-05
-0.74819782305483817 -0.01688036400501872 -0.029545564077376262
-0.74943195768933679 -0.033335805092867023 -0.058702410800723817
-0.75190794642355396 -0.049676006676278209 -0.087764206870043895
-0.7559527624740412 -0.066562780619925738 -0.1166563994802808
-0.7614761718823001 -0.084330325685172958 -0.1445032785934364
-0.7682762697474651 -0.10374716787335581 -0.17161020194768051
-0.77552488465175617 -0.1237139510874118 -0.1963478864055227
-0.78376306125395745 -0.14650948812361619 -0.22159117881705409
-0.79166240048291381 -0.1688669438855121 -0.244010751327953
-0.79997081699267669 -0.19352463789587299 -0.26644273640757882
-0.80796765468914555 -0.2183933159928734 -0.28719441057773398
-0.81578759482766072 -0.2445151642265245 -0.30705221526799242
-0.82332718790488291 -0.2714027056318461 -0.32586843882062377
-0.83052149187541324 -0.29904599772798091 -0.34367274472461251
-0.83735464388140579 -0.32747741073654651 -0.36052484576404548
-0.84365939693515013 -0.35640396442680661 -0.37626684195433918
-0.84942453694972209 -0.38613226963221542 -0.39107818656869819
-0.85464805186150616 -0.41633038345434198 -0.40487163945708471
-0.85933913644394588 -0.44717764059614118 -0.41777509543524421
-0.86339781448487085 -0.47840964186312862 -0.42971992552138349
-0.8668257218604819 -0.51000715224849102 -0.44070684454992393
-0.8695859930586507 -0.5419562222886789 -0.4507246458555062
-0.87161538733920108 -0.57439961816308771 -0.45986129963840039
-0.87294044553999739 -0.60699661150919848 -0.46802473026464952
-0.87354643784592034 -0.63978075034665782 -0.47527434821430697
-0.87341773892394381 -0.67296303867501517 -0.48166416650851351
-0.87251333881495496 -0.70609851578980098 -0.48716321217622521
-0.87084159359051394 -0.73945300051591278 -0.49178747462276079
-0.86837166748639361 -0.7727845138105951 -0.49554979625393752
-0.86511014292056676 -0.80620618527712173 -0.49845774666546111
-0.86105629328981181 -0.83951233149530613 -0.50051519608826434
-0.85618271219601993 -0.87282444554630723 -0.50173617997370679
-0.85051775097996252 -0.90597048913791001 -0.50211733124841296
-0.84402732838974059 -0.93899513562727899 -0.501679535705296
-0.83675196367707816 -0.97180264311709441 -0.50041262106653661
-0.82858232293021039 -1.004505775622859 -0.49841212384650713
-0.81962226702283192 -1.036804659645284 -0.49566645443270979
-0.80990665161413278 -1.068757806703545 -0.4921171455048739
-0.79934424441136398 -1.100485741942159 -0.48783011326211162
-0.78795422545167626 -1.1318163287286811 -0.48285718710613751
-0.77582014861095916 -1.162597018455632 -0.47716788655884113
-0.76280666518855855 -1.193115003868563 -0.47076201681335089
-0.74907204328966526 -1.22293412366579 -0.46374508355519162
-0.73456128867576931 -1.252316617338902 -0.45599037279279958
-0.71925781029263391 -1.281108176215038 -0.44763639607533362
-0.70321582448857256 -1.30935055431604 -0.43863498017804148
-0.68650869699628247 -1.3368603483967261 -0.42903978495485701
-0.66897957628019089 -1.363849384750232 -0.41882794392577299
-0.65084583637311688 -1.389963450797834 -0.40812132779198951
-0.6318889516980668 -1.4155434089114189 -0.3967882475087266
-0.61241340510231523 -1.440160947246635 -0.38500079464685388
-0.59209623029577685 -1.464158219975161 -0.37268339651718968
-0.57127876351703721 -1.4872342757995021 -0.35988750803700098
-0.54976459760453322 -1.509546623984763 -0.3466283398697606
-0.52772901068973976 -1.530938713287707 -0.33293611398841538
-0.50510793390277764 -1.551458485588596 -0.31878722306740198
-0.48186838918081393 -1.5711020125801041 -0.30427154961763803
-0.45822422971185828 -1.589713869835226 -0.28938923272547978
-0.43388321986292472 -1.607505952292807 -0.2740830116819023
-0.40927434770400178 -1.6241408515991229 -0.25864805556841519
-0.38396440014943972 -1.6399705794254329 -0.24264057747081069
-0.35851976354692078 -1.654641873537712 -0.22654974265526831
-0.33244285300785709 -1.6683783482357579 -0.21008776002629961
-0.30612804815012662 -1.681034466938077 -0.1933673523221586
-0.27944306502653488 -1.6926142039779599 -0.17648979572098819
-0.25234060368229222 -1.7031490852688249 -0.1594452001819151
-0.2250501598416158 -1.7126010477066149 -0.14214544619356689
-0.19755981551557891 -1.720944022426993 -0.1247132934513653
-0.16970853406869321 -1.7282269792855529 -0.1071295915597562
-0.14174042392241731 -1.734378711573034 -0.089459770149735676
-0.1136412673710791 -1.7393915703079159 -0.071715694928793705
-0.085285989342540197 -1.743349010889554 -0.053795538609804697
-0.056998572905604138 -1.7461630324754041 -0.035981505679409852
-0.028494391102487811 -1.747839137102416 -0.017976280140935011
-8.0990411488231654e-05 -1.748391220005443 -4.612413160167523e-05
0.028417699665650002 -1.747841116774588 0.01793631133649002
0.05683131411473781 -1.746168363083286 0.035888560455553047
0.085223806561520787 -1.743353191458491 0.053762434591371693
0.11348362905291461 -1.7394133738886091 0.071609467691957446
0.1416772953146842 -1.7343888935569729 0.089405859849013294
0.16959014429873431 -1.728259830450759 0.10702684874648941
0.1974765883822312 -1.7209722618316381 0.1246211761779928
0.2249407303476107 -1.7126366819855421 0.14204412977434711
0.25224581563570592 -1.7031706243391509 0.15940594082741541
0.27930155876052459 -1.6926584316418949 0.17644626804267241
0.30601838958753202 -1.6810685512624091 0.1932997384968769
0.33237217274582193 -1.6684111326227691 0.21003730085651781
0.358351555894459 -1.6547180914949891 0.22645178930786489
0.38394937048040001 -1.639983176293291 0.24261495986358739
0.40911234660908968 -1.6242331008001949 0.25856131668494642
0.43381187494411638 -1.607533904082223 0.27408148440069757
0.45810785757362171 -1.589796843278019 0.2893250837766419
0.48176079495125079 -1.5711719405623561 0.30422575601903479
0.50501446474066791 -1.5515189538484919 0.31876533229627652
0.52762041857307063 -1.5310296693410861 0.33288242627145048
0.54973134223654363 -1.509594081937736 0.34661548994044428
0.57112082510871987 -1.4873871126671629 0.35982455420404819
0.59206399221988304 -1.464189999334174 0.37267547134106721
0.61228419975040305 -1.440315732263326 0.38491165176521153
0.63184756851188384 -1.4155833175761321 0.39676798725240631
0.65075414554652156 -1.390079517798775 0.40807275509278212
0.66888274607348752 -1.363963324499087 0.41878070902763181
0.68646828724307185 -1.336917691357866 0.4290183660520705
0.70315953392799002 -1.3094666143410021 0.43859080599461497
0.71918620525269783 -1.2812420124879069 0.44758788251802423
0.73450112843711057 -1.25240739903612 0.45596606342906121
0.74900957528993761 -1.2230490085043491 0.46371217138723131
0.76275842325147047 -1.193215534377027 0.47073095271880211
0.7757591293277506 -1.162717532124719 0.47715025658118071
0.78790522137836494 -1.131925668573952 0.48283246728421791
0.79929298107508528 -1.100608873250815 0.48780795920895192
0.80986089696560426 -1.068854452150295 0.49212321877289861
0.81957144076105803 -1.03694891686153 0.49565736492598128
0.82854338649820325 -1.004604105595079 0.49840999617205239
0.83670874502129311 -0.97193151183203841 0.50041935757147182
0.84399732447200815 -0.93911522740482289 0.50167300947491134
0.85048824090786235 -0.90609054293756908 0.50212025987638387
0.85614832349845349 -0.87296813211323432 0.50173554887486127
0.86102761103794634 -0.83961919446084443 0.50051905751110903
0.86508949702022331 -0.8063223619485006 0.49846897878516078
0.86835093241844652 -0.77292649693996929 0.49556189522235949
0.87082142431244425 -0.73955466301493833 0.4918058568645069
0.87250657718497915 -0.7062328395005053 0.48718176046069678
0.87340714144930709 -0.67306808193983925 0.48169468395156723
0.87354377929549154 -0.63990109367750392 0.47530537983003612
0.8729357564348792 -0.60716361164467736 0.46806346432614038
0.87161174292875554 -0.57449333482536014 0.45987168279388702
0.86959714044025616 -0.5420941757367661 0.45075440796877281
0.86683419946481 -0.51010988489030273 0.44073874117944212
0.86340891173157153 -0.47852439122095919 0.42977383658922158
0.85935072323758299 -0.44726905851880222 0.41782570865674928
0.85466626819351377 -0.41648183455215187 0.40494844399957342
0.84942601395757455 -0.38619502193018662 0.39112269579586473
0.84368458400267399 -0.35655591143087362 0.37635987137222021
0.83737233582362369 -0.32754069265092522 0.360572521520371
0.83056171034999637 -0.29916727583048258 0.34376074983923249
0.8233623268555702 -0.27144451078799359 0.32591458828790543
0.81585171806573986 -0.2446860194881515 0.3071858813950063
0.8079876385190653 -0.2183990940015178 0.28720744169668189
0.80003096749642011 -0.19362274903375981 0.26655479687274602
0.79172374965376591 -0.1690014187958801 0.24413880720850581
0.78378625337292962 -0.14655532840644839 0.22162908439307541
0.77559246169094331 -0.12386428392284921 0.19651628777100449
0.76832196356872118 -0.1038248413958642 0.17169020992086789
0.76149323103391597 -0.084356482314753928 0.14451730799315171
0.75597041667660392 -0.06663917163744526 0.1167791945466486
0.75189532723819674 -0.049688480946029373 0.087799811028833691
0.74942083976813778 -0.033394810749030883 0.058819794580503647
0.74817915003856039 -0.016924575513644211 0.029628247661764241
0.74782197111502979 -2.693546355891991e-05 5.8011221271615069e-05
0.74818128500440673 0.016872474830507269 -0.029510917487684769
0.74941860739506427 0.033379990748149062 -0.058761054383814959
0.75189072707900506 0.049670222178945282 -0.087735667832929715
0.75594516340504203 0.066544464075930426 -0.1165885660038707
0.76148133214201219 0.084316568857410207 -0.1444244995020344
0.76830184234329513 0.1037805511286999 -0.1716006514748406
0.77558427623225856 0.1238409695757528 -0.19647857542473229
0.78375305322995636 0.14645179981806611 -0.221524462741055
0.79170640074634313 0.16894123225827121 -0.244088854924946
0.80000094450990256 0.19349994492300129 -0.26645589563210342
0.80798926344886202 0.21835777482626509 -0.28718957083373242
0.81582208068488682 0.24453853778389789 -0.30709108440806482
0.82334514716497997 0.27136066014275673 -0.32585949255891877
0.83055515757235443 0.29907716022893371 -0.34371203131805012
0.83737142429929878 0.32745093571475842 -0.36053487521095889
0.84366529462598305 0.35639381785609048 -0.37627979149358071
0.84943762127284073 0.38614391014835708 -0.39109905346943369
0.85466430854113773 0.41633419494096557 -0.40488812600683849
0.85935125101600229 0.44716788693646498 -0.41778678306000239
0.86341359143053631 0.47841379330579248 -0.42972829611278041
0.86683315046955045 0.50998867348018417 -0.44070199254971298
0.86958433191275486 0.54196665933197397 -0.45072792033750908
0.8716149120131621 0.57440791143009851 -0.45986590820757223
0.8729473313502365 0.60700669240888949 -0.46803005182287072
0.87355994948330506 0.63979695274861492 -0.47528336610402527
0.87342296962540644 0.67295131607190117 -0.48167182779987289
0.87252371438131215 0.70609585511256479 -0.48715525806302029
0.87083824848808356 0.73946465367356895 -0.49179337712450832
0.86837581433054745 0.77279082324915782 -0.49554498005470637
0.86510988715132175 0.80619997794209131 -0.49845978013098718
0.86104879595928185 0.83953073519999266 -0.50051513183215601
0.85618108550848571 0.87280649148612677 -0.50173399111959072
0.85050374613176227 0.90599635018793589 -0.50212180770094172
0.84403212023033447 0.93900137557621433 -0.50167653772518772
0.83674338620214572 0.97180301049445494 -0.50042894183485753
0.82857986484896895 1.0045096236819071 -0.49841898689142039
0.81962115819706427 1.0367884310640381 -0.49567290229818922
0.80988523704517423 1.0687810315950601 -0.49213127756797881
0.79934214716957541 1.100489626138464 -0.48783476062362863
0.78796113878508167 1.131800828716244 -0.48285135584338329
0.77580602582396374 1.1626257610159909 -0.47716187392046883
0.76281970898206175 1.193101928190281 -0.47075202936832111
0.74907786511791907 1.222918712714159 -0.46373079461146738
0.73454480864533711 1.252345661737452 -0.45596588615348521
0.71927543121274184 1.281083784465509 -0.44762245887189828
0.70321188192373407 1.3093653428775409 -0.43860436781244821
0.68652056962344754 1.3368553084185359 -0.42901413993740029
0.66898302307226243 1.363849299781158 -0.4188014196715466
0.65083777502754647 1.389978833427953 -0.40809791397806477
0.63190482618300392 1.415520260581975 -0.39678440027393491
0.61239763175491335 1.4401844971017781 -0.38496629902402729
0.5920997091433744 1.4641620276176299 -0.37267726221424602
0.5712576773448601 1.487254558548434 -0.35988930437533212
0.54978585862984197 1.5095145920224551 -0.34664908456408422
0.5276782373058988 1.530975665996932 -0.33291560018202399
0.50513167233252976 1.5514179156095791 -0.31883051896552422
0.48182043773692768 1.5711133089880389 -0.30426857306933691
0.45819552396686641 1.5897314203483699 -0.28938783475192958
0.43390136790493639 1.607477890096968 -0.2741257692934389
0.40921142387169868 1.6241685463029829 -0.25863444285563197
0.38399700984667051 1.639947088921087 -0.2426756847587978
0.35847596503356077 1.6546560598741851 -0.2265401037817906
0.33243679899502088 1.6683738780023469 -0.2101087398461898
0.3061052805829606 1.6810304323985841 -0.19338892598645649
0.27941003589284158 1.6926153521878089 -0.17650987469578749
0.25231461731078259 1.7031524499490449 -0.1594640345513986
0.22503423311253659 1.7126047847787891 -0.14215860048592671
0.19753826971077831 1.720954853366389 -0.1247122529170011
0.16969566700175101 1.728236059011526 -0.10713928750661771
0.14174710861008069 1.734376502258987 -0.089483951103209822
0.1135839695150188 1.739404627538651 -0.071702361547188953
0.085320772872714182 1.743346688598485 -0.053844000267640642
0.056926722496866138 1.7461724076492551 -0.035946703355614243
0.028528628714709861 1.747849824082502 -0.01799592306309418
