70.8953761491711 0 1.28797656447716e-14
70.8642842087776 1.48439514701936 0.742197555656025
70.7710833682991 2.96618723133169 1.48309304459899
70.615998294861 4.44278203550548 2.22138668438333
70.3994025181455 5.91160299837836 2.95578325709099
70.1218170608634 7.37009995762172 3.68499438158382
69.7839085289237 8.815757789999 4.40774077376184
69.3864866687723 10.2461049158431 5.1227544908623
68.93050140146 11.6587216348132 5.82878115586212
68.4170393450417 13.0512482606558 6.52458215808142
67.8473198389138 14.4213930234858 7.20893682612752
67.2226904856422 15.7669397090208 7.8806445693674
66.5446222277198 17.0857550052347 8.53852698417159
65.8147039785111 18.3757955280525 9.18142992123458
65.0346368283798 19.6351144989691 9.80822551034487
64.2062278486584 20.8618680488468 10.4178141390526
63.3313835176833 22.0543211236196 11.0091263817634
62.412102794598 23.2108529691969 11.5811248758743
61.4504698679935 24.329962174519 12.1328061416602
60.4486466077269 25.4102712534556 12.6632023427185
59.4088647494088 26.4505307480519 13.1713829838825
58.3334178420896 27.4496228375168 13.6564565436268
57.2246529905933 28.4065644392867 14.1175720380985
56.0849624247381 29.3205097905029 14.5539205140321
54.9167749283525 30.1907525002851 14.9647364679287
53.7225471615311 31.0167270652624 15.3492991890089
52.504754909978 31.7980098429425 15.7069340235847
51.2658842955587 32.534319479627 16.0370135586311
50.0084229823196 33.2255167917303 16.3389587224818
48.7348514122314 33.8716041015104 16.6122398007178
47.447634104786 34.4727240303646 16.8563773654663
46.1492110543039 35.0291577549777 17.0709431164803
44.8419892584107 35.541322733724 17.2555606325225
43.528334410608 36.0097699128043 17.4099060317364
42.2105627892022 36.43518042365 17.5337085398448
40.8909333740625 36.8183617851193 17.6267509651801
39.5716402217704 37.1602436259639 17.6888700797123
38.2548051286845 37.4618729449236 17.7199569054062
36.9424706102974 37.7244089276262 17.7199569054062
35.6365932239974 37.9491173412086 17.6888700797123
34.339037260982 38.1373645292325 17.6267509651801
33.0515688315957 38.2906110310388 17.5337085398448
31.7758503668038 38.4104048511528 17.4099060317364
30.5134355568563 38.4983744057291 17.2555606325225
29.2657647464583 38.5562211742868 17.0709431164803
28.0341608039509 38.5857120861396 16.8563773654663
26.8198254801244 38.5886716719611 16.6122398007178
25.6238362703389 38.5669740118457 16.3389587224818
24.4471437916342 38.5225345120133 16.0370135586311
23.2905696844649 38.4573015429769 15.7069340235847
22.154805046616 38.3732479725222 15.3492991890089
21.0404094047445 38.2723626272591 14.9647364679287
19.9478102268604 38.1566417167701 14.5539205140321
18.8773029769177 38.0280802545207 14.1175720380985
17.8290517105334 37.8886635096968 13.6564565436268
16.8030902087132 37.7403585239995 13.1713829838825
15.7993236443272 37.5851057271638 12.6632023427185
14.8175307739694 37.4248106845596 12.1328061416603
13.8573666457534 37.2613360097087 11.5811248758743
12.9183658115531 37.0964934738794 11.0091263817634
11.9999460302005 36.9320363441395 10.4178141390526
11.1014124462047 36.7696519803273 9.80822551034492
10.2219622266778 36.6109547203706 9.18142992123463
9.36068963733635 36.4574790822315 8.53852698417164
8.5165915367075 36.3106733094929 7.88064456936745
7.68857326601709 36.1718932862348 7.20893682612757
6.87545491066595 36.0423968453767 6.52458215808148
6.07597790773271 35.9233384930983 5.82878115586219
5.28881197257039 35.8157645702964 5.12275449086237
4.51256231630098 35.720608870295 4.40774077376191
3.74577712486102 35.6386887302171 3.68499438158389
2.98695526921559 35.5707016115395 2.95578325709106
2.23455421544341 35.5172221834124 2.2213866843834
1.48699810260446 35.4786999203253 1.48309304459907
0.742685955637419 35.4554572236592 0.742197555656099
7.30091842484664e-14 35.4476880745856 8.5888949893238e-14
-0.742685955637273 35.4554572236592 -0.742197555655927
-1.48699810260432 35.4786999203253 -1.4830930445989
-2.23455421544328 35.5172221834124 -2.22138668438324
-2.98695526921545 35.5707016115395 -2.95578325709091
-3.74577712486089 35.6386887302171 -3.68499438158374
-4.51256231630086 35.720608870295 -4.40774077376176
-5.28881197257027 35.8157645702964 -5.12275449086224
-6.07597790773259 35.9233384930983 -5.82878115586206
-6.87545491066584 36.0423968453766 -6.52458215808136
-7.68857326601699 36.1718932862348 -7.20893682612746
-8.5165915367074 36.3106733094929 -7.88064456936735
-9.36068963733626 36.4574790822315 -8.53852698417155
-10.2219622266778 36.6109547203706 -9.18142992123454
-11.1014124462046 36.7696519803273 -9.80822551034484
-11.9999460302004 36.9320363441395 -10.4178141390526
-12.918365811553 37.0964934738794 -11.0091263817634
-13.8573666457533 37.2613360097087 -11.5811248758743
-14.8175307739694 37.4248106845596 -12.1328061416602
-15.7993236443272 37.5851057271637 -12.6632023427185
-16.8030902087131 37.7403585239995 -13.1713829838825
-17.8290517105333 37.8886635096967 -13.6564565436268
-18.8773029769177 38.0280802545207 -14.1175720380985
-19.9478102268604 38.1566417167701 -14.5539205140321
-21.0404094047445 38.2723626272591 -14.9647364679287
-22.154805046616 38.3732479725222 -15.3492991890089
-23.2905696844649 38.4573015429769 -15.7069340235847
-24.4471437916342 38.5225345120133 -16.0370135586311
-25.6238362703389 38.5669740118456 -16.3389587224818
-26.8198254801245 38.5886716719611 -16.6122398007178
-28.034160803951 38.5857120861396 -16.8563773654663
-29.2657647464584 38.5562211742868 -17.0709431164803
-30.5134355568564 38.498374405729 -17.2555606325225
-31.7758503668039 38.4104048511528 -17.4099060317364
-33.0515688315958 38.2906110310388 -17.5337085398448
-34.3390372609821 38.1373645292325 -17.6267509651801
-35.6365932239975 37.9491173412085 -17.6888700797122
-36.9424706102975 37.7244089276262 -17.7199569054061
-38.2548051286847 37.4618729449236 -17.7199569054061
-39.5716402217706 37.1602436259639 -17.6888700797122
-40.8909333740627 36.8183617851193 -17.6267509651801
-42.2105627892024 36.43518042365 -17.5337085398447
-43.5283344106082 36.0097699128043 -17.4099060317364
-44.8419892584109 35.5413227337239 -17.2555606325225
-46.1492110543041 35.0291577549777 -17.0709431164802
-47.4476341047863 34.4727240303645 -16.8563773654662
-48.7348514122316 33.8716041015103 -16.6122398007177
-50.0084229823198 33.2255167917302 -16.3389587224817
-51.265884295559 32.5343194796269 -16.037013558631
-52.5047549099782 31.7980098429424 -15.7069340235846
-53.7225471615314 31.0167270652622 -15.3492991890088
-54.9167749283528 30.1907525002849 -14.9647364679286
-56.0849624247383 29.3205097905027 -14.553920514032
-57.2246529905936 28.4065644392864 -14.1175720380983
-58.3334178420899 27.4496228375166 -13.6564565436267
-59.408864749409 26.4505307480517 -13.1713829838824
-60.4486466077272 25.4102712534553 -12.6632023427183
-61.4504698679938 24.3299621745187 -12.1328061416601
-62.4121027945983 23.2108529691966 -11.5811248758741
-63.3313835176836 22.0543211236193 -11.0091263817632
-64.2062278486586 20.8618680488465 -10.4178141390524
-65.0346368283801 19.6351144989688 -9.80822551034467
-65.8147039785113 18.3757955280522 -9.18142992123437
-66.54462222772 17.0857550052343 -8.53852698417137
-67.2226904856424 15.7669397090204 -7.88064456936717
-67.847319838914 14.4213930234854 -7.20893682612727
-68.4170393450419 13.0512482606553 -6.52458215808117
-68.9305014014601 11.6587216348128 -5.82878115586187
-69.3864866687724 10.2461049158426 -5.12275449086205
-69.7839085289238 8.81575778999849 -4.40774077376156
-70.1218170608636 7.37009995762121 -3.68499438158354
-70.3994025181456 5.91160299837785 -2.95578325709071
-70.6159982948611 4.44278203550496 -2.22138668438305
-70.7710833682992 2.96618723133114 -1.48309304459869
-70.8642842087776 1.48439514701881 -0.742197555655722
-70.8953761491711 -5.26543923984952e-13 2.76151727637248e-13
-70.8642842087776 -1.48439514701989 0.742197555656289
-70.7710833682991 -2.96618723133219 1.48309304459924
-70.615998294861 -4.44278203550598 2.22138668438358
-70.3994025181454 -5.91160299837883 2.95578325709123
-70.1218170608634 -7.37009995762218 3.68499438158405
-69.7839085289236 -8.81575778999943 4.40774077376205
-69.3864866687721 -10.2461049158435 5.1227544908625
-68.9305014014598 -11.6587216348136 5.82878115586232
-68.4170393450416 -13.0512482606562 6.5245821580816
-67.8473198389137 -14.4213930234862 7.20893682612769
-67.222690485642 -15.7669397090211 7.88064456936756
-66.5446222277197 -17.085755005235 8.53852698417175
-65.8147039785109 -18.3757955280528 9.18142992123472
-65.0346368283796 -19.6351144989694 9.80822551034501
-64.2062278486582 -20.8618680488471 10.4178141390527
-63.3313835176831 -22.0543211236199 11.0091263817635
-62.4121027945978 -23.2108529691971 11.5811248758744
-61.4504698679933 -24.3299621745192 12.1328061416603
-60.4486466077268 -25.4102712534557 12.6632023427186
-59.4088647494086 -26.4505307480521 13.1713829838826
-58.3334178420895 -27.449622837517 13.6564565436269
-57.2246529905932 -28.4065644392868 14.1175720380985
-56.0849624247379 -29.320509790503 14.5539205140321
-54.9167749283524 -30.1907525002852 14.9647364679287
-53.722547161531 -31.0167270652625 15.349299189009
-52.5047549099778 -31.7980098429426 15.7069340235847
-51.2658842955586 -32.5343194796271 16.0370135586311
-50.0084229823195 -33.2255167917304 16.3389587224818
-48.7348514122313 -33.8716041015105 16.6122398007178
-47.4476341047859 -34.4727240303646 16.8563773654663
-46.1492110543039 -35.0291577549778 17.0709431164803
-44.8419892584106 -35.541322733724 17.2555606325225
-43.528334410608 -36.0097699128044 17.4099060317364
-42.2105627892021 -36.43518042365 17.5337085398448
-40.8909333740625 -36.8183617851194 17.6267509651801
-39.5716402217704 -37.1602436259639 17.6888700797123
-38.2548051286845 -37.4618729449236 17.7199569054062
-36.9424706102974 -37.7244089276262 17.7199569054062
-35.6365932239974 -37.9491173412086 17.6888700797123
-34.339037260982 -38.1373645292325 17.6267509651801
-33.0515688315957 -38.2906110310388 17.5337085398448
-31.7758503668039 -38.4104048511528 17.4099060317364
-30.5134355568564 -38.4983744057291 17.2555606325225
-29.2657647464583 -38.5562211742868 17.0709431164803
-28.034160803951 -38.5857120861396 16.8563773654663
-26.8198254801245 -38.5886716719611 16.6122398007178
-25.623836270339 -38.5669740118457 16.3389587224818
-24.4471437916343 -38.5225345120134 16.0370135586311
-23.290569684465 -38.4573015429769 15.7069340235847
-22.1548050466161 -38.3732479725223 15.349299189009
-21.0404094047446 -38.2723626272591 14.9647364679288
-19.9478102268606 -38.1566417167701 14.5539205140322
-18.8773029769178 -38.0280802545207 14.1175720380985
-17.8290517105335 -37.8886635096968 13.6564565436269
-16.8030902087133 -37.7403585239996 13.1713829838826
-15.7993236443274 -37.5851057271638 12.6632023427186
-14.8175307739696 -37.4248106845597 12.1328061416603
-13.8573666457535 -37.2613360097087 11.5811248758744
-12.9183658115533 -37.0964934738794 11.0091263817635
-11.9999460302007 -36.9320363441395 10.4178141390528
-11.1014124462049 -36.7696519803273 9.80822551034505
-10.221962226678 -36.6109547203706 9.18142992123474
-9.36068963733652 -36.4574790822315 8.53852698417177
-8.51659153670768 -36.3106733094929 7.8806445693676
-7.68857326601729 -36.1718932862348 7.20893682612773
-6.87545491066612 -36.0423968453767 6.52458215808162
-6.07597790773289 -35.9233384930984 5.82878115586235
-5.28881197257058 -35.8157645702965 5.12275449086254
-4.51256231630118 -35.7206088702951 4.4077407737621
-3.74577712486123 -35.6386887302171 3.68499438158409
-2.98695526921578 -35.5707016115395 2.95578325709125
-2.23455421544362 -35.5172221834124 2.22138668438361
-1.48699810260468 -35.4786999203253 1.48309304459928
-0.742685955637652 -35.4554572236592 0.742197555656331
-2.89866263791643e-13 -35.4476880745856 3.02746029436415e-13
0.74268595563704 -35.4554572236592 -0.742197555655695
1.48699810260406 -35.4786999203253 -1.48309304459865
2.234554215443 -35.5172221834124 -2.22138668438297
2.98695526921516 -35.5707016115394 -2.95578325709062
3.74577712486061 -35.638688730217 -3.68499438158347
4.51256231630055 -35.720608870295 -4.40774077376148
5.28881197256994 -35.8157645702964 -5.12275449086193
6.07597790773224 -35.9233384930983 -5.82878115586174
6.87545491066549 -36.0423968453766 -6.52458215808105
7.68857326601661 -36.1718932862347 -7.20893682612715
8.51659153670699 -36.3106733094928 -7.88064456936702
9.36068963733582 -36.4574790822314 -8.53852698417121
10.2219622266773 -36.6109547203705 -9.18142992123422
11.1014124462041 -36.7696519803272 -9.80822551034451
11.9999460301999 -36.9320363441394 -10.4178141390522
12.9183658115525 -37.0964934738793 -11.009126381763
13.8573666457527 -37.2613360097086 -11.5811248758739
14.8175307739688 -37.4248106845595 -12.1328061416599
15.7993236443266 -37.5851057271636 -12.6632023427181
16.8030902087125 -37.7403585239994 -13.1713829838822
17.8290517105326 -37.8886635096967 -13.6564565436265
18.877302976917 -38.0280802545206 -14.1175720380982
19.9478102268597 -38.15664171677 -14.5539205140318
21.0404094047437 -38.272362627259 -14.9647364679284
22.1548050466152 -38.3732479725222 -15.3492991890086
23.2905696844641 -38.4573015429769 -15.7069340235844
24.4471437916333 -38.5225345120133 -16.0370135586308
25.623836270338 -38.5669740118456 -16.3389587224816
26.8198254801235 -38.5886716719611 -16.6122398007176
28.03416080395 -38.5857120861396 -16.8563773654661
29.2657647464574 -38.5562211742869 -17.0709431164801
30.5134355568554 -38.4983744057291 -17.2555606325224
31.7758503668028 -38.4104048511529 -17.4099060317363
33.0515688315947 -38.2906110310389 -17.5337085398447
34.3390372609809 -38.1373645292327 -17.62675096518
35.6365932239964 -37.9491173412087 -17.6888700797122
36.9424706102963 -37.7244089276264 -17.7199569054061
38.2548051286834 -37.4618729449239 -17.7199569054061
39.5716402217693 -37.1602436259642 -17.6888700797123
40.8909333740614 -36.8183617851196 -17.6267509651801
42.2105627892011 -36.4351804236504 -17.5337085398449
43.5283344106069 -36.0097699128047 -17.4099060317365
44.8419892584095 -35.5413227337244 -17.2555606325226
46.1492110543028 -35.0291577549782 -17.0709431164804
47.4476341047849 -34.4727240303651 -16.8563773654665
48.7348514122303 -33.871604101511 -16.612239800718
50.0084229823184 -33.2255167917309 -16.338958722482
51.2658842955576 -32.5343194796277 -16.0370135586313
52.5047549099768 -31.7980098429432 -15.706934023585
53.72254716153 -31.0167270652631 -15.3492991890092
54.9167749283514 -30.1907525002859 -14.964736467929
56.084962424737 -29.3205097905038 -14.5539205140325
57.2246529905923 -28.4065644392875 -14.1175720380989
58.3334178420886 -27.4496228375178 -13.6564565436272
59.4088647494078 -26.4505307480529 -13.171382983883
60.4486466077259 -25.4102712534566 -12.663202342719
61.4504698679925 -24.3299621745202 -12.1328061416608
62.4121027945971 -23.210852969198 -11.5811248758748
63.3313835176824 -22.0543211236208 -11.009126381764
64.2062278486575 -20.8618680488481 -10.4178141390532
65.034636828379 -19.6351144989704 -9.80822551034549
65.8147039785103 -18.3757955280539 -9.1814299212352
66.5446222277191 -17.085755005236 -8.53852698417224
67.2226904856415 -15.7669397090222 -7.88064456936808
67.8473198389132 -14.4213930234873 -7.20893682612823
68.4170393450411 -13.0512482606573 -6.52458215808215
68.9305014014594 -11.6587216348148 -5.82878115586286
69.3864866687718 -10.2461049158447 -5.12275449086306
69.7839085289233 -8.81575779000061 -4.40774077376262
70.1218170608631 -7.37009995762338 -3.68499438158462
70.3994025181452 -5.91160299838 -2.95578325709179
70.6159982948608 -4.44278203550716 -2.22138668438414
70.771083368299 -2.9661872313334 -1.48309304459982
70.8642842087775 -1.48439514702111 -0.742197555656874

1.72183379713208e-12 70.8953761491711 -8.45866659719045e-13
-1.48439514701761 70.8642842087777 0.742197555655152
-2.96618723132998 70.7710833682993 1.48309304459814
-4.44278203550381 70.6159982948613 2.2213866843825
-5.91160299837673 70.3994025181458 2.95578325709018
-7.37009995762014 70.1218170608638 3.68499438158303
-8.81575778999746 69.7839085289241 4.40774077376107
-10.2461049158416 69.3864866687727 5.12275449086156
-11.6587216348118 68.9305014014605 5.82878115586141
-13.0512482606544 68.4170393450422 6.52458215808073
-14.4213930234845 67.8473198389144 7.20893682612686
-15.7669397090195 67.2226904856428 7.88064456936676
-17.0857550052335 66.5446222277205 8.53852698417099
-18.3757955280514 65.8147039785118 9.181429921234
-19.635114498968 65.0346368283805 9.80822551034433
-20.8618680488458 64.2062278486591 10.4178141390521
-22.0543211236186 63.3313835176841 11.0091263817629
-23.2108529691959 62.4121027945988 11.5811248758738
-24.3299621745182 61.4504698679943 12.1328061416598
-25.4102712534547 60.4486466077277 12.6632023427181
-26.4505307480511 59.4088647494096 13.1713829838821
-27.4496228375161 58.3334178420904 13.6564565436265
-28.406564439286 57.2246529905941 14.1175720380982
-29.3205097905023 56.0849624247388 14.5539205140318
-30.1907525002845 54.9167749283533 14.9647364679284
-31.0167270652619 53.7225471615319 15.3492991890087
-31.7980098429421 52.5047549099787 15.7069340235845
-32.5343194796266 51.2658842955594 16.0370135586309
-33.22551679173 50.0084229823203 16.3389587224816
-33.8716041015101 48.7348514122321 16.6122398007176
-34.4727240303643 47.4476341047867 16.8563773654662
-35.0291577549775 46.1492110543046 17.0709431164802
-35.5413227337237 44.8419892584113 17.2555606325224
-36.0097699128042 43.5283344106086 17.4099060317363
-36.4351804236499 42.2105627892027 17.5337085398447
-36.8183617851192 40.890933374063 17.6267509651801
-37.1602436259638 39.5716402217709 17.6888700797122
-37.4618729449235 38.254805128685 17.7199569054061
-37.7244089276262 36.9424706102978 17.7199569054062
-37.9491173412085 35.6365932239978 17.6888700797123
-38.1373645292325 34.3390372609823 17.6267509651801
-38.2906110310388 33.051568831596 17.5337085398448
-38.4104048511528 31.7758503668041 17.4099060317364
-38.498374405729 30.5134355568566 17.2555606325226
-38.5562211742868 29.2657647464585 17.0709431164803
-38.5857120861396 28.0341608039511 16.8563773654664
-38.5886716719611 26.8198254801246 16.6122398007178
-38.5669740118457 25.623836270339 16.3389587224818
-38.5225345120134 24.4471437916342 16.0370135586311
-38.4573015429769 23.290569684465 15.7069340235847
-38.3732479725223 22.1548050466161 15.3492991890089
-38.2723626272591 21.0404094047445 14.9647364679287
-38.1566417167701 19.9478102268604 14.5539205140321
-38.0280802545207 18.8773029769177 14.1175720380985
-37.8886635096967 17.8290517105333 13.6564565436268
-37.7403585239995 16.8030902087131 13.1713829838825
-37.5851057271637 15.7993236443271 12.6632023427184
-37.4248106845596 14.8175307739693 12.1328061416602
-37.2613360097086 13.8573666457532 11.5811248758742
-37.0964934738793 12.9183658115529 11.0091263817633
-36.9320363441394 11.9999460302003 10.4178141390525
-36.7696519803273 11.1014124462045 9.80822551034476
-36.6109547203706 10.2219622266776 9.18142992123445
-36.4574790822314 9.3606896373361 8.53852698417144
-36.3106733094928 8.51659153670723 7.88064456936723
-36.1718932862347 7.68857326601681 7.20893682612733
-36.0423968453766 6.87545491066565 6.52458215808121
-35.9233384930983 6.07597790773239 5.8287811558619
-35.8157645702964 5.28881197257006 5.12275449086207
-35.720608870295 4.51256231630064 4.40774077376158
-35.638688730217 3.74577712486063 3.68499438158351
-35.5707016115394 2.98695526921518 2.95578325709067
-35.5172221834124 2.23455421544299 2.22138668438298
-35.4786999203253 1.48699810260402 1.48309304459863
-35.4554572236592 0.742685955636965 0.742197555655644
-35.4476880745856 -3.96267491276074e-13 -3.85558198833525e-13
-35.4554572236592 -0.742685955637758 -0.742197555656414
-35.4786999203253 -1.48699810260482 -1.4830930445994
-35.5172221834124 -2.23455421544379 -2.22138668438375
-35.5707016115395 -2.98695526921599 -2.95578325709143
-35.6386887302171 -3.74577712486144 -3.68499438158426
-35.7206088702951 -4.51256231630143 -4.4077407737623
-35.8157645702965 -5.28881197257083 -5.12275449086274
-35.9233384930984 -6.07597790773317 -5.82878115586257
-36.0423968453767 -6.87545491066644 -6.52458215808187
-36.1718932862349 -7.68857326601761 -7.20893682612798
-36.310673309493 -8.51659153670805 -7.88064456936787
-36.4574790822316 -9.36068963733693 -8.53852698417206
-36.6109547203707 -10.2219622266785 -9.18142992123505
-36.7696519803274 -11.1014124462053 -9.80822551034535
-36.9320363441396 -11.9999460302012 -10.4178141390531
-37.0964934738795 -12.9183658115538 -11.0091263817639
-37.2613360097088 -13.8573666457541 -11.5811248758748
-37.4248106845598 -14.8175307739702 -12.1328061416607
-37.5851057271639 -15.7993236443281 -12.6632023427189
-37.7403585239997 -16.8030902087141 -13.171382983883
-37.8886635096969 -17.8290517105343 -13.6564565436272
-38.0280802545208 -18.8773029769187 -14.1175720380989
-38.1566417167702 -19.9478102268615 -14.5539205140325
-38.2723626272592 -21.0404094047455 -14.9647364679291
-38.3732479725223 -22.1548050466172 -15.3492991890093
-38.457301542977 -23.2905696844661 -15.706934023585
-38.5225345120134 -24.4471437916354 -16.0370135586314
-38.5669740118457 -25.6238362703401 -16.3389587224821
-38.5886716719611 -26.8198254801258 -16.6122398007181
-38.5857120861396 -28.0341608039523 -16.8563773654666
-38.5562211742868 -29.2657647464597 -17.0709431164805
-38.498374405729 -30.5134355568578 -17.2555606325227
-38.4104048511527 -31.7758503668054 -17.4099060317365
-38.2906110310387 -33.0515688315973 -17.5337085398449
-38.1373645292323 -34.3390372609836 -17.6267509651802
-37.9491173412083 -35.6365932239991 -17.6888700797123
-37.7244089276259 -36.9424706102991 -17.7199569054061
-37.4618729449233 -38.2548051286863 -17.7199569054061
-37.1602436259635 -39.5716402217723 -17.6888700797122
-36.8183617851188 -40.8909333740644 -17.62675096518
-36.4351804236494 -42.2105627892041 -17.5337085398446
-36.0097699128037 -43.52833441061 -17.4099060317362
-35.5413227337232 -44.8419892584127 -17.2555606325222
-35.0291577549769 -46.149211054306 -17.07094311648
-34.4727240303637 -47.4476341047881 -16.8563773654659
-33.8716041015094 -48.7348514122334 -16.6122398007173
-33.2255167917292 -50.0084229823216 -16.3389587224813
-32.5343194796259 -51.2658842955608 -16.0370135586305
-31.7980098429413 -52.50475490998 -15.7069340235841
-31.016727065261 -53.7225471615332 -15.3492991890083
-30.1907525002836 -54.9167749283545 -14.964736467928
-29.3205097905014 -56.0849624247401 -14.5539205140313
-28.406564439285 -57.2246529905953 -14.1175720380977
-27.4496228375151 -58.3334178420916 -13.6564565436259
-26.4505307480501 -59.4088647494107 -13.1713829838816
-25.4102712534536 -60.4486466077288 -12.6632023427175
-24.329962174517 -61.4504698679953 -12.1328061416592
-23.2108529691947 -62.4121027945998 -11.5811248758732
-22.0543211236174 -63.331383517685 -11.0091263817623
-20.8618680488445 -64.20622784866 -10.4178141390514
-19.6351144989667 -65.0346368283814 -9.80822551034364
-18.37579552805 -65.8147039785126 -9.1814299212333
-17.0857550052321 -66.5446222277212 -8.53852698417026
-15.7669397090181 -67.2226904856435 -7.88064456936602
-14.421393023483 -67.8473198389151 -7.2089368261261
-13.0512482606529 -68.4170393450428 -6.52458215807996
-11.6587216348103 -68.930501401461 -5.82878115586063
-10.2461049158401 -69.3864866687732 -5.12275449086078
-8.81575778999593 -69.7839085289245 -4.40774077376028
-7.37009995761859 -70.1218170608641 -3.68499438158222
-5.91160299837517 -70.399402518146 -2.95578325708937
-4.44278203550224 -70.6159982948615 -2.22138668438168
-2.9661872313284 -70.7710833682994 -1.48309304459732
-1.48439514701603 -70.8642842087778 -0.74219755565433
3.36987150538859e-12 -70.8953761491711 1.69998599154129e-12
1.48439514702276 -70.8642842087775 0.742197555657727
2.96618723133511 -70.7710833682988 1.48309304460071
4.44278203550892 -70.6159982948606 2.22138668438505
5.91160299838182 -70.3994025181449 2.95578325709272
7.37009995762518 -70.1218170608627 3.68499438158555
8.81575779000245 -69.7839085289228 4.40774077376357
10.2461049158466 -69.3864866687712 5.12275449086403
11.6587216348167 -68.9305014014588 5.82878115586384
13.0512482606592 -68.4170393450404 6.52458215808312
14.4213930234892 -67.8473198389123 7.20893682612921
15.7669397090241 -67.2226904856405 7.88064456936907
17.085755005238 -66.544622227718 8.53852698417324
18.3757955280558 -65.8147039785092 9.18142992123621
19.6351144989723 -65.0346368283777 9.80822551034647
20.86186804885 -64.2062278486561 10.4178141390542
22.0543211236227 -63.331383517681 11.0091263817649
23.2108529691999 -62.4121027945955 11.5811248758758
24.329962174522 -61.4504698679909 12.1328061416617
25.4102712534584 -60.4486466077242 12.6632023427199
26.4505307480547 -59.4088647494059 13.1713829838839
27.4496228375195 -58.3334178420866 13.6564565436281
28.4065644392892 -57.2246529905902 14.1175720380997
29.3205097905054 -56.0849624247348 14.5539205140333
30.1907525002874 -54.9167749283492 14.9647364679298
31.0167270652646 -53.7225471615277 15.34929918901
31.7980098429447 -52.5047549099744 15.7069340235857
32.5343194796291 -51.2658842955551 16.037013558632
33.2255167917323 -50.0084229823159 16.3389587224826
33.8716041015123 -48.7348514122276 16.6122398007185
34.4727240303663 -47.4476341047822 16.856377365467
35.0291577549793 -46.1492110543 17.0709431164809
35.5413227337254 -44.8419892584067 17.255560632523
36.0097699128057 -43.528334410604 17.4099060317368
36.4351804236513 -42.2105627891981 17.5337085398451
36.8183617851205 -40.8909333740584 17.6267509651803
37.1602436259649 -39.5716402217663 17.6888700797124
37.4618729449245 -38.2548051286804 17.7199569054062
37.724408927627 -36.9424706102932 17.7199569054061
37.9491173412092 -35.6365932239933 17.6888700797121
38.1373645292331 -34.3390372609779 17.6267509651799
38.2906110310393 -33.0515688315915 17.5337085398444
38.4104048511531 -31.7758503667997 17.409906031736
38.4983744057293 -30.5134355568522 17.255560632522
38.556221174287 -29.2657647464542 17.0709431164796
38.5857120861397 -28.0341608039469 16.8563773654656
38.5886716719611 -26.8198254801204 16.6122398007169
38.5669740118455 -25.6238362703349 16.3389587224808
38.5225345120132 -24.4471437916302 16.03701355863
38.4573015429767 -23.290569684461 15.7069340235835
38.3732479725219 -22.1548050466122 15.3492991890076
38.2723626272587 -21.0404094047406 14.9647364679273
38.1566417167696 -19.9478102268566 14.5539205140306
38.0280802545202 -18.877302976914 14.1175720380969
37.8886635096962 -17.8290517105297 13.6564565436252
37.740358523999 -16.8030902087095 13.1713829838808
37.5851057271632 -15.7993236443237 12.6632023427166
37.424810684559 -14.8175307739659 12.1328061416583
37.2613360097081 -13.8573666457499 11.5811248758723
37.0964934738788 -12.9183658115497 11.0091263817613
36.9320363441389 -11.9999460301972 10.4178141390504
36.7696519803267 -11.1014124462014 9.80822551034261
36.61095472037 -10.2219622266746 9.18142992123225
36.4574790822309 -9.36068963733313 8.53852698416919
36.3106733094923 -8.51659153670433 7.88064456936493
36.1718932862343 -7.68857326601396 7.20893682612498
36.0423968453762 -6.87545491066285 6.52458215807882
35.9233384930979 -6.07597790772964 5.82878115585947
35.815764570296 -5.28881197256734 5.1227544908596
35.7206088702947 -4.51256231629796 4.40774077375908
35.6386887302168 -3.74577712485801 3.68499438158102
35.5707016115392 -2.98695526921259 2.95578325708816
35.5172221834122 -2.23455421544042 2.22138668438046
35.4786999203252 -1.48699810260146 1.48309304459609
35.4554572236592 -0.742685955634416 0.7421975556531
35.4476880745856 2.94212014253641e-12 -2.93141085009386e-12
35.4554572236593 0.742685955640307 -0.742197555658958
35.4786999203254 1.48699810260737 -1.48309304460193
35.5172221834126 2.23455421544636 -2.22138668438628
35.5707016115397 2.98695526921858 -2.95578325709394
35.6386887302174 3.74577712486406 -3.68499438158675
35.7206088702954 4.51256231630407 -4.40774077376476
35.8157645702968 5.28881197257354 -5.12275449086521
35.9233384930988 6.07597790773593 -5.828781155865
36.0423968453771 6.87545491066924 -6.52458215808427
36.1718932862353 7.68857326602046 -7.20893682613033
36.3106733094935 8.51659153671095 -7.88064456937017
36.4574790822321 9.36068963733989 -8.53852698417432
36.6109547203713 10.2219622266815 -9.18142992123726
36.769651980328 11.1014124462084 -9.80822551034749
36.9320363441402 11.9999460302044 -10.4178141390552
37.0964934738801 12.9183658115571 -11.0091263817659
37.2613360097094 13.8573666457574 -11.5811248758767
37.4248106845603 14.8175307739736 -12.1328061416626
37.5851057271644 15.7993236443315 -12.6632023427207
37.7403585240002 16.8030902087176 -13.1713829838847
37.8886635096974 17.8290517105379 -13.6564565436289
38.0280802545213 18.8773029769224 -14.1175720381004
38.1566417167706 19.9478102268652 -14.553920514034
38.2723626272596 21.0404094047494 -14.9647364679305
38.3732479725227 22.1548050466211 -15.3492991890106
38.4573015429773 23.2905696844701 -15.7069340235862
38.5225345120136 24.4471437916394 -16.0370135586325
38.5669740118458 25.6238362703443 -16.3389587224831
38.5886716719612 26.8198254801299 -16.612239800719
38.5857120861396 28.0341608039566 -16.8563773654674
38.5562211742866 29.265764746464 -17.0709431164812
38.4983744057287 30.5134355568622 -17.2555606325233
38.4104048511523 31.7758503668098 -17.409906031737
38.2906110310382 33.0515688316017 -17.5337085398453
38.1373645292317 34.3390372609881 -17.6267509651804
37.9491173412076 35.6365932240036 -17.6888700797125
37.7244089276251 36.9424706103036 -17.7199569054062
37.4618729449223 38.2548051286908 -17.7199569054061
37.1602436259624 39.5716402217768 -17.688870079712
36.8183617851176 40.8909333740689 -17.6267509651797
36.4351804236481 42.2105627892086 -17.5337085398442
36.0097699128022 43.5283344106145 -17.4099060317357
35.5413227337216 44.8419892584171 -17.2555606325217
35.0291577549751 46.1492110543104 -17.0709431164793
34.4727240303617 47.4476341047925 -16.8563773654651
33.8716041015073 48.7348514122378 -16.6122398007165
33.225516791727 50.0084229823259 -16.3389587224803
32.5343194796234 51.265884295565 -16.0370135586295
31.7980098429387 52.5047549099842 -15.7069340235829
31.0167270652583 53.7225471615373 -15.349299189007
30.1907525002807 54.9167749283585 -14.9647364679266
29.3205097904984 56.084962424744 -14.5539205140299
28.4065644392818 57.2246529905991 -14.1175720380961
27.4496228375118 58.3334178420953 -13.6564565436243
26.4505307480466 59.4088647494143 -13.1713829838799
25.41027125345 60.4486466077323 -12.6632023427157
24.3299621745133 61.4504698679987 -12.1328061416574
23.2108529691909 62.412102794603 -11.5811248758713
22.0543211236134 63.3313835176881 -11.0091263817603
20.8618680488404 64.2062278486629 -10.4178141390494
19.6351144989625 65.0346368283841 -9.80822551034154
18.3757955280457 65.8147039785152 -9.18142992123115
17.0857550052277 66.5446222277236 -8.53852698416806
15.7669397090135 67.2226904856457 -7.88064456936377
14.4213930234784 67.8473198389171 -7.20893682612381
13.0512482606483 68.4170393450447 -6.52458215807762
11.6587216348056 68.9305014014626 -5.82878115585826
10.2461049158352 69.3864866687746 -5.12275449085831
8.81575778999093 69.7839085289257 -4.40774077375778
7.37009995761354 70.1218170608652 -3.6849943815797
5.91160299837009 70.3994025181469 -2.95578325708683
4.44278203549712 70.6159982948621 -2.22138668437912
2.96618723132326 70.7710833682999 -1.48309304459475
1.48439514701088 70.864284208778 -0.742197555651755
