22.6476898278262 0.000222598478835618 -0.00101057371948028
22.4249911078715 0.809204740999994 -0.669353901974052
22.2022923879169 1.61818688352115 -1.33769723022862
21.9380583110894 2.41881293418609 -1.98695355045948
21.3203911607516 3.14833524457705 -2.47379451139583
20.7027240104138 3.877857554968 -2.96063547233218
20.0336912741082 4.58163371233117 -3.38235595974656
19.1605043524965 5.18308095049453 -3.54525301571109
18.2873174308848 5.78452818865788 -3.70815007167563
17.3983125979695 6.35337999427129 -3.7637113124473
16.4677459494584 6.83658677818064 -3.53724597763264
15.5371793009473 7.31979356208998 -3.31078064281798
14.651916010826 7.79304215918748 -2.97449437373241
13.862236790214 8.24528030464873 -2.4065005185426
13.072557569602 8.69751845010998 -1.8385066633528
12.3663182750432 9.18746427440177 -1.21466468542003
11.8249550709844 9.75191992823793 -0.480467622395702
11.2835918669256 10.3163755820741 0.25372944062863
10.8080616624316 10.9529949078871 0.959684755905309
10.465886273438 11.7357927949981 1.60843208908796
10.1237108844444 12.5185906821091 2.25717942227062
9.79726525577863 13.3640967334002 2.80613846193337
9.50189138161011 14.3334732469091 3.1579808708694
9.20651750744159 15.3028497604181 3.50982327980543
8.87604223383566 16.283105205993 3.71789040767433
8.48607627111681 17.281798525151 3.68228375942108
8.09611030839796 18.2804918443091 3.64667711116783
7.63446559884759 19.2058581139728 3.45540258315527
7.08055902802187 20.0368408966585 3.06375892255813
6.52665245719615 20.8678236793443 2.67211526196098
5.88780139196383 21.5224444299865 2.1564964288106
5.1726778629785 22.018708046474 1.52955911738927
4.45755433399318 22.5149716629616 0.902621805967938
3.67702679895492 22.7416125443452 0.236226831430814
2.85814013966429 22.8101210326036 -0.453309866274494
2.03925348037366 22.8786295208619 -1.1428465639798
1.20607814981375 22.6330750719526 -1.74123894399843
0.36781155198001 22.2756153014225 -2.30715524047594
-0.470455045853725 21.9181555308925 -2.87307153695345
-1.25738736287978 21.2878452224958 -3.20202132142196
-2.03431444905082 20.6043553900593 -3.48478550398357
-2.81124153522185 19.9208655576229 -3.76754968654519
-3.49127560742296 19.1017458138236 -3.70230114116556
-4.16280530756454 18.2707217316064 -3.60650725924819
-4.83433500770611 17.4396976493892 -3.51071337733082
-5.42604239516093 16.6737921270659 -3.05184579014948
-6.01582124832208 15.9094598913548 -2.584206218442
-6.60561028686497 15.1452359835517 -2.11645764516594
-7.21756160062314 14.6167217402319 -1.41153359577642
-7.82951291438131 14.0882074969121 -0.706609546386888
-8.44146422813949 13.5596932535923 -0.00168549699736102
-9.20485840911874 13.2938833244772 0.703449892523087
-9.96839772668753 13.0283251603275 1.40858548458319
-10.7319370442563 12.7627669961777 2.11372107664329
-11.6882438699378 12.6337805354637 2.58200538484423
-12.6450316012464 12.5051347862176 3.04969880967335
-13.6039810758259 12.3756702241104 3.50924046882301
-14.6594609999939 12.209642405546 3.60477331318
-15.714940924162 12.0436145869816 3.70030615753699
-16.7645325243651 11.864633561041 3.7661763488537
-17.7449546746646 11.5334927296914 3.48360283943536
-18.7253768249642 11.2023518983418 3.20102933001701
-19.6651682286123 10.8363353652644 2.87271273942092
-20.3939096737127 10.2891625402025 2.30679098076811
-21.1226511188131 9.74198971514067 1.74086922211529
-21.7525684628113 9.14358413919504 1.14268422318539
-22.1027626363894 8.40016345714992 0.453177615886056
-22.4529568099675 7.65674277510479 -0.236328991413282
-22.6476898278262 6.86772696359999 -0.90285810358131
-22.5753281817819 6.00037508336935 -1.52991004660683
-22.5029665357376 5.1330232031387 -2.15696198963235
-22.2562813167004 4.2525516845707 -2.67316694060401
-21.8135857710582 3.35732837683677 -3.06473496070838
-21.370890225416 2.46210506910284 -3.45630298081276
-20.8008947536367 1.59951226866498 -3.64846107767162
-20.1308086636424 0.762575474063381 -3.68383147557813
-19.460722573648 -0.0743613205382138 -3.71920187348464
-18.7772131367288 -0.851024997301911 -3.5119012455721
-18.0857046875711 -1.59177174441014 -3.15999223374942
-17.3941962384134 -2.33251849151837 -2.80808322192675
-16.8248997665882 -3.03819726013861 -2.25971497676802
-16.3179590842357 -3.72598341682708 -1.61110802455919
-15.8110184018832 -4.41376957351555 -0.962501072350373
-15.4966082624005 -5.14368367323235 -0.256748022598974
-15.2782791791802 -5.89462143602089 0.477523397959009
-15.0599500959598 -6.64555919880944 1.21179481851699
-14.9883495804129 -7.50177538098294 1.83601399817264
-14.9917048509497 -8.41177268300079 2.40401336761755
-14.9950601214865 -9.32176998501864 2.97201273706246
-15.027762518304 -10.3247729306944 3.30899947531806
-15.0745065927798 -11.372276154052 3.53545392938496
-15.1212506672557 -12.4197793774096 3.76190838345187
-15.0733024154851 -13.4740795860154 3.7071996839144
-14.9889154821014 -14.5309953516701 3.54429621251287
-14.9045285487177 -15.5879111173248 3.38139274111134
-14.6300170413157 -16.5195377563672 2.96038260455956
-14.3070445148824 -17.4192293402989 2.47358343428326
-13.9840719884491 -18.3189209242306 1.98678426400695
-13.423624800874 -18.9486483449078 1.33768685075641
-12.834572862781 -19.5458575276324 0.669039980197568
-12.2455209246879 -20.1430667103571 0.000393109638725266
-11.4340695902691 -20.3556915168015 -0.667927063039519
-10.622150392952 -20.5675072708657 -1.33624654844154
-9.79698418512479 -20.739962628775 -1.98587673331418
-8.85640157221818 -20.5694851096207 -2.4726738111307
-7.91581895931156 -20.3990075904663 -2.95947088894722
-6.97188639112163 -20.1719385608803 -3.38195884546895
-6.01443249108936 -19.7164507831951 -3.54487767465175
-5.05697859105708 -19.2609630055098 -3.70779650383456
-4.11966110335445 -18.7757518798366 -3.76417842354153
-3.23580592094528 -18.2116250725385 -3.53770415783789
-2.35195073853611 -17.6474982652403 -3.31122989213426
-1.49920143467096 -17.1173760879099 -2.97561417784099
-0.712673712677922 -16.6596466701747 -2.40764626159373
0.0738540093151186 -16.2019172524396 -1.83967834534647
0.851345944917408 -15.8347083003762 -1.2161897106872
1.61081473293758 -15.6480551562358 -0.481957189604372
2.37028352095775 -15.4614020120954 0.252275331478453
3.15919214820026 -15.3673948341082 0.958382238468227
4.00826382358044 -15.4627183001962 1.60701183854059
4.85733549896062 -15.5580417662842 2.25564143861295
5.75249777433671 -15.6978213835139 2.80529019123809
6.73972928042244 -15.9264053043606 3.15721770612147
7.72696078650818 -16.1549892252074 3.50914522100484
8.74101729464956 -16.3588676741037 3.71795409138725
9.80088482063613 -16.5205547817266 3.6823487856362
10.8607523466227 -16.6822418893495 3.64674347988516
11.8930852800299 -16.7456076419582 3.45615268860501
12.8897041295589 -16.6814444649165 3.06453605631599
13.8863229790879 -16.6172812878748 2.67291942402698
14.7731101633754 -16.3920531232807 2.15776821937241
15.5604498763845 -16.0209880938048 1.53076219752832
16.3477895893936 -15.6499230643289 0.903756175684233
16.9349241904922 -15.0877917684897 0.237541583407944
17.4037457299086 -14.4127480962286 -0.451843676029357
17.8725672693251 -13.7377044239675 -1.14122893546666
18.0773557015597 -12.8939077497144 -1.73990015059953
18.1868936232642 -11.9892330675294 -2.30584607940569
18.2964315449686 -11.0845583853445 -2.87179200821185
18.1446547482977 -10.0881656101859 -3.20138397526787
17.9411041798659 -9.07360090945999 -3.48414759623403
17.737553611434 -8.05903620873404 -3.76691121720019
17.3686091680721 -7.06050487814009 -3.70251762237756
16.9847049750452 -6.06342375362882 -3.60672392253425
16.6008007820183 -5.06634262911756 -3.51093022269093
16.2334554281357 -4.17067058156209 -3.05289549055052
15.8665495504724 -3.27768995925455 -2.5852467801606
15.4996436728092 -2.38470933694701 -2.11759806977068
15.3474005263667 -1.59039053837619 -1.41303190235361
15.1955328773237 -0.796244323364815 -0.7080513086014
15.0436652282807 -0.00209810835344347 -0.0030707148491859
15.1946231660753 0.791932458833314 0.702044895187319
15.3464686345203 1.58596268707583 1.40716090093375
15.4983141029654 2.37999291531835 2.11227690668018
15.8642443083054 3.27252462580054 2.58100294352266
16.2311501859687 4.16550524810809 3.04865165391258
16.59838889259 5.06052363446958 3.50901800268895
16.9823008461028 6.05762491461908 3.60457050283496
17.3662127996156 7.05472619476859 3.70012300298096
17.7362877681849 8.05317201590674 3.76666734118782
17.9398505987958 9.06779783546981 3.48413194255677
18.1434134294067 10.0824236550329 3.20159654392572
18.297093996119 11.0795323922827 2.87390903769575
18.1875560744146 11.9842070744676 2.30796310888959
18.0780181527102 12.8888817566525 1.74201718008343
17.8754025556196 13.7340671675581 1.14409248748188
17.4065810162032 14.4091108398192 0.454707228044582
16.9377594767867 15.0841545120802 -0.234678031392719
16.3525899006223 15.6481059244602 -0.901329292704256
15.5653561711773 16.0191210049831 -1.52849792748964
14.7781224417322 16.390136085506 -2.15566656227502
13.8927388172454 16.6173134276644 -2.67241949840603
12.8961199677164 16.6814766047061 -3.06403613069505
11.8995011181874 16.7456397817478 -3.45565276298407
10.8675709055929 16.6837272852481 -3.64839942776294
9.80769540939366 16.5220389617368 -3.68376112747507
8.74781991319445 16.3603506382255 -3.71912282718719
7.73329441107294 16.1569009117648 -3.51270866132766
6.74606290498721 15.928316990918 -3.16078114644429
5.75883139890147 15.6997330700713 -2.80885363156091
4.86278275341642 15.5590985148816 -2.26110838343657
4.01371107803624 15.4637750487937 -1.61247878336421
3.16463940265606 15.3684515827057 -0.963849183291848
2.37515592438321 15.4606497280858 -0.258291465382838
1.61568713636304 15.6473028722262 0.475941055699987
0.856218348342868 15.8339560163666 1.21017357678281
0.0789000104507917 16.1994258673835 1.83472888889205
-0.707627711542249 16.6571552851187 2.40269680513931
-1.49415543353529 17.1148847028538 2.97066472138657
-2.34620959029868 17.6444423658624 3.30845317660588
-3.22995981661209 18.2087443738948 3.5349005489279
-4.1137100429255 18.7730463819272 3.76134792124992
-5.05050010900147 19.2590417187954 3.70759323721927
-6.00795400903374 19.7145294964806 3.54467440803647
-6.96540790906602 20.1700172741659 3.38175557885366
-7.90952713302895 20.3987967105208 2.96152288379525
-8.85020097641234 20.5689998070848 2.47480606930832
-9.79087481979573 20.7392029036488 1.98808925482139
-10.6167856061199 20.5694813378479 1.33954486455214
-11.4284826363935 20.3576590616772 0.670957633464985
-12.2401796666672 20.1458367855065 0.00237040237783423
-12.8304416796322 19.5504911167376 -0.666125748801921
-13.4195782273826 18.9531961526734 -1.3346214370591
-13.9818887330186 18.3254231090356 -1.98479919496302
-14.3047990605357 17.4256584817127 -2.47150461614836
-14.6277093880529 16.5258938543898 -2.95821003733369
-14.9039162443318 15.5953576000402 -3.38151636222051
-14.9883221401678 14.5384489913105 -3.54445643939967
-15.0727280360039 13.4815403825808 -3.70739651657883
-15.1215611759304 12.427182864616 -3.76471829602155
-15.0748171014545 11.3796796412583 -3.53826384195464
-15.0280730269787 10.3321764179007 -3.31180938788773
-14.9950824096721 9.32826005631344 -2.97709144327511
-14.9917271391353 8.41826275429558 -2.4090920738302
-14.9883718685985 7.50826545227773 -1.84109270438529
-15.0584885493064 6.65095244199099 -1.21801584031021
-15.2767837128176 5.89989329163346 -0.483858496505892
-15.4950788763289 5.14883414127594 0.250298847298423
-15.8074377883811 4.41843505904009 0.956614209631394
-16.314450858742 3.73078962242438 1.60531377891967
-16.8214639291028 3.04314418580866 2.25401334820795
-17.3895755185895 2.33791342290514 2.80442610039579
-18.0810839677473 1.59716667579692 3.15633511221847
-18.772592416905 0.85641992868869 3.50824412404114
-19.4562541012088 0.080409901306473 3.71804740208318
-20.1263650097961 -0.756497172300381 3.68244471188895
-20.7964759183834 -1.59340424590724 3.64684202169472
-21.3681713991809 -2.45553914119293 3.45722546955763
-21.8107476183628 -3.35077248232696 3.06554551558166
-22.2533238375447 -4.24600582346099 2.67386556160569
-22.5024788892081 -5.12673290511713 2.15929560828218
-22.5748502735177 -5.99420151158678 1.53240627934711
-22.6472216578274 -6.86167011805643 0.905516950412042
-22.4552373447312 -7.65145627341582 0.2393588482138
-22.1050950632302 -8.39476679473793 -0.450292863019526
-21.7549527817291 -9.13807731606005 -1.13994457425285
-21.1275770063876 -9.73784593367385 -1.73888442664566
-20.3987471507759 -10.2850851414418 -2.30462811619118
-19.6699172951643 -10.8323243492098 -2.8703718057367
-18.7317616061697 -11.199681304472 -3.20064000154184
-17.7513581264442 -11.5307330047295 -3.48338267590989
-16.7709546467187 -11.861784704987 -3.76612535027794
-15.7219377986143 -12.0419911920179 -3.70278295237004
-14.6664869642956 -12.2080526801174 -3.60698759905938
-13.6110361299768 -12.3741141682169 -3.51119224574871
-12.6513799832926 -12.5038046112948 -3.05422179426519
-11.6945431005923 -12.6324246445221 -2.58662186038274
-10.737706217892 -12.7610446777494 -2.11902192650029
-9.97339963419356 -13.026211235999 -1.41495209328697
-9.21001998207471 -13.2920351935607 -0.70974378255382
-8.44664032995586 -13.5578591511224 -0.00453547182066639
-7.83371188349447 -14.0846143717057 0.700467000153073
-7.22169357130506 -14.6129480607636 1.40546822693301
-6.60967525911565 -15.1412817498215 2.11046945371294
-6.01973847836682 -15.9039381047875 2.57979458591645
-5.42995962520567 -16.6682703404986 3.04743415762393
-4.8387969838343 -17.4337348366693 3.50876712042834
-4.16737161128725 -18.2648729064515 3.6043030260804
-3.49594623874019 -19.0960109762336 3.69983893173246
-2.81674527297732 -19.9162759924462 3.76754968654519
-2.0396581878067 -20.5996612889378 3.48497256466497
-1.26257110263609 -21.2830465854293 3.20239544278474
-0.475902454613707 -21.9153874100698 2.87544346416579
0.362364143220028 -22.2728471805999 2.30952716768827
1.20063074105376 -22.6303069511299 1.74361087121076
2.03393201060166 -22.8786295208619 1.14602182852933
2.85281866989229 -22.8101210326036 0.45648513082402
3.67170532918292 -22.7416125443452 -0.233051566881288
4.45284454836835 -22.5177051542405 -0.899888138847556
5.16779567779235 -22.0213142146404 -1.52692127100905
5.88274680721635 -21.5249232750403 -2.15395440317055
6.5227500445229 -20.8726892769751 -2.67129620010293
7.07683688588118 -20.041804838736 -3.06289351078781
7.63092372723945 -19.2109204004968 -3.4544908214727
8.09376904623994 -18.2868126441287 -3.64829609508314
8.48352626308503 -17.2880292880707 -3.68366205030375
8.87328347993013 -16.2892459320127 -3.71902800552436
9.20453052395617 -15.3088524387785 -3.51352444357537
9.50016566797518 -14.339651836019 -3.16141695367845
9.79580081199419 -13.3704512332595 -2.80930946378152
10.1219683676611 -12.5236118193168 -2.26242984462745
10.4640881417423 -11.7407022525124 -1.61378795452254
10.8062079158234 -10.9577926857081 -0.965146064417622
11.2801497104415 -10.3193855431655 -0.259902049815236
11.8214176763929 -9.7547809029232 0.474250673030404
12.3626856423443 -9.1901762626809 1.20840339587604
13.0673320751904 -8.69959799744273 1.83332919708628
13.8571954081001 -8.2476312966334 2.40128311061657
14.6470587410097 -7.79566459582406 2.96923702414686
15.5312952280946 -7.32252816418565 3.30790849705051
16.4617072334651 -6.83903366725267 3.53439514766792
17.3921192388356 -6.35553917031969 3.76088179828532
18.2815450921653 -5.78751898701447 3.70792129334926
19.1548436397927 -5.18623948279371 3.54500341303558
20.02814218742 -4.58495997857295 3.3820855327219
20.698869170931 -3.88200063717521 2.96252207721217
21.3166045117784 -3.15244239172463 2.47582150563542
21.9343398526258 -2.42288414627404 1.98912093405866
22.2012079943764 -1.622986911574 1.34091538126002
22.4236768908782 -0.814188878958729 0.672272753440854
