2.5978506291328638 2.6631592157806699e-05 -9.3625026441677948e-05
2.589250172406699 0.1039994834739366 -0.083153281722328665
2.5617028344003732 0.20750086743610541 -0.16700814138247849
2.517413277053671 0.30719763502914582 -0.2450458859299397
2.4582724742378428 0.39962059839609121 -0.31411411867596539
2.3778150168717622 0.49375599955985139 -0.3813220242007046
2.2897818272760611 0.57491307240249334 -0.43279502034940359
2.1877989928610568 0.64950922751113382 -0.47340618678474422
2.071704281947496 0.71944936030553353 -0.50123910869579147
1.9541380537821309 0.77732799163706345 -0.51188106575370751
1.8303048018260291 0.82795370662877765 -0.50516719329575122
1.7050339039815621 0.87155024382100443 -0.48015636514001109
1.585486002804853 0.90691736980225091 -0.4363201269293715
1.470052336674097 0.93836717848862927 -0.37178577920929001
1.3654431750224021 0.9682248833478091 -0.28549135141692128
1.2829274762927001 0.99912344500039429 -0.18720446690878251
1.2209328860864621 1.0364000254522161 -0.080637252671720006
1.172406855912439 1.088448582091972 0.038433561313752827
1.1400301059257409 1.155447301613254 0.15496419666333841
1.1222525811119051 1.231496691978158 0.25139040176823629
1.109637648129598 1.331942289130746 0.3423366115904693
1.0980987214452711 1.454494678463544 0.41854207744258343
1.0856989943848789 1.569158722903111 0.46600124646611152
1.0665096441429991 1.7018700796013471 0.49853801628204658
1.0423989312654769 1.828656929150323 0.5108867551540367
1.0078218482876069 1.9585890311773479 0.50555369792301963
0.96254567289441695 2.0875053664742889 0.48360237842964099
0.91036715816453628 2.2023309132155529 0.44818108164403231
0.84762929761918127 2.308965104016659 0.39919712632977999
0.77458356306466691 2.4069807947471449 0.33705760097822612
0.69471902388635798 2.4871442023628969 0.26994091122076691
0.60374935440568467 2.555801106156629 0.19126536623756871
0.51362523228496948 2.6041313076737689 0.1132125461240439
0.40790445613550558 2.6387897667519482 0.025609428310594561
0.3120327403120598 2.6533727472226651 -0.052726346894622807
0.20005941686685341 2.650478286333628 -0.14082154460622001
0.098448937193825248 2.6307729416246071 -0.2173788229894997
-0.0058995135501138211 2.593377753589738 -0.29055283921940728
-0.1128675934425775 2.5372019964310089 -0.35904903012469191
-0.20918415854807559 2.468732830960997 -0.41474622141942041
-0.3071734802461088 2.381882341394546 -0.4615608406953654
-0.39359902606614211 2.2887997116439731 -0.49248384350202762
-0.47314991320752392 2.1859098737681988 -0.50832435838873635
-0.55138413557191202 2.0687137631287822 -0.507864962260548
-0.61625320488625057 1.9567241350906059 -0.48944981428276207
-0.67542164962978224 1.8414743137013641 -0.4513052592223567
-0.72579441034133063 1.7368884290665689 -0.39666906162898868
-0.77664682429230147 1.630789622523942 -0.31437558955719558
-0.82142740865499153 1.5488988001394599 -0.22090828372817911
-0.86724154244786855 1.4873441456729219 -0.116296466338957
-0.92259025217163637 1.442847724927647 0.00017271555531940259
-0.98883598989449151 1.4172498579359929 0.11658448400903761
-1.065049817466353 1.4084751284042389 0.22104912809739319
-1.1585685511554671 1.410706976463294 0.31458982535638708
-1.2757454360309191 1.4197123688011011 0.39665278690751582
-1.3918663954047981 1.4283925113887179 0.45134274750333581
-1.521073222651524 1.4347303059746399 0.48930781123968248
-1.6503699274307639 1.434502046573382 0.50760281341897062
-1.7912714488476189 1.425308030141494 0.50795789459756835
-1.919988424077421 1.4078119695973459 0.49202600173603028
-2.0438073381770199 1.3794236219820979 0.46104523812881731
-2.168016239306239 1.3379151161857781 0.4141325242434894
-2.2752352681072519 1.288737242418444 0.35846282138495711
-2.3773485231835791 1.2241466040238631 0.28986572470658911
-2.461804600944165 1.1524716909423209 0.21665269698215589
-2.529566190478326 1.0742843636378041 0.14007259446470111
-2.5879980602814139 0.9786571119001729 0.051950917922749779
-2.623259835591135 0.88813445307537831 -0.026479125872900869
-2.645990529589461 0.77928995160312864 -0.11403496866131339
-2.6491103410490791 0.67705187078006945 -0.1920409316419667
-2.6350358486014032 0.56384148177106419 -0.27071837445049118
-2.605476603926479 0.45471384176516172 -0.33773921081766223
-2.557025292664326 0.3423844765362884 -0.39979777537732869
-2.4959024005702499 0.23467979032898351 -0.44875003223731919
-2.4225006552656261 0.13218583339193041 -0.48409913489634349
-2.333409114199871 0.028539653266271749 -0.50596866805798701
-2.2382639649150038 -0.066199048657833201 -0.51119297249329931
-2.14030226718477 -0.15064522006050229 -0.4987144987745411
-2.0351201927242291 -0.2333821289746299 -0.46614295209693568
-1.942187880589755 -0.30133547375143133 -0.41864925059131419
-1.8418472618190049 -0.37260652180042009 -0.34231529882072931
-1.7610963929275789 -0.43379839841209961 -0.25112335397627161
-1.7044383056806831 -0.48699777132645539 -0.15496266434558489
-1.662582597747569 -0.54865600557347372 -0.038262240186979268
-1.64181879917889 -0.61682881910805909 0.080922160189711628
-1.6405817442328301 -0.6891944652405233 0.18751468485370221
-1.6551302685111591 -0.77605794487514512 0.28570515106386468
-1.681586245230013 -0.88156318692916258 0.37192326093530831
-1.712078383979416 -0.99727273095525426 0.43639161842809038
-1.741234618853412 -1.118387849622891 0.48015668285550461
-1.7661544290704529 -1.248792671164231 0.50514625220455112
-1.784244138253303 -1.3813960499358651 0.51179864308856793
-1.7928794104665471 -1.512058797470075 0.50113812528671864
-1.790372904089669 -1.647588027886806 0.47326209490138382
-1.7767511326775429 -1.77318177160751 0.43262736901657528
-1.750505336227955 -1.8899007517951509 0.38117491498967959
-1.709215723585549 -2.0066252828364619 0.31392890296310871
-1.658713042836879 -2.1040911919516829 0.24480977156237349
-1.594463953454349 -2.1923480270435278 0.16669876197115671
-1.518666966457942 -2.2678654343680691 0.0829360547498246
-1.432851016979106 -2.3273225235663029 -0.00020533112560830639
-1.338467913285176 -2.371841566963655 -0.083314817282078776
-1.2350876277559351 -2.3996977201225689 -0.16713929551067419
-1.1265096574333999 -2.4111692639998452 -0.24522353378473119
-1.016942254213451 -2.4060850472399369 -0.31426291018486519
-0.89529377271991017 -2.3834666603119752 -0.38139665130605832
-0.78092705847344634 -2.3477443321335749 -0.43287597356399438
-0.66533386349647783 -2.29669044973972 -0.47345428780763799
-0.54679588510282806 -2.2311134055785722 -0.50126012350571147
-0.43798678801951613 -2.158256703936686 -0.511883006364522
-0.33219897643494922 -2.0762986986253642 -0.50516057960586169
-0.23181477332443451 -1.9895772301691359 -0.480134756019922
-0.14126651346253619 -1.9036158621850381 -0.43616664957926171
-0.056485386730368438 -1.8195518569292921 -0.37169826448519788
0.021858531716765869 -1.74371079607118 -0.28515262841977229
0.089791182395259753 -1.6878242270001951 -0.1869681708816687
0.1530554121432342 -1.652819594606062 -0.080386106829696713
0.22223958612631689 -1.6368375794578141 0.038358685747644658
0.29656438483097253 -1.642309353146193 0.15499958626230601
0.37147391221016529 -1.6650070671949191 0.2516420804645611
0.4647258845401892 -1.7043067925130611 0.3425271386489766
0.57660137872106787 -1.7555850794884089 0.41868279983801637
0.68213526388027246 -1.8021925670077521 0.46613341995320851
0.80665088516916228 -1.851925499056712 0.49865638509428339
0.92846290595680381 -1.8944108428285431 0.51099560624773976
1.0582980351485181 -1.929433726585021 0.50565517148891093
1.1925705276548959 -1.954673704386179 0.4837059834114365
1.3181311644132501 -1.966905918511912 0.44827362634704992
1.441801691080153 -1.9658910228473041 0.39930096887541089
1.563218601442822 -1.951631731003401 0.33716699170978509
1.672571679976677 -1.9225457492373961 0.27004951476216921
1.7775542992006701 -1.8780664470603201 0.19133430888267011
1.864396914595609 -1.824249528881065 0.1133442446476976
1.947331325211576 -1.749979602678206 0.025676951797183371
2.0079417687636072 -1.674156263635566 -0.052726573172881722
2.0613934678345629 -1.5757516828885789 -0.14079124411934199
2.0951085287187361 -1.477973866956811 -0.2173129496892531
2.1149088940809389 -1.3687830833485359 -0.29059453877210562
2.1197108338496649 -1.2481159110434239 -0.35906868205819942
2.108550900077613 -1.1305884272893969 -0.41475417068326448
2.0823288047055981 -1.0022853114715691 -0.46157470863977429
2.0449100578832442 -0.88086227516560367 -0.49251351412942612
1.9955895994016939 -0.76060306969255398 -0.50835094699017591
1.9331421664773769 -0.63414537297195261 -0.50788558516923266
1.8686759017195711 -0.52211584389555776 -0.48949454907513129
1.798381974282381 -0.41314545500889738 -0.45132688979258201
1.7330055235315609 -0.3172642951816842 -0.39672469049275672
1.6665118430718791 -0.2201416058349312 -0.31441301229410051
1.6179186496628759 -0.14031703444169941 -0.2208201244096781
1.587574196999936 -0.070036475104840526 -0.116474924534391
1.576661918781362 0.0001647124152763568 1.817454853353976e-05
1.587585234988375 0.070325035209205924 0.1164111381392524
1.618040188250802 0.14067590723847209 0.2208516295900608
1.666731277422324 0.22060090558250511 0.31447663976798201
1.7331583323724431 0.31761972822098328 0.39662165149542328
1.7985905369989339 0.41359612720982392 0.45124303994439702
1.8688999425959461 0.52265541580014374 0.48937703993702342
1.9333520931871739 0.63467391025431852 0.5076948413186283
1.9957695386309131 0.7610465982341692 0.5080928135314553
2.045067673274477 0.88134153223844502 0.4922087440367085
2.0824355785410091 1.0027380374842101 0.4612570055300424
2.1086172564352079 1.1310598400585741 0.41438954639325132
2.119727560996155 1.248581136678907 0.35867691097449378
2.1148878479874149 1.369255630777102 0.29017624592002511
2.0950587707057182 1.4783774344709959 0.21689860158020399
2.0612943904222298 1.5761352991349411 0.14038469725657121
2.0077904292656061 1.67454271201862 0.05228522499841521
1.947166161385983 1.7503066243202641 -0.02613224451269416
1.8642511585174719 1.824496229446352 -0.1137193025479326
1.777305235135797 1.8783522683761911 -0.19177866995943121
1.67232679324572 1.9227843433663649 -0.27045691455456222
1.562983935754491 1.951818694747641 -0.33754453441554938
1.4414810330678021 1.9660404978020889 -0.39969775554951009
1.3178041121834081 1.9670146450543551 -0.44864826092063281
1.1923148050154531 1.9547548981609859 -0.48403317517506023
1.057943921861755 1.9294518474337219 -0.50597627602145345
0.92816630071707273 1.8944090328873531 -0.51127970328957839
0.80631836686357772 1.851869118874151 -0.49889902476074682
0.68187893714035075 1.8021315894662659 -0.46635546930633143
0.57624444507483197 1.755440491637688 -0.41878671275429852
0.46441018905788212 1.70416394346755 -0.34255807617591971
0.37117663740575291 1.6648830236125229 -0.25160322066272461
0.29639181288585281 1.642265492326999 -0.15506519297500171
0.2223182467588754 1.6368609410973569 -0.03873943065059101
0.15295557487955341 1.652870078742011 0.080374445706451136
0.089696035398636714 1.687907260686579 0.18691715749416951
0.021789583508266239 1.7438368402425559 0.28505603371812632
-0.056537243529127167 1.8196818254391089 0.37156329021922219
-0.14144964900876589 1.9038818942014359 0.43607729845717919
-0.2319989118689223 1.989888480755865 0.47999687136245728
-0.33232322656156688 2.0765033351678719 0.50497101671563438
-0.43806670397941799 2.1584143698786979 0.51168398953690208
-0.5469641084663206 2.2313180277164588 0.50102839707081637
-0.66546586838811805 2.296838717215048 0.47321634865943901
-0.78115999628957633 2.3479339707601059 0.43254761735662428
-0.8954545302602297 2.3836068578156988 0.38108817553307051
-1.017110005945105 2.4062026233062088 0.3139252764026092
-1.126691104004454 2.4112610951643489 0.24485403070387121
-1.235260526354639 2.3997527360102051 0.16676055659625519
-1.338636849345114 2.371863878380819 0.082922790496111232
-1.4329516736320831 2.3273382868411239 -0.0001438679355702589
-1.518810090577017 2.2678076400390559 -0.083335551668685295
-1.5945605966777141 2.1922963835106448 -0.16704974551817239
-1.658815866732686 2.103984247145045 -0.24517275508724579
-1.7093068064692529 2.0064678954411699 -0.31429016833298518
-1.7505533535225071 1.8897674516277501 -0.38149439230880833
-1.776794852454604 1.7730412901182491 -0.43291012083801822
-1.790386591004018 1.6474439946550541 -0.47352360781103858
-1.7928715219468081 1.51187454975571 -0.50138535571000442
-1.78420823096059 1.3812115259673181 -0.51201792249535771
-1.766094735455539 1.2485572609909861 -0.50533046609259724
-1.741152868745693 1.1181220851087861 -0.48029538970122743
-1.712000367726785 0.99712440665962954 -0.436533694150534
-1.681470736049294 0.88133932045073538 -0.37195813033183289
-1.6550359795648759 0.77586155967428772 -0.28565467263069422
-1.6405247745645211 0.68904140740893727 -0.18742134237291111
-1.641787699561436 0.61680578649183826 -0.080948789928604714
-1.662630260784252 0.54858489973344626 0.038367779809762761
-1.7043977622073421 0.48708832408472169 0.1547957883774678
-1.7612101115331691 0.43376359501359119 0.25113505931659108
-1.8420234433439719 0.37253868954830538 0.34236274797013982
-1.942314069909052 0.30132727213233118 0.41857480755420517
-2.0352275479810911 0.23344147768243609 0.46597667494757827
-2.1405156163787651 0.15058615988790969 0.49854638228634901
-2.2384566760450788 0.066170354766528244 0.51097865116016372
-2.333561863633201 -0.028555849411650441 0.50571519211797011
-2.4226388135096348 -0.13220635933850261 0.48382158628689781
-2.496091685661384 -0.23476159296507079 0.44841011393391378
-2.5570674973654608 -0.34231794792624459 0.39955630370834888
-2.6055616097108101 -0.45477023984741177 0.33737081514054601
-2.6350893799772361 -0.56389434929924886 0.27037632528459821
-2.6491327748056919 -0.67707193686933076 0.1917138180160603
-2.646018183784216 -0.77931917354110225 0.11367316555930849
-2.623256816016438 -0.88821217284981391 0.02615183462780097
-2.5879998915697562 -0.97868861487657 -0.052222173234207983
-2.5295235777757998 -1.0742855829142119 -0.14039539119478359
-2.461759922486205 -1.152474949421004 -0.2169246095097831
-2.3773214103824798 -1.224107204089556 -0.29012527641873759
-2.2751299192190682 -1.288721340071409 -0.35874278038380741
-2.1679065471505199 -1.3378792174662071 -0.41439391668094572
-2.0436658959148222 -1.3793858001579971 -0.46129723933632322
-1.9198927506335719 -1.4077428428223371 -0.49225274224576537
-1.791058930696982 -1.425235178305468 -0.50817568045933992
-1.650228143233383 -1.4344106271773249 -0.50778484243633992
-1.5209520447714611 -1.434632583355939 -0.48948007570757951
-1.3917432952104809 -1.4282860146081591 -0.45149187485101011
-1.2755510240483281 -1.4195963295060741 -0.39674110001224888
-1.1584436437997889 -1.41060524813605 -0.31469151128374101
-1.064971748056228 -1.408384518764066 -0.22114328804744371
-0.98870602950075936 -1.417201411233751 -0.116573377440718
-0.92250775781824612 -1.442809252289484 -0.00020114033140810689
-0.86713132266868542 -1.487379712510543 0.1163256762083624
-0.82143136011567963 -1.54883225339205 0.22071654636149529
-0.77662438591852623 -1.630773220100636 0.31421786049205769
-0.72574456164382473 -1.7369617858859281 0.39654740348864131
-0.67540756087820319 -1.84148207148833 0.45112094095897509
-0.61618223982431375 -1.956826150674577 0.48926479053027322
-0.55129905506422872 -2.0687754330637542 0.5076455690313233
-0.47299010404726899 -2.1860757189051858 0.50809755322974215
-0.39351954979510517 -2.2888705267922438 0.49224335101181971
-0.30713506878359431 -2.3819056135794661 0.46132611045106908
-0.20897211613213229 -2.4688666253257581 0.41443706509592287
-0.11278800825293871 -2.5372654847446201 0.35871081479637168
-0.0059371020015134132 -2.5933699525219551 0.2902968694162037
0.098526350027338991 -2.6307997120386988 0.2169951902736518
0.1999720294188726 -2.6504571490000668 0.1405671997697874
0.31200767411956498 -2.6533441581755151 0.052452391206944428
0.40800417342901679 -2.638756513393377 -0.026002603226802899
0.51361444737735173 -2.604092612465132 -0.1135110069547445
0.60380479667616105 -2.5557315152002809 -0.1915969278167759
0.69471331961009541 -2.4871017246455871 -0.27022335315559032
0.7746412320831676 -2.4068329535984332 -0.33741518104654028
0.84766232784763274 -2.308859602348408 -0.39950122971933671
0.91038313634127899 -2.2022157115491838 -0.44846982371637001
0.96255431248896162 -2.087380414029929 -0.48388123700578528
1.0078016082993 -1.9584946568778161 -0.50580370683238818
1.042373961997564 -1.828556224431237 -0.51112675512071792
1.0665375205138841 -1.7016834838523349 -0.49877616856447887
1.0856960937196409 -1.569073233248248 -0.46625653217888458
1.098086970834752 -1.454452784316314 -0.41883193132712798
1.109623787241087 -1.3318580691907611 -0.34262872475945783
1.122215967661258 -1.2314476011692279 -0.25170516952765309
1.1400309633847789 -1.1552666041597 -0.15505910072883741
1.1723446039088889 -1.0884310387764979 -0.038844911887403917
1.2209294405053659 -1.0362830282484261 0.080378844020923101
1.282895205632028 -0.99899269599133 0.18692702461811231
1.3653301558524791 -0.96811536192419101 0.28511670789525062
1.470099200758088 -0.93819948838377321 0.37155892102307059
1.5853756772873371 -0.90677088489690916 0.43601302507257689
1.705009213419566 -0.87137001404367398 0.47991425401381071
1.830190614518955 -0.82781259701084309 0.50491711557768382
1.954017642669295 -0.77719498219074612 0.51165515640607451
2.0716639694971319 -0.71929390261175219 0.50100660293234689
2.187659810991827 -0.64943081579349471 0.47320499543390709
2.2897209764846029 -0.57479843602230563 0.4325700631145829
2.377777858169019 -0.4936397097589888 0.38112056057583082
2.4582115097896531 -0.39954239585764539 0.31395146157855708
2.517377814646661 -0.30716975957763598 0.24489100083202051
2.561669810192754 -0.20747921074069589 0.16686738784276739
2.5892416275811052 -0.1039417588794449 0.082971250689396356
