2.5978506291328638 2.6631592157806699e-05 -9.3625026441677948e-05
2.5890865349087244 0.10461430540353993 -0.0836513987971855
2.5619166951254182 0.2066973458394914 -0.16635714341376923
2.5177515276076532 0.30643622559340511 -0.24444989193257255
2.4562830867301062 0.40194818613303485 -0.31577589835492925
2.3796713241255825 0.4915841160111768 -0.3797714094208714
2.2893349698797163 0.57523992979805771 -0.43297296598309681
2.1861005178240225 0.65053245732671616 -0.47381338468981365
2.0735307347693901 0.7183490315144907 -0.5008012289821856
1.9536642061877791 0.77752171079473897 -0.51185537513941182
1.8296329208312334 0.828187533361741 -0.50503304960882078
1.7051193131519693 0.87152051988561097 -0.48017341741728164
1.5838574798356762 0.90736105956398794 -0.43540968484530962
1.4699444762238587 0.9383979641811856 -0.37169680272111472
1.3688725435849587 0.96724606779496969 -0.28832031393915525
1.2844214103067177 0.99856403130157523 -0.188983935811779
1.2198932179385473 1.0375151635809532 -0.078086165508747044
1.1729598133597532 1.0878554852136018 0.037076741208854083
1.1413604649434879 1.1526943276202111 0.15017595875666792
1.1218452970796904 1.2347396650390443 0.25432667888544203
1.1094409014365783 1.3340318922613086 0.34363596757102172
1.0987477987863823 1.4476009715191187 0.41425543601512582
1.0855178480155017 1.5704115105242658 0.46630839171329974
1.0668598496555888 1.6994480982359983 0.49794422045218389
1.0418862473946207 1.830583467981211 0.51080768045515457
1.0072993436216693 1.9600767758051412 0.50530037116210902
0.963405820305692 2.0850562406125359 0.48401940505506441
0.91011809349830708 2.2027542430662943 0.44798661896432218
0.84676370550368718 2.3101265901678825 0.39846077281738279
0.77529799257784637 2.4060221446269208 0.33766536146029758
0.69389379239384807 2.487767023568165 0.26922720589699073
0.60576629188286424 2.5542788770101539 0.1930097240671621
0.5118014085761573 2.6047292120940724 0.11170127606858993
0.41163870150821963 2.6375655684897721 0.028703725848362463
0.30849816419489923 2.6532813799932602 -0.055507180510053725
0.20307919557282886 2.6505563462776314 -0.13844572870683433
0.097208747335145729 2.6303284967609448 -0.21824850214812827
-0.0081479149363030308 2.592196974703243 -0.29199258583105953
-0.1114766934825188 2.5379324466594033 -0.35815837798537981
-0.21039253966437613 2.4676618112854354 -0.41532352822101437
-0.30493315397895504 2.3838680009513138 -0.46049051977229682
-0.39375319205699422 2.2886003158311201 -0.49251454169736991
-0.47503661601733915 2.1830835629216114 -0.50831327955469574
-0.54952399148832942 2.0715002885806415 -0.50787588514012738
-0.61629146397175472 1.9566496130579587 -0.48942514951761745
-0.6750708781590713 1.8421575554110812 -0.45153139363802625
-0.72758716565060644 1.7331480127527925 -0.39376788059326268
-0.77510397707107981 1.6340086289806868 -0.31687234919643448
-0.82065325274663792 1.5503145088643713 -0.22252412389809251
-0.86811057912963996 1.4866455020725893 -0.1144677698459912
-0.92254591387184026 1.4428833697629595 7.9415358628098787e-05
-0.98771253173283013 1.417683970885466 0.11461026263452576
-1.0666336961963552 1.4085129280677917 0.22263337881309067
-1.1619304588980024 1.410965349078825 0.31694428379848821
-1.2716057422041978 1.419394221010198 0.39375361839235373
-1.392297135906269 1.4284136398760923 0.45146931272392543
-1.5208749830091177 1.4347205820137694 0.48924956214542487
-1.6537328851507902 1.4342826089957976 0.50761128829545732
-1.7876095537107699 1.4255469737932125 0.50794866637896563
-1.9196128458851933 1.4078630206632876 0.49207248877869902
-2.0465083774943373 1.3785209805035914 0.46002507706520318
-2.1662990582758432 1.3384889689298689 0.41478108985864182
-2.2765602181521047 1.2878991595547256 0.35757275352596229
-2.3751609760625865 1.2255303133665683 0.29133526341863059
-2.4607908848719169 1.1533319962429496 0.21753146408655047
-2.5311424833271574 1.071704666058805 0.1376953717431246
-2.5861308745904434 0.98171287302356403 0.054766838995581102
-2.6240227702954377 0.88448118813099008 -0.029417856693555351
-2.6455705668957075 0.78130091660234524 -0.11241732392094678
-2.6488147227828671 0.674674018858201 -0.1936934593845846
-2.6351890973598229 0.56507416221196283 -0.26986170267558651
-2.6050453981339414 0.45371413563343993 -0.33829151810961339
-2.5576579977692435 0.34385133803004475 -0.39898737892823555
-2.4962665862334221 0.23532152211276122 -0.44845836229963199
-2.4209304754658105 0.1303591376538776 -0.48448457103080733
-2.3345751737832221 0.029896208783973116 -0.50568243236802712
-2.2396941947174924 -0.06477492860589816 -0.51111444031423592
-2.1386176283617484 -0.15197036799629257 -0.49819281965440232
-2.0361605785813581 -0.23256375464289769 -0.46646512654236288
-1.9364640821637666 -0.30540103680694103 -0.41429488086202054
-1.8435122346593156 -0.37142390641738016 -0.34358192402245319
-1.7637941102522885 -0.43175410603564518 -0.25416988577039534
-1.7026347333933021 -0.4896546391246176 -0.14993401565388376
-1.6623339321625821 -0.54947243771625842 -0.036834897374779206
-1.6422734329628865 -0.61533614116281699 0.078312557965080951
-1.640833132339697 -0.69069540411813457 0.18921134596796485
-1.6559953230741153 -0.77950774346033957 0.28852430116164235
-1.6815676348684689 -0.88148896964660706 0.37186261111642577
-1.7116617278361985 -0.99569163188104437 0.43551069835182865
-1.7412835667371287 -1.118643992827246 0.48020576776120721
-1.7660310782419617 -1.2481471789780432 0.50502255607460478
-1.7841761332390169 -1.3808975513377615 0.51177363461924807
-1.7928381683753782 -1.5142887973330101 0.50067945269079717
-1.7904082260631935 -1.6456781345257794 0.47365492709854912
-1.7768017419290492 -1.7727151505513148 0.43277834006138099
-1.7494972248708076 -1.8927506532078755 0.37953306213351523
-1.7101808661949489 -2.0038968528207612 0.31550077509669239
-1.6581639399671049 -2.104845476283054 0.24414219821713706
-1.5938638368991866 -2.192945930049099 0.16603557746606398
-1.5190270844455549 -2.2675066446874617 0.083334018557581019
-1.4328124231826038 -2.3273407276604057 -0.00023931507475382751
-1.3378522315267278 -2.3720074644098914 -0.083814034341623322
-1.2358526873024376 -2.3994915723469656 -0.16651895753258616
-1.1273794946873565 -2.4110773634403189 -0.2445979871918465
-1.0139332426505767 -2.4055255746763322 -0.31592348334461651
-0.89799735917631862 -2.3839693444705725 -0.37990463207955505
-0.78038156487787469 -2.347503404751297 -0.43306746589659589
-0.66356209199598026 -2.2957102783254095 -0.47386989795980172
-0.54856461287315894 -2.2320918931542488 -0.50084522733114434
-0.43741864632839228 -2.157816542078328 -0.51184690304742042
-0.33153625196645897 -2.0757261738923036 -0.50499536212023532
-0.23177569828679773 -1.9895401345507948 -0.48011578210019557
-0.14011059323177597 -1.9024697193098576 -0.43528767670585222
-0.05630221829853619 -1.8193745401897006 -0.37149592040088042
0.019199997300097894 -1.7462843981386329 -0.28808948116664651
0.088560008867615767 -1.6888370840535241 -0.18874761130891038
0.15454578555384318 -1.6524753082027768 -0.077828092889271214
0.22163298975504533 -1.6369777073488676 0.0373175493700907
0.29362821328244598 -1.6420931929075675 0.150391733978083
0.37444234634788248 -1.6662580717937754 0.25453517004306614
0.46663912411481967 -1.7051837285094453 0.34382951524079258
0.57034916635234245 -1.7527193693306868 0.41442680642032687
0.68333482762627051 -1.802671686186941 0.46644674104089018
0.80441511330743065 -1.8510325067644557 0.49807241073371872
0.93047657730556199 -1.8949540284672093 0.51091277904580512
1.0599157976378197 -1.9297378267663412 0.50539071990631534
1.1900990295656364 -1.9542091225813425 0.48410999301445851
1.31866883684766 -1.9669015061313928 0.44806071185018503
1.4433265400777722 -1.9657119434521031 0.39852064155102013
1.5621109762852083 -1.9517618113219406 0.33773380860576496
1.6735928675773541 -1.9221130898866794 0.26928383571145531
1.7752511296707076 -1.8790422597638465 0.19306120867871709
1.8659131795274571 -1.8228916741166077 0.11174144985079698
1.9444340482900706 -1.752574189672329 0.028739569864402667
2.009604631234529 -1.671094933740819 -0.055466232320788997
2.0599414632922377 -1.5784248233259031 -0.1383989852303793
2.0953518479352717 -1.4766320626297444 -0.21821347947827299
2.1150061439247381 -1.3663393076613035 -0.29198129080557095
2.1196467897269033 -1.2497252655061235 -0.35815543311093512
2.1082152663522655 -1.1289461919102377 -0.41535345732890305
2.0829192731965063 -1.0051744378400373 -0.46052040493145219
2.0448122644773843 -0.88062382326042521 -0.49254491684844398
1.9940486650725038 -0.75748263708320651 -0.50833946385993656
1.9346454077161255 -0.63718947608020937 -0.50789678740841881
1.8685660670634761 -0.5219455770514041 -0.48943491189331367
1.7987995458731494 -0.4137927789000645 -0.45155361962236373
1.7306414995556079 -0.31381132995795918 -0.39379829539148775
1.6685309273789783 -0.22309074170119159 -0.31691241098271244
1.6188225419880355 -0.14180186827087804 -0.2225610656220865
1.5873912738921927 -0.068859688815925163 -0.11452214443769021
1.5766620429425624 0.00016550990110773665 1.9497543292394264e-05
1.5874106961452861 0.069203974412363548 0.11455134640350019
1.6189332338559399 0.14214181547191396 0.22256881039856236
1.6686809143782695 0.22344841225249562 0.31688759943992068
1.7308142914612341 0.31419618205304478 0.39372296408130486
1.7989753511508582 0.41419302540988667 0.45145175317048725
1.8687210002050332 0.52237785222687927 0.48927998622030078
1.9348085113390554 0.63762262876350184 0.50770412740764692
1.9942210316138198 0.75791143317391152 0.50808294028592615
2.0449524003812143 0.88106024887574164 0.49224588545515541
2.0830230526292381 1.0056173691401831 0.4602053762977506
2.1082754386220106 1.1293845204660418 0.41500142972849807
2.1196643371361845 1.2501575746418818 0.35778204872801922
2.1149878861477518 1.3667612567579472 0.29159217295981577
2.0953031304792584 1.4770326931670941 0.21780162436447548
2.0598403066882938 1.5788097295000878 0.13799040706179572
2.0094694915026423 1.6714544888806411 0.055049964164894147
1.9442788940174416 1.752890055768795 -0.029182202250411779
1.865719249271 1.8231826303445557 -0.11216848851450391
1.7750353708800957 1.8793129873296353 -0.19347986624213859
1.6733522973468671 1.9223502992492632 -0.26968832949032728
1.5618498226797317 1.9519514416403823 -0.33812467512962102
1.4430513990151141 1.9658566879116892 -0.3988944553827955
1.3183870915812752 1.9670100531889165 -0.44841752153981312
1.1898143646727883 1.9542840463860625 -0.48444150332853914
1.0596354788817812 1.929770380378369 -0.50570004053496487
0.93020334938721339 1.894959080870511 -0.51119645827885596
0.80415510554361358 1.8510044791553901 -0.49833328595203302
0.68309429400838029 1.8026173587123895 -0.46667331095603681
0.5701331273379503 1.7526384228487586 -0.41462110701441546
0.4664655614444036 1.7051063416641192 -0.3439590622446394
0.37429020919209166 1.6661948256584043 -0.25464069447915766
0.29347990219550563 1.6420530336683306 -0.15049230350057591
0.22153169497085701 1.6370424798918968 -0.037388715202526429
0.15446972882198801 1.6525206069263663 0.077774246772383704
0.088476749744472782 1.6889114971338921 0.18867927759564118
0.019127360790092949 1.7464147085194539 0.28799629814929134
-0.056375379699127204 1.8195250903809617 0.37138452138114109
-0.14019970571802559 1.902642436781347 0.43512762742501021
-0.23184759801560695 1.9897447580174243 0.47992347882890873
-0.33162942213862168 2.0759043401060278 0.50479830511966295
-0.43751645272244699 2.1579881341343286 0.51164905762598789
-0.54866519144383041 2.2322585718033507 0.50062915741265857
-0.66367453295058698 2.2958482717307973 0.47363677033032819
-0.7804803823281139 2.3476338254692122 0.4327865148537548
-0.89809799460407236 2.3840978435280946 0.3796287859899285
-1.0140271049833276 2.4056300185239694 0.31562726774462979
-1.1274692539818589 2.4111786112639844 0.24429431109040306
-1.235938166353221 2.3995699223358771 0.16621099338818426
-1.3379248886669233 2.372055951085839 0.083500187631973186
-1.4328749193817956 2.327374522167045 -7.6267543585070707e-05
-1.5190890687554246 2.2675295429822842 -0.083643858959410719
-1.5939125533315317 2.1929423800837906 -0.16633357305810895
-1.6582035297525137 2.1048258401668845 -0.24442826194729686
-1.7102230245140861 2.0038756044471175 -0.315782989601543
-1.7495130200125248 1.8927109072865269 -0.37979934602713694
-1.7768347615461551 1.7726725018322638 -0.43302937323269308
-1.7904198552515458 1.6456292095861111 -0.47389657595381762
-1.7928282525886698 1.5142351798895051 -0.50090020743991059
-1.7841581568851186 1.380844808252663 -0.51199943527423963
-1.766006098657886 1.2480937288734428 -0.50524149805238827
-1.7412443434137297 1.1186004580610966 -0.4803872062171608
-1.7116106426662681 0.99564635575464633 -0.43570935680565492
-1.6815036225315705 0.88146404400540213 -0.3720276910509876
-1.6559520145405204 0.7795166460406342 -0.28864531814013539
-1.6408053963322413 0.69072035995642445 -0.18932100616963393
-1.642228644268549 0.61536250710745355 -0.078424531545262785
-1.6623436800766924 0.54952292216689658 0.03672720278980543
-1.7026178635663742 0.48970896615551673 0.14983427411016498
-1.7637995960263 0.43180177832142791 0.2540582488426163
-1.8435092708819156 0.37148367684535849 0.34349184627904239
-1.9364971277501102 0.30545759527769689 0.41415444288406672
-2.0362332627838078 0.23265004118960358 0.46628778177372915
-2.1386807594290431 0.15203008091324843 0.4979787894453897
-2.2397753892863674 0.064856896448273527 0.51090566888327693
-2.334649478566194 -0.029821405120115559 0.50544787478534958
-2.4209920988686298 -0.13029023162554237 0.48422632085983092
-2.4963580208779197 -0.23523138654858911 0.4481967262025921
-2.5577038125217473 -0.3437934898889265 0.39874033725462826
-2.6050732595466206 -0.45363781175321127 0.33799704154378496
-2.6352282561163767 -0.56501357058377089 0.26959842610580276
-2.6488275470203453 -0.67461206553288633 0.1934235173570443
-2.6456183999665019 -0.78123178527121184 0.11213592877423437
-2.624044709979525 -0.8844427975797029 0.029181420942024555
-2.58616425297298 -0.98168951340931554 -0.054990031732619321
-2.5311455289358378 -1.0716340202019812 -0.13794974023156897
-2.4607978068926744 -1.1532911470007496 -0.21775867800927823
-2.3751630207231234 -1.2254719212628131 -0.29157454885152961
-2.2765424379843764 -1.2878282257960472 -0.35779433046027814
-2.1662846642616715 -1.3384210595732213 -0.41500620980472019
-2.0464845566297236 -1.3784441359532498 -0.46023313872471061
-1.9195912809082851 -1.4077837746954689 -0.49229000174650339
-1.7875853119716087 -1.4254614925339759 -0.50816604036359292
-1.6537078723578478 -1.4341839148422988 -0.50779449948985833
-1.520847688113671 -1.4346274574901969 -0.48944939418105499
-1.3922762938396165 -1.4283121948200548 -0.45164857986555962
-1.2715734057975085 -1.4192909423539055 -0.39395423943261587
-1.1619131657429445 -1.4108716254902338 -0.31712238154927236
-1.0666288450582724 -1.4084238885014122 -0.22280173820551849
-0.98769096559630731 -1.4175940739795594 -0.11478896140737312
-0.92253605339951594 -1.4427983065543564 -0.00025088211482614253
-0.86810255507887524 -1.4865980031898391 0.1142819436969791
-0.82065211824726181 -1.5502572956570555 0.22234263560380896
-0.77509921773301915 -1.6339563172223153 0.31668576209147731
-0.72758879615073235 -1.7331127824734371 0.39356321503483549
-0.675079448029692 -1.8421210865870623 0.45133226082880973
-0.61628931082049843 -1.9566176249081866 0.48919583185011339
-0.54950801985872622 -2.0714582546164526 0.50765590654192949
-0.4750172182351548 -2.1830392707011903 0.50808585311667187
-0.39375322826149872 -2.288568264736992 0.49228996935612396
-0.30494262763892538 -2.3838478626152257 0.4602788571900972
-0.2103816790545156 -2.4676179157613083 0.41511036452318473
-0.11152256648328034 -2.5379299333626117 0.35790058428782101
-0.008188199582882888 -2.592187963186082 0.29173819052783617
0.097149895010031406 -2.6303065215564505 0.21796104447503287
0.20302404289525411 -2.6505357953177939 0.13816682456847515
0.30845659492738686 -2.6532526515997468 0.055245276132507209
0.41159497838750481 -2.6375779224980009 -0.028977935060232132
0.51175183985449069 -2.6047039662683829 -0.11196765511023581
0.60573606055115481 -2.5542735415035462 -0.1932672703762639
0.69385619046020042 -2.4877487992227239 -0.26948202551176847
0.77525472193107092 -2.4060098263127125 -0.33793679963029927
0.84673157453587544 -2.3101084061383985 -0.39870985847502494
0.9100793851210327 -2.2027321782966647 -0.44823267323094773
0.96337522665730924 -2.0850420611571323 -0.48427897273260678
1.0072542301573932 -1.9600538494219164 -0.50553850024744673
1.041840533922012 -1.8305610867141227 -0.51104462407956008
1.0668631031929723 -1.699429892199003 -0.49822352666240777
1.085505438954629 -1.5703928918624648 -0.46658014832538874
1.0987345474853236 -1.4475713820123663 -0.41455454530191532
1.1094231493569051 -1.3339901256774322 -0.34395398205706113
1.1218086685958186 -1.2346954175458098 -0.25464612795078861
1.1413004356922887 -1.1526409049802027 -0.15049351504795996
1.1729313901813165 -1.0878012180576091 -0.037404979838330271
1.2198576739247984 -1.0374333973520886 0.077748804565329704
1.2843475038868328 -0.99844871436389149 0.18865688198178981
1.3688053472649175 -0.96712305177268665 0.28798399791402113
1.469868142483238 -0.9382654650292328 0.37136828085203999
1.5837582295290789 -0.90721186059104497 0.43510866757272776
1.7050063986456871 -0.87137084696602829 0.47991322109247053
1.8295206161981026 -0.82804572586238467 0.50478329477749162
1.9535526983459144 -0.77738504063780089 0.51162985648665738
2.0734297986114592 -0.71823036213365576 0.50058337320864943
2.1860080243340887 -0.65042566968815008 0.47360089173275588
2.2892494544905868 -0.57514323718500027 0.43275779626677069
2.3796116496072477 -0.49149440309795994 0.37958918513566425
2.4562320408949407 -0.4018581269253112 0.31560449037274974
2.5177313495663571 -0.30637403814438369 0.24426822302730722
2.5618955561707764 -0.20663149138280407 0.16618048297656915
2.5890779798887631 -0.10455628728827043 0.083469201515350228
