54.4604906615023 -9.43043663952352e-14 0
54.4208623262161 1.16417304558876 0.873049886544442
54.3021630530818 2.32439319170881 1.74265424404525
54.1049488201494 3.47673543243596 2.6053811413878
53.8301421988728 4.61733034967467 3.45782578965071
53.4790262956743 5.74239141032553 4.29662397925221
53.0532363289408 6.84824167128228 5.11846535694838
52.5547488997631 7.9313397013807 5.92010649028507
51.9858690306892 8.98830453494563 6.69838366794398
51.3492150622012 10.0159394784133 7.45022538546593
50.6477015114402 11.0112545995978 8.17266446707566
49.8845200117818 11.971487738463 8.86284977576908
49.0631184651189 12.8941238886961 9.51805746544845
48.1871785510389 13.77691281087 10.1357017306985
47.2605917484037 14.6178847504671 10.7133450117792
46.2874340350761 15.4153641474072 11.2487076145601
45.2719394406134 16.1679812379041 11.7396767074321
44.2184726346021 16.8746814643527 12.1843146596879
43.1315007398874 17.5347326244269 12.5808666884658
42.0155645652028 18.147729706535 12.9277677840756
40.8752494556052 18.713597375124 13.223648886377
39.7151559616271 19.232590085928 13.4673422878343
38.5398705291657 19.7052898280083 13.657886241925
37.3539364118222 20.1326015062098 13.7945287587135
36.1618250056932 20.5157459943487 13.8767305726121
34.9679078035034 20.8562509059236 13.9041672706158
33.7764291604864 21.1559391453023 13.8767305726121
32.5914800585932 21.4169153180544 13.7945287587135
31.4169730484779 21.641550094272 13.657886241925
30.256618540332 21.8324626332399 13.4673422878343
29.1139026050655 21.9925011915762 13.223648886377
27.9920664366342 22.1247220498733 12.9277677840756
26.8940876145675 22.2323669048321 12.5808666884658
25.8226632930327 22.3188388848188 12.1843146596879
24.7801954291836 22.3876773566021 11.7396767074321
23.7687781491597 22.4425316996845 11.2487076145601
22.7901873350501 22.4871342320618 10.7133450117792
21.8458725004999 22.525272477373 10.1357017306985
20.9369510065384 22.5607609682077 9.51805746544845
20.0642046527554 22.5974127837668 8.86284977576908
19.2280786622614 22.6390110221222 8.17266446707566
18.4286830620559 22.6892804079572 7.45022538546593
17.6657964436146 22.7518592359007 6.69838366794398
16.9388720718052 22.8302718473977 5.92010649028507
16.2470462937788 22.9279018354893 5.11846535694839
15.5891491833599 23.0479661669539 4.29662397925221
14.9637173408045 23.1934904049986 3.45782578965071
14.3690087527049 23.3672852081446 2.6053811413878
13.8030196024098 23.5719242721736 1.74265424404524
13.2635029076947 23.8097238720455 0.873049886544438
12.7479888496549 24.0827241496428 -4.47197749841035e-15
12.2538066449955 24.3926722811146 -0.873049886544441
11.7781078031391 24.7410076445678 -1.74265424404525
11.3178905999358 25.1288490949751 -2.6053811413878
10.8700255913158 25.5569844385452 -3.45782578965072
10.4312819830251 26.0258621835116 -4.29662397925222
9.99835466667887 26.5355856284784 -5.11846535694839
9.56789172780719 27.0859093331964 -5.92010649028507
9.13652222836905 27.6762380000649 -6.69838366794399
8.70088406441018 28.3056277778705 -7.45022538546593
8.25765169914176 28.9727899824045 -8.17266446707565
7.80356357272624 29.676097211759 -8.86284977576906
7.33544899246575 30.4135918174158 -9.51805746544843
6.85025431088024 31.1829966758148 -10.1357017306985
6.34506820430986 31.9817281890501 -10.7133450117792
5.81714587114322 32.8069114277905 -11.2487076145601
5.26393197651395 33.6553973145765 -11.739676707432
4.68308217926742 34.5237817314071 -12.1843146596879
4.07248308711603 35.4084264220954 -12.5808666884658
3.43027049710165 36.3054815473431 -12.9277677840756
2.75484579069056 37.2109097389402 -13.2236488863769
2.04489036595299 38.1205114890221 -13.4673422878343
1.29937800323285 39.0299517009883 -13.657886241925
0.51758507539732 39.9347872205623 -13.7945287587135
-0.300901470934971 40.8304951586173 -13.8767305726121
-1.15617842096083 41.7125018118472 -13.9041672706158
-2.04802292559295 42.5762119831714 -13.8767305726121
-2.97589148870571 43.4170385009508 -13.7945287587136
-3.93892131603374 44.2304317346842 -13.657886241925
-4.93593401726833 45.0119089048535 -13.4673422878343
-5.96544163619258 45.7570829860015 -13.223648886377
-7.02565496716972 46.4616910049378 -12.9277677840757
-8.11449410006336 47.1216215401626 -12.5808666884659
-9.22960111984231 47.7329412341482 -12.184314659688
-10.3683548718127 48.2919201369733 -11.7396767074321
-11.5278876887367 48.7950557079354 -11.2487076145602
-12.7051039621453 49.2390953110958 -10.7133450117793
-13.8967004270238 49.6210570511908 -10.1357017306986
-15.099188016846 49.9382488078858 -9.51805746544856
-16.3089151347291 50.1882853388872 -8.86284977576921
-17.5220921763713 50.3691033358571 -8.1726644670758
-18.7348171314682 50.4789743313229 -7.45022538546609
-19.9431020825719 50.5165153697199 -6.69838366794415
-21.1429004138829 50.480697371257 -5.92010649028524
-22.3301345373258 50.3708511333429 -5.11846535694857
-23.5007239394627 50.1866709307322 -4.2966239792524
-24.6506133503943 49.9282156922495 -3.45782578965091
-25.7758008347887 49.5959077487839 -2.605381141388
-26.8723656055785 49.1905291641276 -1.74265424404546
-27.9364953626681 48.7132156770126 -0.873049886544662
-28.9645129621923 48.1654482992858 -2.25694289962753e-13
-29.9529022264302 47.5490426314238 0.873049886544211
-30.8983327103855 46.8661359724188 1.74265424404501
-31.797683248243 46.1191723163479 2.60538114138756
-32.6480641113608 45.3108853425749 3.45782578965047
-33.4468376190939 44.4442795204068 4.29662397925197
-34.1916370544973 43.5226094620607 5.11846535694815
-34.8803837487626 42.5493576698765 5.92010649028483
-35.5113022109997 41.5282108347745 6.69838366794374
-36.0829331936153 40.4630348529098 7.4502253854657
-36.5941445979513 39.3578487362596 8.17266446707543
-37.0441401399351 38.2167976004245 8.86284977576886
-37.4324657111554 37.0441249191901 9.51805746544823
-37.7590133868976 35.8441442403211 10.1357017306983
-38.024023049141 34.6212105606291 10.713345011779
-38.2280816092219 33.3796915605286 11.24870761456
-38.3721198316832 32.1239388990696 11.7396767074319
-38.4574067776423 30.8582597697958 12.1843146596878
-38.4855419027066 29.5868889157361 12.5808666884657
-38.4584448609157 28.3139612984032 12.9277677840755
-38.3783430822953 27.0434856108779 13.2236488863769
-38.2477572072415 25.7793188189258 13.4673422878342
-38.0694844760146 24.5251419066763 13.657886241925
-37.8465801859992 23.2844369947413 13.7945287587135
-37.582337342983 22.060465988823 13.8767305726121
-37.2802646454253 20.8562509059239 13.9041672706158
-36.9440629524342 19.6745560133153 13.8767305726122
-36.5776003968734 18.5178719025082 13.7945287587136
-36.1848863145935 17.3884016067166 13.6578862419251
-35.7700441691678 16.2880488557824 13.4673422878344
-35.3372836586389 15.2184085473642 13.223648886377
-34.8908721966187 14.18075949747 12.9277677840757
-34.4351059645663 13.1760595172634 12.5808666884659
-33.974280735183 12.2049428465884 12.184314659688
-33.5126626685804 11.2677199579746 11.7396767074322
-33.0544592831857 10.364379728106 11.2487076145602
-32.6037908022428 9.4945939569884 10.7133450117793
-32.164662074263 8.65772419844182 10.1357017306986
-31.740935261887 7.85283084920812 9.51805746544855
-31.3363034883645 7.07868442799227 8.86284977576919
-30.954265624286 6.33377896028226 8.17266446707576
-30.598102389349 5.61634736991337 7.45022538546604
-30.2708539348665 4.92437876416416 6.69838366794408
-29.9752990624952 4.25563748579871 5.92010649028518
-29.7139362233405 3.60768379298908 5.11846535694848
-29.4889664292678 2.9778960165576 4.29662397925231
-29.3022781950031 2.36349403354661 3.45782578965082
-29.1554346155235 1.76156388683057 2.60538114138788
-29.0496626684317 1.16908337239413 1.74265424404534
-28.985844815573 0.582948409069084 0.873049886544516
-28.9645129621925 -4.15014148237471e-14 7.92044273572321e-14
-28.985844815573 -0.582948409069191 -0.873049886544382
-29.0496626684317 -1.1690833723942 -1.74265424404518
-29.1554346155234 -1.76156388683065 -2.60538114138773
-29.3022781950031 -2.36349403354667 -3.45782578965064
-29.4889664292678 -2.97789601655769 -4.29662397925218
-29.7139362233404 -3.60768379298917 -5.11846535694835
-29.9752990624952 -4.25563748579878 -5.92010649028503
-30.2708539348664 -4.92437876416423 -6.69838366794394
-30.5981023893489 -5.61634736991343 -7.45022538546591
-30.9542656242859 -6.33377896028232 -8.17266446707563
-31.3363034883644 -7.0786844279923 -8.86284977576905
-31.740935261887 -7.8528308492082 -9.51805746544845
-32.1646620742629 -8.65772419844186 -10.1357017306985
-32.6037908022427 -9.49459395698845 -10.7133450117792
-33.0544592831857 -10.3643797281061 -11.2487076145601
-33.5126626685803 -11.2677199579746 -11.7396767074321
-33.9742807351829 -12.2049428465884 -12.1843146596879
-34.4351059645663 -13.1760595172634 -12.5808666884658
-34.8908721966187 -14.18075949747 -12.9277677840756
-35.3372836586388 -15.2184085473642 -13.223648886377
-35.7700441691677 -16.2880488557824 -13.4673422878343
-36.1848863145935 -17.3884016067165 -13.657886241925
-36.5776003968733 -18.5178719025081 -13.7945287587135
-36.9440629524342 -19.6745560133153 -13.8767305726121
-37.2802646454252 -20.8562509059239 -13.9041672706158
-37.5823373429829 -22.0604659888229 -13.8767305726121
-37.8465801859991 -23.2844369947413 -13.7945287587135
-38.0694844760146 -24.5251419066762 -13.657886241925
-38.2477572072414 -25.7793188189258 -13.4673422878343
-38.3783430822952 -27.0434856108778 -13.2236488863769
-38.4584448609157 -28.3139612984031 -12.9277677840756
-38.4855419027066 -29.5868889157361 -12.5808666884658
-38.4574067776424 -30.8582597697958 -12.1843146596878
-38.3721198316833 -32.1239388990695 -11.739676707432
-38.228081609222 -33.3796915605285 -11.24870761456
-38.024023049141 -34.621210560629 -10.7133450117791
-37.7590133868976 -35.8441442403211 -10.1357017306984
-37.4324657111555 -37.0441249191901 -9.51805746544833
-37.0441401399352 -38.2167976004245 -8.86284977576896
-36.5941445979514 -39.3578487362596 -8.17266446707555
-36.0829331936154 -40.4630348529099 -7.45022538546582
-35.5113022109998 -41.5282108347745 -6.69838366794385
-34.8803837487627 -42.5493576698766 -5.92010649028491
-34.1916370544974 -43.5226094620608 -5.11846535694822
-33.4468376190939 -44.4442795204069 -4.29662397925205
-32.6480641113609 -45.310885342575 -3.45782578965053
-31.797683248243 -46.1191723163481 -2.60538114138762
-30.8983327103856 -46.8661359724189 -1.74265424404507
-29.9529022264303 -47.549042631424 -0.873049886544246
-28.9645129621923 -48.1654482992859 2.15478011012229e-13
-27.9364953626681 -48.7132156770128 0.873049886544652
-26.8723656055785 -49.1905291641278 1.74265424404545
-25.7758008347887 -49.5959077487841 2.60538114138802
-24.6506133503943 -49.9282156922497 3.45782578965093
-23.5007239394627 -50.1866709307324 4.29662397925242
-22.3301345373257 -50.3708511333431 5.11846535694862
-21.1429004138828 -50.4806973712572 5.9201064902853
-19.9431020825718 -50.5165153697201 6.6983836679442
-18.7348171314681 -50.4789743313231 7.45022538546614
-17.5220921763712 -50.3691033358573 8.17266446707585
-16.308915134729 -50.1882853388874 8.86284977576928
-15.0991880168458 -49.938248807886 9.51805746544865
-13.8967004270237 -49.6210570511909 10.1357017306987
-12.7051039621451 -49.239095311096 10.7133450117794
-11.5278876887365 -48.7950557079355 11.2487076145603
-10.3683548718125 -48.2919201369734 11.7396767074322
-9.22960111984214 -47.7329412341483 12.184314659688
-8.11449410006314 -47.1216215401627 12.5808666884659
-7.02565496716949 -46.4616910049378 12.9277677840757
-5.96544163619233 -45.7570829860015 13.2236488863771
-4.93593401726808 -45.0119089048535 13.4673422878344
-3.93892131603353 -44.2304317346842 13.6578862419251
-2.97589148870547 -43.4170385009508 13.7945287587136
-2.0480229255927 -42.5762119831714 13.8767305726122
-1.15617842096057 -41.7125018118472 13.9041672706158
-0.300901470934732 -40.8304951586172 13.8767305726121
0.517585075397582 -39.9347872205622 13.7945287587135
1.29937800323309 -39.0299517009882 13.657886241925
2.04489036595324 -38.120511489022 13.4673422878342
2.75484579069079 -37.2109097389401 13.2236488863769
3.43027049710191 -36.305481547343 12.9277677840755
4.07248308711627 -35.4084264220952 12.5808666884656
4.68308217926764 -34.5237817314069 12.1843146596877
5.26393197651417 -33.6553973145763 11.7396767074319
5.81714587114346 -32.8069114277903 11.2487076145599
6.34506820431007 -31.9817281890499 10.7133450117789
6.85025431088044 -31.1829966758146 10.1357017306982
7.33544899246598 -30.4135918174156 9.51805746544814
7.80356357272645 -29.6760972117588 8.86284977576876
8.25765169914198 -28.9727899824043 8.17266446707531
8.70088406441038 -28.3056277778704 7.45022538546557
9.13652222836926 -27.6762380000648 6.69838366794361
9.56789172780739 -27.0859093331963 5.92010649028469
9.99835466667908 -26.5355856284783 5.11846535694795
10.4312819830253 -26.0258621835115 4.29662397925178
10.8700255913161 -25.5569844385452 3.45782578965027
11.317890599936 -25.1288490949751 2.60538114138735
11.7781078031394 -24.7410076445678 1.74265424404478
12.2538066449958 -24.3926722811146 0.873049886543977
12.7479888496552 -24.0827241496428 -4.85461686754367e-13
13.263502907695 -23.8097238720455 -0.873049886544946
13.8030196024101 -23.5719242721737 -1.74265424404574
14.3690087527052 -23.3672852081446 -2.60538114138828
14.9637173408048 -23.1934904049987 -3.45782578965119
15.5891491833603 -23.0479661669541 -4.2966239792527
16.2470462937792 -22.9279018354894 -5.11846535694885
16.9388720718057 -22.8302718473978 -5.92010649028557
17.6657964436151 -22.7518592359009 -6.69838366794446
18.4286830620564 -22.6892804079573 -7.45022538546639
19.2280786622619 -22.6390110221224 -8.17266446707609
20.0642046527559 -22.5974127837669 -8.86284977576949
20.936951006539 -22.5607609682078 -9.51805746544883
21.8458725005005 -22.5252724773732 -10.1357017306989
22.7901873350507 -22.4871342320619 -10.7133450117795
23.7687781491603 -22.4425316996847 -11.2487076145604
24.7801954291843 -22.3876773566022 -11.7396767074324
25.8226632930334 -22.318838884819 -12.1843146596881
26.8940876145682 -22.2323669048323 -12.5808666884661
27.992066436635 -22.1247220498734 -12.9277677840758
29.1139026050662 -21.9925011915763 -13.2236488863771
30.2566185403327 -21.8324626332399 -13.4673422878345
31.4169730484787 -21.641550094272 -13.6578862419251
32.5914800585941 -21.4169153180544 -13.7945287587136
33.7764291604873 -21.1559391453023 -13.8767305726122
34.9679078035042 -20.8562509059236 -13.9041672706158
36.161825005694 -20.5157459943487 -13.8767305726121
37.353936411823 -20.1326015062097 -13.7945287587135
38.5398705291665 -19.7052898280082 -13.6578862419249
39.715155961628 -19.2325900859278 -13.4673422878342
40.875249455606 -18.7135973751238 -13.2236488863768
42.0155645652036 -18.1477297065347 -12.9277677840754
43.1315007398882 -17.5347326244266 -12.5808666884655
44.2184726346029 -16.8746814643524 -12.1843146596876
45.2719394406141 -16.1679812379037 -11.7396767074317
46.2874340350769 -15.4153641474068 -11.2487076145597
47.2605917484045 -14.6178847504667 -10.7133450117788
48.1871785510397 -13.7769128108695 -10.135701730698
49.0631184651196 -12.8941238886956 -9.51805746544794
49.8845200117824 -11.9714877384625 -8.86284977576855
50.6477015114408 -11.0112545995972 -8.17266446707511
51.3492150622017 -10.0159394784127 -7.45022538546536
51.9858690306897 -8.98830453494495 -6.69838366794335
52.5547488997636 -7.93133970137998 -5.92010649028438
53.0532363289412 -6.84824167128151 -5.11846535694768
53.4790262956746 -5.74239141032477 -4.29662397925149
53.8301421988731 -4.61733034967391 -3.45782578964999
54.1049488201496 -3.47673543243517 -2.60538114138706
54.3021630530819 -2.32439319170799 -1.74265424404451
54.4208623262161 -1.16417304558796 -0.873049886543707

41.4486618744465 35.7497057782444 7.30746599869182e-13
40.6699887991748 36.6160414677322 0.873049886545166
39.8332847461533 37.4285232414126 1.74265424404601
38.9414985644536 38.1845017461101 2.60538114138855
37.9978241988197 38.8816058530941 3.4578257896515
37.0056785023566 39.5177596746353 4.29662397925298
35.9686776184929 40.0911976070176 5.11846535694913
34.8906120995835 40.6004772912677 5.92010649028579
33.7754209381872 41.0444903973514 6.69838366794472
32.6271646944953 41.4224711527478 7.45022538546664
31.4499979095312 41.734002552027 8.17266446707633
30.2481409985537 41.9790202002309 8.86284977576971
29.0258518225444 42.1578137593653 9.51805746544904
27.7873971377154 42.2710259840432 10.1357017306991
26.5370241236223 42.3196493491575 10.7133450117797
25.2789321897159 42.3050202892873 11.2487076145606
24.0172452580006 42.2288110862345 11.7396767074325
22.7559847159214 42.0930194575362 12.1843146596883
21.4990432286938 41.8999559148851 12.5808666884662
20.2501595940481 41.6522289769938 12.9277677840759
19.0128948148451 41.3527283364694 13.2236488863772
17.7906095562623 41.004606094593 13.4673422878345
16.5864431443353 40.611256191446 13.6578862419252
15.4032942516168 40.1762921714791 13.7945287587137
14.2438034036776 39.7035234363038 13.8767305726122
13.1103374271982 39.1969301471112 13.9041672706158
12.0049759465788 38.6606369486179 13.8767305726121
10.9295000214263 38.098885694735 13.7945287587134
9.88538300206574 37.5160073631956 13.6578862419248
8.87378366447019 36.9163933521136 13.4673422878341
7.89554166982505 36.3044663558312 13.2236488863767
6.95117537745294 35.6846510204282 12.9277677840752
6.0408820231324 35.061344580877 12.5808666884654
5.16454025807772 34.438887682032 12.1843146596874
4.32171502711399 33.8215355844357 11.7396767074315
3.51166474800628 33.2134299533128 11.2487076145596
2.73335073759764 32.6185714251267 10.7133450117786
1.98544881449445 32.0407931407257 10.1357017306979
1.26636299261889 31.483735427428 9.51805746544773
0.574241165137187 30.9508218044565 8.86284977576832
-0.0930073358277571 30.4452364769658 8.17266446707487
-0.737692431580105 29.9699034735937 7.45022538546511
-1.36232238159781 29.5274675710671 6.69838366794309
-1.96958141230352 29.1202771369966 5.92010649028415
-2.56230605184621 28.7503690086788 5.11846535694745
-3.14346034205743 28.4194555115883 4.29662397925126
-3.71611010672082 28.1289137063835 3.4578257896497
-4.2833964619998 27.8797769377719 2.60538114138678
-4.84850876026468 27.6727287425898 1.74265424404422
-5.41465716260718 27.5080991580657 0.873049886543413
-5.98504503799884 27.3858634545619 -1.02542903823864e-12
-6.56284138832203 27.3056433002484 -0.87304988654546
-7.15115349836758 27.2667103482761 -1.74265424404625
-7.75300000835403 27.2679922201882 -2.60538114138884
-8.37128460359053 27.3080808426799 -3.45782578965173
-9.00877051159778 27.3852430784751 -4.29662397925326
-9.66805599135069 27.4974335761772 -5.1184653569494
-10.3515509923516 27.6423097485572 -5.92010649028605
-11.0614551530331 27.8172487739901 -6.69838366794493
-11.7997372985812 28.0193665017347 -7.45022538546684
-12.5681165877311 28.2455381285704 -8.17266446707653
-13.3680454464902 28.4924205020572 -8.86284977576994
-14.2006944141686 28.7564758944457 -9.51805746544926
-15.0669390136396 29.0339970811221 -10.1357017306993
-15.9673487434926 29.3211335484908 -10.7133450117799
-16.9021782747967 29.6139186484464 -11.2487076145608
-17.8713609196537 29.9082975101096 -11.7396767074326
-18.8745044227049 30.2001555143549 -12.1843146596885
-19.9108891103704 30.4853471328706 -12.5808666884663
-20.9794684159671 30.759724931092 -12.927767784076
-22.0788717820781 31.019168533351 -13.2236488863773
-23.2074099247624 31.2596133490014 -13.4673422878346
-24.3630824275032 31.4770788601024 -13.6578862419252
-25.5435876163279 31.6676962744555 -13.7945287587137
-26.746334651393 31.8277353523825 -13.8767305726122
-27.9684577546454 31.9536302215561 -13.9041672706158
-29.2068324780325 32.0420040014197 -13.8767305726121
-30.4580939022743 32.0896920672051 -13.7945287587134
-31.7186566425035 32.0937637932121 -13.6578862419248
-32.984736524241 32.0515426257908 -13.467342287834
-34.2523737812882 31.960624348288 -13.2236488863766
-35.5174576162619 31.8188934129946 -12.9277677840752
-36.7757519547619 31.6245372287821 -12.5808666884653
-38.0229222155978 31.3760583075405 -12.1843146596873
-39.2545629121877 31.0722841876197 -11.7396767074314
-40.4662258942134 30.7123750681469 -11.2487076145594
-41.653449033929 30.2958291042043 -10.7133450117784
-42.8117851581967 29.8224853293177 -10.1357017306977
-43.9368310253977 29.2925241883975 -9.51805746544755
-45.024256145839 28.7064656810707 -8.86284977576813
-46.069831245169 28.0651651321415 -8.17266446707467
-47.0694561726021 27.369806622584 -7.45022538546486
-48.0191870594355 26.6218941308967 -6.69838366794288
-48.9152625383841 25.8232404507211 -5.92010649028389
-49.7541288406268 24.9759539662232 -5.11846535694717
-50.53246359512 24.0824233817567 -4.29662397925098
-51.24719816361 23.1453005166654 -3.45782578964946
-51.8955383548372 22.1674812896261 -2.60538114138649
-52.4749833725713 21.1520850296082 -1.74265424404393
-52.9833428642934 20.1024322622221 -0.873049886543119
-53.418751950444 19.0220211308786 1.3201114766081e-12
-53.7796841281096 17.9145026217065 0.873049886545754
-54.0649619577178 16.7836547695003 1.74265424404655
-54.273765456651 15.6333560290556 2.60538114138908
-54.4056381395646 14.4675580020247 3.45782578965197
-54.4604906615022 13.2902577138615 4.29662397925354
-54.438602036507 12.1054696384975 5.11846535694967
-54.3406184212442 10.9171976700528 5.92010649028632
-54.1675494700277 9.7294072411659 6.69838366794519
-53.9207622844966 8.54599778637641 7.45022538546709
-53.6019729978668 7.3707757464666 8.17266446707677
-53.2132360500981 6.20742830574426 8.86284977577013
-52.7569312263369 5.05949804898234 9.51805746544947
-52.2357485465123 3.93035871814562 10.1357017306995
-51.6526711088721 2.82319224117736 10.7133450117801
-51.0109560044379 1.74096719605322 11.2487076145609
-50.3141134327343 0.68641886309135 11.7396767074328
-49.5658841616207 -0.337968992790954 12.1843146596886
-48.7702154855264 -1.3299804804751 12.5808666884664
-47.931235846788 -2.28768196550325 12.9277677840761
-47.0532282940425 -3.20943437523861 13.2236488863774
-46.1406029596637 -4.09390333890427 13.4673422878347
-45.1978687449988 -4.94006709044349 13.6578862419253
-44.229604407616 -5.7472220780137 13.7945287587137
-43.2404292488696 -6.51498624019697 13.8767305726122
-42.2349736028024 -7.24329992555715 13.9041672706158
-41.2178493287207 -7.93242444889166 13.8767305726121
-40.1936205096739 -8.58293829429079 13.7945287587134
-39.1667745575651 -9.19573099181095 13.6578862419247
-38.1416939227052 -9.77199471107914 13.4673422878339
-37.1226286013407 -10.3132136313494 13.2236488863765
-36.1136696290405 -10.8211511633199 12.927767784075
-35.1187237408864 -11.2978351132821 12.5808666884652
-34.1414893711984 -11.7455408947941 12.1843146596872
-33.1854341561186 -12.1667729069611 11.7396767074313
-32.2537740918279 -12.5642442114495 11.2487076145592
-31.3494544895566 -12.9408546524917 10.7133450117782
-30.4751328559588 -13.2996675752378 10.1357017306975
-29.6331638139312 -13.6438853078344 9.51805746544733
-28.8255861646742 -13.9768235814615 8.86284977576791
-28.0541121768042 -14.3018850701889 8.17266446707443
-27.3201191727506 -14.6225322388656 7.45022538546465
-26.6246434666075 -14.9422596922821 6.69838366794262
-25.9683766911715 -15.2645662225156 5.92010649028362
-25.3516645352106 -15.5929267536496 5.1184653569469
-24.7745078951695 -15.9307643839456 4.2966239792507
-24.2365664286692 -16.2814227250129 3.45782578964918
-23.7371644803952 -16.648138735599 2.60538114138624
-23.2752993344274 -17.0340162442963 1.74265424404368
-22.8496517308439 -17.4420003507749 0.873049886542875
-22.4585985686643 -17.8748528891228 -1.51599886446827e-12
-22.1002277019718 -18.3351291295599 -0.873049886545999
-21.7723547214966 -18.8251558862272 -1.74265424404674
-21.4725416001437 -19.3470111890105 -2.60538114138922
-21.198117068006 -19.9025056664997 -3.45782578965207
-20.9461985704139 -20.4931657752862 -4.29662397925354
-20.7137156516108 -21.1202189979494 -5.11846535694963
-20.4974345967944 -21.7845811183658 -5.92010649028623
-20.2939841565919 -22.4868456684847 -6.6983836679451
-20.0998821705998 -23.2272756255621 -7.45022538546696
-19.9115629004798 -24.0057974231256 -8.17266446707661
-19.7254048782865 -24.8219973227746 -8.86284977576998
-19.537759072262 -25.6751201774132 -9.51805746544925
-19.3449771702767 -26.5640705997843 -10.1357017306992
-19.1434397804444 -27.487416533336 -10.7133450117798
-18.9295843492035 -28.4433952056311 -11.2487076145607
-18.6999325993125 -29.4299214278158 -11.7396767074326
-18.4511172937611 -30.4445981872219 -12.1843146596883
-18.1799081365093 -31.4847294640913 -12.5808666884662
-17.8832366272052 -32.547335187807 -12.9277677840759
-17.5582196945554 -33.6291682329946 -13.2236488863772
-17.2021819417748 -34.7267333415241 -13.4673422878345
-16.8126763474649 -35.8363078429033 -13.6578862419251
-16.3875032762861 -36.9539640329012 -13.7945287587136
-15.9247276658366 -38.0755930585575 -13.8767305726122
-15.4226942691208 -39.1969301471128 -13.9041672706158
-14.8800408458177 -40.3135810069022 -13.8767305726121
-14.2957092101244 -41.4210492199638 -13.7945287587135
-13.6689540581691 -42.5147644390698 -13.6578862419249
-12.9993495137361 -43.5901111961643 -13.4673422878342
-12.286793347227 -44.6424581247993 -13.2236488863768
-11.5315088392739 -45.6671873961568 -12.9277677840755
-10.7340442771135 -46.6597241666297 -12.5808666884656
-9.89527008859537 -47.6155658347372 -12.1843146596877
-9.01637363543685 -48.5303109063584 -11.7396767074319
-8.0988517039069 -49.3996872698816 -11.24870761456
-7.14450074743102 -50.2195796868646 -10.7133450117791
-6.15540495152232 -50.9860563091584 -10.1357017306984
-5.13392220686645 -51.6953940401171 -9.51805746544838
-4.08266809119674 -52.3441025654694 -8.86284977576901
-3.00449797469826 -52.9289468885891 -8.17266446707563
-1.90248737696732 -53.4469682152235 -7.45022538546595
-0.779910715941683 -53.8955030441365 -6.69838366794401
0.35978139939033 -54.2722003325265 -5.92010649028514
1.51298617037001 -54.5750366183985 -5.11846535694851
2.67597373282285 -54.8023289962048 -4.29662397925239
3.84491322470428 -54.9527458569346 -3.4578257896509
5.01589961124269 -55.0253153193123 -2.60538114138804
6.18498107619287 -55.0194312947575 -1.74265424404555
7.34818678376294 -54.9348571451509 -0.873049886544749
8.50155481311304 -54.7717269091243 -3.62809808366734e-13
9.64116006605029 -54.5305440894401 0.873049886544025
10.7631419486802 -54.2121780109143 1.74265424404483
11.863731629313 -53.8178577751674 2.60538114138733
12.9392786778604 -53.3491638551205 3.4578257896502
13.9862768962612 -52.8080173884987 4.29662397925166
15.0013891551299 -52.1966672455171 5.11846535694788
15.9814710587764 -51.5176749613227 5.92010649028453
16.9235932689563 -50.7738976385196 6.69838366794341
17.8250623271172 -49.9684689391267 7.45022538546538
18.6834398254516 -49.1047782984963 8.17266446707505
19.4965597886605 -48.186448505978 8.86284977576845
20.2625441409086 -47.2173118083506 9.51805746544781
20.9798161459131 -46.2013847021918 10.135701730698
21.6471117223662 -45.1428415903379 10.7133450117786
22.2634885518384 -44.0459874853437 11.2487076145596
22.8283329118503 -42.9152299493291 11.7396767074315
23.3413641828159 -41.7550504647486 12.1843146596874
23.8026369939494 -40.5699754344136 12.5808666884653
24.2125409898568 -39.3645470114941 12.9277677840752
24.5717982163145 -38.1432939612344 13.2236488863766
24.8814581405186 -36.9107027556924 13.467342287834
25.1428903377808 -35.6711891010062 13.6578862419248
25.3577748931166 -34.4290700934691 13.7945287587134
25.5280905823095 -33.1885371961106 13.8767305726121
25.6561009127218 -31.9536302215579 13.9041672706158
25.7443381192596 -30.7282124997301 13.8767305726122
25.7955852253655 -29.515947400448 13.7945287587137
25.8128562926172 -28.3202763713885 13.6578862419253
25.799374995353 -27.1443986410382 13.4673422878347
25.7585516686335 -25.9912527244855 13.2236488863774
25.6939589887056 -24.8634998571121 12.9277677840762
25.6093064548721 -23.7635094675988 12.5808666884665
25.5084138502389 -22.6933467872415 12.1843146596887
25.3951838661228 -21.6547626774783 11.739676707433
25.2735740809398 -20.6491857418668 11.2487076145611
25.1475684890772 -19.6777167726385 10.7133450117803
25.0211487785825 -18.7411255654913 10.1357017306997
24.8982655584304 -17.839850119597 9.51805746544975
24.7828097366551 -16.9739982229983 8.8628497757705
24.67858424975 -16.1433514067801 8.17266446707719
24.5892763414487 -15.3473712347312 7.45022538546758
24.5184305853231 -14.585207878788 6.69838366794574
24.4694228405928 -13.8557109144839 5.92010649028684
24.4454353241745 -13.157442255032 5.11846535695026
24.4494329743445 -12.4886911276455 4.29662397925418
24.4841412725073 -11.8474909813734 3.45782578965277
24.5520256795123 -11.2316382021756 2.60538114138984
24.6552728318091 -10.6387124982961 1.74265424404736
24.7957736305679 -10.0660988072934 0.873049886546625
24.9751083437798 -9.51101056544165 2.24161848120174e-12
25.1945338274103 -8.97051417069109 -0.87304988654215
25.4549729569805 -8.44155446205142 -1.74265424404291
25.7570063456138 -7.92098103118023 -2.60538114138553
26.1008664087124 -7.40557517618271 -3.45782578964843
26.4864338191273 -6.8920773031915 -4.29662397924992
26.9132363800769 -6.37721457823039 -5.11846535694609
27.3804503262612 -5.85772863019393 -5.92010649028279
27.88690404674 -5.33040310550805 -6.69838366794172
28.4310842062958 -4.79209087617529 -7.45022538546371
29.0111442253257 -4.23974070544748 -8.17266446707357
29.6249150618911 -3.67042317928538 -8.86284977576704
30.2699182235449 -3.0813557170354 -9.51805746544648
30.9433809210304 -2.46992648134074 -10.1357017306966
31.642253261051 -1.83371701515782 -10.7133450117774
32.3632273611141 -1.17052344281859 -11.2487076145584
33.1027582560799 -0.478376082297241 -11.7396767074305
33.8570864535796 0.244442672863624 -12.1843146596865
34.6222619839933 0.999382331217123 -12.5808666884646
35.3941697802858 1.78761025671123 -12.9277677840745
36.1685562137469 2.60999969963987 -13.2236488863761
36.9410566036505 3.4671199925187 -13.4673422878335
37.7072235120814 4.35922898279674 -13.6578862419244
38.4625556297271 5.28626775844144 -13.7945287587131
39.2025270543429 6.24785770617057 -13.8767305726119
39.9226167608795 7.24329992555196 -13.9041672706158
40.6183380609636 8.27157700547784 -13.8767305726123
41.2852678495122 9.33135715275384 -13.7945287587139
41.9190754377862 10.4210006458528 -13.6578862419256
42.5155507750909 11.5385685703683 -13.4673422878351
43.0706318656289 12.6818337765058 -13.223648886378
43.5804311926497 13.8482939831567 -12.9277677840769
44.0412609689894 15.0351869378419 -12.5808666884672
44.4496570413074 16.239507527191 -12.1843146596895
44.802401284739 17.4580267187328 -11.7396767074339
45.096542335235 18.6873122017286 -11.2487076145622
45.3294145184749 19.9237505826541 -10.7133450117815
45.4986548468342 21.1635709798344 -10.135701730701
45.6022179693796 22.4028698517132 -9.51805746545115
45.6383889741516 23.6376368843922 -8.86284977577191
45.6057939569834 24.863781756441 -8.17266446707867
45.5034082866859 26.077161592633 -7.45022538546912
45.3305625124941 27.2736089132332 -6.69838366794734
45.0869458761108 28.4489598817987 -5.92010649028859
44.7726074073742 29.5990826521686 -5.11846535695205
44.3879545994149 30.7199056144414 -4.29662397925601
43.9337496760239 31.8074453402627 -3.45782578965454
43.4111034807131 32.8578340296797 -2.60538114139173
42.8214670334974 33.8673462651429 -1.74265424404927
42.1666208176498 34.8324248829225 -0.873049886548549

8.501554813119 54.7717269091231 -4.16982467929139e-12
7.34818678376896 54.9348571451501 0.873049886540226
6.18498107619893 55.0194312947571 1.742654244041
5.01589961124858 55.0253153193123 2.60538114138364
3.84491322471017 54.952745856935 3.45782578964656
2.67597373282881 54.8023289962056 4.29662397924808
1.51298617037593 54.5750366183997 5.1184653569443
0.359781399396196 54.2722003325281 5.92010649028104
-0.779910715935901 53.8955030441385 6.69838366794003
-1.90248737696155 53.4469682152259 7.45022538546208
-3.00449797469269 52.9289468885917 8.17266446707201
-4.0826680911913 52.3441025654724 8.86284977576556
-5.13392220686107 51.6953940401205 9.51805746544507
-6.1554049515171 50.9860563091621 10.1357017306953
-7.14450074742597 50.2195796868686 10.7133450117762
-8.09885170390204 49.3996872698858 11.2487076145573
-9.01637363543218 48.5303109063629 11.7396767074295
-9.8952700885909 47.6155658347419 12.1843146596856
-10.7340442771092 46.6597241666345 12.5808666884637
-11.5315088392699 45.6671873961618 12.9277677840738
-12.2867933472231 44.6424581248045 13.2236488863754
-12.9993495137325 43.5901111961696 13.4673422878331
-13.6689540581657 42.5147644390753 13.6578862419241
-14.2957092101212 41.4210492199692 13.7945287587129
-14.8800408458148 40.3135810069078 13.8767305726118
-15.4226942691181 39.1969301471182 13.9041672706158
-15.9247276658341 38.0755930585632 13.8767305726125
-16.3875032762837 36.9539640329068 13.7945287587142
-16.8126763474628 35.8363078429089 13.657886241926
-17.2021819417729 34.7267333415296 13.4673422878356
-17.5582196945537 33.629168233 13.2236488863786
-17.8832366272037 32.5473351878122 12.9277677840775
-18.1799081365079 31.4847294640964 12.5808666884681
-18.4511172937598 30.444598187227 12.1843146596905
-18.6999325993113 29.4299214278207 11.739676707435
-18.9295843492024 28.4433952056359 11.2487076145633
-19.1434397804433 27.4874165333407 10.7133450117827
-19.3449771702756 26.5640705997887 10.1357017307023
-19.537759072261 25.6751201774175 9.51805746545249
-19.7254048782855 24.8219973227787 8.86284977577339
-19.9115629004788 24.0057974231295 8.17266446708023
-20.0998821705988 23.2272756255658 7.45022538547075
-20.2939841565909 22.4868456684883 6.69838366794903
-20.4974345967933 21.7845811183692 5.92010649029033
-20.7137156516096 21.1202189979525 5.11846535695375
-20.9461985704126 20.4931657752891 4.29662397925775
-21.1981170680046 19.9025056665025 3.45782578965641
-21.4725416001422 19.3470111890131 2.60538114139363
-21.772354721495 18.8251558862296 1.74265424405119
-22.10022770197 18.3351291295622 0.873049886550473
-22.4585985686623 17.8748528891249 6.09803087738105e-12
-22.8496517308418 17.4420003507769 -0.8730498865384
-23.2752993344251 17.0340162442982 -1.74265424403919
-23.7371644803927 16.6481387356008 -2.60538114138174
-24.2365664286664 16.2814227250146 -3.45782578964469
-24.7745078951665 15.9307643839473 -4.29662397924625
-25.3516645352074 15.5929267536513 -5.1184653569425
-25.9683766911681 15.2645662225171 -5.92010649027938
-26.6246434666038 14.9422596922837 -6.69838366793843
-27.3201191727467 14.6225322388671 -7.45022538546054
-28.0541121768 14.3018850701905 -8.17266446707045
-28.8255861646698 13.9768235814631 -8.86284977576407
-29.6331638139265 13.6438853078361 -9.51805746544367
-30.4751328559538 13.2996675752396 -10.135701730694
-31.3494544895515 12.9408546524936 -10.713345011775
-32.2537740918225 12.5642442114516 -11.2487076145562
-33.185434156113 12.1667729069633 -11.7396767074285
-34.1414893711926 11.7455408947965 -12.1843146596846
-35.1187237408805 11.2978351132846 -12.5808666884629
-36.1136696290344 10.8211511633227 -12.9277677840731
-37.1226286013343 10.3132136313524 -13.2236488863748
-38.1416939226989 9.77199471108244 -13.4673422878326
-39.1667745575587 9.19573099181445 -13.6578862419237
-40.1936205096675 8.58293829429458 -13.7945287587127
-41.2178493287142 7.93242444889574 -13.8767305726117
-42.2349736027959 7.24329992556147 -13.9041672706158
-43.2404292488631 6.51498624020162 -13.8767305726126
-44.2296044076096 5.74722207801867 -13.7945287587144
-45.1978687449927 4.94006709044866 -13.6578862419263
-46.1406029596576 4.09390333890975 -13.4673422878361
-47.0532282940367 3.20943437524434 -13.2236488863792
-47.9312358467822 2.2876819655093 -12.9277677840783
-48.770215485521 1.32998048048146 -12.5808666884689
-49.5658841616154 0.337968992797624 -12.1843146596915
-50.3141134327293 -0.686418863084372 -11.739676707436
-51.0109560044334 -1.74096719604614 -11.2487076145644
-51.6526711088679 -2.82319224117001 -10.7133450117839
-52.2357485465085 -3.9303587181381 -10.1357017307036
-52.7569312263335 -5.05949804897459 -9.51805746545389
-53.2132360500951 -6.20742830573629 -8.86284977577488
-53.6019729978643 -7.37077574645853 -8.17266446708179
-53.9207622844946 -8.54599778636827 -7.45022538547229
-54.1675494700262 -9.72940724115761 -6.69838366795064
-54.3406184212432 -10.9171976700444 -5.92010649029199
-54.4386020365066 -12.105469638489 -5.11846535695554
-54.4604906615023 -13.290257713853 -4.29662397925959
-54.4056381395653 -14.4675580020161 -3.45782578965828
-54.2737654566522 -15.6333560290471 -2.60538114139552
-54.0649619577197 -16.7836547694919 -1.742654244053
-53.779684128112 -17.9145026216982 -0.873049886552299
-53.4187519504471 -19.0220211308705 -7.92744202496141e-12
-52.9833428642971 -20.102432262214 0.873049886536476
-52.4749833725755 -21.1520850296004 1.74265424403727
-51.895538354842 -22.1674812896184 2.60538114137985
-51.2471981636154 -23.145300516658 3.45782578964282
-50.5324635951257 -24.0824233817498 4.29662397924451
-49.7541288406331 -24.9759539662166 5.1184653569408
-48.9152625383909 -25.8232404507148 5.92010649027764
-48.019187059443 -26.6218941308906 6.69838366793674
-47.06945617261 -27.3698066225783 7.45022538545891
-46.0698312451774 -28.0651651321362 8.17266446706889
-45.0242561458478 -28.7064656810658 8.86284977576259
-43.9368310254067 -29.2925241883932 9.51805746544233
-42.8117851582061 -29.8224853293138 10.1357017306927
-41.6534490339387 -30.2958291042008 10.7133450117738
-40.4662258942234 -30.7123750681439 11.2487076145551
-39.254562912198 -31.0722841876171 11.7396767074275
-38.0229222156083 -31.3760583075384 12.1843146596837
-36.7757519547726 -31.6245372287805 12.5808666884621
-35.5174576162726 -31.8188934129933 12.9277677840724
-34.2523737812991 -31.9606243482872 13.2236488863743
-32.984736524252 -32.0515426257904 13.4673422878321
-31.7186566425146 -32.0937637932121 13.6578862419234
-30.4580939022854 -32.0896920672055 13.7945287587124
-29.2068324780435 -32.0420040014205 13.8767305726116
-27.9684577546563 -31.9536302215572 13.9041672706158
-26.7463346514039 -31.827735352384 13.8767305726127
-25.5435876163386 -31.6676962744572 13.7945287587147
-24.3630824275138 -31.4770788601044 13.6578862419267
-23.2074099247727 -31.2596133490037 13.4673422878366
-22.0788717820883 -31.0191685333534 13.2236488863798
-20.9794684159771 -30.7597249310946 12.927767784079
-19.91088911038 -30.4853471328733 12.5808666884697
-18.8745044227142 -30.2001555143577 12.1843146596923
-17.8713609196629 -29.9082975101126 11.739676707437
-16.9021782748056 -29.6139186484494 11.2487076145655
-15.9673487435013 -29.3211335484938 10.7133450117852
-15.066939013648 -29.0339970811249 10.1357017307049
-14.2006944141767 -28.7564758944485 9.51805746545537
-13.3680454464979 -28.4924205020598 8.86284977577629
-12.5681165877386 -28.2455381285728 8.17266446708327
-11.7997372985884 -28.019366501737 7.45022538547392
-11.06145515304 -27.8172487739921 6.69838366795233
-10.3515509923584 -27.6423097485589 5.92010649029373
-9.66805599135725 -27.4974335761787 5.11846535695734
-9.00877051160417 -27.3852430784762 4.29662397926142
-8.37128460359671 -27.3080808426806 3.45782578966005
-7.75300000836009 -27.2679922201886 2.60538114139732
-7.15115349837354 -27.2667103482761 1.74265424405492
-6.5628413883279 -27.305643300248 0.873049886554224
-5.98504503800464 -27.385863454561 9.85564822305106e-12
-5.41465716261297 -27.5080991580645 -0.873049886534551
-4.8485087602705 -27.6727287425881 -1.74265424403536
-4.28339646200559 -27.8797769377698 -2.60538114137805
-3.71611010672668 -28.128913706381 -3.45782578964105
-3.14346034206341 -28.4194555115853 -4.29662397924267
-2.56230605185234 -28.7503690086753 -5.11846535693901
-1.96958141230981 -29.1202771369927 -5.9201064902759
-1.36232238160429 -29.5274675710628 -6.69838366793505
-0.737692431586896 -29.9699034735891 -7.45022538545728
-0.0930073358346907 -30.4452364769609 -8.17266446706741
0.57424116512997 -30.9508218044512 -8.86284977576117
1.26636299261134 -31.4837354274224 -9.51805746544093
1.98544881448654 -32.0407931407198 -10.1357017306914
2.73335073758938 -32.6185714251206 -10.7133450117725
3.51166474799765 -33.2134299533064 -11.248707614554
4.32171502710507 -33.8215355844293 -11.7396767074265
5.16454025806837 -34.4388876820254 -12.1843146596828
6.04088202312265 -35.0613445808704 -12.5808666884613
6.95117537744276 -35.6846510204216 -12.9277677840717
7.89554166981442 -36.3044663558245 -13.2236488863737
8.87378366445906 -36.9163933521069 -13.4673422878316
9.88538300205419 -37.5160073631891 -13.657886241923
10.9295000214144 -38.0988856947287 -13.7945287587122
12.0049759465665 -38.6606369486119 -13.8767305726115
13.1103374271856 -39.1969301471054 -13.9041672706158
14.2438034036646 -39.7035234362984 -13.8767305726128
15.4032942516034 -40.176292171474 -13.7945287587149
16.5864431443216 -40.6112561914413 -13.6578862419271
17.7906095562483 -41.0046060945888 -13.4673422878371
19.0128948148309 -41.3527283364658 -13.2236488863804
20.2501595940337 -41.6522289769908 -12.9277677840797
21.4990432286791 -41.8999559148827 -12.5808666884705
22.7559847159066 -42.0930194575344 -12.1843146596933
24.0172452579856 -42.2288110862334 -11.7396767074381
25.2789321897008 -42.305020289287 -11.2487076145667
26.5370241236072 -42.3196493491578 -10.7133450117864
27.7873971377005 -42.2710259840443 -10.1357017307062
29.0258518225297 -42.1578137593673 -9.51805746545663
30.248140998539 -41.9790202002336 -8.86284977577785
31.4499979095168 -41.7340025520306 -8.17266446708483
32.6271646944811 -41.4224711527522 -7.45022538547563
33.7754209381734 -41.0444903973566 -6.69838366795401
34.89061209957 -40.6004772912737 -5.92010649029556
35.96867761848 -40.0911976070244 -5.11846535695904
37.0056785023441 -39.5177596746429 -4.29662397926316
37.9978241988078 -38.8816058531025 -3.45782578966192
38.9414985644421 -38.1845017461193 -2.60538114139921
39.8332847461425 -37.4285232414226 -1.74265424405683
40.6699887991646 -36.6160414677429 -0.873049886556148
41.448661874437 -35.7497057782559 -1.16850593706314e-11
42.1666208176373 -34.8324248829399 0.873049886532725
42.821467033486 -33.8673462651611 1.74265424403354
43.4111034807029 -32.8578340296987 2.60538114137616
43.933749676015 -31.8074453402824 3.45782578963918
44.3879545994072 -30.7199056144619 4.29662397924084
44.7726074073677 -29.5990826521897 5.11846535693722
45.0869458761057 -28.4489598818201 5.92010649027424
45.3305625124902 -27.273608913255 6.69838366793345
45.5034082866833 -26.0771615926552 7.45022538545574
45.6057939569822 -24.8637817564635 8.17266446706585
45.6383889741516 -23.6376368844149 8.86284977575969
45.6022179693808 -22.402869851736 9.51805746543952
45.4986548468366 -21.1635709798573 10.1357017306901
45.3294145184785 -19.9237505826768 10.7133450117714
45.0965423352398 -18.6873122017512 11.2487076145529
44.8024012847449 -17.4580267187553 11.7396767074254
44.4496570413143 -16.2395075272132 12.1843146596819
44.0412609689973 -15.0351869378638 12.5808666884605
43.5804311926585 -13.8482939831783 12.927767784071
43.0706318656386 -12.6818337765271 13.2236488863731
42.5155507751013 -11.5385685703889 13.4673422878312
41.9190754377974 -10.4210006458729 13.6578862419227
41.285267849524 -9.3313571527735 13.794528758712
40.618338060976 -8.27157700549694 13.8767305726113
39.9226167608925 -7.24329992557065 13.9041672706158
39.2025270543563 -6.24785770618864 13.8767305726129
38.4625556297409 -5.28626775845889 13.7945287587152
37.7072235120953 -4.3592289828134 13.6578862419274
36.9410566036646 -3.46711999253473 13.4673422878375
36.168556213761 -2.60999969965526 13.223648886381
35.3941697802999 -1.78761025672607 12.9277677840804
34.6222619840073 -0.999382331231338 12.5808666884713
33.8570864535935 -0.244442672877245 12.1843146596942
33.1027582560936 0.478376082284131 11.739676707439
32.3632273611274 1.17052344280603 11.2487076145678
31.642253261064 1.83371701514577 10.7133450117876
30.943380921043 2.46992648132916 10.1357017307076
30.269918223557 3.08135571702426 9.51805746545811
29.6249150619026 3.67042317927462 8.86284977577933
29.0111442253366 4.23974070543705 8.17266446708647
28.4310842063061 4.79209087616519 7.4502253854771
27.8869040467496 5.33040310549819 6.6983836679557
27.3804503262701 5.85772863018423 5.92010649029713
26.913236380085 6.37721457822076 5.11846535696092
26.4864338191347 6.89207730318192 4.296623979265
26.1008664087191 7.40557517617313 3.45782578966388
25.7570063456197 7.92098103117058 2.60538114140111
25.4549729569856 8.44155446204175 1.74265424405864
25.1945338274146 8.97051417068123 0.873049886557974
24.9751083437834 9.51101056543155 1.36132655687211e-11
24.7957736305708 10.066098807283 -0.873049886530801
24.6552728318114 10.6387124982853 -1.74265424403163
24.5520256795138 11.2316382021644 -2.60538114137426
24.4841412725083 11.8474909813617 -3.45782578963732
24.4494329743449 12.4886911276334 -4.2966239792391
24.4454353241743 13.1574422550194 -5.11846535693551
24.4694228405922 13.8557109144707 -5.9201064902725
24.518430585322 14.5852078787741 -6.69838366793176
24.5892763414473 15.3473712347168 -7.45022538545411
24.6785842497482 16.143351406765 -8.17266446706429
24.7828097366531 16.9739982229825 -8.8628497757582
24.8982655584283 17.8398501195807 -9.51805746543819
25.0211487785803 18.7411255654743 -10.1357017306889
25.1475684890749 19.6777167726209 -10.7133450117701
25.2735740809375 20.6491857418486 -11.2487076145518
25.3951838661206 21.6547626774594 -11.7396767074244
25.5084138502369 22.693346787222 -12.184314659681
25.6093064548705 23.7635094675788 -12.5808666884597
25.6939589887042 24.8634998570917 -12.9277677840703
25.7585516686326 25.9912527244646 -13.2236488863725
25.7993749953525 27.1443986410167 -13.4673422878307
25.8128562926172 28.3202763713666 -13.6578862419223
25.7955852253661 29.5159474004258 -13.7945287587117
25.7443381192609 30.7282124997076 -13.8767305726112
25.6561009127237 31.9536302215354 -13.9041672706158
25.5280905823121 33.188537196088 -13.8767305726131
25.3577748931201 34.4290700934464 -13.7945287587154
25.142890337785 35.6711891009834 -13.6578862419278
24.8814581405238 36.9107027556696 -13.467342287838
24.5717982163205 38.1432939612119 -13.2236488863816
24.2125409898637 39.3645470114718 -12.9277677840811
23.8026369939572 40.5699754343916 -12.5808666884721
23.3413641828247 41.7550504647272 -12.1843146596951
22.82833291186 42.9152299493081 -11.7396767074401
22.2634885518492 44.0459874853232 -11.2487076145689
21.6471117223779 45.142841590318 -10.7133450117888
20.9798161459257 46.2013847021727 -10.1357017307089
20.2625441409221 47.2173118083322 -9.51805746545952
19.4965597886749 48.1864485059605 -8.86284977578074
18.6834398254668 49.1047782984798 -8.17266446708795
17.8250623271332 49.9684689391113 -7.45022538547881
16.9235932689731 50.7738976385053 -6.69838366795739
15.981471058794 51.5176749613095 -5.92010649029897
15.0013891551481 52.1966672455052 -5.11846535696271
13.9862768962801 52.8080173884879 -4.29662397926692
12.9392786778797 53.3491638551111 -3.45782578966555
11.8637316293328 53.8178577751593 -2.605381141403
10.7631419487004 54.2121780109077 -1.74265424406056
9.64116006607096 54.5305440894348 -0.873049886559997
