2.4015154773466549 0.15605342460176991 -0.060550798691823927
2.409825863912733 0.190378507332816 -0.027216730244237961
2.4160098643135148 0.22405459455869661 0.0066537021001116534
2.4200939053275619 0.25816729797110161 0.042278483184453548
2.4218517348541351 0.29029584159262611 0.077115793523162307
2.4215381255553519 0.32167090746863031 0.11205023963302579
2.4190375763478751 0.35278919676472781 0.14761221235594141
2.414361004004745 0.38370817305190519 0.18405385083979461
2.407693717979499 0.41299844221308601 0.2197325249217443
2.3991991338086902 0.44113996435754271 0.25487161683674209
2.3884543493740731 0.46918377622613111 0.29066959819606608
2.3754296186924688 0.4969462239998233 0.32686206393367551
2.3607502421869881 0.52307564807048501 0.36170549422547271
2.3443069116698969 0.54821794261944834 0.39616313752055943
2.325483729855228 0.57308810210071026 0.43126237609597401
2.3047001754938918 0.59701425185514934 0.46580970992924642
2.282241944997577 0.61979287087798351 0.49946015383540898
2.2580262095628139 0.6415359766762011 0.53234319524010432
2.23157151140959 0.6626680145720959 0.56511636192289205
2.202815911862221 0.6830418392100901 0.59757961034835416
2.1726612425713081 0.70201957760142786 0.62877739574963853
2.1407771367976021 0.7199260633052128 0.65915358711937599
2.1067296324799569 0.73697644512735239 0.68879957196751995
2.0707334148138612 0.75304736064015976 0.71747301314308976
2.0328038732888478 0.76803413355968164 0.74503623558579068
1.9931503193248239 0.7818386982811717 0.77132156652574058
1.951378093669256 0.79437612849361239 0.79662249651404693
1.9077873703408159 0.80553849348044904 0.8206255233917914
1.862050255740366 0.81552059674481081 0.84316573706098608
1.8147507472204469 0.82415804283871286 0.86388957321452908
1.765291050792005 0.83149547488673192 0.88293142621947285
1.714391287422748 0.83734277778333932 0.89986241734495198
1.6612008787123309 0.84163187148127616 0.91495750119761821
1.6065945392796259 0.84423684166571922 0.9277495969321965
1.549983715544089 0.84521184774046276 0.93810953000594466
1.4919204856268129 0.84439485492059352 0.94576015715224671
1.4324351221172049 0.84175295233057446 0.95053074171256036
1.3713412201724171 0.83713197070625422 0.95220913876160118
1.3094167896189819 0.83055920736586519 0.95052755645936282
1.2459111699468051 0.82214850277120477 0.94521364434797761
1.1824137476793639 0.81152041625665905 0.9360677612035665
1.117784307569861 0.79886930839185921 0.92282110183718591
1.053408348813935 0.78461792413423526 0.90494963934445705
0.9891949070509185 0.76900323298143247 0.88233049772400229
0.92497297703491221 0.75229473330538499 0.85427634453544576
0.86328469941887243 0.73536508967917313 0.82194800912421495
0.80070498562963166 0.71749770244668654 0.78286906972570303
0.74259154278839168 0.70049309277302541 0.74048766719600534
0.68373966009048281 0.68316516767308177 0.69043630379129584
0.63051422606025465 0.66770682704925954 0.63803493969068725
0.57658538512277568 0.65284033751723181 0.57735986600826883
0.52904510595444298 0.64077111264197617 0.51567236839114849
0.48140438483907078 0.63054303887526031 0.44572681195575381
0.4395623034236068 0.62379375340506615 0.37458674806562231
0.4020755485131759 0.62057639769498296 0.30378762320784952
0.36515987374397307 0.62064437481055423 0.2230829449301783
0.33413144187671351 0.62463634377289867 0.14658671858829159
0.30352013915847997 0.63171048828269727 0.056246581602011951
0.2799957307119218 0.64329871041497455 -0.02359673673971481
0.26490623816395009 0.65714285885794199 -0.089227587242719938
0.24780901453444251 0.67781994594601158 -0.1614818966911529
0.22357769669966471 0.71071716453207023 -0.25543589459024402
0.20826997722949259 0.7377643310896187 -0.31811007491953991
0.18998980948423211 0.77699026013378125 -0.39584477594726941
0.1744179733032207 0.81783318052525855 -0.46382129501337283
0.15937080921819299 0.86387920876264424 -0.53025177848073901
0.14486655676335081 0.91385980300059877 -0.59225161960085659
0.1308749464419626 0.9665014324577087 -0.6492198290719059
0.11676366545178531 1.022529552879671 -0.70188659461611247
0.1023307318508184 1.0816883505708279 -0.75028511546249599
0.087922620314242014 1.140479260534248 -0.79197494890122611
0.072072855082462403 1.2042223562771861 -0.83101599819100236
0.056511521421145357 1.264565105262373 -0.86247348250575617
0.038937322684991102 1.3299633859131279 -0.8913196783347116
0.021543676967315031 1.391301073715105 -0.91361096956477694
0.0022648468466603369 1.45541054111164 -0.9322759310140929
-0.017528372661193239 1.517341695391901 -0.94609804658706809
-0.038610671964430257 1.5788570363523899 -0.95558613184289576
-0.060703573885227673 1.639011175564568 -0.96105023477528806
-0.084083033743356628 1.6974880156376659 -0.96285027273394375
-0.1089706913186928 1.7540435763307329 -0.96135199356388523
-0.13488913969459859 1.808478002705743 -0.9566962854866442
-0.16190968763615229 1.861137091915205 -0.94896890646306709
-0.1898309414890125 1.911506388123108 -0.93849468627267951
-0.2186754257316865 1.9594705156329331 -0.92553737890850774
-0.24843683492087709 2.0053475494294202 -0.91018880361591536
-0.27852328246689428 2.048706199395987 -0.89266666025538188
-0.30923891939548509 2.0898572859110529 -0.87299448691813009
-0.34043032341265012 2.1284786157611748 -0.85155052589703717
-0.37211126914080822 2.164678829203373 -0.82840202949274899
-0.40420007706454292 2.198465949204027 -0.8036831097014141
-0.43699310343154513 2.2300047335697442 -0.77748897499147385
-0.47003797135151049 2.258986131685536 -0.7501041765838905
-0.50314097558128812 2.2854417581858311 -0.72162246489895976
-0.53644399390638065 2.309521541035978 -0.69202498714210425
-0.57012165622455802 2.3314086935086391 -0.66113042774849362
-0.60382704571171786 2.3508556143317092 -0.62930487324580542
-0.63725945627604741 2.3677422920595328 -0.5970182567869754
-0.67064679321651122 2.3821831227939452 -0.56433555629276588
-0.70443943740897375 2.3944649604690551 -0.53064579471053663
-0.73850002865855047 2.404487062896822 -0.49588421798111659
-0.77211241827082033 2.4120561664747409 -0.46084686264165481
-0.8049672682186878 2.4172048514952391 -0.42584347288915098
-0.83773313975948904 2.420113092377826 -0.39024641625404882
-0.87082260715672488 2.4206681092221949 -0.35382458792772392
-0.90368741126923136 2.418818193535361 -0.31725192905429178
-0.9357174153511375 2.41463713082701 -0.28121293495057131
-0.96722966466173199 2.4082155572344002 -0.2452934650011849
-0.99887053082483312 2.3993077822858391 -0.2085708969717685
-1.030321040553561 2.3878842287497828 -0.17147193143532169
-1.0607300268005819 2.3742324867585869 -0.13516954545450391
-1.090217594712219 2.3584659595221411 -0.099557391179448534
-1.11947229576876 2.3401286001463131 -0.063782829983888109
-1.147979262378692 2.3194504210605649 -0.028451413404569439
-1.1759801049347529 2.2962609878831808 0.0066581996366777843
-1.202733390768058 2.2711374057669542 0.040542530417669469
-1.2291709595103819 2.2432770709394041 0.074308944479286806
-1.254573975081805 2.2131179429113539 0.10706915488724091
-1.2786372652199769 2.181292401731175 0.13838732405425971
-1.302956311434075 2.145333584521238 0.1703737729712847
-1.3242448136933349 2.110763692772117 0.1985325192744187
-1.346421258474954 2.0708627360574821 0.22786030020943729
-1.3662613046885539 2.0315313316149419 0.25399063832122698
-1.3866170064841989 1.987816486678029 0.28052770455505799
-1.40466469881272 1.945352180713384 0.3035570476984808
-1.422676911281745 1.8992653324555071 0.32597775787034611
-1.439897078204357 1.852046165867383 0.34665169996110268
-1.456341278138209 1.802844086669064 0.36528876469434363
-1.4720735415962241 1.7525648835868251 0.38210472841874138
-1.4869703036469171 1.7019347549212469 0.39677234078862222
-1.50082130780935 1.6514620865549849 0.40882611631538363
-1.5143222863527841 1.5996428192905181 0.4191608930991893
-1.5277729614501581 1.5453671930912729 0.42769861035583329
-1.5406608133721369 1.4903605097597159 0.43396220571835442
-1.5528586388630981 1.4348395632851489 0.43794877562057649
-1.564382350048849 1.379003902898517 0.43956810509819211
-1.575357396327641 1.323048064230002 0.43897815380005661
-1.5858034731327899 1.2664704529752271 0.43615517251502101
-1.5958759896698771 1.209918828401698 0.43114388472274412
-1.605536658282348 1.1526423308297451 0.42370211280760561
-1.6148736818896119 1.09470256160931 0.41361531215068792
-1.6239167246165671 1.037017495785945 0.40090027960329488
-1.632571151418521 0.98017616952403286 0.38558031648950619
-1.640950825628386 0.92341472437903616 0.36740702374382062
-1.649644029360112 0.86569021468254093 0.34565832396573892
-1.6580081574649379 0.80902011953635988 0.32080596995841842
-1.6667657092447401 0.75359023666171288 0.29308347927999512
-1.675784762064866 0.69729903293134676 0.26102002022786031
-1.6868865406233751 0.63531295421307454 0.220246376374237
-1.6971321658159459 0.57474621581922203 0.17174835477268269
-1.7060732798017419 0.52671042997425721 0.1240065955366383
-1.718973286508755 0.48190352626700889 0.079356202537657114
-1.7373953239399911 0.43280873091768501 0.035974777581818732
-1.7570278265713539 0.38623450319281949 -0.001046235226970368
-1.779617130747895 0.33510476363384989 -0.036267959842627318
-1.803015184031471 0.28231738948321949 -0.067500770662628357
-1.8246737350460971 0.23235025927532851 -0.092589884449567769
-1.844515482862934 0.18010256756716819 -0.1148957843602444
-1.861112786569505 0.12067484534656581 -0.13818487088592959
-1.8722805704848029 0.060906032389204903 -0.16167248594041439
-1.8789198260296771 0.00096921533300287446 -0.18704492364867589
-1.881699443192075 -0.053334113610522753 -0.21310159128882569
-1.882277085648399 -0.1018606225931919 -0.23960698891326321
-1.8819890179174199 -0.15028924430472829 -0.26953844174773872
-1.881674850387979 -0.20388148809015011 -0.30758246400572309
-1.8835673982439241 -0.26312618455579467 -0.35115914524470038
-1.8894496391815589 -0.32954669260545538 -0.39234410060902097
-1.8960685957727059 -0.38837434496164541 -0.42255953118590789
-1.902347814251502 -0.4415319902281194 -0.4456419683710815
-1.9095690563957191 -0.50396777960794248 -0.46811682364155172
-1.9152725784771669 -0.55889840465171325 -0.48428304331916328
-1.9205237858734909 -0.61688132664228745 -0.49811366738411111
-1.9247440132794731 -0.67421881646943571 -0.50872307443422338
-1.927788503112303 -0.73277428385653853 -0.51674781256664892
-1.9295067596814821 -0.78576449258439596 -0.52174539644260698
-1.929870306138957 -0.84459527831370573 -0.52498417772208383
-1.9290950129396189 -0.89549024859063264 -0.52604690875610005
-1.9265507170005369 -0.95547020291531892 -0.52510897635391751
-1.9233163881018169 -1.003654400782253 -0.52285656384359636
-1.9177428164400909 -1.061816608696214 -0.51820147302307507
-1.9119251991314381 -1.110111368234755 -0.51298938602977484
-1.9033435460180981 -1.1662632820806369 -0.50514865052869729
-1.8948264403758119 -1.214190853533154 -0.49721744612823537
-1.883569162984398 -1.2676172611825629 -0.48676809185725911
-1.872266811196649 -1.315465940823705 -0.47620126238759269
-1.858634704588058 -1.3654336461201331 -0.46384527984923118
-1.844495259306236 -1.4123965002361221 -0.45098091187598488
-1.828353983728068 -1.4603812593947461 -0.43673970779424959
-1.811364669468374 -1.5066554282579729 -0.42172606122742989
-1.792908968390591 -1.552332067116788 -0.40588358061267998
-1.7737329062401319 -1.59645110000159 -0.38953008336022099
-1.751958712948247 -1.6422982902937631 -0.37130260789344788
-1.731330798440005 -1.682851670931921 -0.35425685772416399
-1.7051002086288909 -1.7304940326703411 -0.3329301992913426
-1.6816723922712631 -1.769844791616024 -0.31410517547667272
-1.655289163044426 -1.811515903491278 -0.29327100325176109
-1.6281329601622601 -1.8513647088166401 -0.27212838609107309
-1.601505843550314 -1.888041863347006 -0.25168434279992907
-1.570256000202183 -1.928312861655479 -0.22799362683172181
-1.539996057353453 -1.964766708788686 -0.20528327728694379
-1.5095702811031619 -1.9992388525985909 -0.1827813739275852
-1.475393376448338 -2.035412525066334 -0.15784421644820781
-1.441331569633705 -2.0691622189469658 -0.13324470037113531
-1.407195016651428 -2.1008872497972129 -0.1088906716630368
-1.3714406855685559 -2.1318739288588131 -0.083751734300575101
-1.3334910853261659 -2.1624866184032738 -0.057379867935506243
-1.295973864243245 -2.1905252771597108 -0.031487765662298287
-1.257475990119691 -2.2172077884033659 -0.0052750948358594001
-1.21796704848507 -2.242355170066932 0.021268856061142039
-1.17681170656316 -2.26634928727829 0.048588907992297627
-1.1351060887696081 -2.2883973414741372 0.076069798329854901
-1.093300324945981 -2.3082399268542808 0.1033514893020557
-1.0511135542925041 -2.326120579597553 0.13056900119708409
-1.0065791593001781 -2.3426037588920789 0.1589370444391672
-0.96314614120594888 -2.3565632543864798 0.18624495407743591
-0.91756886390382852 -2.3689806204927328 0.21453045992114239
-0.87235598727948593 -2.379016881795704 0.24207857853413761
-0.8279145943970847 -2.3867184252102218 0.2687980303832318
-0.7796898443851471 -2.3928511652445961 0.29719291955765093
-0.73552047416885913 -2.3958569796685101 0.32280285481141813
-0.68757054691311092 -2.3968760258974711 0.35002276486743789
-0.63893796820295046 -2.3954709151988012 0.37690366665926422
-0.59416115214680065 -2.3918174940586971 0.40102966275506419
-0.54572984326803609 -2.3856522338709141 0.42638837776244892
-0.49722561918727048 -2.3771073403194292 0.45088204368723428
-0.45144985606072552 -2.366773888202252 0.4731617519222811
-0.40210927823139953 -2.3533292962328578 0.49614153045165682
-0.35352663137656198 -2.3378312912000649 0.51758326882163141
-0.30787929088535843 -2.3207311967047399 0.53663143695379301
-0.25883492176158818 -2.299760562970588 0.55571703409316564
-0.21099536259852639 -2.277356003359142 0.57295409917338747
-0.16456411471300711 -2.25336690160443 0.58818781667419695
-0.1158947434675011 -2.225662907264681 0.6023098165131906
-0.069536824772210168 -2.1977341525390508 0.61404878974266819
-0.021121577435054498 -2.1661883877470549 0.62427342011210085
0.0262050920517518 -2.133728308829117 0.63199541822576999
0.070341043228476174 -2.1016975301400058 0.63726658000476288
0.12242668576493421 -2.061828986018821 0.64033362480721323
0.16375622394249639 -2.0290710354987058 0.64076964745801535
0.21515162133890939 -1.986445065013158 0.63763035042799632
0.25787641968333241 -1.950208320904941 0.63253266243634365
0.30747537170700417 -1.9066834188155179 0.62265338138219239
0.35357581103609748 -1.865727495356009 0.61028492055227912
0.40400831745914811 -1.820060581226044 0.59187394328718135
0.44889943332352461 -1.7798171034747989 0.57195566596421354
0.50439427911388746 -1.730231083330944 0.54047863908343763
0.54423001401060456 -1.6959931081077251 0.51404252472723611
0.60657763086015803 -1.645535006531285 0.46332524038398731
0.65597033025267948 -1.6113451432284751 0.41448018544757609
0.6929448206439639 -1.5907401298749171 0.37619825731267881
0.73308959175823385 -1.570663008316562 0.33956466973695709
0.77411416757785612 -1.550333089898164 0.30664456315966188
0.81771179889202372 -1.52685571387097 0.27539441503773138
0.85920121053986154 -1.5012741254198489 0.24780147554433679
0.90295050087851469 -1.4695851713763359 0.2195375770627449
0.94817467698491409 -1.4304598093652949 0.18973756915463491
0.98999159016141047 -1.386728461967395 0.1592202320448699
1.0266028373674649 -1.340688748224943 0.1272969820405124
1.05760341947489 -1.2953242860431129 0.093525403068035376
1.085040023076759 -1.2537819528183041 0.058074807205714049
1.1156364184058529 -1.209855926567561 0.014739902672808459
1.149821304037856 -1.165902340177744 -0.036592672743873761
1.181285653036255 -1.131642479197581 -0.085396064939210703
1.214928453038052 -1.1016378052719631 -0.1337721739953073
1.254801578246046 -1.068131543472181 -0.18063409284296081
1.2974877764885471 -1.0316010808112881 -0.22288762734740589
1.340694930995239 -0.99483098743324117 -0.2595722940029348
1.3834293582053061 -0.95934123597402754 -0.29109968792302943
1.4256483233041579 -0.92510539386704616 -0.31855795011394661
1.469084899623994 -0.88974824393875251 -0.34335106550124078
1.512980249439178 -0.85464804755559143 -0.36511718923080733
1.5570459649785779 -0.81896921529798983 -0.38401757249111462
1.6017522874963721 -0.78285952843001161 -0.4002753401632731
1.6462860995316719 -0.74662207096672761 -0.41365004024037411
1.6907868686393821 -0.70995344248508729 -0.42434328902202301
1.7348022235314751 -0.67324610144739705 -0.43226968947884059
1.7784147585598711 -0.63630318646114947 -0.43752717273168829
1.821777144387507 -0.59874476934538423 -0.44019459361953012
1.8645860442751281 -0.5610489771364896 -0.4405435878759934
1.9069081596330459 -0.52288798699056249 -0.43846793253694327
1.9483910595798479 -0.48437080183610859 -0.43380534680767951
1.9888882788981279 -0.44555007949416447 -0.42657722638348761
2.0269755930017608 -0.40778548729607472 -0.41735275989326931
2.063515196904004 -0.37029428017013538 -0.40625884668874412
2.0993664941775152 -0.33181526330933347 -0.39254724493439508
2.1337747546882548 -0.29341315408364438 -0.37707836121662852
2.1675711010655032 -0.25368573812028372 -0.35892510344731282
2.1993833049791842 -0.2144128505751732 -0.33894160150771357
2.228515519150164 -0.1763355382846849 -0.31769767074513539
2.2556575013065481 -0.13864983986315821 -0.29482453465260999
2.281618605178743 -0.1000234564943292 -0.26962298201443058
2.305148182414138 -0.062293096756886553 -0.24326839242330109
2.3271109696825918 -0.024125270940360419 -0.21515809700826641
2.346005607157156 0.012371921005737221 -0.18655217620503281
2.363472156550618 0.049660627759664427 -0.1559664417262645
2.3782147956987951 0.085114902015707219 -0.12557997092410281
2.391221916845006 0.1215694047458114 -0.09286859799213025

1.9446366888051201 1.5479651770295511 0.042364310693251632
1.9116459779358841 1.568070779873121 0.077697793448745556
1.876615714483179 1.5866429916550979 0.1123352431064942
1.8403858107465301 1.6034230399523499 0.14548646699925849
1.800736199439736 1.619063019943636 0.1787362114226014
1.760269814384319 1.632994660339816 0.21036359686638151
1.718782775577232 1.645030740479773 0.2400382883478831
1.6721393739392481 1.6565624314751499 0.27095781227855292
1.628535136551966 1.665674462568083 0.29753593508186049
1.579356148081376 1.674171735264639 0.32503086904227158
1.529747958600495 1.68128451566452 0.35047099818788741
1.481639620247406 1.686736418990558 0.37274674559948412
1.4288755039026331 1.6914285343455731 0.39487417852508971
1.3776974689923549 1.6949010098321411 0.4142244311265687
1.3238263579683021 1.69744059242697 0.43212382355215168
1.2692233284273631 1.6990689211503109 0.4479904973878257
1.211193287244783 1.6999555164040041 0.46252389579292369
1.1553444362642451 1.700110698223104 0.47432782596402168
1.097796462750986 1.6996256835851971 0.48416478340210128
1.0406328155652109 1.6980507267162881 0.49184184817689119
0.9820127160340193 1.695257531583785 0.49756439706670319
0.92378557601985878 1.691469365761511 0.50109493647804659
0.86552920499236885 1.686875509737219 0.50249216880796466
0.80663938471108976 1.681486785449243 0.50168330100996583
0.74488646864360253 1.6751431144660101 0.49845531008639937
0.68308897568306004 1.668058376330563 0.49266223773832751
0.62406672924355722 1.6607659404804129 0.48476306857196622
0.56311945162004395 1.652638534264246 0.4738661560948656
0.49909144580232823 1.6436762223215691 0.45935007070069989
0.43801108114537152 1.634725154826224 0.44242672182977638
0.3753711881343893 1.625442199381937 0.42180684694807707
0.31558766295875401 1.616549541685673 0.39846636662438262
0.25267323788271667 1.6075470350002199 0.36995880220048549
0.18126636869266621 1.5980192374494671 0.33203438160221849
0.1055283781379253 1.589017235951879 0.28241122738805208
0.055464005667763439 1.583365082010413 0.23936662853492349
0.01079016633082229 1.580881944294102 0.19932886365390171
-0.04818346560295405 1.5828128976463161 0.15267704563810011
-0.099507077682863571 1.585851619507741 0.1170297580280969
-0.1537779397265803 1.5882539399820459 0.084888257674857956
-0.20593170997729371 1.588705587658896 0.058405683141461828
-0.25600523229134592 1.5865636385693691 0.035980733551957883
-0.30996830176321438 1.580807562782037 0.01383800185151042
-0.36194744299938691 1.5714393009469341 -0.00670781031566124
-0.41309730021858138 1.5580193213536491 -0.027540344995131159
-0.46424305939556038 1.540199857684537 -0.050512944317157277
-0.51331162475158043 1.519943870970782 -0.076068515486398119
-0.5620873203931136 1.4985603314232401 -0.10602034297451
-0.61347044061839417 1.4765635495143039 -0.14244987850858271
-0.66570656850986099 1.4558370052928959 -0.18461602906179611
-0.72379377656610455 1.4368152218684931 -0.23701081380831041
-0.77413679991102335 1.427282496444322 -0.28460482058025122
-0.83096246546801755 1.4191558131973561 -0.33157039429983293
-0.89609276143045902 1.4110357436566201 -0.37495843101447368
-0.95342956551398828 1.4046174048499731 -0.4078412466624442
-1.0172731754471589 1.3984287808105731 -0.43967788704764649
-1.077423401402428 1.3932369423870989 -0.46552602567075668
-1.137158393596339 1.3878837697909201 -0.48748999111628871
-1.199746187402108 1.382546308254847 -0.50709095232263679
-1.2622397452139711 1.376903758898542 -0.52330220099399016
-1.3247093544785209 1.370857944863535 -0.53649680948734646
-1.386710944850482 1.3645589963785141 -0.54668370594813265
-1.447644040149888 1.3578748603375479 -0.55415751281227699
-1.5087258790821969 1.350540747370836 -0.55912952082970013
-1.5705125713820021 1.342516368971054 -0.56150676159483781
-1.6314018103366681 1.3340681767350111 -0.56118399397013241
-1.692049303572442 1.325182945226667 -0.55820748243382645
-1.751759177712999 1.3158663062527629 -0.5526992748715398
-1.810869257742828 1.3059292439806769 -0.54469836922051373
-1.870046069046523 1.2951224647518209 -0.53412135104312242
-1.928111843522659 1.283492682225547 -0.52108079833289878
-1.9861244255404551 1.270700637249808 -0.50540661903517947
-2.0420829399418028 1.2570368130419161 -0.4875904632539973
-2.0960885122675261 1.242395757573592 -0.46773532833963039
-2.1493705234809428 1.226230692335802 -0.44529446127256023
-2.1993994836727011 1.2091303434085161 -0.42135133890993143
-2.25003125901193 1.1898203905669451 -0.39436433803634507
-2.2968108454655169 1.1697391052960719 -0.36660274404763532
-2.34525030778003 1.1461004644514341 -0.33446426813088898
-2.3869345793774328 1.1229321802254419 -0.30361286287140737
-2.4281047272581602 1.097083023793219 -0.26989801031442789
-2.466230024161657 1.0698143550159751 -0.23522219057101099
-2.5020572239008709 1.0405280324220301 -0.19888245768837509
-2.5346658409102232 1.0099937042820579 -0.16180997665038629
-2.5641438069954519 0.97836068902279549 -0.1241234997222342
-2.5907022219672031 0.94545536909813888 -0.08558971045759485
-2.614172049868368 0.91159185121163755 -0.046539026429956012
-2.6346299519470429 0.87675964708183296 -0.0069232681590265539
-2.65187811744378 0.84139578449052876 0.032759284178810508
-2.666049510236268 0.80554282964519097 0.072509357592199605
-2.6772034886020291 0.76913570675257359 0.1124557350073731
-2.685374684315041 0.73222394570177518 0.15257278169945779
-2.6905188163692522 0.6949394719806633 0.192625112893858
-2.6927064260712101 0.65735909788200919 0.23224653300992551
-2.6919454527727908 0.61945762598285969 0.27138337609142449
-2.6882888121019359 0.58167199786477064 0.3099227092033055
-2.681744286309947 0.54408013474595907 0.34799367384561691
-2.6724594700272628 0.50676221378524144 0.38513936370417479
-2.6604066533070618 0.46928226498092279 0.42146831455732542
-2.645642773837372 0.43194377903986692 0.45686009468487082
-2.628234510731803 0.39517756037143509 0.4913171392573128
-2.6082779600379902 0.35890812013455309 0.52465292690771281
-2.5857055203950692 0.32281122252697553 0.55680827046087289
-2.5605876889691301 0.28702638769879918 0.5876741599673394
-2.5330346799681478 0.25171447591830243 0.61703064232033644
-2.5029035897841472 0.2169970646189128 0.64521052647739152
-2.4706256267826929 0.1832682067579032 0.67168268724236302
-2.4356675694557248 0.14975219392819819 0.69663419562281115
-2.3985760705233989 0.1170723389616299 0.71965386933443132
-2.359311745469534 0.085185297065902568 0.74070191484327519
-2.317561656251256 0.054070959059179718 0.76001676643737504
-2.2737809793209052 0.024024817634173561 0.77717820652629266
-2.227735990602826 -0.005252591659331507 0.79204886005063491
-2.1799077778766391 -0.033349472500644801 0.80445472128468898
-2.1302141963880619 -0.060435476637268642 0.81426205916396432
-2.078345046580945 -0.086628655185316664 0.82141963010673369
-2.0250363592272191 -0.1114785033888748 0.82566548839995846
-1.969480056401427 -0.135156948628114 0.82695660339045385
-1.9127303891695739 -0.15755158768560751 0.82496972786775635
-1.8539799681778111 -0.17907343521907371 0.81941082909323271
-1.794083755268236 -0.19929793960042189 0.8100748664853612
-1.7336700947325721 -0.2181069930274587 0.79674776440020822
-1.6713998854253089 -0.2361587768698464 0.7787583561261443
-1.608937155628444 -0.25337694892783302 0.75596488844162635
-1.546585562877121 -0.26980753862408541 0.7283551046866964
-1.486489204971335 -0.28527293035840212 0.69644002136028071
-1.4223499892788589 -0.30182562758910758 0.65606825995593454
-1.3654430804595179 -0.31682367590705179 0.61426763040453669
-1.3049683396655469 -0.33397255304017331 0.56225064534508762
-1.250513874294207 -0.35101332918049388 0.5076992493572372
-1.1972529971029719 -0.37040639845867462 0.44515111256945478
-1.1491370723843579 -0.39163182294854237 0.3787714736438666
-1.104776114459626 -0.41641632943821227 0.30591307855520922
-1.062959407609964 -0.44752227383690579 0.22283581035811481
-1.0335011084666781 -0.4749956126067309 0.15054708230223721
-1.0048619335343509 -0.50183558389828797 0.071472669858341026
-0.97659117424730324 -0.52966406137015787 -0.023428611462911669
-0.95798824873213628 -0.55405629343001983 -0.10269312946246641
-0.94323466654986943 -0.58961273325471009 -0.19219913961817919
-0.93491759126698881 -0.63271220300862374 -0.27758153047478662
-0.93073346111999156 -0.6844484769969077 -0.35990966992522311
-0.92955596664381723 -0.7414324144904989 -0.43365262718907438
-0.92970433434455835 -0.80163395479028199 -0.49790867679360168
-0.92980868656974391 -0.86601696859706367 -0.55502073041407873
-0.92904020177921343 -0.93092553803382716 -0.60303128637137438
-0.92679822781944554 -0.99739601539765232 -0.64410565321850755
-0.92238194422337239 -1.067422163796339 -0.67963271164846972
-0.91621769776494744 -1.1343616361336271 -0.70775151669570302
-0.90706795707940968 -1.2046996540216099 -0.7313167542099257
-0.89558360767120637 -1.2730998616829889 -0.74914700201123807
-0.8819722698756326 -1.3387942111966551 -0.76183259069911813
-0.86573721962564232 -1.404540878891541 -0.77068800773536228
-0.84868433730566972 -1.4638666474876429 -0.77574359539850835
-0.8287202028767221 -1.524576954506238 -0.77769105858831178
-0.80704613504299116 -1.582061756838151 -0.77653351972594731
-0.78419538160136548 -1.636147368585785 -0.77293069203618059
-0.75852900766550535 -1.691072980238153 -0.76698320687015953
-0.73382091399102189 -1.7388042913164561 -0.7596431768291827
-0.70329648726728944 -1.7925879663569739 -0.74930909789213063
-0.67602554119625291 -1.836600589852198 -0.73904684113864805
-0.64583847770062885 -1.8812337461427131 -0.72681763839516911
-0.61326330970338983 -1.9259747019927771 -0.71307278941492758
-0.58195163220713808 -1.965431855396699 -0.69922794308383107
-0.54783880047270106 -2.005118254806892 -0.68367408300790133
-0.51270805171801548 -2.04330621582245 -0.66744454271119369
-0.47466122423014728 -2.081785240810905 -0.64954788470749514
-0.44088505381987408 -2.113747846616119 -0.63351554721441106
-0.40015585200764908 -2.1496635862068678 -0.61396299666819965
-0.36330037835706519 -2.1800845453885551 -0.59623580568118228
-0.31947392547172848 -2.2137011053785129 -0.57509374824380166
-0.28147084116797633 -2.2411518181319039 -0.55672899045454494
-0.23606386448413921 -2.271758833506015 -0.53468753804220381
-0.19489608769183939 -2.2977129622050998 -0.51468682057735393
-0.15187644615177931 -2.323251202525106 -0.49372701029168031
-0.1037620421438728 -2.3498167523512739 -0.47017724623868851
-0.060032232227766977 -2.3725215454149762 -0.44863359729717539
-0.015669458467095949 -2.3941113327577379 -0.42661539738033277
0.03300390213648044 -2.4161377672144622 -0.40228317647640022
0.081047837071069176 -2.4365029804779459 -0.37791963950658869
0.12934897851512431 -2.4555362138314711 -0.35306900408506781
0.17677718624212749 -2.4729099902544132 -0.32821838363652239
0.22533979040133109 -2.4893707915687329 -0.30226185188645383
0.27487868618124189 -2.5048227881521621 -0.27519851298879422
0.32451390071698488 -2.5189088933646522 -0.24738786228591109
0.37367925193551838 -2.5315090026341012 -0.21918598857219609
0.42400547061445992 -2.5428348655050561 -0.18953330027489901
0.47320777273564801 -2.5524307164450488 -0.15978061888480011
0.52274958957585593 -2.5605847835072728 -0.1289969365246606
0.57230126996957176 -2.5669393477405649 -0.097198906131867213
0.62166883644856852 -2.5716580379727509 -0.064846147816816163
0.67095285238769464 -2.5745141579849 -0.031285002048697913
0.72062727611521638 -2.5758392557953158 0.0034964225194920799
0.7655459758368468 -2.5753752726555228 0.036255497659258847
0.81385356172875756 -2.5732961181245022 0.073043295878089262
0.86021663145364569 -2.5693956082199469 0.11025972630556929
0.90395633196997283 -2.5638617384597442 0.1471618006549022
0.94723450900793815 -2.5566089051446159 0.1852156741178578
0.99234009573725523 -2.546494103848099 0.22706332114739661
1.0299452537437861 -2.5355854009111529 0.26399232527992522
1.0700296636357081 -2.521480762898606 0.30526386419434509
1.1095083485960009 -2.5049287412453309 0.34784122882176899
1.145806938129422 -2.4866888511697618 0.38901847503590792
1.180912670573643 -2.465015383239463 0.4315445109039725
1.212899016385691 -2.4418044206115601 0.47259817122853248
1.244865192913335 -2.4148893037702699 0.51585772458375678
1.2737844087240571 -2.385984115162942 0.55768007723243895
1.300690246691663 -2.3544510172046791 0.59931847116278747
1.3251932297794009 -2.320379561682206 0.64038390788234956
1.3480160821204481 -2.283042096304563 0.68182189517519565
1.368043818388601 -2.243963933587974 0.72164684365622112
1.385826202415779 -2.202046082877918 0.76095769231827581
1.4011270412075969 -2.157418804403243 0.79947686125189998
1.4136529190482601 -2.110780965745843 0.83656843405971593
1.4233594509058869 -2.0622985186628058 0.87211971190572557
1.430235991130236 -2.011850448066268 0.90620606278640914
1.4342953518024451 -1.959147509714664 0.93884302272009323
1.4354588592464399 -1.9041958055563699 0.96979936480282714
1.433599108617357 -1.847605468300817 0.99861011000511901
1.428704933483089 -1.789859081648649 1.025015258433301
1.420630320690133 -1.73075458910841 1.0491316316882999
1.4093482075109309 -1.6702531340548821 1.070801620284777
1.3949203114663959 -1.608707922749244 1.089566573315075
1.377553868701052 -1.5470581881469661 1.1051572687515581
1.356770712363782 -1.4846301504012009 1.1178637760481529
1.332570451947819 -1.4216743730151991 1.127383562193641
1.305377335258384 -1.35895426136866 1.1332509402955191
1.275248725566841 -1.296679262089123 1.135379903603204
1.242095098519421 -1.235158627359523 1.133687182358579
1.205854606573846 -1.1740260563745439 1.128018590946644
1.168036805474864 -1.11490330695512 1.1179168995175499
1.127223075343541 -1.054947842955742 1.102812642745945
1.0870077353460199 -0.99941645094025955 1.083734006536432
1.043229070504446 -0.94199303682035007 1.0586443618817529
1.002384201989919 -0.89093363790753433 1.03095355191434
0.9571088774922929 -0.83659048235504108 0.99542770708469119
0.91538708253097167 -0.78825541523413301 0.95791421861319781
0.87121555019688435 -0.73880445138043149 0.91272429942641609
0.82959117678920524 -0.69289577139358194 0.86424758556736969
0.78978419738268058 -0.65003635206453647 0.81173833647478011
0.74946186971712836 -0.60656497710347324 0.75082687890360078
0.71699658277804046 -0.57121371672043397 0.69436701408866619
0.68122991710896086 -0.53197530378214342 0.62165812915635876
0.65378294413057125 -0.50024771407842816 0.55564592977989258
0.62756144857332408 -0.46747198528437328 0.47661563724844752
0.60715558124378755 -0.43788268594969809 0.39778053666914859
0.59344667489444325 -0.41426154319703751 0.32489146781518208
0.58264832067602679 -0.38491678266985302 0.22691676478487369
0.58090985896693792 -0.36654773632490489 0.16016942256849409
0.58316561288182966 -0.33991748067263111 0.045361815299787757
0.58957542519560513 -0.32741659504568499 -0.022787415762899641
0.60305208483027262 -0.31170929413436699 -0.089940103145442027
0.6369808663563935 -0.2806206626851529 -0.19474145737111559
0.66581418632756595 -0.25605121794809971 -0.2734107333427262
0.69803262653905473 -0.23249166016712489 -0.34975097610474132
0.73400932297131194 -0.20853243948783881 -0.41899884298062329
0.78281294059932205 -0.17856156291866909 -0.4984807052542185
0.822823902061111 -0.1551360865800567 -0.55463554616159694
0.88108879213790892 -0.12193372413290331 -0.62438195671541452
0.93093019379048869 -0.0942356794614823 -0.67672371803288356
0.98790064725227134 -0.062323820479187719 -0.72800923849026622
1.048808794633975 -0.02840513457350442 -0.77605021042387945
1.1025745685296271 0.0019406040944351789 -0.81284023191543353
1.1674584843851989 0.039435957406598783 -0.85036490218216809
1.2254108567609721 0.073406633904767565 -0.8792809082415447
1.2854537452660979 0.10982836117140091 -0.90404491248252938
1.346543757477298 0.14791189966008839 -0.92461018728713951
1.4040196408369541 0.18477245927111929 -0.9399821532397914
1.463135404864333 0.2240770119098712 -0.95150230346349007
1.518221696490857 0.26202174002217732 -0.95858752760846677
1.5726017974858151 0.30101259200765329 -0.96195134111667524
1.6257900395701239 0.34076911539769572 -0.9616399025720227
1.675947262735012 0.38000328230470948 -0.95794608836177408
1.7251696827001699 0.42047232847764282 -0.95088716896658809
1.7703404599321291 0.45966668169119401 -0.9411413857730685
1.815605196897764 0.5012152027257778 -0.92808100679074412
1.855975434666878 0.54067652931490418 -0.91303629952919518
1.8960381028530751 0.58225916076027417 -0.89492602157405032
1.9318121927899421 0.62221772798355934 -0.87515863488832801
1.965657036669016 0.66269492988150946 -0.85308867384852816
1.997108963219175 0.7033303988873596 -0.82900018678242304
2.0255837110558028 0.74354869818748193 -0.80325212599288309
2.0515794819841751 0.78371403206686996 -0.77582504565361188
2.0748700757178051 0.82365279899127697 -0.74694236429582139
2.095454852504584 0.86326286670143704 -0.71682664309690458
2.1134905007054492 0.90285223755313049 -0.68533293511166438
2.1287349919298482 0.94189128340341732 -0.65300895019548211
2.1413835811065791 0.98061031531979914 -0.61980143511342267
2.1514570043450378 1.0190783157617389 -0.58565585756962568
2.158965642999878 1.057316765028216 -0.55055283383947207
2.163814738830844 1.0946834541642549 -0.51509883130859402
2.1661317682615828 1.131144981168229 -0.47938953463901868
2.1659632389187369 1.1672891983087199 -0.44285602740612889
2.163255559858464 1.203046918340116 -0.40554602828966241
2.1580580654690662 1.237695368626397 -0.36821268185440892
2.1505111654065669 1.2711570257773881 -0.3309992432823749
2.1404905236357328 1.3039726966959331 -0.29330451662516432
2.127965889555528 1.336039650944947 -0.25521991393471538
2.113095634855914 1.3668925720813521 -0.21728861197707811
2.0959940300606328 1.396444144312168 -0.17965134980654099
2.0764997827859788 1.4249524886379319 -0.1419748973415631
2.0544728392062299 1.4525056798617879 -0.1041074660608735
2.0302118216362279 1.47860895894799 -0.066686250398693081
2.0038676340838508 1.503195965053957 -0.029846415605513911
1.9755101838278799 1.5261699418253141 0.006281022435662623

0.23677196103305709 2.526713057015455 -0.041939915972872173
0.20264276706215589 2.542415541253507 -0.0062293885311121696
0.1683757287810797 2.5555367456069891 0.02994464506942137
0.1335175576312462 2.5661373619188081 0.06707603318101614
0.098793431987872202 2.5740417242015479 0.1043875293287579
0.063883225494199822 2.5793378328916989 0.14222048275371299
0.029100369246299031 2.5819569994399298 0.18023993646202741
-0.0056062901186022286 2.5819444702702681 0.21849645494148831
-0.040077031105434403 2.5792577280164308 0.25682154567897769
-0.074044480796427392 2.573980907104342 0.29490987603576507
-0.1076460408711227 2.5660932544525918 0.33291655525544628
-0.14091863093757381 2.5555842549827141 0.37088287781089668
-0.17371101797167701 2.5424429303061999 0.40864949872683948
-0.20572911352118681 2.526815016593865 0.44586693841603919
-0.23710445965028881 2.50866199205214 0.48268967685967601
-0.26800415578977732 2.4877750526386571 0.51931248525300033
-0.29797223693945118 2.4644455631167408 0.55513881238493634
-0.32710481037470079 2.4386956433602709 0.59004673700804355
-0.35557536043700261 2.4103466043472719 0.62417534072573388
-0.3833523045793702 2.3792998127603071 0.65753956042508477
-0.41026584119037718 2.3456318348369649 0.68990888531446115
-0.43588536791186722 2.3097660731150289 0.72086828253971358
-0.46036564622831638 2.271420839179306 0.75070450314173998
-0.48390985476319759 2.2301882765025081 0.77944316966349325
-0.50604366617763263 2.1868282955462561 0.80639914230370946
-0.52704857002909355 2.140766363925557 0.83186672901889258
-0.54665788196076914 2.0924457094007152 0.85531921151941392
-0.56507300038378094 2.0416734143891202 0.87678394283674699
-0.58207767300271651 1.9891256157122441 0.89582962532394739
-0.59785481858585632 1.9338198959576991 0.91251663183292764
-0.61235092814492753 1.8761058260618679 0.92666636159845084
-0.62505945573623456 1.8184396224243811 0.93761672516943795
-0.63703289606673208 1.7551412941092981 0.94602047174079151
-0.6468820162508897 1.6944807834611511 0.95089247562660084
-0.65576648273166671 1.6284047521646869 0.95233471697769623
-0.6628832447503572 1.5638998698501949 0.95030594190664464
-0.66863872912676658 1.496840485156796 0.94420887599520065
-0.6729935848731361 1.427562862198525 0.93382281972615722
-0.67584877972526369 1.361127035098298 0.91985287926822368
-0.67769935047168572 1.290505188153491 0.90039586380652925
-0.67858083191723517 1.221936651622765 0.87684122672152542
-0.67859311275228895 1.153860171448319 0.84855642673144449
-0.67797915552982879 1.083963625333469 0.81409685443747637
-0.67692855250214867 1.021407730913765 0.7782430217450661
-0.67540806551691868 0.95220555351761749 0.73211955277750795
-0.67413935427789884 0.89050803235711962 0.68499029372721421
-0.67284794348783827 0.83129222767369859 0.63259061880326584
-0.67227573712503408 0.7689210065566936 0.56980925353987577
-0.67235895363542952 0.72154829355373173 0.51483715190834733
-0.67409032444897832 0.6629756477997486 0.43702096211640362
-0.67657083707503929 0.62365426754149123 0.37693481339673562
-0.6820478900025464 0.57612499994236488 0.29224114815177782
-0.68750731901461559 0.545681490767843 0.23015747457020869
-0.69864225442001526 0.50416399854428018 0.13505249259846461
-0.70760778115619472 0.47768834639079311 0.062466984617447027
-0.71592762444789371 0.46319388911713932 -0.00220655521556025
-0.73163316539694734 0.44167894520918671 -0.11820858721581159
-0.74622014024571859 0.43319131997408372 -0.17559971692502649
-0.77913784763235061 0.42220986516257469 -0.26332559096200009
-0.81469950604444596 0.4140690995504876 -0.35075735913420952
-0.84598703621628923 0.41008094475096613 -0.41831117899018722
-0.89097116282750399 0.40798360276412982 -0.50152425251272981
-0.92804910419708753 0.40844159983085232 -0.5612138275030556
-0.98288948163269163 0.41081145000406699 -0.63698815711642964
-1.029313667594423 0.4142889571903004 -0.69360328793972459
-1.0849057830810249 0.41883742125443391 -0.75205532671797015
-1.145613915923424 0.42456033758686151 -0.80828276790491094
-1.1992893837869161 0.42964511220902801 -0.85174472435816151
-1.263563751063886 0.43540622053465039 -0.89665388558044046
-1.330688796414268 0.44104323492895459 -0.93729115514434724
-1.3904240261325811 0.44554152138933978 -0.96846873517463117
-1.4590585188970351 0.44972939745650459 -0.99866165905648485
-1.5273291952815251 0.45273805882353441 -1.023812864077382
-1.5934013754698919 0.45423366767609857 -1.043981845485441
-1.660265138719853 0.45425985187721318 -1.060171822622608
-1.729092974091273 0.45267912138981559 -1.072799361756285
-1.7956216737893289 0.44958239019926682 -1.0812106579577041
-1.8606441977223089 0.44485015005281908 -1.085711244834566
-1.9290796438424951 0.4381035786917411 -1.0867575691836739
-1.9917844187768421 0.43014247397192412 -1.0843754260365499
-2.0539185847154 0.42041906214837621 -1.0785533310958031
-2.118855198804158 0.40833053211405701 -1.069201763138744
-2.1773049607296131 0.39536575131476359 -1.0573224761699089
-2.2363718449327048 0.3803578289152682 -1.0422889359144969
-2.2939876734846778 0.36347826775334691 -1.0242514576932471
-2.3478100857131841 0.34546994785739721 -1.004123673345481
-2.401346642883976 0.32527327836190562 -0.9809807795402864
-2.4510623749097449 0.30400806931720331 -0.95611725763228328
-2.4998783558434519 0.28059164457263569 -0.92841669374293245
-2.5454253282768642 0.25607466747631069 -0.89925829025812454
-2.588869216317303 0.2296873211641271 -0.867774852208404
-2.6291635609489892 0.20221522137429479 -0.83491812220829797
-2.6670106037084409 0.1731932711614434 -0.80013898131190564
-2.7020522422772921 0.14289244579901381 -0.76376378273027967
-2.7337939140628502 0.1118115968611445 -0.72640431566726593
-2.7632980549118948 0.078975893709007011 -0.68696356963796401
-2.7892834660254668 0.045757113413287587 -0.64719684317814019
-2.812387746981019 0.01127038584442968 -0.60604133734470023
-2.832448372557367 -0.02425404708232589 -0.56377808898682735
-2.849219770645727 -0.060550729404609843 -0.52072446565822339
-2.8626563619844299 -0.097331579583358085 -0.4772244194027504
-2.8728443125596739 -0.13502427220951779 -0.43277495815972761
-2.879479795173792 -0.1725706794673795 -0.38862538369499949
-2.8829278391726372 -0.2117262225655992 -0.34270974574728391
-2.8832104414661659 -0.24908918847079869 -0.29912269907116912
-2.87992726733982 -0.28842147695143883 -0.25364646144589542
-2.8734521377298061 -0.32617246921231069 -0.2103920377831513
-2.8633029812721631 -0.36593361019126619 -0.16523065754758681
-2.850992468347572 -0.40333719178066441 -0.1231524395781166
-2.8342195989565409 -0.44310364965627541 -0.079176662660860153
-2.8158160508348029 -0.48017887046561092 -0.0387118517843104
-2.792875309960523 -0.51992485380182163 0.0038016745482991809
-2.769099304780319 -0.55617266443565661 0.041808295413638862
-2.7408619966456782 -0.5948030857626031 0.081352199236555442
-2.7115215837336391 -0.63089467359673812 0.1172079877078855
-2.6788824900752908 -0.66797021405710866 0.15308806539148401
-2.6441313484714781 -0.70452834098748973 0.18730334585384509
-2.6079726697807311 -0.73989312428622234 0.2191409694021258
-2.5702918811674649 -0.77461732782490134 0.24928072245335511
-2.5306577575440121 -0.80916520980920625 0.27801434194752089
-2.4896613680284938 -0.84320729098240288 0.30517572882842031
-2.4484652785153349 -0.87578368528906869 0.32989503546223331
-2.4046502030893802 -0.90852772267588588 0.35394279854395011
-2.3619651254992551 -0.93848874946893601 0.37545169565446268
-2.3153439234161768 -0.9691099726229826 0.39682141373252261
-2.2706710783257051 -0.9969808129672787 0.41568798964505682
-2.2224070029720671 -1.0255035561533541 0.43417834835666058
-2.1762381201402001 -1.0514139429748219 0.45043711319651281
-2.1265022082384459 -1.0777732745617361 0.46628413196856289
-2.0782105501676158 -1.1020563732764199 0.48034898942395637
-2.029404397367315 -1.1254006748290111 0.49315722679833751
-1.9802745291741239 -1.147834173293538 0.50486450205610456
-1.9301353845882749 -1.1697535529879921 0.51557660854756915
-1.880140748523496 -1.190564261947378 0.52510536894189486
-1.83147168256237 -1.209901964700056 0.53336199311335086
-1.7798918969772179 -1.2294570470740169 0.54098549160517262
-1.729670224916237 -1.247467569372579 0.54743014617914942
-1.6798272499028259 -1.264487835010293 0.55282019328591026
-1.6277281308159719 -1.2812537754180571 0.55741107507920806
-1.5779077828833701 -1.2963681935490801 0.56089571088581336
-1.525894336252225 -1.3112226314876161 0.56349462227869795
-1.4728437958963581 -1.3252285273682931 0.56505781859527493
-1.4225823719419139 -1.3376652622383509 0.56561730381745356
-1.3700319078686301 -1.349703979918139 0.56508624672717744
-1.316001146508007 -1.360981033333128 0.56339712563605449
-1.263689528363221 -1.3709248287538729 0.56050195680976045
-1.2083235751616459 -1.3805177662132511 0.55617660398426016
-1.1578560749498861 -1.3879714627494439 0.5506751241456207
-1.0987978541558969 -1.395043544140496 0.54210724634253826
-1.04489668752015 -1.400070177987885 0.53214057511706225
-0.98535890386806735 -1.403959528233617 0.51854056537791027
-0.93477840547656132 -1.405505275216232 0.50420941485127646
-0.87488430737725109 -1.405530951225725 0.48351481077010761
-0.81433293472152324 -1.4042701832277189 0.45889039309714358
-0.76207880743081813 -1.402092976660106 0.43408263695542459
-0.7079944778112216 -1.3979263532237041 0.40306407155075541
-0.65277474021501825 -1.392597995381107 0.36679568138421431
-0.60265746262366848 -1.387272306065731 0.33048642651363808
-0.55108723349059785 -1.380429434206436 0.28918796161521382
-0.49983418991982348 -1.372775686224843 0.24672308496413031
-0.45006373884980699 -1.364792249836456 0.20477411098245041
-0.39678612967774618 -1.355060379911462 0.15899536824061619
-0.34558591317938481 -1.344044080875469 0.1139075441421203
-0.29658051008762931 -1.331638749054985 0.069408152616354329
-0.24457531992149109 -1.31613149951555 0.02002317443512705
-0.19347302412876899 -1.298309272606756 -0.031995052588748692
-0.15347551053885361 -1.282761778130376 -0.076206685107103211
-0.1054803069543804 -1.266396725917347 -0.13455671630246441
-0.052537137366806312 -1.260025259297948 -0.20314806100237789
-0.0054798181461791252 -1.2652528896665309 -0.26305537112982419
0.043495087799294931 -1.278255062139916 -0.32392262165187929
0.1065561345834114 -1.3046845288479301 -0.39687400605915618
0.15424101771406479 -1.330284870429993 -0.44786236914912753
0.20496194511244231 -1.361409951150421 -0.49811390138846229
0.25771900382455848 -1.3971188308102469 -0.54489173829144777
0.30530395690514228 -1.431324451076426 -0.58276672663411233
0.35557856545984512 -1.4689395717707461 -0.61801090260387059
0.40456906387883579 -1.5062411750605511 -0.64764010901943991
0.45295634023019871 -1.54341454167315 -0.67239109321762358
0.50448137665860149 -1.582763336158622 -0.69437805331644376
0.55192491279966871 -1.618368995010488 -0.71026369813659551
0.60203664154374747 -1.6553243312391479 -0.72326569762533488
0.6514579939174302 -1.690694578197669 -0.73238701773571113
0.70067335840579081 -1.7245974483307009 -0.73760700347220343
0.75107284686006415 -1.757952682256348 -0.73965104620813948
0.79972939161209666 -1.788672479073306 -0.73844347717965331
0.84931118562899821 -1.8182642420421971 -0.7342413882594313
0.8983805435747646 -1.845666238790634 -0.72725335282248948
0.94720659422718412 -1.871105226542839 -0.71776600337408303
0.99601576444655271 -1.8946224523493569 -0.70584203503410503
1.044395798168144 -1.9157907268869649 -0.69171905831823521
1.0924937865153159 -1.9348026567940571 -0.67557559043018123
1.140849072709796 -1.951882960542537 -0.65718039911967507
1.188177201452163 -1.966564508030854 -0.63708995108514599
1.235527404765546 -1.9789869790631329 -0.61523911412411048
1.2823798879837269 -1.989037232601204 -0.59180373950273257
1.328768266005856 -1.9968104644178759 -0.56667893060079799
1.3742593670374501 -2.0022361188708842 -0.54015595105754333
1.418631070261871 -2.0053712053720059 -0.51238402777518322
1.4628715575276441 -2.0061424779818871 -0.48295463904177349
1.5064340544526269 -2.0044431214978768 -0.45233687528617528
1.5490386943923911 -2.0003252411724368 -0.4205261445955733
1.5903094885471529 -1.993872640498136 -0.3877405183084906
1.6305613463112121 -1.9850059988828139 -0.35384611537156679
1.6697451458484249 -1.9735947402094529 -0.31915901209520081
1.7078570896858229 -1.959607776902563 -0.28369855336808553
1.7446099344856301 -1.943131971436308 -0.24743114059761659
1.77987666553221 -1.9241961208215641 -0.21039023976756241
1.8134499528211421 -1.902838600118741 -0.17279709083344641
1.845281303119759 -1.879063263370133 -0.1349139227560564
1.875353150867463 -1.852802946526537 -0.096913930892484748
1.903777421235777 -1.823909468291556 -0.058611902718529382
1.9303677949930711 -1.792343173909585 -0.019958407504516711
1.9547219437914021 -1.758422182270861 0.018703038242400001
1.976754278668071 -1.722231739587349 0.057135142778007103
1.996277866173586 -1.684008488797508 0.094927085969320313
2.0134653701659868 -1.643411861153447 0.13243264646151789
2.0280048964663391 -1.600722806524044 0.16927513661341179
2.039859819308492 -1.5561684261309301 0.205304648753905
2.0490206115580238 -1.509000105316896 0.24099840894371469
2.0550045761832951 -1.461467395181608 0.27464554767733851
2.058303051825896 -1.410860634848613 0.30820208189585052
2.0585550357132392 -1.3614105720755141 0.33864391901587709
2.0559754559099952 -1.30704853087522 0.36977347010759759
2.050829820815784 -1.2555167039533319 0.39686347570174502
2.0429525658127869 -1.201285358847999 0.42306427857685652
2.0330177982202682 -1.1473268741134131 0.44693055128258907
2.02073123017583 -1.0922301733727799 0.46892677413653661
2.0065109615943379 -1.0368829274298179 0.48864676107174088
1.990068808876216 -0.98008517493257163 0.50629058970630936
1.9721186166974669 -0.9236140786042174 0.52134494652523988
1.952681734702288 -0.86702794661514149 0.53390809489187074
1.931638644975755 -0.81016056247980806 0.54407920292359602
1.9091501185728881 -0.75357398704058087 0.55185022568086795
1.8853212658155609 -0.69737285311394259 0.55715026866087369
1.8598443866497141 -0.6406075487334687 0.56002225819998375
1.8327886647655189 -0.58327418643087348 0.5603107008536381
1.8058857955640879 -0.52906193611979968 0.55792358831545763
1.77747930476551 -0.4740359621303652 0.55261984065001302
1.747112005372927 -0.41761008251767923 0.54418392628290524
1.716225506807465 -0.36193825069128133 0.53269518738246613
1.6855521481514411 -0.30827482129751588 0.51827982158127472
1.6549286973980959 -0.25591028695891188 0.50085358129145463
1.6224515852330399 -0.2012624328397721 0.47878477236669242
1.588857902877046 -0.144491698775606 0.45136009306005498
1.557879150889768 -0.092593615338954577 0.42171398726319609
1.5244155336523251 -0.034560969670743749 0.38322087395045301
1.493272956642492 0.023460785821883649 0.338515792617192
1.4707652374500371 0.070301140116044755 0.29734084727429261
1.449766035368045 0.1228758190311061 0.24879502589458249
1.4326335576455851 0.18746865990772549 0.19244829830974061
1.423763460544043 0.24555855973892901 0.1465493344568401
1.418428073311881 0.2979671369399744 0.1098212207642707
1.4141147091333699 0.3533541063356806 0.076704047750721635
1.4097742159453519 0.41047571400496691 0.047495774629648498
1.405374936716399 0.46198057954141047 0.025047358645296221
1.397862262203748 0.51530165862330068 0.0045815299538106138
1.387070572652064 0.56401854893170777 -0.01355769204828761
1.371380736969686 0.61557313796031421 -0.033617787626621529
1.3529770103916701 0.66392380286172825 -0.054428716407464002
1.3321130763677811 0.71008033907684587 -0.077108191383526356
1.3086924755386771 0.75636893343591471 -0.103509443896433
1.2810444419831 0.80572002131793741 -0.13711336081896161
1.2510830619137969 0.85708448483799893 -0.17923040216931091
1.2248828254429549 0.90448038240139894 -0.224549998176517
1.2002356393227489 0.96087571665775262 -0.27831357735535139
1.1782999976836861 1.01192311082607 -0.31639104990146721
1.149694621684028 1.075682280297017 -0.35480088860869841
1.122724462323627 1.1396100526954001 -0.38720714008615048
1.09827756711897 1.198202683075152 -0.41238473883048099
1.073836715901779 1.257850883443939 -0.43411207894997811
1.050906178467357 1.3137014748051801 -0.45133200067508128
1.026622450637676 1.3723661208508859 -0.4663567614297997
1.002332436084314 1.430221829398695 -0.47819167081505182
0.97849715410140425 1.485996485599705 -0.48695318619028882
0.95391557226095214 1.542109359434271 -0.49339566099568433
0.92844109077359083 1.5989808506097769 -0.49747074876756497
0.90285675808427024 1.6542934741244211 -0.49902248024938922
0.87760275510604591 1.7075383358262251 -0.49824178080411452
0.85180117915718934 1.760057797787663 -0.49529064755888541
0.82527144641821193 1.8124468411682311 -0.4900859238209298
0.79834884438976084 1.8636934538932119 -0.48277267462904111
0.77075494867919714 1.914250670573201 -0.47320818246593899
0.74262093268126361 1.9636583586684699 -0.46154472178464889
0.71306759457252289 2.0129561288022448 -0.44764378765194979
0.68351940135194733 2.0603344203774889 -0.43198296006483428
0.65422684842338408 2.1055588789786102 -0.4146869272269213
0.62458487646346728 2.1493069346148839 -0.39524410768626861
0.59365166446724205 2.192933027190374 -0.37332467210149428
0.56472977656926893 2.231747571647638 -0.35145678757976878
0.53321163347188694 2.271578152991597 -0.32611509056188598
0.50043912826085146 2.3105026987553581 -0.2983512796935911
0.47142116928486499 2.3428182415658472 -0.27279532282246199
0.43618722044741698 2.3791287514766331 -0.24053841343085899
0.40709504650551059 2.4066638462555692 -0.2130460137503048
0.37120313749176043 2.437926368570825 -0.1783100978423651
0.33929042021251388 2.463113001906819 -0.14680526343476019
0.30551949314763599 2.4868390978293262 -0.1128030681676012
0.27221112196212288 2.507459478449797 -0.078669326918231544
