2.4015154773466549 0.15605342460176991 -0.060550798691823927
2.4110681137374415 0.1971434023428377 -0.020412794940926422
2.4176397528147033 0.23766853791653753 0.020871096305267098
2.4211502316929452 0.27747419161223164 0.063213146559667394
2.4215891737209487 0.31656378990335116 0.10636373927423506
2.4187186950912523 0.35489746779926612 0.15009705694306594
2.4124321020232484 0.39218209452604635 0.19437599164390212
2.4030413349306432 0.42841122027982054 0.23897778899709668
2.3905722535810985 0.46365606112873342 0.28361345893284629
2.3749214992744627 0.49785068119844228 0.32806815218371771
2.3557614369422732 0.53070366544687153 0.3721597310610319
2.3337265342262064 0.56219728346561015 0.41589217141984569
2.3087812090281794 0.59231614209987571 0.45902603734646164
2.2808787717871519 0.6210168526734331 0.50131123456103655
2.2498421574771079 0.64807340521972201 0.54248193511881926
2.21615150489813 0.67359334784722713 0.5825245714536712
2.1798820157264531 0.69747520861500256 0.62130684022298743
2.1412068482041264 0.71968473236708674 0.65874419831572006
2.0998327227176334 0.74005564792354384 0.69429343074450656
2.056222167250457 0.75878106485243679 0.72801826964842986
2.0105127833194891 0.77579431552152422 0.75981243136860455
1.9628707495931748 0.79092674629430604 0.7896615343352934
1.913456496251114 0.80408678890353069 0.81750384586024605
1.862359849785626 0.81545302799333153 0.84301316259292369
1.8096396258876004 0.82491628658416727 0.86585734148118854
1.7556096535047607 0.83260766202972958 0.88615178797957439
1.7004433793697138 0.83846748966241835 0.90382074078585828
1.6443519541028504 0.84243564164246254 0.91890453479972922
1.5874974352917912 0.84456575036496606 0.93124441834904481
1.5300616067198318 0.8449315288555288 0.94073454116704602
1.4722391049537775 0.84352075266236581 0.94733855703458536
1.4142264298172107 0.84037569486554597 0.95103097847024565
1.3562171160624379 0.83552667282685722 0.95179843775746997
1.298393166575404 0.8290992352018105 0.94960514102109128
1.2409151836179149 0.82131228339358509 0.94449404494498679
1.1840467359898428 0.81179374295908668 0.93630296949597447
1.1279912220461203 0.80086729531217227 0.92491314408634828
1.072900236063228 0.78893298802554213 0.91036079808477133
1.018883752415648 0.77622262721300861 0.892788373511613
0.96606823497311234 0.76298640986783606 0.87222804205114124
0.914527424207916 0.74942807056695515 0.84880225207579407
0.86440291504106181 0.73567197119236372 0.82253402077980409
0.81634559474262502 0.72196331602419472 0.79263610729543332
0.7698309316598646 0.70846362683299957 0.76035301070316397
0.72505316823074828 0.69532921989797125 0.72557192417690031
0.68188547346545558 0.68262665354065544 0.68861082485967551
0.64124589222205963 0.67082364054290078 0.64860045139006672
0.60250708255015317 0.65998613625418701 0.60652424028441676
0.56538332389039347 0.64999642918423106 0.56282425246816747
0.53025256431787249 0.64107765452121368 0.51723914684133576
0.49761599657432498 0.63402353952309864 0.46952851304232796
0.46663447179177231 0.62816059622054765 0.42061495034917107
0.43738312021481052 0.62360672181065657 0.37047104734796432
0.4101532546016024 0.62126967866502347 0.31904353221585396
0.38503672790825855 0.62060777325251237 0.26653752433391514
0.36123519864381576 0.62114930465213114 0.21340721152333508
0.3393703019305559 0.62396233720941929 0.15950238980772757
0.31995851723967417 0.6279116476020683 0.10475955543251726
0.30159556497427592 0.63265854158687573 0.049714456060544518
0.28529341238453648 0.6406890502338134 -0.0056160727319193998
0.27136740018074879 0.65121494008994818 -0.061125147279806093
0.25851769244415468 0.66486905575849276 -0.11622612041783138
0.24545258477713136 0.68101911098266088 -0.17061866745935322
0.23167859840486077 0.69971911911179507 -0.22402563011431223
0.21832900469283451 0.71999106370396393 -0.27692554038431549
0.2057492216911867 0.74317341591100405 -0.3288293517262314
0.19378318899991029 0.76885035475691998 -0.37971378488388541
0.18232576101917347 0.79709207200080556 -0.42930103187962293
0.17127056893438106 0.82746459476538536 -0.47771651092966377
0.16061192591250284 0.8600812509528436 -0.52477247476765854
0.15015062894185677 0.89565127634262531 -0.56966433793607618
0.13976318488949796 0.93306058153818616 -0.61303049717393243
0.12940047548773961 0.97235574407118985 -0.65472291671517935
0.11888855229046573 1.0140927982176737 -0.69395599518870033
0.10814191440302949 1.057869036877761 -0.73079824968238272
0.097053589848719368 1.1032212197134628 -0.76555451218680204
0.085504057358504332 1.1502060096559825 -0.79793233906976047
0.073423743339227188 1.1987894808856747 -0.82768849811474965
0.060542100558329925 1.2489355820843786 -0.85432560246238032
0.04692350836135542 1.3002446590435237 -0.87821119587099183
0.032553259218833147 1.3524764172897106 -0.89950134537940296
0.017247482060427116 1.4055875613073789 -0.9177703667799586
0.0010061038520688189 1.4593490315914892 -0.93315494370533358
-0.016335892899804017 1.5136105364437884 -0.94526530722024527
-0.034927019926819056 1.5681086304117409 -0.95392830486288072
-0.054671771627484544 1.6225878974450445 -0.95955842584397155
-0.075798951999225317 1.6767678225175668 -0.96221246237893432
-0.098544496796487538 1.7303507368052222 -0.96197966814628866
-0.1228346031951901 1.7831608320925545 -0.95886163127176705
-0.14852156438866246 1.8350456011740923 -0.95279766311787273
-0.1755822386365174 1.885802057710948 -0.94383986353051064
-0.20407349635482305 1.9351896584462001 -0.93209675037981432
-0.23395264824596868 1.9830202625265962 -0.9176585987562792
-0.26499088507193924 2.0292041800579144 -0.90054783688161677
-0.29708299975464386 2.0735714669982497 -0.8807798816603678
-0.33027798445889384 2.1159079462501937 -0.85853021686181286
-0.36454597522973636 2.1560343506993633 -0.83392980572772979
-0.3997851992252201 2.1938174123154037 -0.80708401544581365
-0.43604470817960872 2.2290926117969763 -0.77824652608509559
-0.47323683020703822 2.2615426312262294 -0.74735188935909624
-0.51110708751004141 2.2912016638956332 -0.7145427216060749
-0.54954194348522589 2.3180339139199084 -0.68000944469218361
-0.58840809715745734 2.3419593791517559 -0.64386386796606232
-0.627653377592717 2.3628902711548068 -0.6062951163638598
-0.66732047638187753 2.3807444103125146 -0.56759167153936485
-0.70724571114197055 2.3952906878496036 -0.52778176633890528
-0.74714871417827333 2.4064346422646317 -0.48686887955176644
-0.78690779527753141 2.4143747506742717 -0.44508394335506846
-0.82639638973635088 2.4191068624702252 -0.40256273545004895
-0.86561637557444637 2.4205807839658178 -0.3595551266106366
-0.90454194018985767 2.4187066469057039 -0.3162904442335856
-0.94299417980740696 2.4131542700508257 -0.2729184612797293
-0.98081357757682219 2.4043913117619553 -0.22952789892727635
-1.0178266466669625 2.3924224819830449 -0.18621029632020969
-1.0540086858227771 2.3772499504819242 -0.14319351286015397
-1.0893091504140691 2.3589516900446617 -0.10065451992851862
-1.1234810919007878 2.337220728345339 -0.058814344628701547
-1.1564934801616857 2.3123992088000365 -0.017775631377249315
-1.1883334687724434 2.2846601418143413 0.022304332569371664
-1.2189414793300237 2.2540570615548163 0.061243716478494414
-1.2482241779942098 2.2206565889740029 0.098880336199453259
-1.276123797368703 2.1846166551539801 0.13511606684420807
-1.3025135915914015 2.1459882023774548 0.16979147070878803
-1.3274525852942749 2.1049921113910641 0.20277471515966347
-1.3510029986916441 2.0617797795173023 0.23389468237334723
-1.3732316532053277 2.0165621741952653 0.26307765492814572
-1.3943321406326006 1.9696635942709335 0.29037242422707377
-1.4141856479365249 1.9209914566605044 0.31540825371956194
-1.4330156237262124 1.8709157010369535 0.33839006161458196
-1.4507917250358016 1.8194486981648066 0.35899916831226547
-1.4676168085669228 1.7668082876374607 0.3773409980661408
-1.4836512939148516 1.7132151854742046 0.39350438577691327
-1.4988421033261443 1.6586742518491662 0.40710372230825265
-1.5133386354257521 1.6034182545390692 0.41840792451018261
-1.5272259198847202 1.5475745933374476 0.42735137973881743
-1.5404557281777966 1.4912358345546743 0.43386253273328546
-1.5529291962591518 1.4344976926203679 0.43795869045351982
-1.5646810949728953 1.3774807637382491 0.43955204640000756
-1.5758589346596126 1.3203316529585793 0.43884261647333644
-1.5863975900335199 1.2631348142796583 0.43585958692220012
-1.5965325080730275 1.2060264399726564 0.4306381577994513
-1.6061101975654244 1.1490833022679612 0.42308251745681275
-1.6152290678402934 1.0924355744262617 0.41311561928554941
-1.6240372887730024 1.0362256436265522 0.400686858371398
-1.6325078763843952 0.98059175300995061 0.38569232520030972
-1.640619104157587 0.92566170792476909 0.36812643970772058
-1.6487454295153483 0.87165708685683874 0.34790644546933086
-1.6565824541089507 0.81867979282464998 0.32504216577803707
-1.664667424544545 0.76687108022323414 0.29972570983762581
-1.6727283364782493 0.71637530167200936 0.27188585931283621
-1.6811229744097111 0.66749346178988289 0.24141429959340369
-1.6894119560060772 0.62038402894545563 0.20829223521826445
-1.697035947654467 0.57531500689887805 0.17220380677157598
-1.7046584854651381 0.53431135731683788 0.13156099767198276
-1.7155505672332139 0.49379200481429097 0.091203154578001544
-1.7301011899461805 0.4522476239833067 0.053151483885421791
-1.7472010571475789 0.40954656918544069 0.017484105175247414
-1.7662180292549734 0.36543294746382154 -0.015375795161829757
-1.7864066490831205 0.31978721390779252 -0.045330925002719402
-1.8072200234444695 0.27261665935077961 -0.072371627185637971
-1.8279442678068918 0.22373822625359824 -0.096266585569363919
-1.8465242172828875 0.17291016371444465 -0.11771441023710293
-1.8611589667719155 0.12042769372712729 -0.138281995152085
-1.8711370892431891 0.06702582454928066 -0.159267564119868
-1.8775133695762358 0.013666199592405413 -0.18167003959531702
-1.8809657050515911 -0.038999613111633892 -0.20622338837652265
-1.882141553653391 -0.090474869172209677 -0.23338803914737932
-1.8820480568139486 -0.14036389662160886 -0.2634040512665764
-1.88176640550203 -0.18826356601923061 -0.29649562507304994
-1.8826803058302886 -0.23535646628012585 -0.33073348297302763
-1.8853502456796092 -0.28325756538645791 -0.36364188657382579
-1.8898100248045522 -0.33274971106488704 -0.39398925519230193
-1.895609814420999 -0.38429680955344769 -0.42046520168070822
-1.9018457914869771 -0.43728204286246747 -0.44379653028562466
-1.9081441101365448 -0.49164751077626795 -0.4636819272201948
-1.9140359486179719 -0.54698842163712569 -0.48077790567295914
-1.919288348054671 -0.60323983635892997 -0.49485977266274078
-1.9237115118245749 -0.66019088954236593 -0.50612742563119462
-1.9270041911243263 -0.71768940673261328 -0.51468050452384817
-1.9291756894867791 -0.77555444652051553 -0.5207824721060812
-1.9298027856151241 -0.83366879178558795 -0.52438264742499496
-1.9291500893918394 -0.8918746946284446 -0.5259714128597498
-1.9267803742281782 -0.95005619827353938 -0.52519363747839254
-1.9228909768385269 -1.0080937190230725 -0.52250125701578853
-1.9172554491787914 -1.0658624720527485 -0.51776483368624526
-1.909917628692446 -1.1232474063431466 -0.51115514400157502
-1.9008722686183335 -1.1801696875111582 -0.50284737507069854
-1.8901225549380394 -1.2365152302182514 -0.49285115366866949
-1.8777533421744161 -1.2922386277806852 -0.48133074679144466
-1.8636066098871718 -1.3472094122668483 -0.46835175686134045
-1.8478098616333862 -1.4013873564939279 -0.45399660755368282
-1.8302689906148704 -1.454688329873451 -0.43842928949805038
-1.8111974398774935 -1.5070693104289596 -0.42158251037880212
-1.790282807986538 -1.5583741656622605 -0.40364397027896143
-1.767924064488358 -1.6086820501727706 -0.38466742236050039
-1.7440208932296972 -1.6579036208449831 -0.36474323943391934
-1.718601877840255 -1.7059710839576994 -0.34390766833100933
-1.6917721651313424 -1.7528806101850163 -0.32222067637148166
-1.6634929386016732 -1.7985584127267367 -0.29974931837326063
-1.633838959117683 -1.8429917693984166 -0.27657082423153256
-1.6028692932186408 -1.886163798406352 -0.25273118630351987
-1.5705436813185965 -1.9279421332129905 -0.22821171981677912
-1.5369158051413869 -1.9682566081540014 -0.20300522406561641
-1.5020605664349551 -2.0071873184259541 -0.17730191523471528
-1.4660356661055458 -2.0446844894460154 -0.15108605628146016
-1.4288981782680663 -2.0807172732857233 -0.12437435044403516
-1.3906396256703957 -2.1152350664541522 -0.097250545158681465
-1.3512658653046483 -2.1481482902594484 -0.069731885328760318
-1.3108654101690123 -2.179396015382951 -0.041765004194009935
-1.2694394697241707 -2.2089160142125293 -0.01342086288020897
-1.2269754250627891 -2.2366213519843305 0.015216608249696263
-1.1835209585535118 -2.2624377032374503 0.044135121333364821
-1.1391622552799989 -2.2862530121540163 0.073397087242952949
-1.0939154750680395 -2.3079479535065373 0.10295005337560509
-1.0477690292989861 -2.3273584633755338 0.13269943610378246
-1.0007976759625001 -2.3444619440734122 0.1625720721551307
-0.95309164263127588 -2.3593025665439153 0.19248483050323159
-0.90471054516247407 -2.3718348836239498 0.22236500875539683
-0.8556756391634609 -2.3819075298346792 0.25210728666872789
-0.80607927944546065 -2.3894952215675662 0.28165473462714025
-0.75600027115587498 -2.3944632883190304 0.31092842073460258
-0.70550177864601571 -2.3964949459850744 0.33984367716288238
-0.65465947520169743 -2.3959251468737204 0.36821384808781893
-0.60357807873451574 -2.3925858380746545 0.39595577063632237
-0.55233328390545922 -2.3864928456694967 0.42293080510811953
-0.5009893982385788 -2.3777703978562572 0.4489814103208713
-0.44967015171163338 -2.3662889445746669 0.47399062773989659
-0.39842478131082854 -2.3521539310455939 0.49776766702737518
-0.34732107868497242 -2.3355066094928723 0.52017278246580889
-0.29660898862816709 -2.3159121851661819 0.54101727068685379
-0.24626060541311656 -2.2938716704905744 0.560247684312979
-0.19625942075493763 -2.2697425528395918 0.57778884270014075
-0.14680192511299645 -2.2432561566421003 0.59334172830798837
-0.097845724714799479 -2.2147891098214472 0.60688027510838694
-0.049389226879281767 -2.1846066478951518 0.61830368365764898
-0.0015261145060035397 -2.1527483912290695 0.62747068984215837
0.04578723599775144 -2.1195169617918426 0.63433411595328892
0.092359415725289523 -2.08484374063839 0.63856312415082961
0.13836054964928718 -2.049199744373889 0.64050172553794305
0.18361765597522237 -2.0125984940160948 0.639556485623477
0.22823400683751296 -1.9753493296555251 0.63606943213130163
0.27215580215485397 -1.937677638327741 0.62968844845681127
0.31533608444189626 -1.8996999116343998 0.62054440109975606
0.35791828736295439 -1.8617953589702723 0.6086996486988967
0.39958941710903895 -1.8240619199884791 0.59348711462552695
0.44081735953997753 -1.7870624291974817 0.57554169816380796
0.4810458930465018 -1.7510934449678681 0.55372199106322562
0.52081626754478849 -1.7161167301133882 0.52958054556913181
0.55978488143746274 -1.6834045101742006 0.50138926428084019
0.59804761626248593 -1.6524383713231814 0.47026406495600137
0.63544833784650534 -1.6255505647522608 0.4347746390573734
0.67286001118488614 -1.6019329215193292 0.39699327636983828
0.71181715691299818 -1.5813017353132686 0.35897655285950825
0.75312316773350219 -1.5607352770221126 0.32348875808999922
0.79599315667601922 -1.5385512283917218 0.29096202194202658
0.83924480460291828 -1.5135788688077683 0.26107367873192749
0.88165976155733405 -1.4850067074670645 0.2332922983419658
0.92228760929681675 -1.4528558148186217 0.20679558741478224
0.96051183739199564 -1.4175578372520365 0.18073410011494101
0.9957160545143029 -1.379529780680939 0.15422877393775042
1.0274567992583359 -1.3394391096933536 0.12636668849514943
1.0554504529516746 -1.298474812961695 0.095870813186849077
1.0817370785424159 -1.2587830099629789 0.062342512988170326
1.1076434059647113 -1.2213311762018944 0.026060727473951939
1.1338027933964439 -1.1864983134652596 -0.012539018903551408
1.160438896580845 -1.1543414067389073 -0.053061296743440414
1.1881893136350286 -1.1254853791598827 -0.095323069766237903
1.2181630393218248 -1.0989197114613392 -0.13757370495494997
1.2513076054009244 -1.0710676055004089 -0.17652771113673929
1.2864366810038192 -1.0410585084480473 -0.21194854484295964
1.3230931179681638 -1.0098104582180678 -0.24462762451929188
1.3612448328582716 -0.97776486633969684 -0.27473301788184273
1.4008171626762156 -0.94524126627890803 -0.30240832357927427
1.4415489792962335 -0.91216234159399445 -0.32763386797272059
1.4832211970092757 -0.87844438563842486 -0.35036074646429244
1.5257926991782131 -0.84427414940251921 -0.37061262275791457
1.5689104248499355 -0.80938618751390201 -0.38833216651900415
1.6126039321070158 -0.77402947342207351 -0.40353438055028518
1.6566451814207508 -0.73808618871529685 -0.41613926103386822
1.700862867562891 -0.70155039473760494 -0.42615780131360836
1.745154880482954 -0.66447666565580066 -0.43351770041215226
1.7893374263607695 -0.62684249592364627 -0.43819907654156826
1.8332414036036224 -0.58864980464472505 -0.44028805457347975
1.8768119544737616 -0.55002512271264026 -0.43994397758799314
1.9198260655082056 -0.5108936140552226 -0.43701598863565544
1.9620852724163282 -0.47124349968634049 -0.43136114394232589
2.003446687695229 -0.43111502718830591 -0.42305128717616114
2.043784541547577 -0.39053878223636923 -0.41224933795346097
2.0828699346772059 -0.34952093756471436 -0.39885647978465766
2.1206060594945044 -0.3081103710799053 -0.38299859698685174
2.1568061412567268 -0.26633988810970477 -0.36470735837225943
2.1913636900562312 -0.22431324716130169 -0.34397929052801918
2.2241258887388922 -0.18207301251265898 -0.320898697758841
2.2549064320347476 -0.13969267343027469 -0.29545747699152347
2.2833850627983976 -0.097190890452715381 -0.26764443964070334
2.3095327695398704 -0.054673382753977907 -0.23765653460804415
2.333308772448262 -0.012153493366578765 -0.20577480742107548
2.3543790626770811 0.030248109391087012 -0.17188938955880065
2.3729666675856409 0.072493785024071167 -0.13639703631338096
2.3886887101611407 0.11446969459974435 -0.099239313511591265

1.9446366888051201 1.5479651770295511 0.042364310693251632
1.9032484273747501 1.5725229612756904 0.086001177612623936
1.8591979968209333 1.5947100885407219 0.12827286916587469
1.8124923974056331 1.6144257310800065 0.16887758822622909
1.7635151158807365 1.6318773780976943 0.20782716073135463
1.7120069803519919 1.6467059265520039 0.24452990678176506
1.6585723413029831 1.6593975509641687 0.27922733563428759
1.6032955640631994 1.6700354211166673 0.31164684708613338
1.546486432603414 1.6788845673685282 0.34188715457676527
1.4882132248220863 1.6859914617155485 0.36970294986464575
1.4286087307833952 1.6914466351405459 0.39497504459494925
1.3678019545379854 1.6953675024623742 0.41751234728617242
1.3059817393029625 1.6979727406497724 0.43730915386194047
1.2433439060048219 1.6994643124445539 0.45447189820877709
1.180052380526976 1.7000420446399132 0.46910568005361986
1.1161913695061003 1.6997807159607004 0.48102045174660324
1.0519118297692076 1.6983614829708247 0.49032707914267526
0.98735456878447225 1.6955120660731571 0.49704292040987191
0.92264348229292426 1.6913793049826598 0.50112232867997963
0.85789358204365607 1.6861768105963313 0.50238729143711558
0.79322514904183827 1.6801087857854817 0.50098210285213951
0.7287450313230448 1.6732925886425936 0.49694216594866608
0.66457143911090166 1.6657704602361851 0.49018396619239968
0.60083260468296484 1.6576676369015817 0.48060898275072927
0.53767096687013183 1.6490763858592732 0.46809661239185624
0.47518740780013596 1.6401731872828851 0.4527270523738301
0.41354029903422768 1.6310986930124278 0.4343714005140033
0.3528607349849141 1.6220938228207025 0.41301839248224875
0.29338581144163933 1.6133726499558241 0.3884063412535872
0.23521796568475006 1.6052179831655444 0.3606882503333948
0.17838237490953296 1.5976764541756483 0.33014480323864043
0.12429949949246452 1.5912483178872103 0.29470997261388282
0.073476781319877338 1.5853986834694049 0.25485374370127761
0.024858045618013181 1.5816638892123138 0.21193683403735142
-0.025328847817473923 1.5820645767547692 0.170756472574976
-0.07757319584148438 1.5845529781308727 0.13226413773594167
-0.13238513374032071 1.5873069792394245 0.097557982371883317
-0.18952705855366539 1.5885635246274143 0.066735615990653627
-0.24840844634657758 1.5868885993068158 0.039382881712920675
-0.30815767783677817 1.5810006965056174 0.014580957361748557
-0.36765082253946424 1.5699429284993514 -0.0090307073581627362
-0.42568305604059092 1.5536343748355503 -0.033193355729871039
-0.48141785256543912 1.5331099340290073 -0.059457808426904041
-0.53461073493571265 1.510606221164676 -0.089147719493530606
-0.58562037360518115 1.488485983332122 -0.12270477541955346
-0.63489402573159703 1.468062979082428 -0.15974346728970029
-0.68268637437632551 1.4502766383792796 -0.19993184993150626
-0.72955544273342654 1.4357242190262023 -0.24245786009924122
-0.77647192905187179 1.4269485477842856 -0.28653477034387104
-0.82625473518400028 1.4198290694180331 -0.32767952471583894
-0.87966309783351182 1.4130840993253098 -0.36401343472941738
-0.93505715383738297 1.4066740308639354 -0.39730461777586873
-0.99238806078777531 1.4008409974594358 -0.42726852537175392
-1.0512197082596413 1.3954987018191718 -0.45426560757530543
-1.1114351285435546 1.3901889693482885 -0.47803180113391508
-1.1728003476506812 1.3848442384818935 -0.49865217652428767
-1.235083907313373 1.3793556621191465 -0.51625779423432272
-1.2980992434270935 1.3734332736475925 -0.530876316556113
-1.3616831473663065 1.3671016538506948 -0.54257162462758446
-1.4256726744789951 1.3602850381962048 -0.55146259402046327
-1.4899109959593722 1.3527998554902101 -0.55759800587584885
-1.5542743185972394 1.3446252678301156 -0.56088199540267392
-1.618640515554054 1.3358387666348881 -0.56125164028787033
-1.6828834035575502 1.3265258060650869 -0.55865733461533196
-1.7468577202497697 1.3166310894697457 -0.55315143199720429
-1.8104036823543421 1.3060075123847359 -0.54476138765586068
-1.873322565675051 1.2944662271732881 -0.53338550746961166
-1.9354390741655161 1.2818769936857353 -0.51910108422852297
-1.9966089688765623 1.2681405450354739 -0.50206853439571053
-2.0566167361786527 1.2530966619111097 -0.48224711676819165
-2.1152430659481678 1.2365845165412648 -0.45966797534211246
-2.1722346737001978 1.2184155199800999 -0.43435201625034009
-2.2273860679417825 1.19845681638301 -0.40643434322771177
-2.2806076891122151 1.1766947077219729 -0.37621859322711132
-2.3314625608870938 1.1528289370910083 -0.34361212300565425
-2.3798266884551551 1.1268827743182253 -0.30887356229063478
-2.425412495665122 1.0987733727276419 -0.27210271920863655
-2.4679362639376143 1.0684196189253783 -0.23349154184201887
-2.5070793747326081 1.0358253490355891 -0.19317281377964701
-2.5428193925335196 1.0012440699900855 -0.15138596590807687
-2.5750456343585237 0.96485355324203403 -0.10830596246879069
-2.6036222561435651 0.92681365556415363 -0.064092485408817484
-2.6284396199634701 0.88729948183389329 -0.018910552805073054
-2.649400823413528 0.84647497309761055 0.027059817181564853
-2.6663679548507573 0.80450341107775036 0.073649821410496641
-2.6788881345023667 0.76152565198060806 0.1207266197856993
-2.6873605131402432 0.71783073381148765 0.16803449087880842
-2.6917689448910562 0.67346384153399486 0.21526711677469046
-2.6921260560445104 0.62845285596291944 0.26209495306795094
-2.6884274821918677 0.5831049350661266 0.30846118939056411
-2.6801773463787311 0.53778222440255685 0.35426251783130619
-2.667839735200169 0.49239649091493559 0.39906391954735643
-2.6515966239330475 0.44700132191326469 0.44258760255764151
-2.6314735813326049 0.40201847133822 0.48490588505071669
-2.6074715665635391 0.35761856955255333 0.52580166668153416
-2.5793554628767579 0.31376443199841436 0.56461149878883632
-2.5477312112764872 0.27054953734556364 0.60137215427686552
-2.5126871980581815 0.22826985794857874 0.63606047760373041
-2.4743543405758857 0.18716452628492306 0.66862465315961983
-2.4327444944949099 0.14717678801240813 0.69844831027898424
-2.3880103881344832 0.10849181818277753 0.72531771210898055
-2.3405681330007053 0.071216582154346356 0.74937327579007407
-2.2905942911238615 0.035563587239267197 0.7705876130628394
-2.2383275593003882 0.0014819890290779271 0.78862821531239713
-2.1840087293140678 -0.030940351663679866 0.80339100111702144
-2.1278548870333092 -0.061626894106205879 0.81458762694645892
-2.0701253477508037 -0.090460268349089337 0.8220743015717088
-2.0111489912633065 -0.11739738684808888 0.8259882274600604
-1.951192763518891 -0.14237350765690762 0.82631634281489375
-1.8906523601093479 -0.16563935909647517 0.82288072958289304
-1.8298292586089717 -0.18722814330095275 0.8156464822249484
-1.7690084075250452 -0.20710484206621069 0.80454330762547488
-1.7085404988269517 -0.22539192170172123 0.78948800784024875
-1.6488051418891376 -0.24238713389293964 0.77051323846467534
-1.5901480478450014 -0.2583281635981568 0.74764492130112514
-1.5328315033179143 -0.27334705293797656 0.72105080252587761
-1.4772569104641589 -0.28765555032143231 0.69062884972317418
-1.4235336602659028 -0.30152015226862272 0.65681330933257964
-1.3722545220438795 -0.31502849264869864 0.61927093408569034
-1.323686980662159 -0.32866449102394202 0.57835137196698716
-1.2775675931441395 -0.34254723987925711 0.53480112465548191
-1.234261362066694 -0.35693110808678097 0.48861273761426355
-1.1936601217325786 -0.37199132705189536 0.44019446316105043
-1.1567432019964128 -0.38827652362331999 0.38926471762124154
-1.1233735851321704 -0.40602590609890588 0.33645754669336325
-1.0929495476412199 -0.42521368718336783 0.2824172335343208
-1.0652443924048813 -0.44582255582137453 0.22737539056265138
-1.0417372058595569 -0.46731448028082051 0.17075792345703733
-1.0199278575715531 -0.48771614890776233 0.11307055436378433
-0.99976740374194895 -0.5068504123334967 0.054370992463714067
-0.98190866933751186 -0.52442975581712503 -0.0055784684102817839
-0.96660408320262459 -0.54275917601576329 -0.065982238699053106
-0.9541100341565909 -0.56340287119527321 -0.12622121294052641
-0.94427118783695041 -0.58711469540086569 -0.18591084409090058
-0.93819866452950818 -0.61570952922864719 -0.24389831008766041
-0.93375241336632098 -0.64711948982720069 -0.30050790353696044
-0.93095898873791061 -0.68165985469725054 -0.35547212412104007
-0.92997883925622216 -0.72096782038783902 -0.40716938024770194
-0.92960905232264124 -0.76297241017081852 -0.4566433185239423
-0.92971455483234444 -0.80793976959273273 -0.50350235767034912
-0.92979333840632172 -0.85654749139363795 -0.54662066869247339
-0.929310715362204 -0.90807713569523263 -0.58613113730738053
-0.92799175562745484 -0.9620100722203313 -0.62223947639926147
-0.92548635972317372 -1.018197458056525 -0.6546590548501634
-0.92156207670738333 -1.0763253605255652 -0.68337261643685598
-0.91599722329970501 -1.1360565187989446 -0.70831935061775853
-0.90804306707949278 -1.1972035612922278 -0.72880534983856782
-0.89792531287987765 -1.2591527831971643 -0.74551134250070383
-0.88554151284270999 -1.3215674625478468 -0.75850610296606258
-0.87078287287127831 -1.3841076260135803 -0.76793585341354786
-0.85369124493988191 -1.4464479708020348 -0.77425922108623224
-0.83407411829785605 -1.5082958655301324 -0.77716879436287856
-0.8118491447804469 -1.569323028350543 -0.77679003227680166
-0.78709534439655926 -1.6292834259055529 -0.77338792274782908
-0.75996441940405335 -1.6880012230857884 -0.76731582456066305
-0.7302557137285538 -1.7450861315654613 -0.75843617427767862
-0.69833663510116228 -1.8005926797032252 -0.74744266919341484
-0.66411952673805053 -1.854204256541643 -0.73422354772035137
-0.62783551955866945 -1.9059602358255361 -0.71922142458961591
-0.58960748958048936 -1.9557843895637033 -0.7026130753201838
-0.54933319267654457 -2.0033796994638791 -0.68435545614684479
-0.50722323390763357 -2.0488533390786561 -0.66486456653325088
-0.46353908188061388 -2.092310195159178 -0.64426860237240813
-0.41831355762319472 -2.1336517962027322 -0.62267982491560758
-0.37177846815250531 -2.1730866262720907 -0.6003136997393006
-0.3238395484506677 -2.2103525061398521 -0.57719974235681282
-0.27475101650283873 -2.2456813814690375 -0.55346705349258407
-0.22457553115877193 -2.2790016264109827 -0.52910611181795197
-0.17344787767382733 -2.3104455076718931 -0.50423693311080697
-0.121478048979068 -2.34003516049733 -0.47884840801513862
-0.068828321657409625 -2.3679545603159555 -0.45296702255317178
-0.015560294609269882 -2.3941607333031212 -0.42656082545288804
0.038345195685256919 -2.4184018736489539 -0.39957455564799793
0.092619608655665348 -2.441062877455503 -0.37196603534253414
0.14721772944671305 -2.4620818477173136 -0.34370644183421378
0.20203542741362893 -2.4814715346087937 -0.31471794744142773
0.25699368828564145 -2.4992441630732896 -0.28496917403426808
0.31200915559558529 -2.5153601395800069 -0.25439428105437228
0.36702914025935107 -2.5298047102473489 -0.22300057760746519
0.42199433786009571 -2.5423822621823917 -0.19071827888555312
0.47682883460721964 -2.5530267055148985 -0.15753060817525333
0.53144073974929995 -2.5616993465573956 -0.12341969968490751
0.58576119638398816 -2.5682258851947593 -0.088378018709570405
0.63975602354787486 -2.572706231307921 -0.052529239155703247
0.69322014067265603 -2.5751081524942707 -0.015693718854960036
0.74608559631585514 -2.5755762866663394 0.022063100307437092
0.79805752769600924 -2.5739759781325109 0.061014102079112238
0.84895616272446139 -2.5703429477742246 0.10122075512598108
0.89863982198274772 -2.5645343739259414 0.14267639621656317
0.94716320454605496 -2.5566208548017424 0.18515297713855883
0.99410516339500254 -2.5459820836954745 0.22879665227223381
1.039201934380054 -2.5323282211266847 0.27352314926182136
1.0827269563959407 -2.5161572354073352 0.31895776671863935
1.1245804192650253 -2.4973550885015765 0.36493903820975887
1.1642637410830117 -2.4752940475562477 0.41137649493084294
1.2016119795179223 -2.4499948838941417 0.45811154683064242
1.236744892701733 -2.4217264939732526 0.50486859174328547
1.2694374884074699 -2.390328927015184 0.55139365385201589
1.299513671605548 -2.3558299394107216 0.59749765082694528
1.3265907744543965 -2.3180932227471507 0.64292133999724344
1.3508539329462326 -2.2775048755797345 0.68746493248208373
1.3722104276785316 -2.2341421174627847 0.73085781036237485
1.3905783401938112 -2.1881857332032539 0.77292098402786236
1.4058556539705318 -2.1398126707720202 0.81347920797821016
1.4179678259598139 -2.0892287523419113 0.8523722717993284
1.4268553513249287 -2.0366516925868372 0.88944855525422273
1.4325134956947254 -1.982281461136987 0.9245170312423302
1.4349908402836578 -1.9263000385082216 0.95734722692621355
1.4342995686659488 -1.8689197616065769 0.98775877560104797
1.4304445729899082 -1.8103850932522776 1.0156295216893372
1.4233917310364836 -1.7509675406642795 1.0408841522945012
1.4132000768028052 -1.6909091665846743 1.0634031868260605
1.4000054025473598 -1.6303994434061924 1.0829528927760323
1.3839250406144057 -1.5696754312330155 1.0994375596426325
1.3649024870904829 -1.5090562159775918 1.1128921320292029
1.3430012020584856 -1.4488094521692638 1.1232803621171215
1.3184543621602081 -1.3891160334323185 1.1304293490024826
1.2914560508965689 -1.3301793533168753 1.1342346532482768
1.262090867068788 -1.2722632364963675 1.1347081042075733
1.2304978723199327 -1.2155957512558049 1.1318731910657618
1.1970557295017492 -1.1602702644144476 1.1256682813431793
1.1622152970869235 -1.106351497663193 1.1157624883131199
1.1263988883714264 -1.0538097635600343 1.1024216386313319
1.0896828233242637 -1.0031103488211408 1.085003100130282
1.0525072065763734 -0.95416294313995076 1.0639616811272077
1.0151727323409114 -0.90692033823116835 1.0396235458839833
0.97793483587262775 -0.86158750464809231 1.0117690535920429
0.94101455091204844 -0.81794506318640003 0.98095674927512977
0.90465939300391862 -0.77624554011765112 0.94693919924729053
0.8689815279247598 -0.73634048603565738 0.91012250510317616
0.83460594455555936 -0.69842669834205695 0.87008790080042187
0.80148632331533187 -0.66263580899058983 0.82717457038831643
0.76992376032876342 -0.62862487718088278 0.78173688965879595
0.73989381866924919 -0.59614638248004037 0.73418723331170432
0.71194654702656435 -0.56567349136079548 0.68410096156491806
0.68613327295421711 -0.53735461152135711 0.63162600089574505
0.66275987496450961 -0.51062468273439166 0.5772361775811804
0.64223923023868468 -0.48581857387280525 0.52085374625308556
0.62405556342649848 -0.46238831580014306 0.46307115988289049
0.60875247717587821 -0.44019824700759846 0.40394991184874807
0.59690603220839744 -0.42022219176104797 0.34328457132189194
0.58868665890197436 -0.40132609705596339 0.28170329822483092
0.58246086635146677 -0.38293609068371282 0.2197195525104052
0.58097095567709101 -0.36582646039132527 0.15705987810162714
0.5822143703526077 -0.35114735445153222 0.093775730484080652
0.58457206370691528 -0.33717451722165237 0.030408406749730964
0.59162021022985034 -0.32503335953313789 -0.032976350847076397
0.60464342127461945 -0.31025116713997686 -0.094855523237018999
0.62390405084795619 -0.29260282884570865 -0.15434896720201136
0.64386972111411978 -0.27475053269523975 -0.21353711519358431
0.66532632997728358 -0.25646693003570759 -0.27207965853437127
0.68956298243768377 -0.23868504098508853 -0.32968250964384882
0.71668856575877193 -0.22006745758403881 -0.38565988725126898
0.74679996562925621 -0.20067755513759369 -0.43982975977614419
0.77916895815327702 -0.18079937547066227 -0.49254609374423652
0.81449428461679185 -0.16001288156879842 -0.54294504122704867
0.85282219288680461 -0.1380415014280558 -0.59054521843736807
0.89270272877694468 -0.11547958510043056 -0.63657852180710184
0.93477977173505744 -0.092079347871268799 -0.6801891566318744
0.97936201029907588 -0.067106716906968025 -0.72032264985471972
1.0256918275433147 -0.041278570715409871 -0.75781682761824376
1.0733785730195602 -0.014537798162329814 -0.79286244261833683
1.1226646571534706 0.013550337586792003 -0.82445904285337523
1.1730982108266081 0.042741867322365595 -0.85317890887883252
1.2245860440703089 0.072923142997709967 -0.87886935841565639
1.2769638177479681 0.10467841198878605 -0.90054333875250026
1.3298806885302268 0.13752413569318092 -0.91900075000629611
1.3831327656566093 0.17137724265729903 -0.93439594359216516
1.4365225766972385 0.20638282622574175 -0.94631614401166575
1.4898331540953769 0.24246704699610869 -0.95493618023905513
1.5428245326966294 0.27966211816364356 -0.96010939592527789
1.5952605715646933 0.31794930670915983 -0.96181866488324097
1.646911080679125 0.35729049357280451 -0.9600844496011276
1.6974826602195547 0.39770897405597522 -0.95485772669458491
1.7467239965411308 0.43917484903911419 -0.94623673604398473
1.7943338332237189 0.48169020909295673 -0.93421850122189021
1.8401059815313583 0.52516436719802184 -0.91895034140802268
1.8837871218850766 0.56954338196918408 -0.90046406186438932
1.9251224913309317 0.61474553551338562 -0.87885510671432465
1.9639380064426675 0.66063903227450027 -0.85420964016934509
1.9998335170801216 0.70717861286514594 -0.82653653095521362
2.0325115347711575 0.75425268359154851 -0.79594286103048273
2.0620576534373085 0.80168202602386429 -0.7628310580054497
2.0882448386435417 0.84938906373600964 -0.72737496089158349
2.1109410459597577 0.89725602563589235 -0.68978477307103125
2.1298077502945243 0.94517514097678723 -0.65019253809792454
2.1446277142627261 0.99299888599038633 -0.60880489524575254
2.1556720831994811 1.0405440016655259 -0.56595028644634149
2.1628993412674267 1.0876294842324454 -0.52179173008013402
2.1661182525687908 1.1340436700661423 -0.47645962550843252
2.165036817369538 1.1795235590471613 -0.43009056059389938
2.160115386161261 1.2239804959616278 -0.38299031514763437
2.1513910680670181 1.2672556886844843 -0.33533800533472802
2.1385136583574158 1.3090340859573124 -0.28729331276762116
2.1216398432372174 1.3491649814861348 -0.23908332596463366
2.1011110568849909 1.3876019222156328 -0.1909129175031109
2.0770105489181456 1.424205545369972 -0.14296205296897335
2.0488930862305357 1.4585091316434931 -0.095501019985696697
2.0173367875119701 1.490625216499994 -0.048681742605420839
1.9825368820771974 1.5204772155434381 -0.0026710026351672855

0.23677196103305709 2.526713057015455 -0.041939915972872173
0.19556903122838037 2.5451241480684934 0.0012380078523565735
0.15391590279817402 2.5599340809267792 0.045347444266474426
0.11195608730305084 2.5710454674409733 0.090244095794095092
0.069841881874116551 2.5784338653989538 0.13576295666209384
0.027729885385879109 2.5819565046926645 0.18175059585971579
-0.01419116155504524 2.5812753423034263 0.22804124473573856
-0.055772635531035918 2.576819426218258 0.27442131757678623
-0.096866744178907754 2.5686235937567594 0.32072410732493156
-0.13732739725499105 2.5567185301560955 0.36678503222410497
-0.17693590576766424 2.5408688745310926 0.41239806855873345
-0.21552737544365427 2.5211459766918694 0.45736637604737768
-0.25302669187762583 2.4978992098435864 0.50156095822838109
-0.28931794828679491 2.471182735758306 0.54479275870149457
-0.32439473589398404 2.4410910445275458 0.58679940714526535
-0.35812134121695599 2.4075009156979195 0.62723344033731521
-0.39033658433690949 2.3705627010203694 0.66593966123151782
-0.42099333225185165 2.3306140071281374 0.70287230421805658
-0.44990635026793557 2.287803992394287 0.73795685960673507
-0.47700518818139592 2.242280298928097 0.77101515603779358
-0.50228306999194805 2.1941952770363531 0.80181924749959532
-0.5256935841295387 2.1437377304356668 0.83022386404132387
-0.54717578109223586 2.0910178104925974 0.855922876695551
-0.56681525001308386 2.036289518749546 0.87873530844058667
-0.58472086445428495 1.979860086348411 0.89862524844375546
-0.60084514871833061 1.9219143483641217 0.91543550900557813
-0.61529669337268378 1.8627391243514184 0.9292045942935403
-0.62806968459367241 1.8025258625306346 0.93972950142600375
-0.63924334089200663 1.7415272139322293 0.94711389892786424
-0.6488347402548853 1.6799578796176233 0.9512094670083493
-0.65691079714065126 1.6180329192878149 0.9520085073137653
-0.66356293225597973 1.5559805666378266 0.94958591571076945
-0.66881671175412982 1.4940091139083058 0.94378439865533748
-0.67269269484374494 1.432349460704214 0.9345404234673732
-0.67541475348191016 1.3712261330421434 0.92197648942124422
-0.67716555630415431 1.3108759467815085 0.90600820874989418
-0.67820183988759231 1.251417622504938 0.886968518409193
-0.67858604534622102 1.1930369967182124 0.86483383508401734
-0.67843519316785861 1.1358816655984436 0.83969287543302507
-0.67791238968506973 1.0799881969123135 0.81181834260713692
-0.67700224844746915 1.0257957972463083 0.78075803647852415
-0.67587909065532803 0.97364339909136044 0.7464079443029874
-0.67480839502866585 0.9230435334295084 0.70984338392483903
-0.67378790159795543 0.87439266967688589 0.67072991560282136
-0.6728162018224515 0.82783234578640974 0.62910798523214195
-0.67241229460095508 0.78380594506753321 0.58479207325762761
-0.67232315343512583 0.74192829514687364 0.53848645227159364
-0.67291438004963644 0.70275809890151753 0.48987359879473663
-0.67402468553543005 0.66519622631525344 0.43997109279576913
-0.67611943021028897 0.63081002268401654 0.38786936769954433
-0.67935198135725006 0.5995198009642001 0.33392896591760701
-0.68319622612412478 0.56972151320860198 0.27918247026140003
-0.68832852958979385 0.54261954182718386 0.2231434045191637
-0.69499331503552142 0.51776935924053624 0.16621857499980364
-0.70190051948025478 0.49454217766334407 0.10867335933684541
-0.7092213447720136 0.47487726833705812 0.04992409563240164
-0.71706587368431507 0.46163460704246806 -0.010613729777450367
-0.72530903927941737 0.45034233471782209 -0.07149822667241755
-0.73517938853963249 0.43961552813010019 -0.13216088057818787
-0.75221856175423996 0.4311902269464763 -0.19158554374755055
-0.77401571774590572 0.42391862443994516 -0.2496750862065639
-0.79707656458159071 0.41810333873534633 -0.30742965729765181
-0.82121302625667669 0.41323883500887909 -0.36482089079134522
-0.84762050894231622 0.41000478564350457 -0.42133282898736779
-0.87732041445109077 0.40862005588389433 -0.47627266236623989
-0.90878304997279225 0.4082036201589474 -0.53019855141407268
-0.94326225153468934 0.40909901470542154 -0.58223421603283709
-0.97987578962174826 0.41068121752084719 -0.63282406302246452
-1.0191984555744413 0.41353125467466001 -0.68126760471872649
-1.0613076290603061 0.41690665545062139 -0.72724317122001114
-1.1055257781000485 0.4207812548191277 -0.77115341955862859
-1.1515800324685177 0.42512551865018328 -0.81311363585630603
-1.2000369938644884 0.4297121227892125 -0.85226708720555322
-1.251107007867029 0.43428968450354011 -0.88795023104080839
-1.3038644344636749 0.43879058372187935 -0.92105177948692951
-1.3581373825503069 0.44311021623889013 -0.95161738264878648
-1.4141570240533523 0.44698963952923143 -0.97890909206878385
-1.4715639930558777 0.4502805086944569 -1.0032687284618209
-1.5301874775736088 0.45280275885745158 -1.0246853741450637
-1.5899208786843071 0.45415488320449493 -1.0429194002208964
-1.6505783279738664 0.45425605847121264 -1.0578263183182317
-1.7118924215403366 0.45307415688193337 -1.0696436523069652
-1.7736672387009753 0.45060430982519589 -1.0784349347389868
-1.8357361512977928 0.44666291969217009 -1.0839872141435705
-1.8978950177425256 0.44117785258457864 -1.0862807806850805
-1.9599395024578932 0.43418555863133645 -1.0855852086928046
-2.021637635307699 0.42547072672622821 -1.0815781202659824
-2.0827853838573014 0.41504524995754399 -1.0743962028305492
-2.1431914678482928 0.40293248799486564 -1.0642556775739345
-2.2025662907657511 0.38894726342590091 -1.050893032207743
-2.2607677637488348 0.37321061930104432 -1.0346514365433583
-2.317515973262843 0.35560598683040845 -1.0154526594901134
-2.3725952274177438 0.3361197516202919 -0.99340950096070424
-2.4258402152825895 0.31479649533801113 -0.96873120683717251
-2.4769690667591564 0.29158094835252818 -0.94141653956803073
-2.5259031352174266 0.26658305331486448 -0.9117560689626828
-2.5723231058836595 0.23973724914768543 -0.87976568604713756
-2.6160710244736705 0.21114152286497936 -0.84559401084523123
-2.6569664102537467 0.18089538105211853 -0.80936898698425597
-2.6948557896987957 0.14911528416262465 -0.77123410667394254
-2.7295981962919891 0.11591996491129254 -0.73134261195251427
-2.7611049257931803 0.081416667601894532 -0.68989531569433138
-2.7893238886343426 0.045696776391650464 -0.64712483864709269
-2.8137937076303432 0.0087806352334884302 -0.60307929292202556
-2.834687426547287 -0.029099810741765434 -0.5580302445562948
-2.8518728685183405 -0.067813225740348926 -0.51213524259786602
-2.8653249466417625 -0.10720462917197111 -0.46558153309075151
-2.8749830991685945 -0.14712644438390227 -0.41854441546283427
-2.8807882816521886 -0.18742968321427439 -0.37120101456813648
-2.8830507239390042 -0.22797286826228449 -0.32375666514580054
-2.8815734797673174 -0.26869992104029583 -0.27644864757845944
-2.8763099071248655 -0.30951123819240983 -0.22948218355462041
-2.8673031309667039 -0.35026230621587146 -0.18303039116173286
-2.8550961725693091 -0.39086872384462129 -0.13717919555345562
-2.8392169093187851 -0.43125562727092182 -0.092278809977041368
-2.8201952002905681 -0.47135677094677941 -0.048340508897357942
-2.797958735482645 -0.51111756430753774 -0.005618873200308877
-2.7728293507547503 -0.55048600685327742 0.035845710779003011
-2.7447972222246735 -0.58941944857564788 0.075841256724780842
-2.7139750497867579 -0.62787666952775423 0.11420970134818284
-2.680750104837208 -0.6658487450177214 0.15103500094545322
-2.6452566494237466 -0.70334452678314174 0.18619539699491613
-2.6075091311977112 -0.74032029178183945 0.21951174026271794
-2.5678094628303918 -0.77678117775784472 0.25108040559004979
-2.5263361192772176 -0.81275375900629421 0.28087756210692733
-2.4832999361566026 -0.84823768380518583 0.30899284319363596
-2.438649368983008 -0.88311934557465477 0.33528246580601717
-2.3924649653325725 -0.91708064691833502 0.36008290745261806
-2.3446682464098081 -0.94984949459778711 0.38338005042131523
-2.2954575611242647 -0.981516830241839 0.40521997359690293
-2.2449699859807759 -1.0121694527823948 0.42553428656995951
-2.1933367198622737 -1.0418180570505782 0.44441569584958773
-2.1405521048339318 -1.0703270275952821 0.46180750800449777
-2.0867731465648789 -1.0977507357838374 0.47785514881904417
-2.0320655441543778 -1.1241278309454319 0.49245885993717081
-1.9765212142982871 -1.1494750136899163 0.5056663886654208
-1.9202396833179538 -1.1738727260692572 0.51746268621031155
-1.8632794737026994 -1.1972637601620388 0.52796585550553987
-1.8057036038379881 -1.2196712356723465 0.53717051823736806
-1.7475558208080675 -1.241053427620354 0.54513499186344627
-1.6888780883347549 -1.2613971753072153 0.55184143057179358
-1.6296892894986021 -1.2806226578448725 0.55723826126109255
-1.5700104250796199 -1.2986235874706968 0.56129031140739394
-1.5099123780589221 -1.3154420351152358 0.56396554939860799
-1.4494363015680818 -1.331020500178236 0.56531837920288464
-1.3886591855049013 -1.3454366810358043 0.5652744876501784
-1.3276080437569695 -1.3585584948205718 0.56375998291313156
-1.2663581814701443 -1.3704175506102159 0.56064965251402965
-1.20498776631097 -1.3810104418316462 0.55581296629543975
-1.1435569801236702 -1.3896837453253468 0.54860068140896834
-1.0822245945571214 -1.3965891082323412 0.53904274440565603
-1.0212069648405551 -1.4016177268396128 0.52672921380332893
-0.96071681371643392 -1.4047125938954534 0.51155863529646917
-0.90122673617181304 -1.405519658486152 0.49261664470265865
-0.84284056258161222 -1.4048637536676396 0.4704835858606416
-0.78572685262175967 -1.4030782898204328 0.44530959583393565
-0.73068364124664342 -1.3996743123975963 0.41607681119177442
-0.67778940817248756 -1.3950117537217535 0.38322534542938258
-0.62659789881979933 -1.3898163254415397 0.34783093206810811
-0.57719396577089721 -1.3838935457037504 0.31009475192456892
-0.52902182752852356 -1.3771343507425233 0.27090602795518298
-0.48138043549185516 -1.3698156090819746 0.23116935684392226
-0.43413219857505364 -1.3618821403163763 0.19108494784144431
-0.38733251117019474 -1.3530263281911004 0.1506703431232633
-0.34113100088781617 -1.3429163549162602 0.10986225783146016
-0.29569854567727022 -1.3313757591081614 0.068570624803782981
-0.25142301759759783 -1.3181733910324305 0.026525860017966529
-0.20862600681369303 -1.3035939646458601 -0.01657047564624866
-0.16736975158770021 -1.2881626297476849 -0.060848553457441786
-0.12797949942603803 -1.274068335412692 -0.10720338754158029
-0.089496425991534886 -1.264473139460462 -0.15526488125189047
-0.051416846009816691 -1.2601497132451012 -0.20457427148074395
-0.012919078915719376 -1.2644264570060488 -0.25358466371552596
0.025685118171448626 -1.273526757054352 -0.30178794140695492
0.064729616905140813 -1.2871546492651438 -0.34848752145145334
0.10412895890465163 -1.3036672771201576 -0.39406615818800739
0.14414913696009468 -1.3248668935462244 -0.43707135014349763
0.18467309883145702 -1.3489596271794082 -0.47801281756994257
0.2258637412358514 -1.3755574366370147 -0.51664679222636145
0.26777557484870623 -1.4043478229046453 -0.55289621209352857
0.31049766053737193 -1.4352103448624369 -0.586407685957543
0.35411476723802016 -1.4678443678821635 -0.61698473127012299
0.39886210586585957 -1.50189586952863 -0.64418856958978776
0.44462475698277226 -1.5370138301251182 -0.66812933473786373
0.4914400033627736 -1.5728038610529824 -0.68881298875433272
0.5393573503803365 -1.6089372288206374 -0.70605566793718155
0.58832423596557482 -1.6452119968346997 -0.71970787404221104
0.6382762869283729 -1.6812605945216963 -0.72995417113654759
0.68925981867289943 -1.7167350305807738 -0.73639643609699545
0.74114232103312827 -1.7513804922972644 -0.73924829570802297
0.79381044155544056 -1.7849354906776678 -0.73859037500821878
0.84723339228400818 -1.8170241584715556 -0.73441748258128092
0.90135915012447687 -1.8472181303428747 -0.7266745822516808
0.95601375632585095 -1.8753486918354894 -0.71561443387274604
1.0110643538150312 -1.9012068353406717 -0.70144908900019476
1.066419032779325 -1.9244959598321145 -0.68432724437852421
1.1218686888670892 -1.945178611404941 -0.66440086702320877
1.1772130504737852 -1.9631633445465679 -0.64174415380405991
1.2324129202062302 -1.9781698844888496 -0.61667636443268592
1.287252203221886 -1.9898536792510966 -0.5891648028878258
1.3414391946444866 -1.9983217068110681 -0.55929131470548177
1.3948010116763971 -2.0036874905365756 -0.52729908648957768
1.4471914281697378 -2.0058691162935203 -0.49338527963331569
1.4985524053469039 -2.0047505816403834 -0.45787646753542383
1.5486400679681558 -2.0003637697437822 -0.42082377879329058
1.5969987500673284 -1.992399136221185 -0.38210777145133235
1.6437105226804845 -1.9811766445408769 -0.3422059262090294
1.6887517003216554 -1.9666193946027926 -0.30147476215722452
1.7318942221431246 -1.9488322540691527 -0.25997890365400478
1.7728797925318402 -1.9279529686487797 -0.21773910571674476
1.8115536685182012 -1.9040449142609921 -0.17492042470922645
1.8477259217837636 -1.8769284939599815 -0.13182480465060822
1.8813842225897248 -1.8466723181134665 -0.088786993031566813
1.9124935643454484 -1.8135622523484254 -0.045941550693789052
1.9408347413167975 -1.777764581914022 -0.0033424592001205823
1.9662841768899315 -1.7394299902681494 0.038871620174144944
1.9888005218047726 -1.6986476225617519 0.080453138825730242
2.0083240813037513 -1.6555555086337919 0.12121362824248538
2.0247396092413723 -1.6103099156119052 0.1610010491401471
2.0380117010949244 -1.5631142125350357 0.19968784310283436
2.0480243806277643 -1.5141296332925733 0.23711673288887686
2.0547405149528917 -1.4635649252822598 0.27316076201934197
2.0582528672651788 -1.4116305899162913 0.30769153699225943
2.0584120912879404 -1.3583981625630579 0.34036892701330823
2.0556896540133458 -1.3041863197773802 0.37127811916204778
2.049887041058827 -1.249026090873218 0.39999928716871824
2.0414586442630829 -1.1931714555902031 0.4266531233861765
2.0306582864716809 -1.1367461071949601 0.4511547045254406
2.0175509890685461 -1.0798522365065353 0.47333698008497127
2.002371015761462 -1.0225819035432961 0.49308927514419282
1.985283110748242 -0.96502942414773107 0.5103042295898701
1.9665131431495935 -0.90729499686467141 0.52496807887047015
1.9461910427698395 -0.84948733465067028 0.53704534943497817
1.92432983143817 -0.79176981863084361 0.54660479999081824
1.9009701377364201 -0.7342812328660725 0.55366962716235857
1.8762288371209319 -0.67711391641104068 0.55817525134914125
1.8502797620507736 -0.62033930049501718 0.56012422722939403
1.8232460135444415 -0.5640446911396868 0.55946397397827174
1.7951976399870044 -0.50835800000358389 0.55592801340999609
1.7663428235317895 -0.45334311943535976 0.54952617068535636
1.7368284268877465 -0.39907429249320825 0.54035878087420797
1.7068911780037148 -0.34560772424598563 0.52830839147519004
1.6766661927371815 -0.29308029207319358 0.5132232786233718
1.6464015676738888 -0.24156204876411216 0.49505923616606923
1.6164111866200603 -0.1910546247267734 0.47385360724195991
1.5870746614763218 -0.14150427013288716 0.44965356326670114
1.5583281712351584 -0.093345850140388653 0.42214369161893817
1.5312450305460554 -0.04640469148102485 0.39107682675836525
1.5061425221392051 -0.00051651002973663457 0.35699001753674908
1.4832321251916252 0.044356554893154793 0.32014739719464314
1.4635161410261894 0.088450349567909786 0.28058243241727326
1.4470932899104416 0.13295259980055465 0.24000467679021581
1.4348494264637732 0.17911439473398186 0.19973603325881384
1.4265471867926922 0.22732805142652127 0.16095392879221768
1.4205176146341802 0.27744193737350931 0.12420535220802165
1.415939258623945 0.32992546395512684 0.090712584625994602
1.4117446897963859 0.38454395248255202 0.060755590029845763
1.407176530081728 0.44088830073766122 0.034240436691669734
1.4002378751062923 0.49844078660878521 0.011053111628070775
1.3888672623929912 0.55590775806733117 -0.010537724329286294
1.3724372400889211 0.61210161759373849 -0.032267005248800593
1.3519117908706648 0.66628034997034347 -0.055586629361128077
1.3281683191772327 0.7178767772114053 -0.081554982968836828
1.3027822675411564 0.76691851533295463 -0.11069281692527112
1.2766294177843782 0.81328894333924906 -0.14331960887263095
1.2509575925586647 0.85731145732009129 -0.17944743152674461
1.2277802182937849 0.89923903525128102 -0.2195382619801696
1.2083974695457529 0.94220059726176708 -0.26050995452804032
1.1887047582630619 0.98770973593319622 -0.29832971429847488
1.1673518420966602 1.0363257024045138 -0.33109167436605597
1.1450292924967984 1.0867405798961898 -0.36040655926292675
1.1230284123679732 1.1388895953560201 -0.38684192601966888
1.1006730101277791 1.1924614506758664 -0.40991769741741763
1.0782372531599014 1.2471113177156321 -0.43020010514570683
1.0554939325263168 1.3025273460720173 -0.44788677981991193
1.0323308928269075 1.358575662365582 -0.46282484990546968
1.0086936537555438 1.4150702223550959 -0.47509227231310858
0.98454007507836472 1.4718560260833666 -0.48473189318905879
0.95976853407037965 1.5287486851821988 -0.49186168489768861
0.93441599443509582 1.585641945909072 -0.49651495868166101
0.90837157558023318 1.6423705903966972 -0.49868799757872834
0.88171945035616706 1.6988588061116616 -0.49836904386418884
0.85432346463467768 1.7549236510807558 -0.4955791415850383
0.82626689106368489 1.8104811073544855 -0.49028121468296332
0.79744675793453879 1.8653462462665371 -0.48245999682080726
0.76785056091154857 1.9193512251809128 -0.47200411645084617
0.73741314419569548 1.9723454436509589 -0.45909514656412581
0.70605913241922391 2.0241936674535705 -0.44392923506951948
0.67408198012238518 2.0749047538932643 -0.42641055577867326
0.64153415771981259 2.1242917939083164 -0.40636151300790202
0.60838316185797991 2.1721567279485638 -0.38376348809522148
0.57462440182281982 2.2184685155518968 -0.35893812915725148
0.54013334283666892 2.2628309464369032 -0.33168038865150334
0.50494074688617274 2.3051560382219631 -0.30216490600350554
0.46900536915526986 2.345307855629625 -0.27058364208670094
0.43224712532443821 2.3828579637680858 -0.23681498354498517
0.39462934391423554 2.4175217057605005 -0.20098180181947572
0.35630592186309512 2.4496837725074192 -0.16360328652922435
0.31715804308359391 2.4786623204595806 -0.12452132058006136
0.27728775009891843 2.5043166647749318 -0.083871752166693264
