-2.0885338860143059 -0.51776327387409415 -0.032918029815933517
-2.113989148274146 -0.56631844377298446 -0.12505364941637134
-2.1288378706245972 -0.61208295575886329 -0.22086248754976598
-2.132636506595539 -0.65568363924861006 -0.31873335291424693
-2.1252869334991695 -0.69659426834182969 -0.41755628702946529
-2.1070485857124366 -0.73355599624493417 -0.5165218471833678
-2.0780305732832591 -0.76659453786851617 -0.61429424379948216
-2.0383644930804743 -0.79624627734955011 -0.70937513504779848
-1.9885350103535662 -0.82197957422960155 -0.80073909630390505
-1.9292475025331719 -0.84284021006824739 -0.88758353139848722
-1.8611721570412114 -0.85865933795255256 -0.96886994669739712
-1.7851083520010123 -0.86930093594114466 -1.0436561625540672
-1.7021164673859361 -0.87423979894814863 -1.1113292684499059
-1.6128352118738953 -0.87446153346618583 -1.1706606704365523
-1.5180817229144721 -0.87085388287959875 -1.2206641932303319
-1.4192481640921191 -0.86210680655759719 -1.2612485224325665
-1.3176640425472914 -0.84759619500855454 -1.2922593384961223
-1.2141252720401166 -0.82882585708911549 -1.3127188630560425
-1.1098257363342168 -0.80604444025813626 -1.3224221897860398
-1.006286748428068 -0.77827657264691086 -1.3218010180969002
-0.90431563816943383 -0.74731025635242676 -1.3102043137232811
-0.80498123374033526 -0.71389116855692947 -1.2876683285441486
-0.70973717461224761 -0.67710880969086851 -1.2549874001617034
-0.61928990166263675 -0.63889708092230035 -1.2119549709933328
-0.53465307793649719 -0.59979642602001138 -1.1590336184072121
-0.45658647142060449 -0.56092983035861343 -1.0966833870291652
-0.38608968346418687 -0.52293581130063893 -1.0254108310392938
-0.32414123365066466 -0.48594178943658523 -0.94612221551647524
-0.27107685695819572 -0.45132510290820682 -0.85963538361503788
-0.2279658650684219 -0.41904703436367091 -0.76692853843693742
-0.19481260426805064 -0.39053832987037584 -0.66904047933088662
-0.17193112354161549 -0.36660578039962521 -0.56707093208488801
-0.15943914246639124 -0.34811351548728309 -0.46221486802323497
-0.15636647741742965 -0.33779643977624668 -0.35554267800950023
-0.16417920770640737 -0.33267325441451717 -0.24877750367555163
-0.18068194209418931 -0.33283542052590437 -0.14293481120724791
-0.20214974031965297 -0.35068716246904791 -0.039594646759568447
-0.22082081004068119 -0.38691250429203755 0.059482303187151628
-0.24269356213790272 -0.42989285042147662 0.15494664902865271
-0.27813831594981175 -0.47656595763904647 0.24472571654125597
-0.32133804807863592 -0.52964452166607978 0.32706973609542045
-0.36610260822616497 -0.58031564268111335 0.41020344898715655
-0.40630726793631966 -0.62237065623734178 0.50022990902869136
-0.44077863984927523 -0.65573090406334111 0.59611426049955851
-0.46928458428228598 -0.68044051399461514 0.69646184467742622
-0.49180098206161288 -0.69624772020093861 0.80007755314713147
-0.50821532603036057 -0.7025100639512093 0.90583883626961881
-0.51848144891382197 -0.69919141361813475 1.012503656983099
-0.52258084495860269 -0.6863117456464739 1.1188574202172294
-0.52051191944134589 -0.66392076934303534 1.223682449976742
-0.51166476340010369 -0.63268989149706567 1.3258594634510783
-0.49620283931257481 -0.59293354760016037 1.4242176377383933
-0.4745417254895048 -0.54491419274192354 1.5175946859850835
-0.44692702121604322 -0.48912396558464732 1.6048805344110855
-0.41264805586396547 -0.42692138743320268 1.6851873900426224
-0.37119190829818782 -0.359593427781357 1.757590979869819
-0.32345951010107243 -0.28760778648984864 1.8211034656370846
-0.2696321772117708 -0.21223754713826068 1.8751065194222141
-0.21132011645748122 -0.13365359786830816 1.9189136234451694
-0.14980598165464423 -0.052323233964001237 1.9520078909081302
-0.08605569688046974 0.031000853406682703 1.9740771712143692
-0.020800876251770545 0.11536239013071592 1.9849552111237927
0.045492750180731345 0.19961569581651861 1.984491823171368
0.11106832276395789 0.28359632602083346 1.9726249431211287
0.17565684381845476 0.36600196051228884 1.9495790263639816
0.23821975562189543 0.44611506104793669 1.9155028955387763
0.29780941010657008 0.52313061510119396 1.8706571712716171
0.35313432392138105 0.59670396698902595 1.8157188035165079
0.40262023671738606 0.6665608766403579 1.7511908556144742
0.44614174362396336 0.7314003012980026 1.6777430938902944
0.48272014541503283 0.79087795915437387 1.5963958452458662
0.51300831913354672 0.84349422328859902 1.5080351864838504
0.53746036090172589 0.88818915781977748 1.4137098436540105
0.55582046891932135 0.92453595071057193 1.3145419062686534
0.56795064982236487 0.95203267353684196 1.2116371211680257
0.57348910097440986 0.97050233652447548 1.1061824270114493
0.57276205698802796 0.97953219245114376 0.99936394341937018
0.56586256696577408 0.97897929631550362 0.89238572090906909
0.552777931741117 0.96887068015648292 0.78646696577473318
0.53358731774567902 0.9493733029948741 0.68281708930383167
0.50836319665397933 0.92093627928842292 0.58257997834089059
0.47709232010626978 0.88391196548749074 0.48695173131647929
0.43980359128836782 0.8384505062705645 0.39735537032957141
0.3980702122791418 0.78482197304526102 0.31466192896142536
0.35711114680562239 0.73014925185227908 0.23205254759152022
0.32564520066174146 0.67991733881291938 0.14271705234204779
0.30781548862741986 0.63460011383555448 0.0472933252988358
0.29180638327664693 0.59580504508268717 -0.051265392777154292
0.27351527615217325 0.5752535188030945 -0.15470629283390436
0.26115802298512664 0.57227114723587524 -0.26109257049152945
0.25713961755418441 0.57420118416315924 -0.36815418573808001
0.26384475267302115 0.58192162631315525 -0.47488012639736432
0.28041630241363025 0.59699395434150393 -0.57972035202385053
0.30732264686397665 0.61741056692402929 -0.68145488105452634
0.34407719149864985 0.64265520043298008 -0.77893561861981409
0.39076646340126275 0.67178196350591823 -0.87093909583097395
0.4469011682245283 0.70439882017242328 -0.95625065735121906
0.5121139323678946 0.73824467351703371 -1.0343055841256088
0.58519286219009603 0.77407704080887518 -1.1040629565930782
0.66539595589727252 0.81146874444234762 -1.1645639951277211
0.75203796354875385 0.84853554763548655 -1.2156515140869002
0.84414893155797421 0.88499429553137743 -1.256596799831813
0.94077070074210778 0.91995511064922697 -1.2871307700750843
1.0409203280937003 0.95263113825568035 -1.3069553944098546
1.1433514641810449 0.98300422339901972 -1.315669460235545
1.2471712436816504 1.0096073352827859 -1.3136233366055277
1.3511116480715317 1.0324283327645847 -1.3007502607627173
1.4538454114140511 1.0516590419102689 -1.2769577299847628
1.5544170634142664 1.0662759283724472 -1.2428701210743649
1.6517010585253917 1.0760339478278576 -1.1989247193299457
1.7443870854941084 1.0819918275702169 -1.1454178611892416
1.8313019562111776 1.0840505675797201 -1.0827193267555995
1.9117324464201941 1.0809576850097213 -1.0119273059831451
1.984952279264147 1.0724103531860643 -0.9341094023177442
2.0499505063797629 1.0588471526208787 -0.84996089564968269
2.1059121470913507 1.0404971740015745 -0.76039878852785825
2.152257599497962 1.0173491233161167 -0.66655750882003761
2.1883352128144646 0.99021017174355053 -0.56933620327965129
2.2136184613876249 0.96002308713235562 -0.4696401872733823
2.2281638818439715 0.92567799185287358 -0.36914750482315317
2.2317486160727675 0.88763522340126189 -0.26899562405099336
2.2240578546267291 0.84768896820153639 -0.16982223054645834
2.2056702835803446 0.80456664391080734 -0.073424281358819926
2.1767999015219801 0.75862538705124827 0.019024907201158611
2.1374774619168533 0.71168408948183781 0.10700843509460264
2.088647157406875 0.66272934963572061 0.18892000618881699
2.0309826869411238 0.61244489476134623 0.2639934663226825
1.9647344057373588 0.56163543608041055 0.33122490986451569
1.8911794952244929 0.50983302817060772 0.38951669991845
1.8107865812963526 0.45828112255427073 0.4382133799603925
1.7248593688739691 0.407022981665144 0.47667640167269326
1.6346910873590796 0.35604147914629947 0.50426000345417821
1.5415623522984954 0.30544090706115523 0.52029174258007449
1.4469969888455181 0.25513653593905022 0.52453957608193991
1.3524464143286135 0.20524137600290232 0.51666531766103307
1.2596777263017285 0.15538999024266409 0.49671426040020383
1.1709916447244828 0.10476920033311073 0.46422319517295907
1.0902100213589174 0.051303412359010724 0.41862604484648169
1.022560239797639 -0.0086605639517775557 0.36142414916425936
0.96307579715480751 -0.076710558308943133 0.30391631545989756
0.90821455340782864 -0.15338928145274316 0.25307979633756578
0.86237382403061558 -0.23837196684552187 0.20647978359980476
0.82460886887524665 -0.32991578547134287 0.16539723060962827
0.7952674009173869 -0.42643403109066302 0.12913259609382158
0.77448668330521364 -0.5270732663133133 0.098573052442374701
0.75360208220050517 -0.62827205991589907 0.069978855764719169
0.72295104422586598 -0.72654614220377689 0.040121569201345769
0.68161058120974427 -0.820497397430622 0.0092020153069312625
0.63007553451122122 -0.90901696556083444 -0.022427562949314087
0.56922362937064996 -0.99127730888335575 -0.054422113738545504
0.49989215141332688 -1.0668148820612615 -0.085718000829659372
0.42226885057590274 -1.1344364281655719 -0.11562087637823655
0.33758650142857688 -1.1932783675982317 -0.14491438340342891
0.24657813810671286 -1.2426346504233026 -0.17273046645603068
0.15024375494392223 -1.2821073404484493 -0.1982980804577838
0.049760334048465499 -1.3110408658312016 -0.22191808678154717
-0.053735126886835502 -1.329011123049934 -0.24331640322303993
-0.15874008638946879 -1.3356451434934433 -0.26386304347871781
-0.26421781000453592 -1.3309468363868187 -0.28244050991946335
-0.3691797499044685 -1.3153421001918786 -0.29765700143308527
-0.4722342346861409 -1.2885663470602513 -0.31010404611968012
-0.57230992119276292 -1.2513551505247476 -0.31985409167850298
-0.66848885754445131 -1.2044598698311855 -0.32606759716914879
-0.75906210805477281 -1.1471772484797755 -0.32828223192442491
-0.8424570700873858 -1.0798470273847616 -0.32727853753469732
-0.91678658796063039 -1.0027330009550599 -0.3237153492965168
-0.98138175586853049 -0.91726760926791484 -0.3196092370260914
-1.0378606275096904 -0.82613520582747335 -0.3197213747643714
-1.0839510049586005 -0.72950377924764409 -0.32423836669547906
-1.1185097613449775 -0.62867448190849173 -0.33473501775581899
-1.1399029139277688 -0.5265795866125399 -0.35871141767999926
-1.1577782881416021 -0.42709371216608372 -0.39443661065810548
-1.1881192229481015 -0.33547941713162482 -0.44114034813134478
-1.2310551759684241 -0.24744846141938176 -0.48455976156804248
-1.284429067329762 -0.15955724028794999 -0.51477178486670816
-1.3424685815284452 -0.070912600464210357 -0.53108130457520486
-1.4016140518085733 0.018472244712724545 -0.53375586465122349
-1.4591704814219739 0.10833923405857235 -0.52346820108209891
-1.5133895789681762 0.1981661276530505 -0.50142182232744259
-1.5629136182176324 0.2872963406490342 -0.46828540570501465
-1.6068313746678557 0.37496989504401601 -0.4249586377637285
-1.6443063759801664 0.46044981499787285 -0.37222335368264703
-1.6746819086762552 0.54280285788976823 -0.31066905282501017
-1.6968832993266916 0.62165282132640942 -0.24150742101675321
-1.7106758450178605 0.69617385342898619 -0.16568677920829838
-1.7158953457477228 0.76559107603906118 -0.084160587959851235
-1.7121657885170811 0.82926710799151149 0.0020031519262358605
-1.699607239138043 0.88653477779846324 0.09175582763854187
-1.6782229001760349 0.93694588895231645 0.18392625028743093
-1.648312142988023 0.97985671341650671 0.27750466244571081
-1.6093960081543763 1.0155513566172942 0.37081284734896719
-1.562763628579005 1.0435551979894553 0.46318058958485631
-1.507634028345006 1.0634976225073878 0.55293903081411222
-1.4438660539459454 1.0768112853172331 0.63808176016336704
-1.3728970650373067 1.082093942078221 0.71826191004447937
-1.2959985528878231 1.0791541951328896 0.79291421872047085
-1.2142295795401421 1.0681153262810319 0.86136476490874314
-1.1290426102734668 1.0482714086500116 0.92335436532055004
-1.0414029368988562 1.0198239917648295 0.97815961321770994
-0.95245317804598961 0.98292978664393049 1.0252817732377091
-0.86321080838889008 0.93802254855618661 1.0641787570254622
-0.77462585196606459 0.88572422042021415 1.0943675189509234
-0.68751089138544341 0.82684445793902517 1.1152899779228025
-0.60274040769808102 0.76218042160734978 1.1265376839382202
-0.52126350312306535 0.69251726530620106 1.1280660253946384
-0.44407388227047601 0.61858694369766076 1.1197167672722519
-0.37207405623725665 0.54126056915923204 1.1016042391653298
-0.30630445720226107 0.46157251535269711 1.0731762051613214
-0.24316369095513143 0.38220105409930721 1.0385155508213835
-0.17270185930950754 0.30615111349626067 1.0112013457369213
-0.096034892185238405 0.23355217580808468 0.9925852002691572
-0.013443397093249843 0.16605694418273945 0.98393724452937548
0.07679442596301804 0.10821159404009723 0.98639513600443818
0.15796724940456336 0.039959866563828633 1.0013619293360518
0.23319378130750879 -0.032422173563283238 1.0257914123116427
0.30202976649073793 -0.10792770121959956 1.0582323403479161
0.36338756374581138 -0.18652594511404177 1.0976008656077554
0.42869411710448324 -0.26515717574109726 1.1297938864008912
0.50049627534072361 -0.34153337117544252 1.1522382389771686
0.5779718123244979 -0.41455275645572814 1.1649150294198702
0.66006531104932709 -0.48343977496359225 1.1679537493713796
0.74584504911715466 -0.54740916676813001 1.1613498563639066
0.83435719176128564 -0.60569320581734665 1.1451441575501238
0.92459349092262055 -0.65761465334963287 1.1195393132861466
1.0155277666489924 -0.70257928876431364 1.0848521198954688
1.1061264932702537 -0.74004510981327976 1.0414657183705063
1.1953550148044734 -0.76957493724513204 0.98988843312326436
1.2818417512276956 -0.79137442167361638 0.93039427982048106
1.3647504362063716 -0.80505732061022917 0.86380887617268964
1.443415883564769 -0.81009064312644785 0.79114706402462931
1.5163751869708113 -0.80687791350687932 0.7126604955059529
1.582213570361912 -0.79588303818013928 0.62876652316636383
1.6394438773881026 -0.77834857284266823 0.53982097100548476
1.6885656993597977 -0.75299886319566034 0.44795759524912598
1.7293159560223408 -0.71990802939714604 0.35447336032369892
1.7617184752978321 -0.67947607342993954 0.26062052743608338
1.7859735519469859 -0.6311669053404344 0.16803705946893907
1.8005396972516512 -0.57669687293722827 0.076849732957586001
1.8061450566795307 -0.51571855586557769 -0.011150840421376179
1.8028955346403164 -0.44882736284853508 -0.094869548761622846
1.7907250940305166 -0.37675592319456341 -0.17330143084200528
1.7703076395839334 -0.29985222650690618 -0.24515904515678591
1.7413238864017895 -0.21939908200465302 -0.30982227799353795
1.7048716117206992 -0.13576509056305258 -0.36611882795952633
1.6616270019779749 -0.049675774844974957 -0.41314239088103138
1.6125356762547218 0.038257907853182262 -0.44988729540837297
1.5589157681745864 0.12744671894982199 -0.47565783606806195
1.5015845706950364 0.21694737518094581 -0.48965343428805086
1.4427765394361465 0.30654629225284474 -0.49131240235905854
1.3850474920734033 0.39604625847087244 -0.47944110568036696
1.3311606729038563 0.48467581296526352 -0.45278883573342771
1.2882276115643112 0.57413083759183259 -0.4121742904739133
1.2579495454064817 0.66794125279681305 -0.370081332097003
1.2392066492654814 0.76876150265532783 -0.3388209643669497
1.2166349389830196 0.87173265843737868 -0.32008631712693042
1.1812003283945134 0.97272292887031087 -0.31482366902095332
1.1342336298367424 1.0690605882719331 -0.31527209977798687
1.0771926306763029 1.1597224563416955 -0.31993477781127799
1.0117794695967202 1.2442057105527027 -0.32856403460314393
0.93728178957966979 1.3207626118018405 -0.33695701469277256
0.85357857121844871 1.3874895950120987 -0.34279828218810121
0.76270212811029403 1.4443449210930048 -0.34478182896238757
0.66626351247953697 1.4911493858949707 -0.34293868027641905
0.56573463649628675 1.5279813599273138 -0.33741389711861042
0.46222667853960731 1.5544922387757658 -0.3287148856869937
0.35668167232319842 1.5696971818925354 -0.31763722593722354
0.25068230244874523 1.5742058339900151 -0.30220306665719704
0.14504363065151088 1.5674550255271422 -0.2852352307292737
0.041075926862434498 1.5495034752649861 -0.26622729812759449
-0.059880827168993782 1.5206532401452664 -0.24457812351835465
-0.15668801396406845 1.4813636691530876 -0.22053800074195265
-0.24820197470594724 1.43233616469623 -0.19380524415618719
-0.3334746160433032 1.3738332085887639 -0.16553653361395948
-0.41158205434074463 1.3066033679320659 -0.13599303679106459
-0.48157976793297474 1.2315974508136827 -0.10488596420097332
-0.54311656558889165 1.1498923574584481 -0.072800596151653157
-0.59519852173083143 1.0619152967843122 -0.040549134479377823
-0.63702667264810708 0.96855202500944415 -0.008509430666676962
-0.6681252908540507 0.87086527186848317 0.022797161367719844
-0.68923614946593448 0.77028103337130016 0.053328016058888317
-0.71169860821839337 0.67082707864443991 0.086469208490348157
-0.74287951800087226 0.57572959522164269 0.12490978403619921
-0.78209475194197497 0.48610767996284943 0.16877201642439738
-0.830977328651336 0.40361941107809629 0.21657209064078528
-0.88679273180546803 0.32932689698999273 0.26937670092503851
-0.94690482434684076 0.26299094282684154 0.32828670057759668
-1.0180570379560114 0.2058562434583453 0.38434603471564227
-1.1011333325840287 0.15400138645736905 0.42779672383653805
-1.1912465744501906 0.10473478153820823 0.45852268091922804
-1.2847520168195738 0.055407969077553784 0.47637172272375405
-1.3794297764963215 0.0054951130360930828 0.48232559864752839
-1.4737882329814294 -0.045028416658015186 0.47633277116429895
-1.5660932405198369 -0.096525406190244939 0.45841649509344556
-1.6548994769487839 -0.14902529229139294 0.42927508161219968
-1.7390691430931462 -0.20211217267639153 0.38940655288136361
-1.8174479685916665 -0.25542327542518545 0.33932137388825345
-1.888667506870531 -0.30928278600988601 0.27998355529858027
-1.9520501425971881 -0.36298681366809804 0.21221804923516718
-2.006840652895673 -0.41592764974620505 0.1367869445386462
-2.0526015819127736 -0.46762079430377806 0.054768190794601462
