-23.3705101019612 -5.17732515596774 3.88781052483456
-23.3968497587343 -6.10807745059378 3.36760230356601
-23.4231894155074 -7.03882974521982 2.84739408229747
-23.4186119225202 -7.9567693871907 2.31437503277843
-23.152407062194 -8.76628569102088 1.67294808361138
-22.8862022018678 -9.57580199485107 1.03152113444434
-22.559596959317 -10.3435547466836 0.382284318172629
-22.0116265510708 -10.9582456259338 -0.295575372028165
-21.4636561428247 -11.572936505184 -0.973435062228959
-20.8375213990338 -12.1056329692401 -1.63252646287267
-20.0489607610296 -12.4679446137285 -2.25261726058253
-19.2604001230254 -12.830256258217 -2.8727080582924
-18.3985780262386 -13.0687228452357 -3.42523315325487
-17.441888191861 -13.1468199745727 -3.89026605976125
-16.4851983574833 -13.2249171039096 -4.35529896626763
-15.4919494354048 -13.1510341434354 -4.68771119068384
-14.4681552310899 -12.950171134237 -4.90931823861559
-13.4443610267751 -12.7493081250386 -5.13092528654735
-12.4527694195143 -12.4022226876612 -5.15612031648203
-11.4787337974021 -11.9754207363271 -5.07423682522842
-10.50469817529 -11.5486187849929 -4.99235333397481
-9.64411916161236 -11.0269935250632 -4.67911259868702
-8.82387418028638 -10.4716584050437 -4.28362393888941
-8.0036291989604 -9.91632328502432 -3.8881352790918
-7.3496929099472 -9.34341108088642 -3.28422098204661
-6.73543444625379 -8.76630534685189 -2.63058062491479
-6.12117598256037 -8.18919961281735 -1.97694026778297
-5.64535865036057 -7.6343446741628 -1.20411032284563
-5.194386521189 -7.08348295286202 -0.409890134445745
-4.74341439201743 -6.53262123156124 0.384330053954138
-4.29836163328229 -5.95423037436428 1.16203161710397
-3.85432273860447 -5.37112435333131 1.93690388605824
-3.41028384392664 -4.78801833229834 2.71177615501251
-2.84697985700688 -4.11533689603802 3.31038724133496
-2.26250698774812 -3.42675632793812 3.87771296019635
-1.67803411848936 -2.73817575983821 4.44503867905775
-0.985167411659083 -1.97939160719406 4.69421189591348
-0.27418408352993 -1.20887383773638 4.89021005666584
0.436799244599223 -0.438356068278699 5.08620821741819
1.14069010104193 0.329682075182462 4.91096397241044
1.84347217277345 1.09733257220442 4.67768242787539
2.54625424450496 1.86498306922637 4.44440088334034
3.12788148597536 2.55686308671847 3.89430201959178
3.69144151202529 3.23744383060153 3.29695776956492
4.25500153807521 3.91802457448458 2.69961351953807
4.67555736538943 4.49627341068332 1.91413153189698
5.07586654304376 5.06003401295446 1.1020128518024
5.47617572069809 5.62379461522559 0.289894171707829
5.83563149421485 6.14983839649285 -0.565096305142047
6.18952658290805 6.67074842309324 -1.42592219655794
6.54342167160125 7.19165844969362 -2.28674808797383
7.00191974477351 7.76461615754994 -3.0590747368996
7.47317853053135 8.34392325882519 -3.82060519866988
7.9444373162892 8.92323036010044 -4.58213566044017
8.59568781558436 9.56211809994193 -5.1287553220503
9.26120991617946 10.2057300079248 -5.65833463666525
9.92673201677455 10.8493419159077 -6.18791395128021
10.761853704085 11.4752761410843 -6.40259867013322
11.6000156953399 12.1008934696822 -6.61163847380639
12.4432937967861 12.7196840678853 -6.8019512753793
13.3756277275717 13.2196421714324 -6.66628425230622
14.3079616583572 13.7196002749795 -6.53061722923314
15.2393454159602 14.1903692766452 -6.35249237962584
16.1647243075704 14.4766701745393 -5.90604427763269
17.0901031991806 14.7629710724334 -5.45959617563953
17.9917038327114 14.9896008690097 -4.96007683000759
18.8116329290767 15.0112774451817 -4.27827289343572
19.6315620254421 15.0329540213537 -3.59646895686385
20.3919003534162 14.9666445668109 -2.87076337721275
21.0239950406232 14.7109828145859 -2.05057828846754
21.6560897278301 14.455321062361 -1.23039319972234
22.1873141555718 14.0943390674975 -0.39718011082128
22.5733341752725 13.5817468401615 0.454786999935363
22.9593541949731 13.0691546128255 1.30675411069201
23.2059458907352 12.4511587913537 2.12116015282738
23.3145676531213 11.7288618748838 2.89839800711666
23.4231894155074 11.006564958414 3.67563586140594
23.3661494558992 10.2004721599581 4.34918593951266
23.1958953951459 9.33711281045777 4.95187524037448
23.0256413343927 8.47375346095742 5.5545645412363
22.6870395293796 7.57144588338609 5.9791693698509
22.2704846298982 6.65110340480944 6.3213125311027
21.8539297304167 5.7307609262328 6.66345569235449
21.302539630625 4.83615448165968 6.7593280106429
20.7103269758758 3.94933985005588 6.7806396430111
20.1181143211265 3.06252521845209 6.8019512753793
19.4664962186196 2.27127877244682 6.53819658658355
18.8038941565978 1.49770271057563 6.2217336521817
18.141292094576 0.72412664870445 5.90527071777985
17.5261263433142 0.0845187475390587 5.32180901134949
16.9159670406135 -0.540950096548713 4.71016814012746
16.3058077379128 -1.16641894063648 4.09852726890542
15.8305201239731 -1.69840579161265 3.30816538876575
15.364465153388 -2.22399333143307 2.5055691594422
14.8984101828029 -2.74958087125349 1.70297293011864
14.5620181055186 -3.30363338799898 0.856945820908279
14.2370212476891 -3.86018750447419 0.00710185712351663
13.9120243898596 -4.4167416209494 -0.842742106661246
13.6101437044328 -5.0993629204781 -1.60218247837391
13.3117931446183 -5.80123623906938 -2.34781710274026
13.0134425848037 -6.50310955766067 -3.09345172710662
12.6258525848563 -7.32327501143626 -3.6438101997946
12.2207110052764 -8.16670611801623 -4.15576183217284
11.8155694256965 -9.01013722459621 -4.66771346455107
11.2785116878863 -9.88812871392473 -4.91881622422611
10.718222733643 -10.7722064912593 -5.12398195314341
10.1579337793998 -11.6562842685938 -5.32914768206071
9.48200843099383 -12.4715231820852 -5.25378744734715
8.79361048272986 -13.2793371009663 -5.14816954056175
8.10521253446589 -14.0871510198475 -5.04255163377636
7.34191598460705 -14.7376075046897 -4.68196790118516
6.57714758071946 -15.3849717131967 -4.31637376159148
5.80963779027532 -16.0164685746743 -3.93656610414086
5.00946288491933 -16.4588973483899 -3.38739663487562
4.20928797956334 -16.9013261221054 -2.83822716561039
3.40593478357032 -17.302542253477 -2.2705188718762
2.58869504311521 -17.5236926653575 -1.62181099702661
1.77145530266009 -17.7448430772381 -0.973103122177015
0.949647686092075 -17.8980133479495 -0.318879646478089
0.117308528947991 -17.8944509058217 0.348060411875517
-0.715030628196094 -17.8908884636939 1.01500047022912
-1.55375512694324 -17.7925782931858 1.65626523949098
-2.40123306313926 -17.5643818354035 2.26233266912442
-3.24871099933529 -17.3361853776212 2.86840009875786
-4.09667373802908 -16.9897786825589 3.39909388817449
-4.94505420930582 -16.5415155243485 3.8648415901478
-5.79343468058255 -16.093252366138 4.33058929212111
-6.61786041223887 -15.5177790335812 4.65751076760477
-7.42906498008985 -14.8720955221875 4.90781090175972
-8.24026954794084 -14.2264120107938 5.15811103591467
-8.98138424776372 -13.4741808927828 5.20560728123246
-9.69776768318825 -12.684354368982 5.18154401678153
-10.4141511186128 -11.8945278451812 5.1574807523306
-11.0103069859999 -11.0608286999841 4.89246940357891
-11.5791287822413 -10.2171549925951 4.57267783938905
-12.1479505784828 -9.373481285206 4.25288627519919
-12.5873177097288 -8.57478155827582 3.70915298986646
-13.0060272723218 -7.7832584988606 3.12968448032249
-13.4247368349148 -6.99173543944538 2.55021597077851
-13.7856965751389 -6.29936529251864 1.82693357753162
-14.1384594164779 -5.6210687195787 1.08323851781002
-14.4912222578169 -4.94277214663876 0.339543458088419
-14.8902857495268 -4.32411534037152 -0.4315447645573
-15.2968512057209 -3.71512179818044 -1.20707142454081
-15.703416661915 -3.10612825598936 -1.98259808452432
-16.1990023150001 -2.45896266360792 -2.66838993232554
-16.7092491705597 -1.80551031635223 -3.33940288391702
-17.2194960261193 -1.15205796909654 -4.0104158355085
-17.781957744197 -0.385552221460243 -4.48735114754727
-18.3505554651222 0.394238938665694 -4.94147952509497
-18.9191531860474 1.17403009879163 -5.39560790264268
-19.4534579782711 2.07724211902437 -5.57653128154585
-19.9864055976561 2.98533862843373 -5.74664233214633
-20.5135640836794 3.896587505974 -5.90331851951979
-20.9168422401841 4.87529318204133 -5.77250516750358
-21.3201203966888 5.85399885810866 -5.64169181548737
-21.6957781312592 6.83099895631356 -5.47353225102269
-21.8964906248246 7.79719607942615 -5.06882517280229
-22.0972031183899 8.76339320253874 -4.66411809458188
-22.2407530207865 9.70626902524734 -4.20905481908676
-22.1960221366923 10.5723297020314 -3.58812949581319
-22.1512912525981 11.4383903788155 -2.96720417253962
-22.0205480284246 12.2448993230775 -2.30092079218105
-21.7169702402021 12.931744068931 -1.54349421056583
-21.4133924519796 13.6185888147845 -0.786067628950601
-21.0036647226111 14.199875245463 -0.0100214113049451
-20.4559067598898 14.6439007533503 0.790236526841738
-19.9081487971684 15.0879262612376 1.59049446498842
-19.2512516540218 15.3792731223507 2.35861449608086
-18.500417467977 15.5392081427687 3.09907315073776
-17.7495832819322 15.6991431631868 3.83953180539466
-16.9119470703437 15.6700706141342 4.47576262773703
-16.0256493612719 15.5350398076737 5.05356298871535
-15.1393516522001 15.4000090012131 5.63136334969367
-14.2181975332589 15.0659810959498 6.0197263382736
-13.2849166657047 14.6627209375396 6.34218295836739
-12.3516357981505 14.2594607791294 6.66463957846118
-11.4629348139427 13.6890925663862 6.71932567892491
-10.5827933876947 13.0866387811999 6.72259851603624
-9.70265196144676 12.4841849960136 6.72587135314758
-8.95558467874736 11.7938057505955 6.42026289418996
-8.21895725982901 11.0965286225142 6.09042223978487
-7.48283480876149 10.3992848995412 5.75984694604148
-6.9403150659786 9.71484856502529 5.1476137897757
-6.39779532319571 9.03041223050937 4.53538063350992
-5.86491109446147 8.34978747152474 3.91322528340452
-5.48732439849361 7.73059464787549 3.13115192423972
-5.10973770252576 7.11140182422624 2.34907856507493
-4.73459677243938 6.49305093737669 1.56522920598245
-4.38475878210952 5.88341040023104 0.763006044426593
-4.03492079177966 5.27376986308538 -0.0392171171292607
-3.67192578264769 4.65551491477776 -0.826165981931939
-3.19074873014362 3.95988159308014 -1.47591449546114
-2.70957167763956 3.26424827138253 -2.12566300899033
-2.21022173721963 2.5583323093517 -2.73884367777181
-1.56788264676359 1.77150977880071 -3.06429874876536
-0.925543556307561 0.98468724824973 -3.3897538197589
-0.277033590596969 0.195761966725445 -3.6651128924485
0.416980528106715 -0.608669040980021 -3.57106310867486
1.1109946468104 -1.41310004868549 -3.47701332490121
1.794549649943 -2.20948431963265 -3.33746746943835
2.40044644032214 -2.94612212436091 -2.86011641518232
3.00634323070128 -3.68275992908917 -2.3827653609263
3.60013058456982 -4.40757069333463 -1.88027209459039
4.09931668501693 -5.03998633639013 -1.18136301861193
4.59850278546404 -5.67240197944563 -0.482453942633481
5.10194084001427 -6.2997934003813 0.217620278737512
5.64691107545361 -6.87810929113783 0.929075391818882
6.19188131089295 -7.45642518189436 1.64053050490025
6.75218730744737 -8.03262337208422 2.33825483865511
7.48596947420263 -8.5848664040539 2.88065835112422
8.2197516409579 -9.13710943602358 3.42306186359333
8.97347154763192 -9.67919297607853 3.93679887295961
9.90412481283695 -10.1311182016621 4.19614091619674
10.834778078042 -10.5830434272457 4.45548295943388
11.7812656144642 -11.0036041998667 4.66852185297907
12.8192155372044 -11.2429966904651 4.61410312206099
13.8571654599446 -11.4823891810634 4.55968439114292
14.8900849278338 -11.660680463198 4.44781641851524
15.9042016118164 -11.6105882585063 4.12121524392565
16.9183182957989 -11.5604960538147 3.79461406933606
17.8894859732006 -11.4221518330379 3.41511852255832
18.7525540963293 -11.0616836480077 2.90249165302646
19.615622219458 -10.7012154629774 2.38986478349459
20.3887877067977 -10.2400076893125 1.84835574897029
21.0021869841327 -9.59977532830016 1.25552014323851
21.6155862614677 -8.95954296728779 0.662684537506724
22.0937331824422 -8.22658779546187 0.0822309334012012
22.3976583578399 -7.37419418729788 -0.482273122799114
22.7015835332376 -6.52180057913388 -1.04677717899943
22.8377895663622 -5.60746300762705 -1.54509617111793
22.8137707249581 -4.63394934196721 -1.98018747530258
22.789751883554 -3.66043567630737 -2.41527877948723
22.5909737134498 -2.67633298292914 -2.72580197742655
22.2664742091989 -1.68461257493745 -2.94671125532049
21.9419747049479 -0.692892166945773 -3.16762053321444
21.4731488635707 0.248465175946211 -3.21527763030973
20.9248702066674 1.16209724429458 -3.16755800105976
20.3765915497641 2.07572931264295 -3.11983837180979
19.756124805406 2.89689071618916 -2.882127910221
19.1040673266427 3.67758538464048 -2.56127423019461
18.4520098478794 4.45828005309179 -2.24042055016822
17.8129382191205 5.1661568227259 -1.77376698111013
17.1788914254654 5.84585692821823 -1.2506965891021
16.5448446318104 6.52555703371056 -0.727626197094071
15.9508535821068 7.20925406609682 -0.165478891199983
15.3738346664908 7.89464464783432 0.413225805888992
14.7968157508748 8.58003522957183 0.991930502977966
14.2067344059431 9.30903656463832 1.49591693593766
13.6098807982077 10.0606480494305 1.96116541987679
13.0130271904722 10.8122595342227 2.42641390381592
12.3468123112967 11.5740452360913 2.74029129453129
11.6433803689371 12.3412901008605 2.97294774705191
10.9399484265775 13.1085349656297 3.20560419957254
10.1562098524024 13.8169533702828 3.25042089133896
9.33782271176586 14.4999909008172 3.21419348640454
8.51943557112933 15.1830284313515 3.17796608147013
7.6429121179606 15.7355545640598 2.95652920712363
6.75045363172255 16.2523078149032 2.68432683198622
5.85799514548449 16.7690610657466 2.4121244568488
4.9371834844539 17.0965179736173 1.99298268011318
4.01305667591053 17.4018417233787 1.55666025975294
3.08877897578897 17.7027942344347 1.11887380896831
2.15675913688793 17.779461619044 0.605969005931739
1.22473929798689 17.8561290036534 0.0930642028951632
0.292918285117111 17.8980133479495 -0.417543560020481
-0.637782718844693 17.7439609995034 -0.915211843225969
-1.5684837228065 17.5899086510574 -1.41288012643146
-2.49581237953966 17.3736966508075 -1.88057589941914
-3.41453289035548 16.9988179070044 -2.27176479930882
-4.3332534011713 16.6239391632013 -2.6629536991985
-5.2362734100079 16.1704965804712 -2.97641461417926
-6.11623846960295 15.6016891946868 -3.17573811182817
-6.99620352919801 15.0328818089025 -3.37506160947708
-7.83391321791682 14.3937271824075 -3.44232124659771
-8.63175327391709 13.6881971202762 -3.38497334849933
-9.42959332991737 12.9826670581448 -3.32762545040094
-10.1558182037609 12.2489286104539 -3.10480499291151
-10.8343365464572 11.496399116175 -2.77175481079009
-11.5128548891535 10.7438696218962 -2.43870462866867
-12.1249564131991 10.0234383617594 -1.95970752561063
-12.701088972915 9.32039035276817 -1.40167081030004
-13.2772215326309 8.61734234377697 -0.843634094989457
-13.8445625990832 7.97009927308547 -0.217069132498398
-14.4071921833742 7.35276283638934 0.446221060218043
-14.9698217676652 6.73542639969321 1.10951125293448
-15.5757757528933 6.13069313165523 1.74441519574237
-16.2064994406225 5.53316542749074 2.36308997091844
-16.8372231283516 4.93563772332625 2.98176474609451
-17.5053055469805 4.28161501160481 3.48596655223122
-18.1930497032488 3.59785922304233 3.92992173248269
-18.880793859517 2.91410343447986 4.37387691273415
-19.5461864945052 2.13424905071061 4.63830444226018
-20.2026480098087 1.31599602532076 4.83099712585675
-20.8591095251123 0.497742999930899 5.02368980945332
-21.4069042918448 -0.40782589950731 4.99993401969436
-21.9269731341307 -1.33567312565252 4.9209521916325
-22.4470419764166 -2.26352035179772 4.84197036357064
-22.7700779753429 -3.22934670967765 4.54255054456207
-23.0691988548535 -4.19978283441295 4.21637477569586
