-2.0885338860143059 -0.51776327387409415 -0.032918029815933517
-2.1139393202349481 -0.56616551110097424 -0.124733614338235
-2.1288146244120951 -0.61182093024632511 -0.22027458306305239
-2.1326827870254559 -0.65542189497346015 -0.31810170890215561
-2.125468713691538 -0.69622191344900941 -0.41656073861172999
-2.1074892222099888 -0.73305074246684809 -0.51502831124934711
-2.078625596587135 -0.76614708372822815 -0.61286147371618793
-2.039127431560845 -0.79584947918009186 -0.70796999942613936
-1.9896403129080109 -0.82158733170480902 -0.79911248996954787
-1.930737378411606 -0.84249041896508325 -0.885796344972683
-1.862934958499125 -0.85840898211634031 -0.96712900244991451
-1.787099316582156 -0.86917927928258121 -1.0420243481264251
-1.7044203513160341 -0.87423132628684541 -1.109788852659336
-1.6154762985496649 -0.87455842298828146 -1.169258351781524
-1.52069389249464 -0.8710812852971942 -1.219584279135157
-1.421862290594208 -0.86247750039072357 -1.2604428974849371
-1.320413739453848 -0.84809168078433139 -1.291707445560254
-1.217188512080057 -0.82949085545587742 -1.3124258286137309
-1.11259420963377 -0.80678449245706463 -1.322431486899295
-1.008832936097527 -0.77904763161882096 -1.322083034807761
-0.9069784433421284 -0.74820315718733055 -1.310801592603861
-0.8071719558780307 -0.71473570831072586 -1.288414559666393
-0.71152964706476463 -0.67786488359598596 -1.255835682495394
-0.62081866235335481 -0.63960253353783048 -1.212906974891371
-0.535902376469924 -0.60041758043085647 -1.1600271254428789
-0.45784576411661532 -0.56160763407969028 -1.0979524559556739
-0.38694403833485952 -0.52344537544205927 -1.0265003008605911
-0.32497120232219701 -0.48648282503333429 -0.9474727949685221
-0.2713387251793215 -0.45152116892340649 -0.8601985109189757
-0.2276504371981708 -0.41881086715965821 -0.76625023526063862
-0.19460915352162389 -0.3903631639625913 -0.66843820458742353
-0.1715906569470394 -0.36624910940638411 -0.5655490992757406
-0.15942709142043079 -0.34809552983815373 -0.46211238815769262
-0.1561894947374218 -0.33720088589097691 -0.34938019136754173
-0.16562596719682829 -0.33185340095631111 -0.2305605922864658
-0.18054373104501539 -0.33273607055970278 -0.14359145273939111
-0.1998982590847205 -0.34664864642165938 -0.051637972740050497
-0.21501713366911321 -0.37376760112587482 0.029233913844128951
-0.23577493839068009 -0.42078251297448183 0.13742226187132109
-0.28398463573255289 -0.48426430170136009 0.25953403320386559
-0.33398351330970077 -0.54500734818444774 0.34993298550508889
-0.36419766596000869 -0.57831840824509684 0.40596991467282367
-0.40509865038392251 -0.62120099634748782 0.4968680611022282
-0.44135059870269322 -0.65628442682839039 0.59770520105935088
-0.46972618682197881 -0.68082239252788967 0.69802306781577927
-0.49195530369025708 -0.69635555638528523 0.80079100096016054
-0.50836662718087944 -0.7025673322658601 0.90681631698947218
-0.518575052920899 -0.69916017238409855 1.0134817027442511
-0.5226141521057579 -0.68620491422935703 1.1197335926434131
-0.52049224156284246 -0.66371217935057203 1.2246554597771331
-0.51159451406100431 -0.6324430151889191 1.326664847983472
-0.49612474423873432 -0.59273308242407186 1.424712606118623
-0.47437007484139032 -0.5445338871182559 1.5183333810394011
-0.44659790599388172 -0.48845945321352252 1.605918465029093
-0.41238815555071401 -0.42645028778145189 1.6857942268434709
-0.37094078209052828 -0.35918587828771181 1.758028642218024
-0.32324972164343779 -0.28729153006179758 1.8213821517245929
-0.26955362306723918 -0.2121275868354392 1.87518523007168
-0.21082010031076581 -0.13297978885584941 1.919289092896171
-0.1493606585084824 -0.051734546762184093 1.9522466952765329
-0.085261529235834965 0.032038778020966788 1.974351036914797
-0.020131307826195721 0.1162278926844571 1.9850653592513861
0.046141895973224017 0.2004405585755798 1.984486149817045
0.1118455599126271 0.28459178741889968 1.972482952087157
0.17644484585396 0.36700729026248002 1.9492961870448799
0.23894008289483801 0.44703749840984491 1.915108848350269
0.29911210678404587 0.52481445038499253 1.869673517223214
0.35406284372968932 0.59793958529041591 1.8147914439395969
0.40338849186568121 0.66764657455613385 1.7501845932019151
0.44678922433966789 0.732365825718298 1.6766459966662941
0.48314128824621783 0.79156377417932844 1.595455241026416
0.51350929345239205 0.84436527811383399 1.506568847146569
0.53793957651357227 0.88906599086161131 1.411851910421253
0.55615920035314159 0.92520788531453624 1.3126984883628969
0.56818278159527646 0.95256075837189769 1.2096475816800221
0.57360473836346448 0.97089332641875936 1.103927673859753
0.57274349877025887 0.97972244461735991 0.99706115551302277
0.56570782698992861 0.97896258422569571 0.8900317556784193
0.55244106941775795 0.96860775596518411 0.78376879420614642
0.533183220601401 0.94896104618507626 0.68065336632866169
0.50805350534928106 0.92058660087383015 0.58135626979224253
0.47495344595936961 0.88137839227770742 0.48043003568012022
0.43023220819461172 0.8267611480577004 0.37473395539349008
0.3869971985260755 0.7703827864062992 0.29397980535799362
0.35685835435643593 0.72980893477612352 0.2315287332279295
0.32352256042192928 0.67652447725667275 0.1366774432254024
0.30274369169296972 0.62106278105578516 0.018431287789911779
0.28986032830365049 0.59131098303139462 -0.06366639370499351
0.27354920788143039 0.57526302398305429 -0.15444652866775491
0.26200140187462012 0.57202817634519643 -0.24285069385144389
0.25660307165418461 0.57358339324495256 -0.35961396024381809
0.2639186275948463 0.58200668754610252 -0.47605599688814221
0.28090593549827358 0.59743876015517228 -0.5827969975833126
0.30819498388261779 0.61807007923547619 -0.68471277802517116
0.34464377234875448 0.64304340003923244 -0.78042339935211036
0.39140583765625148 0.67218035087635675 -0.87219386663207654
0.44861473102687549 0.70539364928631387 -0.95884612958980309
0.5143207283346507 0.73938634941602377 -1.0369280363203841
0.58735263437419549 0.77513421217146283 -1.10610884015124
0.66810429253890047 0.8127296613688082 -1.1665925638127179
0.75526610930370774 0.84991266623834816 -1.2175383544951019
0.84754951234392073 0.88633648867385328 -1.2580911425560011
0.94404571353152911 0.92113618781445017 -1.2881509796772059
1.0443204291640269 0.95373654667654573 -1.307615390952275
1.146989424516466 0.9840793878361882 -1.3159653309652231
1.251144932773433 1.0106198955172621 -1.3135304419314471
1.355041819451287 1.033285727104801 -1.3002478105010711
1.4576605295239811 1.052368493506727 -1.276058426566796
1.5579120648695259 1.066778287263783 -1.241671306158928
1.656250825893151 1.076482946167215 -1.1968510535589789
1.748372402432216 1.0822409263913471 -1.1430921716982181
1.8345900850350909 1.0841223192422009 -1.0803255638256
1.915005317139 1.080823421052419 -1.009025415876458
1.9879751597767019 1.072046767718857 -0.93087177554190559
2.052567354785555 1.0582898117810211 -0.84654451286745658
2.108109243500107 1.039764353816552 -0.75685072969408762
2.154022040825641 1.016453272085182 -0.66294883332310262
2.1897912803730049 0.98909655487783477 -0.56536378377497021
2.214601160797792 0.95882401622306668 -0.46569227913588768
2.228658636728944 0.92446885709158644 -0.36562564526804098
2.2318685849106772 0.88620515292566326 -0.26524395128471773
2.223753030819493 0.84618582449524971 -0.1660982750197596
2.205075982551477 0.80319880297851709 -0.070378491410335808
2.175840447994513 0.75711293838136107 0.022058510269273988
2.1360716164921358 0.71001930928859924 0.1101214999353848
2.086546855136405 0.66063500398486563 0.19240978097562411
2.0289630765244939 0.61069331186669551 0.26659534377866417
1.9630545045669039 0.56035232712076011 0.33291529645329371
1.8895409805789529 0.50868135372952494 0.39080702640862069
1.807963106800881 0.45647419153091839 0.43991297555627068
1.7217843689012691 0.40519319069808812 0.47803671995830138
1.6316672133605801 0.3543349343943808 0.50517047443097851
1.538943469708784 0.30401981040316661 0.52073123968847956
1.444581285451529 0.25385222912356831 0.52463963223487542
1.3487546668608981 0.2032935902001492 0.51634579525571622
1.2534718210105049 0.15205259222945619 0.49534655013456291
1.1596837728675871 0.098286739206098414 0.45995624370037669
1.077896329438808 0.042975976462524733 0.41130058271679931
1.010952119421564 -0.019492611912162019 0.35096132737179858
0.95377845783758386 -0.087821993722079994 0.29478041240346159
0.90885593501326911 -0.15220024428138099 0.25373180147337732
0.86212672485662667 -0.23883005622693451 0.2062285915962784
0.82361724177327855 -0.33232325453796852 0.1643180249059574
0.79501909044276198 -0.42725832819031528 0.12882441409828119
0.77453448387489077 -0.52684164302491099 0.098638498695515928
0.75243410989677539 -0.63393160723050124 0.068379723964237957
0.72216743875508627 -0.72900766561144548 0.039370519601772097
0.68065893659217713 -0.82264415425839255 0.0084941277517837747
0.62938724327384044 -0.91019224533091136 -0.022848316158449788
0.5677778511344348 -0.99322584575740203 -0.055180856546938287
0.49841931671362089 -1.0684114552221999 -0.086380528665629161
0.42015348513664158 -1.136270519970604 -0.116433136947612
0.33580088031588268 -1.194511238314123 -0.1455303283332712
0.24453596012580051 -1.243736124892058 -0.1733530378069745
0.14799170772275039 -1.283023787244874 -0.19889386049999841
0.047562061885537771 -1.3116678464142799 -0.22243333474983379
-0.055968488140433731 -1.3293935009077791 -0.24377682504273229
-0.16056458213792521 -1.3357561283911461 -0.26421963246598079
-0.26661582956412178 -1.3308355733173369 -0.28286205029428407
-0.37146285749426389 -1.31499721023479 -0.29798634205426627
-0.47232977823787581 -1.2885412873794819 -0.31011553518053792
-0.57764463208273997 -1.249370983635482 -0.32037371869509762
-0.67196435049157466 -1.202741673011509 -0.32628543197788612
-0.76244615991226949 -1.145018376663691 -0.32835981457129421
-0.8450217840249572 -1.077757988934128 -0.32724387768293378
-0.91457739787737424 -1.005649859643623 -0.32385715820191902
-0.98077306597885816 -0.9182497707556333 -0.31960802848375408
-1.042052462923841 -0.81937140150529397 -0.31972969757481229
-1.0890868992012439 -0.71848786839876055 -0.32479103623132127
-1.118162993623995 -0.63027280082022485 -0.3344075483932849
-1.136336766215112 -0.54650639849297855 -0.35156991203079629
-1.15762347655968 -0.42756116493348928 -0.39419830951392448
-1.1890251661558779 -0.33274392632189831 -0.44253486461580688
-1.228819338676771 -0.25114209567764523 -0.48326612629794741
-1.2821540550647039 -0.1630324034649426 -0.51412511165324348
-1.34168107863026 -0.072102730905261619 -0.53104569366871857
-1.401730221219843 0.018647808196985589 -0.53376111783575253
-1.459311826922135 0.1085599412664429 -0.52344287289832081
-1.5134430757957771 0.19825477125460089 -0.50140003783564302
-1.5637515550210399 0.28880453531147637 -0.4677245068825005
-1.6077497843697071 0.37680683640056423 -0.42404692110779102
-1.644686792923175 0.46132022454155208 -0.37168406480950061
-1.6750037044074051 0.54367702566395393 -0.3100144672400002
-1.697314201062927 0.62318849444372448 -0.24015822761208289
-1.710936600132767 0.69759817709251737 -0.16423345421690699
-1.715981802024332 0.76677653972992854 -0.082764508706839157
-1.7121015256100569 0.83031946945995272 0.003430666866518362
-1.699504251155243 0.88699814969418844 0.092483874827053489
-1.6779045942886059 0.93769295898020921 0.18529395699448969
-1.6483537803515811 0.9798185228088736 0.2774048296428292
-1.608015811343587 1.016817300239871 0.37412210865599399
-1.5622671494052769 1.0438485497919749 0.4641576845739549
-1.5068012581772241 1.063797132424896 0.55429232081785851
-1.4433794348932081 1.0769119115856309 0.63872962550521728
-1.373235469928386 1.082106878931185 0.71793338995117506
-1.295111269261753 1.079120275239559 0.79377558481566612
-1.213169947960099 1.0679711503681231 0.86225025122761645
-1.128117703335255 1.048054827116623 0.92402615193156046
-1.040562996186766 1.019550540899161 0.97868396333579444
-0.9516667315025259 0.9826029188077372 1.025697693816183
-0.86237242908574818 0.93760001879865662 1.0645434779601599
-0.77367521801543249 0.88516220539041501 1.094690628374009
-0.68684006306893453 0.82639042785632744 1.1154503531908451
-0.60194645521373591 0.76157423964671767 1.12664235516134
-0.520436903830789 0.69180977450873415 1.1280806109393759
-0.44238850860979417 0.61697087576467469 1.119532172667028
-0.37246110480024952 0.54172524492055307 1.1017620149841121
-0.31694047956614152 0.47506929714958512 1.0791296816203491
-0.2471407975038962 0.38649567008712948 1.0400595527894441
-0.172981482851194 0.30641589992045998 1.0112692434603281
-0.092799711675110433 0.2304886573584233 0.99179963911746327
-0.02451071550557796 0.17315145164112569 0.98363579368918286
0.081089851579260963 0.10545808791187079 0.98651213450513719
0.15425145089354489 0.043535162009799747 1.0001552402309
0.23517154839497159 -0.03432515663409004 1.026433683411621
0.30368006695874639 -0.10974447583961849 1.0590172451796429
0.37146060644360801 -0.19690755736053381 1.1028177517931299
0.43001980667996992 -0.26673802945028458 1.1304187297841379
0.50047952564575915 -0.34151758487079009 1.152235498339526
0.57855325871008867 -0.41510075985528089 1.165010167501783
0.66078122269635708 -0.48403998923201702 1.1679796025364511
0.74646060144953652 -0.54786772884645119 1.161301881144694
0.83500386215477895 -0.60611863783711073 1.145025282387415
0.92523587087344261 -0.65798389260608958 1.119356572540336
1.016078873611159 -0.70285148188964652 1.084641518003516
1.1068396632299651 -0.74033968037747944 1.0411237694838911
1.1955381487635131 -0.76963542357025505 0.98978242970325248
1.2820450995054999 -0.79142564303285623 0.93025434964774401
1.365805409197461 -0.80523120360546296 0.86296131079550176
1.4442858068258539 -0.81014511179848736 0.79034210974168539
1.517011990580079 -0.80684905261696593 0.71197429273628576
1.582640190967201 -0.79581128642608212 0.62822208621962961
1.6396780906739421 -0.77827657048180487 0.53945647501991145
1.6886035808431761 -0.7529792762885863 0.44788669562064448
1.729955559571055 -0.71938847025133146 0.35300580898359091
1.7620245930536 -0.67909141436880738 0.25973015656155241
1.78610261604837 -0.63090863383395457 0.1675429132627487
1.8006617399726741 -0.57623859811573741 0.076083065350275425
1.806194875146804 -0.51516870330272302 -0.011943400784405931
1.802870046142719 -0.44831485403246968 -0.095510180705893163
1.790686187560756 -0.37652668347809359 -0.17355063585270381
1.7701755219933339 -0.29935513296878591 -0.24562329464672369
1.7408393947863889 -0.21805641856466351 -0.31090034058898719
1.704250328111429 -0.13434364478811811 -0.36707263545634528
1.6608548718898879 -0.048141999426495143 -0.41397695372586513
1.612134318080503 0.038975579341347558 -0.45018558077889292
1.558252299261089 0.128549677429068 -0.47597539544483769
1.4994265951281589 0.22031366630896251 -0.49017431053231481
1.439179279811682 0.31202203521249761 -0.49138467081011772
1.379941367983623 0.40397206562468418 -0.47831449730153902
1.331987403263865 0.48295324340216561 -0.45357092013589873
1.286848314575644 0.57700473109578665 -0.41086947972376681
1.257768770143151 0.66851010310184333 -0.3698261832328823
1.236358959396465 0.78414147441311421 -0.33406432862295071
1.2166346827597381 0.87173379628352399 -0.32008613554671
1.1844132544570241 0.96603665986545773 -0.31480799266309289
1.1370863919018219 1.0645263630342019 -0.31503890766685921
1.075313374911206 1.1627093752377919 -0.32008839301269137
1.006654889886504 1.2507791214636881 -0.32924767117027298
0.93837039936192568 1.3198921221598969 -0.33688030031023508
0.85475658263902177 1.38675259187737 -0.34277256990587018
0.76237552972160438 1.4445492519102261 -0.34478895757744132
0.66492040651849027 1.4918005939284349 -0.34291282379620042
0.56363965770726987 1.528745561660295 -0.3372977500669786
0.46118965006212159 1.5547555190539759 -0.32862711906329822
0.35621403335433688 1.5697640409396061 -0.31758804976521671
0.2490688350786564 1.5742737442582351 -0.30196784670940369
0.1433066612769644 1.5673411694124171 -0.28495583650290729
0.039738146590302621 1.5492700531393659 -0.26598221851129472
-0.061244893938010067 1.5202613946747969 -0.2442850406487069
-0.15808070708270661 1.480796078795082 -0.22019148714246919
-0.2495116774223958 1.4316319127165591 -0.19342178157263279
-0.33451355963179191 1.3731180169332211 -0.16519148614354059
-0.41266821088374561 1.3056659508786921 -0.13558153158482639
-0.4833826626199888 1.229659637898689 -0.1040828931673048
-0.54426638480484868 1.1483569153176161 -0.07219844252632257
-0.59604826236551423 1.060473123723672 -0.040021104344962609
-0.63748056131284625 0.96753388046774436 -0.0081603983008311804
-0.66742761146033169 0.87418941665210181 0.02178816649061583
-0.69117087548853073 0.76106288894329588 0.056126047164541983
-0.71199068946174415 0.66954314787557745 0.086900949706188432
-0.74318036141179811 0.57481589306761849 0.1252799731274
-0.78579043116291147 0.47768310757635718 0.1729024329232538
-0.85047433003466422 0.37166280256230022 0.23541444150468979
-0.90740299908241806 0.30530176684347798 0.28864988503704431
-0.95043078803958991 0.25921424571742158 0.33182471360754279
-1.0141139330593361 0.20834326896807329 0.38222374440952273
-1.094633037682692 0.15755763874363041 0.42556139828316369
-1.1895324952291151 0.1056390076681343 0.45819548422459733
-1.287521042873256 0.053947228126144081 0.47690029582642701
-1.3814474840444211 0.0044314252396805169 0.48244470239340043
-1.475002907162156 -0.045679024256800607 0.4762523732344161
-1.5680787612662059 -0.097633718592728277 0.45802772161141703
-1.6567178995349929 -0.15010166672138661 0.42867286992139919
-1.739793795377508 -0.20256984071299489 0.38906102772458268
-1.8179925994011079 -0.25579396521219372 0.3389725227343624
-1.889393215229026 -0.30983202315399871 0.27937784121617182
-1.9522468754942439 -0.36315371134995839 0.21200717805145181
-2.0075590232052209 -0.41662207376788463 0.13579716172813391
-2.052856815989323 -0.46790977902655329 0.054309039379508463
