3.0316397024732722 -3.0996864239613711e-05 -8.6404436142525857e-05
3.0182919540432982 0.12358750907591171 0.10830744864737819
2.9779595471984011 0.24401709679844691 0.20949158593587641
2.916461996612036 0.35258527114095461 0.29794870521949152
2.8293200708769168 0.46256927587473867 0.3804721428175683
2.7228094689305138 0.56151042767820691 0.44434704205053938
2.5898954965797718 0.6573628976530913 0.49378206439938932
2.4569972412863521 0.73556172891964799 0.51569966076836293
2.3061469013105169 0.80719298080305191 0.51383293743777858
2.1516559665236352 0.87006187059252837 0.4822193540748429
2.002529033940792 0.92251196445624994 0.41761763015758618
1.8969591660516669 0.96121439045373247 0.34443002397027211
1.7953904091151049 1.005005527331116 0.23888603601847069
1.70457103174504 1.066629657594109 0.090224451201418213
1.6526346978697739 1.1403002498116019 -0.056718018242399228
1.630326077968941 1.2256660336621901 -0.18630111294276031
1.6276085609440889 1.342492120992917 -0.31227145275013668
1.6353597071733339 1.456940310492862 -0.39612146650212138
1.646994930378868 1.601185175497339 -0.46384127950971238
1.6563026082627901 1.760905590046975 -0.50373846964627245
1.6568205732108909 1.9293534209399621 -0.51537717192232368
1.6428314412880061 2.0900275093890368 -0.49892920897681831
1.6192689163220759 2.240794071048319 -0.46036715709778647
1.576270479430786 2.3864452459689218 -0.40115214745840988
1.5142315457947819 2.5226319810704658 -0.31924129716559252
1.447929181850548 2.6238477947980861 -0.23871990079638281
1.3575737781588459 2.718658390260877 -0.13782612945865921
1.2512631830147221 2.7907563948963761 -0.027151798984989681
1.141576112456127 2.8349789734966691 0.074664698994899678
1.014805881396214 2.8561300843832349 0.1804328146546178
0.89069591507454038 2.852342109021178 0.27167991292117832
0.75813741811467295 2.8266637273130821 0.35471933508904091
0.62571489989265383 2.7776571782835711 0.42255372782011852
0.48197237200526832 2.7030589405651768 0.47832952496074688
0.35649526951589899 2.62071610108665 0.50602959478841092
0.2216642671243412 2.5143569613295589 0.51206155227151751
0.101353374943527 2.4055757703129008 0.48915150440535482
-0.016522261398393051 2.2874118359839342 0.43139776592022933
-0.095341996809238161 2.207939403117007 0.36702604220164259
-0.18195126424865421 2.1263138638545209 0.26593850739194108
-0.27398842305736798 2.0625182921591851 0.12762078654015641
-0.35874025646934837 2.0369022269032211 -0.01203744830005858
-0.45057005978819681 2.0437694296434281 -0.15335097341725051
-0.55656269772725553 2.0834937116411729 -0.28455997598341842
-0.6608112258457316 2.1379956734535308 -0.37781188916196412
-0.76760259639658723 2.1973071519797092 -0.44292255099695571
-0.91622925007824163 2.2774046161588011 -0.49399523815249963
-1.06166465193406 2.34618581548292 -0.51196520735602291
-1.2230413890234959 2.4073230936751009 -0.50057314286503152
-1.3644363496597229 2.4487298587523032 -0.46915594918290532
-1.519221654312068 2.4750023690696108 -0.41162291199610079
-1.662853711679865 2.4808342086528832 -0.33884942257505729
-1.7905261864734019 2.4653390073122718 -0.25746578015677618
-1.9118426102996231 2.4296242669305621 -0.16212854023124471
-2.0264645844042679 2.368394569965524 -0.053085020390687278
-2.11326081601303 2.2945295010686242 0.044156410932381422
-2.1930747026945041 2.190024737128335 0.15536789128784381
-2.248659961781402 2.072551276102899 0.25382635565077027
-2.2822361562687452 1.952761679035856 0.33343776921036111
-2.2992437853472012 1.805661823887788 0.41014714460722568
-2.2967513036209888 1.6517084880252619 0.46754745654159569
-2.2756980809359741 1.5041659114298469 0.50093462973337777
-2.2400278777509088 1.339818022668894 0.51398515335458739
-2.1926844582201048 1.1848305327578099 0.49805007607786261
-2.1350724239007262 1.0278532456872549 0.45054272462650591
-2.0881859851679878 0.90513035285286958 0.38330793806199398
-2.0492517205911511 0.79660693876035171 0.29361952416016363
-2.0229011817912932 0.68450855806099487 0.1622579638490331
-2.0267023582752408 0.59334841897090829 0.023470468106230331
-2.061019704394687 0.51352906739827187 -0.1152109870900416
-2.1354190824253729 0.4307430635120702 -0.25700422283818242
-2.226688185356327 0.35732136625486272 -0.36043659105126852
-2.316661493968847 0.29073032433292018 -0.42745280375767708
-2.448567321605275 0.19368915188618879 -0.48735874052640282
-2.5765534580128522 0.089056400175925379 -0.51312803656479156
-2.700250306094341 -0.026097114387175751 -0.50960436586919222
-2.8011376692404721 -0.13787994933043191 -0.48396121399436343
-2.898148992311246 -0.26960044034227387 -0.42983167287478807
-2.967820434791244 -0.39388576436131473 -0.36318479663013947
-3.0148759857974579 -0.52238021671344304 -0.28005103531922498
-3.0384799561817331 -0.64415183320043756 -0.189923726042175
-3.0382568499476008 -0.77215540186143605 -0.085457214732961223
-3.0119506221274381 -0.88981174733767809 0.018815630241598581
-2.9583388823617032 -1.0054461626135951 0.12925064480920709
-2.8806487737647828 -1.108176969844026 0.22940339343388511
-2.79072759101023 -1.189992543345618 0.31222239951252101
-2.6684504409841439 -1.2712665756005821 0.39463213154274768
-2.5321016421768969 -1.3355123286723809 0.45572409520356899
-2.384476248537085 -1.3828238417327461 0.49764383493428838
-2.2298727791636721 -1.4201217113846929 0.51609678268702175
-2.0623031319404759 -1.4445667302840191 0.50766594487143135
-1.9015236583076749 -1.45911630313781 0.47081892565571282
-1.751676708217746 -1.467831787650566 0.40362651263277349
-1.6371460339777779 -1.4757354867771231 0.32263875841584633
-1.5225444586383481 -1.492978130591939 0.20212784612297369
-1.435018737256692 -1.5267857607344639 0.067045518226740763
-1.368941702317735 -1.5857809062699619 -0.078363114633652989
-1.32142780635646 -1.67677598225429 -0.222000340769061
-1.290505843887372 -1.785288917537259 -0.3344033098113342
-1.26676554724154 -1.8968545295058401 -0.41159346955244841
-1.2368618946720269 -2.0472476418752499 -0.47734193165285782
-1.1978810168847711 -2.2081515274494108 -0.51182143484827614
-1.1490714951463521 -2.3696045531055359 -0.51676227983574163
-1.089862933895406 -2.515871809503599 -0.49614664959082599
-1.01836184643911 -2.657328428867717 -0.45057198448752961
-0.93560608839090531 -2.7798000487458538 -0.38795917630891691
-0.83842310024931066 -2.885286452299336 -0.305391021856739
-0.74227774844933281 -2.962053817939005 -0.2197939141038249
-0.62931946067351796 -3.0215536555618252 -0.1193009820865525
-0.50793592750758287 -3.055228431082095 -0.0097066509313742041
-0.38563461887521511 -3.0620506798333418 0.096747895647354171
-0.25992441211889972 -3.04155963805285 0.19944257969580231
-0.14263147746631349 -2.9981538044529201 0.28922756631812713
-0.0221570315864454 -2.930480183225018 0.37194928470449129
0.090818715956510199 -2.841394811078386 0.43725842805725668
0.2065883070939119 -2.7242666869645999 0.48941822500576487
0.30209430199650988 -2.6067970263039202 0.51294449735614223
0.39625811094293228 -2.4680734530516002 0.51384181492413183
0.48114706979083532 -2.3248608134636388 0.48510373689800029
0.55650017115089956 -2.1820078831366079 0.42250137507504598
0.60952110565389073 -2.0833769902226189 0.35244035512679678
0.66815082123608371 -1.985445907633526 0.24757642190160881
0.74090543231149308 -1.9016918063518879 0.1017612124797269
0.81698335169774228 -1.8590031463853001 -0.038898159514466117
0.90423285101585404 -1.8455357258360829 -0.17137785387359189
1.021232226438336 -1.8575274322029991 -0.30262263675109041
1.1338980866971129 -1.881082755278108 -0.38974036343152879
1.267758858250009 -1.911436019001143 -0.45726972064758642
1.429143508052882 -1.945335095961964 -0.50157185756502876
1.5915936875529759 -1.9701460511019671 -0.51556415594904825
1.755864178314241 -1.9806874668625221 -0.50104746932544453
1.907202417378272 -1.9801046933176421 -0.46497244888640932
2.0570644644885099 -1.959737484906618 -0.40773592112407792
2.2026717894335159 -1.9194043410952999 -0.32722098403432692
2.3133858715511919 -1.8692309607444251 -0.2482159417286923
2.4225721031553502 -1.7944749085261269 -0.14716865694587619
2.5124879522083039 -1.6993606930940099 -0.035277142046353363
2.572298745289197 -1.6006904269955731 0.063368352736298289
2.6137771380639832 -1.4789393691445929 0.17031210845120959
2.6299661217143169 -1.3548439837663739 0.26356210052389811
2.6254573564664989 -1.2223617919889 0.34635460384148281
2.5972313065014641 -1.0823153324039541 0.41666097903593929
2.5469644470187731 -0.93245001872414912 0.47305532357182151
2.4846882985179142 -0.79715408421078349 0.50259687917801121
2.398804107761332 -0.64539773506212916 0.51131274420840322
2.3103622019919872 -0.51293726560882869 0.49099109540269259
2.2097914693332279 -0.37763625651472638 0.43637446091880322
2.140315705586326 -0.28598052673818569 0.37253407815204931
2.0710949670292051 -0.1888245934768473 0.27484349251155038
2.019298305719309 -0.089548440621763981 0.14139668288245361
2.0027469656738019 0.00015371678125895459 -0.00024807513330171737
2.0193660134386149 0.089770720240110749 -0.14173027110127681
2.0712108757607051 0.18903944314243409 -0.27512511490065722
2.1405553561143078 0.28631926415733921 -0.37286405051020372
2.209772232877194 0.37761114328795858 -0.43641122853153108
2.3104481312981409 0.51304809277376817 -0.49107113246549328
2.3989383056866131 0.64559984528393655 -0.51137257630877353
2.4847867972960378 0.79732357850018321 -0.50262911233965402
2.547047432716345 0.93260987384114613 -0.47306645643827322
2.597326037061404 1.0824652640492449 -0.41664388290739168
2.6255523302857582 1.2224696713525269 -0.3463262033685709
2.63004219547414 1.355068774206718 -0.26344035376718739
2.6138220038283579 1.4791475413765289 -0.1702006268574513
2.5723594467224218 1.6008056310221781 -0.06327485288364762
2.5124538992302821 1.699587278658613 0.035507180929086203
2.422588059689792 1.7946030105944331 0.14727122034885029
2.3133580974916468 1.8693441933542509 0.24837168990955519
2.2026368198511719 1.9194822082599341 0.32736170967446332
2.0569268627627562 1.959808080281829 0.40789689711472049
1.907122102088157 1.980136240280014 0.46508577600642242
1.7559064992694431 1.9806934707174959 0.50110304121625426
1.5914509158376191 1.970113689118685 0.51561664450563582
1.4289766593282811 1.9452918067199561 0.50156488110444497
1.2677204074901489 1.911407590760241 0.45724516042994512
1.133803045218635 1.881054435245582 0.38966357885621161
1.021090143860359 1.8575131708547019 0.30246659540318122
0.90428418354173323 1.845563108168395 0.1713930560708265
0.81693462625130475 1.8590676921622309 0.038726351756375843
0.74086297516431177 1.901816712164736 -0.10197761206561549
0.66829912957033555 1.9853546308146119 -0.24737760412611651
0.60961856263259573 2.0832840770870571 -0.35226835385011218
0.55638185279637464 2.1822469701812999 -0.42252026907620799
0.48109231512665518 2.3249923825085972 -0.48504646749813118
0.39607045237939897 2.468395447268636 -0.51379669103085501
0.30197320173262798 2.6069791990462381 -0.51287255160430756
0.20650468622449841 2.7243803975573102 -0.48934019273539492
0.090735567772968276 2.841480713208361 -0.43716574827966748
-0.02222822259009035 2.9305375789550721 -0.37185030422315241
-0.14279243434930711 2.9982418608255088 -0.28904741355186392
-0.26003947371535457 3.0415940647419659 -0.1993162998233057
-0.38571812710721193 3.0620539132927012 -0.096611391369550118
-0.50805102075868291 3.0552011375155148 0.0098643732141894744
-0.62948507996418102 3.021475087120689 0.11952383277207571
-0.74241269836344836 2.9619849489594121 0.21995136140015989
-0.83851534827224017 2.885193073103554 0.30552289041207492
-0.93566772499719675 2.77968506076681 0.3880281089315894
-1.018413111966427 2.6572356087165661 0.45062771687148839
-1.0899316770208529 2.5157306387282801 0.49617728827698659
-1.14913272856069 2.3694129869116858 0.51679291389268034
-1.1979393111177099 2.207813286963451 0.51181524048971427
-1.2368499525202761 2.047096312843804 0.47734460556762243
-1.266781372180757 1.8966376496195301 0.41153717270639961
-1.290503581351534 1.785100225006456 0.33431958021240771
-1.3214159952228279 1.676563583599219 0.22187413934449479
-1.3687885821330661 1.5857791707125339 0.078554038093359771
-1.4349527985560191 1.526662196690358 -0.067146137126226316
-1.5225443788397539 1.492869461633352 -0.20230370318769059
-1.637122958467367 1.475674550305156 -0.32276123256450301
-1.7514730555743381 1.4677957383207401 -0.40361945620949857
-1.901506274288957 1.459079883640142 -0.47092482468519292
-2.0623298505039949 1.4445275419011121 -0.50777727007447027
-2.2297752510122399 1.4201080413146629 -0.51620766838138321
-2.3845207089432381 1.382772879802491 -0.49774051071570152
-2.5320609698675418 1.3354858068607709 -0.45583994815201501
-2.668434260111328 1.2712382384779961 -0.39473628459626742
-2.79070706176919 1.1899621910913001 -0.31232825862242791
-2.880636964112286 1.108123923623674 -0.22948784170633321
-2.958299752323565 1.0054430355685311 -0.12937216422784939
-3.0119375706646832 0.8897383426125054 -0.01887537053905956
-3.0382490806789031 0.77211071123834196 0.085387516624097035
-3.0384806199390728 0.6440483626774608 0.18988910490418609
-3.014874803258055 0.52237029445514482 0.27994928351859161
-2.967800602004083 0.39387731897348482 0.36310682432653107
-2.8980823506103408 0.26945542389388261 0.42979324700549082
-2.8011462680937891 0.13785853054950351 0.48386669485401229
-2.7002598513503919 0.026071006529917909 0.5095166988434936
-2.5765932724388971 -0.089055519332523467 0.51305111975643614
-2.4485336533077948 -0.1937394440796249 0.48726117534135999
-2.3167028929279141 -0.29074841780141653 0.42736137414894543
-2.2266413091313519 -0.35740363050944579 0.3602689739122516
-2.1353761762472909 -0.43083400656206089 0.25682652472553641
-2.0609728690117119 -0.51363676089662846 0.11498512091161341
-2.026672688339354 -0.59344737116271307 -0.023684774869762039
-2.022895280047512 -0.68461516289484547 -0.16246566721394179
-2.049282055332458 -0.79675527866655571 -0.2938218933383453
-2.088192196454639 -0.90514254819850926 -0.38339223144441531
-2.135142420817544 -1.0280372684165311 -0.4506958141301069
-2.192716865370715 -1.184904456355556 -0.49815339736760289
-2.2400401352335488 -1.3398512056348959 -0.51408795749935932
-2.275765585738569 -1.5044351320503491 -0.50101324219307952
-2.2967905497866452 -1.6517622458787899 -0.46765772866847383
-2.2992906462861309 -1.805694760347321 -0.4102601391805118
-2.282273957418143 -1.952841748206833 -0.3335173750970622
-2.248705697457599 -2.0725907569274762 -0.25392803054421947
-2.1930967973571298 -2.1901421899626801 -0.155368482845849
-2.1132661269763018 -2.294637397573513 -0.044140000766298371
-2.0264569609206711 -2.368517605099405 0.053131570727562347
-1.911879272668251 -2.4297019842607752 0.16212906012185979
-1.790683369884434 -2.4653807152255021 0.25741307342344028
-1.662916909915565 -2.4809302827959261 0.33880937844831432
-1.5193439046739881 -2.475060679532854 0.41158386401775199
-1.364459633236879 -2.44875281866871 0.46915685154497211
-1.223134499040422 -2.407410836701529 0.50058513054113174
-1.061678469142016 -2.346191789089914 0.51200739688920094
-0.9162129510580983 -2.2773894375145809 0.49404701752585611
-0.76756431848368578 -2.1972920853288809 0.44295232375996008
-0.66097828111989554 -2.1380742250776561 0.37795955950462251
-0.55658228802249343 -2.0834862759415942 0.28461410880152682
-0.45063283860083653 -2.0437786179714168 0.1534560055646115
-0.35883828512555838 -2.036897781940509 0.01221722667638566
-0.27403866275243999 -2.0624825506178688 -0.1275019884172762
-0.1816441693671777 -2.1265629706573081 -0.26633581363707182
-0.095489275793433498 -2.207846130818341 -0.36695014051073882
-0.016684155275700181 -2.287327766298469 -0.43135898805820988
0.1013261267480849 -2.4056124176581331 -0.48916044197872632
0.2215166408679507 -2.5142904071445309 -0.51203762580382273
0.35642654890953679 -2.6207086488926081 -0.5060002895904594
0.48189733572033139 -2.7030326772392148 -0.47830557033940352
0.62559062011381084 -2.7776069712789142 -0.42254603000475061
0.75817045757044066 -2.8266718073269961 -0.35463498258442111
0.8905502063162053 -2.8523159844086341 -0.2716998620505981
1.0147766126721289 -2.856118003843525 -0.18034617092767399
1.1414812367375979 -2.8349795254348589 -0.074667598553715853
1.2512596275415699 -2.7907155643274169 0.027240241501793411
1.3574712521414221 -2.7186997591522948 0.1378354393151372
1.4478660170565489 -2.6238499798474599 0.23875290023908391
1.514193601036699 -2.522596069683809 0.3193074157107581
1.5762274410815409 -2.3864392399361791 0.4012054522931498
1.619220362913907 -2.2407194260200209 0.46045875314420298
1.642748946005649 -2.090077286696435 0.49897934608795852
1.6567512244084941 -1.929269232097248 0.51545496996646212
1.6562409809735641 -1.761041926839692 0.50382879185831031
1.6469287609243719 -1.6011882558404471 0.46392325828449671
1.6352969731599949 -1.4570261119900221 0.39624917135825921
1.627529584546058 -1.342596910798511 0.3124428038165592
1.6302345872984261 -1.225642949600956 0.18636754101462091
1.652598690485019 -1.140103218807542 0.056468146419426567
1.7045470477307649 -1.0665034200988861 -0.090429399320687817
1.795131834974266 -1.0050382312299551 -0.23875592131278789
1.896726012841472 -0.96123021779366269 -0.34437219006984471
2.002136783623516 -0.92259521016363111 -0.41750139604605963
2.151601692806874 -0.87003998333628585 -0.48226925658964148
2.3059194923412591 -0.80726095660744102 -0.51386430688045304
2.456986631537958 -0.73553842176493434 -0.51574133839802994
2.5898033886589631 -0.65738568048111867 -0.49384527240674209
2.722792445457241 -0.56147831636192036 -0.44439837052214559
2.8292189967345509 -0.4626437841134462 -0.38058718551717657
2.9163136511040508 -0.35276935498854528 -0.29816283909638119
2.9779352467059592 -0.2440567364579643 -0.20957038420817281
3.0182570014439478 -0.1236973985536271 -0.10846394107869289
