3.0316397024732722 -3.0996864239613711e-05 -8.6404436142525857e-05
3.0185515982337754 0.12118284681611362 0.1061989406556198
2.9789155592988732 0.24116251528139587 0.20709318556280554
2.9138155926135161 0.35592536383967988 0.30045485083641299
2.826705977814485 0.46499759168360622 0.38203982648376761
2.717489492870234 0.56534699080672013 0.44632571389958531
2.5918926478032205 0.65592262862572548 0.49303925900715639
2.4539054599458781 0.73702986063220088 0.51566140099140612
2.307807630058071 0.80640438411016324 0.51385348840968448
2.160627727892062 0.86641088176611469 0.48405525160711166
2.0190234099705169 0.91671065441789057 0.42476298685475927
1.8911841948154917 0.96370425607278554 0.33842903003319402
1.786764101397029 1.0108587794222561 0.22476569503371263
1.7072702969596718 1.0647981115516489 0.094642858993552681
1.6574959002023311 1.1334047370172515 -0.042964312081168202
1.6319145032310367 1.2195877926867444 -0.17707449730819486
1.6279445766910785 1.328046800266935 -0.29669546281454051
1.6352728390065776 1.4556576738199898 -0.39518174781256371
1.6470161297312271 1.6015489578917468 -0.4639321501438699
1.6561460905722702 1.7582197353444426 -0.50306755944328896
1.6567902640064729 1.9194965382318947 -0.51469612234987749
1.6437164517188598 2.0798626010137915 -0.49996977524306779
1.6201532792704683 2.235135409203683 -0.46181449136884239
1.5781609337539517 2.3800415970642192 -0.40375557397952
1.5200593105920359 2.5098389781259871 -0.32693577451832029
1.4477244651071872 2.6240626055957388 -0.23849130744778657
1.3593275157943863 2.7168181803484912 -0.13978440972477696
1.2581734473304882 2.7860699733031642 -0.034345709201621458
1.1453256657420998 2.8334672646502161 0.071184194112942828
1.0224526181994702 2.8548542566380792 0.1740529182399462
0.89261872830757527 2.8524007954374944 0.2702662381517546
0.75742619347698414 2.8264005193213761 0.3550836650537687
0.6207341180508642 2.7750722957625933 0.42448639925488713
0.48499772886115555 2.7046290137594875 0.47715560870400642
0.35216405511971638 2.617299496380681 0.50622336106341137
0.2252537758957229 2.5171884841863421 0.51190096780718686
0.1062299967589367 2.4099850529605669 0.49008012888141889
-0.002164721793580876 2.3018044909857482 0.43843231193295162
-0.10150414069348324 2.2021318454221404 0.35983378722919696
-0.19058942965870529 2.1203263180864207 0.25295667084544105
-0.27423345799625476 2.0624442308588944 0.12721700592962071
-0.35713195225959982 2.0373883335032765 -0.0093872056094051748
-0.44509041565762841 2.0433596517082826 -0.1449185495146349
-0.54334541807617576 2.0785400945380261 -0.26819821621050488
-0.65388048505828689 2.1343722269018501 -0.37161223483745137
-0.77884030806933757 2.203363348401187 -0.44678417418761107
-0.91512399036567482 2.276808972658507 -0.49361543693833476
-1.060362470626075 2.3455699709845534 -0.51180431009371063
-1.2112357843588628 2.4028505621961149 -0.50140653565831939
-1.3629769438748327 2.4483024795004873 -0.46948022123615529
-1.5127222231294133 2.4738991869995397 -0.41403872283011134
-1.6571483697824267 2.4806025567548087 -0.34174012570794821
-1.7929363793433613 2.4646294627188396 -0.25557171562154674
-1.9162444863971264 2.4272728370094399 -0.15794089586965335
-2.0255303021957505 2.3688936524229165 -0.053973832691617776
-2.1181462230719399 2.2881327657050012 0.050963664328380821
-2.1930968009598213 2.1899780348235849 0.15540703406245659
-2.2482379093293989 2.0734432385239714 0.25307877190307437
-2.2835421497453243 1.9414660745548944 0.33932818129535197
-2.2991257869676427 1.7983734077006661 0.41286457427709577
-2.2960348913314848 1.646687816526202 0.46868357624850449
-2.2726933819750732 1.4903219776562082 0.50203394768680842
-2.2379137624131951 1.3328970728764609 0.51327357418239727
-2.1906377887686674 1.1792539093697909 0.49636237582421128
-2.1370328213411809 1.0331948010657137 0.4521592842791598
-2.0859876138002051 0.89900272288815819 0.37824380128461832
-2.0456439068520451 0.78125886253730115 0.27563400797468623
-2.0231522708326866 0.67848691922521154 0.15309027079121446
-2.0280909480507563 0.59011867226799453 0.017858972098675825
-2.0629654451439299 0.51136399417464973 -0.11891925568132468
-2.1297216123313651 0.43708277755039887 -0.2461457621683304
-2.2218242994624302 0.36123413351264394 -0.35492450404078735
-2.3340235554851172 0.27795731167820226 -0.43533790313505416
-2.4564648977517081 0.18723263130327891 -0.48894887351592481
-2.5800345254724473 0.08581575857008969 -0.51302887368726457
-2.6983932106154369 -0.024368282370905173 -0.50965726772578301
-2.8047741511747271 -0.14281750889331216 -0.4819321611770212
-2.8958348211136595 -0.26645829407745913 -0.43112291415500559
-2.9679185483514994 -0.39415368276676821 -0.36301145790335354
-3.0151782066190584 -0.52393935771316469 -0.2788970621098486
-3.0384659379481671 -0.65219456642916307 -0.18335987559187389
-3.037117763745798 -0.77725004030989486 -0.080942095357229391
-3.0090112713645838 -0.8961515920850911 0.024870409395073956
-2.9572232081546685 -1.0069214355146729 0.13068889532040029
-2.8800806287691172 -1.1086939015305155 0.22992666506364132
-2.7794190276533133 -1.1975090134533304 0.31984390259540713
-2.6609523144720013 -1.2747995937761307 0.39799171575919268
-2.5247019225962863 -1.3378838172147605 0.45782532122743541
-2.3755896218058492 -1.3849677279392489 0.49870451267608901
-2.2191598986052608 -1.421684503764197 0.51555779152709258
-2.0593618358853663 -1.4448328998408129 0.50699186633507998
-1.9023162269755318 -1.4590445804526062 0.47100056446988753
-1.7548904248540855 -1.4676448696148263 0.40506756548995893
-1.6249993608312046 -1.4775630424453678 0.30986575195514671
-1.5160148745074957 -1.4955002436553411 0.19205044932273768
-1.4313161199262265 -1.53009154539134 0.05889756599907868
-1.3686677061230417 -1.5863056433821505 -0.079191420807693022
-1.3251384392168661 -1.6696696544684608 -0.2107828853175015
-1.2927019186726307 -1.777582339363653 -0.32642046181620066
-1.2644884778170797 -1.9083064936774328 -0.41660000888426124
-1.2351081938037036 -2.0544865061560391 -0.47889312131624007
-1.1978115823491484 -2.2083812042719253 -0.5118284635030359
-1.1510266726483422 -2.3631371813274868 -0.51656436294132735
-1.091408587246661 -2.5120534685364482 -0.49668482544416648
-1.0215415511718715 -2.6510377513679173 -0.45259872259010109
-0.93875924922069243 -2.7751336336991161 -0.39034485023479371
-0.84421963361062713 -2.8789946571090899 -0.31031584533682227
-0.74089328027992596 -2.9627830750204964 -0.21856222700615568
-0.6284053416147285 -3.0218072546563701 -0.11847564553363409
-0.5108217793313018 -3.0544278248564081 -0.012312218525135629
-0.3890356717926895 -3.0618609612663157 0.093787522203531704
-0.26482883436968246 -3.0423590697286307 0.19543607850166589
-0.14158304318178541 -2.997564871720046 0.28994745579342568
-0.020658772031124872 -2.9292987525820631 0.37281540022225651
0.094728979482266801 -2.8374386613929401 0.43902019079231336
0.20312247252128041 -2.7277731924121249 0.48785669899716888
0.30398058676178802 -2.6040181225431378 0.51296247237730008
0.39481777148293062 -2.4701953833220869 0.51382808946085901
0.47624023351590361 -2.3331389333098018 0.48676488394991663
0.54726041508885548 -2.1995244312964886 0.43017764243115608
0.61270328090057846 -2.0780617014854688 0.34674878031245709
0.67416954273951257 -1.9785172387432248 0.23551366569272994
0.73839525049873334 -1.9045814929115934 0.10679213328741533
0.81234373146147387 -1.8616065189832627 -0.030320032326053306
0.90009421073482843 -1.8461745467989779 -0.16509373988121709
1.0065991301035748 -1.8560276310813981 -0.28620786919915858
1.1302670269065092 -1.8803236008521242 -0.38693268350371762
1.2716517771209277 -1.9122537321886655 -0.45833837634091662
1.4245197405976617 -1.9443638669819778 -0.50030257464917649
1.5836369253337692 -1.9689308177849716 -0.51487881727177232
1.7443498523712551 -1.9799485800642598 -0.50206499755356238
1.901930388920851 -1.9801249948536706 -0.46622916057760438
2.0520737796157156 -1.9604157508243603 -0.40964200394346323
2.1900446926520112 -1.92290203951535 -0.33420325572548681
2.3146476824375233 -1.8683670422894849 -0.24704818859626976
2.4207171921849553 -1.7957449021812415 -0.14888529936789691
2.5055527683428815 -1.7066968254798438 -0.043907302768650805
2.5709821540538229 -1.6028624163781837 0.061196908634824604
2.6115768281512439 -1.4853979139809503 0.16463904857440242
2.6296342773401067 -1.3573877108089534 0.26165064728304904
2.6250578183458577 -1.2203794423744707 0.34734978655564575
2.5958023084995925 -1.0780549263232426 0.41826417061162136
2.5473585024530565 -0.9336248532348761 0.472613233133789
2.4804652575201724 -0.7896920207218372 0.50302544996653331
2.4009014487978932 -0.64910371186442917 0.5110998978016742
2.3120613519163027 -0.51548210218475388 0.49138151584569206
2.2203208568364934 -0.39180177680747874 0.44209262258872306
2.1350867767216641 -0.27864137557636826 0.36515453939373654
2.0653858202257709 -0.177882148222725 0.26013467909857269
2.0186360912225592 -0.085959482334477713 0.13572951563866811
2.0027478254274671 0.00015835294021726031 -0.00025539443572158537
2.0187194309493921 0.086284071306121521 -0.13622574931734216
2.0655616569244879 0.17822273509944453 -0.26058989134149202
2.1353487936534341 0.27901524425966351 -0.36552555910446405
2.2206373937705837 0.39222779206044184 -0.44231024368783528
2.3123751388057148 0.51593460784727074 -0.49151322713838719
2.401190033945841 0.64957942152661374 -0.51114324315994686
2.4807410604743096 0.79017337373018326 -0.50304116097867091
2.5475524004555918 0.93411493028797932 -0.47249978240725138
2.5960063286995645 1.0785318730154143 -0.41812485762924734
2.6252232351532818 1.2208373362597627 -0.34714604910174363
2.6296837174101766 1.3578110054457417 -0.26137968780731374
2.6115555089483138 1.4857978171082771 -0.16435567333378895
2.5709049683807139 1.6032040026765602 -0.060876471853087692
2.5054373815932891 1.7070058880248462 0.044233459543743053
2.4205271917936684 1.7960131704165945 0.1491787071574856
2.314449786519063 1.8685971993292327 0.24736125036471845
2.1897743738800419 1.9230419468013817 0.33447089780356676
2.0517695390266111 1.9605079172002198 0.40986573683131916
1.9016025359958102 1.9801565799154155 0.46640045301121258
1.7440074532567507 1.9799279794801572 0.50215316082755901
1.5832966384690579 1.9688679255236541 0.51491141292770815
1.4241922802105043 1.9442864817579035 0.50024994079246488
1.2713387572531214 1.9121679020250062 0.45823962885501157
1.1300027372084245 1.8802607013024661 0.38672358360554004
1.0063699264628048 1.8560071901652149 0.28594833735559522
0.89993040615438968 1.846236219220605 0.16478052917069369
0.81221387551180502 1.8617205525235623 0.029994737130269893
0.73830086616292567 1.9047662974792672 -0.1071114445604385
0.67406650995824768 1.9787150302018752 -0.23582120085465152
0.61257619242212924 2.0783482173521772 -0.34698162909233426
0.54707140133141352 2.1998991470235767 -0.43025238104971497
0.47603037891998784 2.3335301531736996 -0.48675816602775168
0.39458692034351089 2.4705803510145214 -0.51378212109990073
0.30373107821221845 2.6043902486143309 -0.51288981590215499
0.20283468980274369 2.7280925942568612 -0.4876862108530009
0.094432385582780415 2.8377413867090002 -0.43883181793676468
-0.020973717731745986 2.9295485693760814 -0.37257565649426927
-0.1419080099866312 2.9977452016969832 -0.28965483172962248
-0.26517435365352188 3.0424299972016615 -0.19512006315353353
-0.38936225665352586 3.0618497784771295 -0.09343962400507147
-0.51114256109474077 3.0543425197121268 0.012656148805581094
-0.62871181858481939 3.0216898460805668 0.11882554906557219
-0.741208103262325 2.9626195282590557 0.21888010433551869
-0.84448063331818424 2.8787147409264473 0.31058882047820352
-0.93898805900950977 2.7747715169993161 0.39054005086591859
-1.0217451223276102 2.6506429704861842 0.45274984619210701
-1.0915917322233228 2.5116277491208572 0.49675537051818586
-1.1511629597653654 2.3626908454235416 0.51658585518584343
-1.1979061113084717 2.207923212283565 0.51181862646346554
-1.2351713265887405 2.0540297292736178 0.4788316872391391
-1.2645452836786235 1.9078779746925965 0.41645345284429724
-1.2927457641909588 1.7772276921196566 0.32616352876539584
-1.325177875861651 1.6693543483131565 0.21049301897054512
-1.3686773762778 1.5859922846448387 0.078890478120725194
-1.431360792050085 1.5298716136045001 -0.059236182084078867
-1.5161124911210651 1.4953508768206336 -0.19237902450941302
-1.6251423427239216 1.477472492172085 -0.31016589949650103
-1.7551131464240952 1.4675842751318378 -0.405252412284339
-1.902543838133498 1.4589859982534519 -0.4711625806524381
-2.0595905364521068 1.4447754124879488 -0.50714956097934172
-2.2193929461010553 1.4216221509892066 -0.51568494894281136
-2.3758147758173687 1.384873344809441 -0.4987794674761255
-2.524916507331282 1.337775627408498 -0.45786893330907696
-2.6611471775997835 1.2746712958687392 -0.3980013479916904
-2.7795838450324677 1.1973559129847102 -0.31982495716310055
-2.8802063669044862 1.1085157769287992 -0.229884493446051
-2.9573231243815297 1.0067342720370809 -0.13063114256629504
-3.0090605273549067 0.8959445497826376 -0.02480223465967582
-3.0371462311939368 0.77704108477481615 0.081017327632783825
-3.0384662939578484 0.65197193814234233 0.18342329953483022
-3.0151360137083882 0.52371672459249241 0.27895272152157019
-2.9678249168022632 0.39394368825184034 0.3630638717374689
-2.8957083642084651 0.26623258646102799 0.4311175178710171
-2.8046366821061497 0.14259698942454532 0.48191965186272057
-2.6982152597422218 0.024167608451568946 0.50957513376909713
-2.5798573121117068 -0.086016884714219158 0.51295783270845763
-2.4562745082075415 -0.18741158618576587 0.48882010718064073
-2.3338494485144063 -0.27813095465763943 0.43515223621942095
-2.2216907646066995 -0.36138675456375752 0.35465788855845609
-2.1296218104728792 -0.43723798715476775 0.24585648387887035
-2.0628795953147403 -0.51151478278142148 0.11862007674300082
-2.0280374196685544 -0.59027187651231539 -0.018167394276419044
-2.0231422300758806 -0.67865502117460952 -0.15339279431972438
-2.0456826767688647 -0.78145842164371881 -0.2759037968903717
-2.08606312810804 -0.89921186025753908 -0.37849116025433716
-2.1371262930208994 -1.0334425216705738 -0.45233108444758835
-2.1907349827084137 -1.1795046238001037 -0.49651976699317091
-2.2379962753403908 -1.3331591607414386 -0.51339975466673993
-2.2727599478295097 -1.4905884294486111 -0.50211323839800326
-2.2961038505619298 -1.6469503748756233 -0.46874715765512781
-2.2991758691491877 -1.7986278598109509 -0.41289520986287731
-2.2835619864296421 -1.9417038828566389 -0.3393261965034457
-2.2482070702569641 -2.0736448029862737 -0.25304427863983192
-2.1930805692621953 -2.1901634319006624 -0.15534587215802698
-2.1181119282024423 -2.2882944343646257 -0.05089168044369087
-2.0254872472603953 -2.3690354312937822 0.054054057086063173
-1.916194777570482 -2.4273975086491784 0.15802373030602609
-1.7928935192581443 -2.4647300717376845 0.2556754577327619
-1.6570609947628481 -2.4806908791654818 0.34177763290576046
-1.5126406510249824 -2.4739220986898878 0.41407557176280019
-1.3628974389651416 -2.4482958284257599 0.46950425668063689
-1.2111525491882611 -2.4028676582340478 0.50143279799998541
-1.0602994214089807 -2.3455395264216388 0.51183712821816651
-0.91506505506668001 -2.2767709089219874 0.49365245355886334
-0.77878041220636496 -2.2033357292796825 0.44680760896564808
-0.65385230444976794 -2.1343481007267839 0.37158788292741718
-0.54331133132208043 -2.0785125963946638 0.26818558068300685
-0.44506730659615845 -2.0433614307669572 0.14489265496869874
-0.35710776039128883 -2.0374198959992476 0.0093659456116134653
-0.27419819807765122 -2.0624344174507958 -0.12723913169935183
-0.19055200849586806 -2.1203849177009477 -0.25295071529011859
-0.10152834407443216 -2.2021485490102028 -0.35989753136884828
-0.0021912605317686244 -2.3018543564614578 -0.43845761008800399
0.10621345008808718 -2.4100316056319167 -0.49009070003844651
0.22524445215932706 -2.5172309407862454 -0.51187080299271326
0.35215611865034907 -2.6173400921550964 -0.50619139507429445
0.48500141399064378 -2.7046436394120792 -0.47710104656332053
0.62073651056256796 -2.7750877735689916 -0.4244296456410262
0.75743087945593723 -2.8263981059887762 -0.35501381488176431
0.89261471072101983 -2.8523791697337253 -0.27018166553142176
1.0224387541701649 -2.8548397078553953 -0.17395552669655795
1.1453201606044279 -2.8334316253837528 -0.071103905949542412
1.2581643998421519 -2.7860338476259665 0.034429988022627714
1.3593019250875291 -2.7167788633451027 0.13987921768744385
1.4477061326172018 -2.6240177440293855 0.23857440393262958
1.5200313127268594 -2.5097829935283049 0.32701445311506222
1.5781319695720499 -2.3799840485835859 0.40383029365814349
1.6201017766598278 -2.2350761600487123 0.46190178862106362
1.6436442403446379 -2.0797953499426849 0.50003278413320806
1.6567213840090096 -1.9194308497694561 0.51477504000465313
1.656073092812163 -1.7581599568287247 0.50310934293785403
1.6469459473665453 -1.6014832784943718 0.4639969071181308
1.63520085908392 -1.4556101590236947 0.39521214694943557
1.627866966219057 -1.3280098191372773 0.29671805712243499
1.6318292231958085 -1.2195436786291878 0.17710527657497493
1.657365699521713 -1.1333493785680269 0.042988183526689747
1.7071192808199045 -1.0647580630974518 -0.094641258723078034
1.7865960736531712 -1.0108300666772347 -0.22477918385123891
1.891024625620775 -0.96368868985587353 -0.33844508619804337
2.0188800490286267 -0.91670790112230593 -0.42475678117108623
2.1604782034569308 -0.86642887236243715 -0.48408663476145103
2.3076610159907558 -0.80643412893800703 -0.51388594556902611
2.4537631414927357 -0.7370688464377807 -0.51570128605809917
2.591761765637719 -0.65597336296788822 -0.49311712471810565
2.7173617026407575 -0.56539479070407794 -0.446417584837008
2.826608527011151 -0.46506803399248964 -0.3821523698106683
2.9137495394653516 -0.35600411496955781 -0.30058945445526525
2.978872941913552 -0.24125774184388263 -0.20721912177439888
3.0185195534211604 -0.12127121730612177 -0.10633770837958507
