16.8534481731831 2.77108458264647e-15 0
16.7251503407299 0.713831493362657 0.979613889673638
16.3474440310992 1.39845842031681 1.90746283189554
15.741414197933 2.02730447208885 2.73451725262274
14.9406470200525 2.57883704471628 3.41707378149682
13.9890109053617 3.0385734273516 3.91906463382988
12.9377697131731 3.40051277768616 4.21396351148938
11.8422289828189 3.66787318934163 4.28618731069684
10.7581476982757 3.85306684938042 4.1319195674248
9.73816324380248 3.97690536753949 3.75931212773033
8.82847467587775 4.0670873748949 3.18805438632211
8.06600949342511 4.15607689982366 2.44833285574057
7.47626323289505 4.27852955218269 1.57923604479831
7.07195209699665 4.46846047868496 0.626688936004416
6.85256004829784 4.75637054436488 -0.358973791282461
6.80479765205018 5.16655346681216 -1.32566755575841
6.90392510021169 5.71479610621637 -2.22231013773717
7.11583098637352 6.40665747097292 -3.0015209757257
7.39970591360912 7.23647111623704 -3.62212485925845
7.71110965795693 8.18716344113317 -4.05132771736717
8.00520522990364 9.23092073315038 -4.26644952924946
8.23992451655907 10.3306750446257 -4.25612278633364
8.37883875725422 11.4423177483565 -4.02089317637486
8.39353214850561 12.5174944511227 -3.57319074811679
8.26531642870598 13.5067899647779 -2.93667308024128
7.98617533982732 14.3630806343687 -2.14497516300011
7.55888655353296 15.0448159090757 -1.23993205152637
6.99633058917481 15.5189928593382 -0.269368209724515
6.32005683021006 15.763606378567 0.715429639341373
5.55823147624772 15.7693927848982 1.66242261643034
4.74313711795755 15.5407330097827 2.52156953469019
3.90842531134048 15.0956400816597 3.24747118577378
3.08633976923733 14.4648199931121 3.80176933362548
2.30512745410109 13.6898606446573 4.15517364784207
1.58683806002958 12.8206656484695 4.28900946900162
0.945680455834161 11.9123038523335 4.19620461864431
0.387060092849124 11.021487578902 3.88166310870041
-0.0926324300318789 10.2029196957419 3.36200600273923
-0.50547041247552 9.50575974773974 2.66469312249927
-0.870726116758163 8.97045173369638 1.82657201065375
-1.21299605568832 8.62613121706117 0.891930825802936
-1.55986844606635 8.48878909839308 -0.0898419410058027
-1.93932082513325 8.56031643562905 -1.06686726251579
-2.37705746454525 8.82849297849495 -1.98751697689702
-2.89400177843531 9.26791601938307 -2.80314193310257
-3.50414795937554 9.84180049911655 -3.47064271875849
-4.21294938002282 10.5045207518204 -3.95474712768464
-5.01638084385418 11.2047131609909 -4.22987402066551
-5.9007605682855 11.8887209693342 -4.28148508897778
-6.84335966479905 12.5041402229426 -4.10685309052406
-7.81376620131804 13.0032208715133 -3.71520596328954
-8.77591225670384 13.345889667493 -3.12723920085045
-9.69062013791413 13.5021907091538 -2.37402225708229
-10.5184820959199 13.4539830566524 -1.49535676804284
-11.222859656011 13.1957895808503 -0.537673346187906
-11.7727762799816 12.7347530497886 0.44842191507131
-12.1454815422423 12.089719885025 1.41082157838671
-12.3284861203716 11.2895343304416 2.29867033379973
-12.3209032261985 10.3706814481555 3.06505230490893
-12.1339810541289 9.37446237664322 3.66947018672446
-11.7907688685934 8.3439164427881 4.07998521212499
-11.3249222707855 7.32071983374236 4.27490486639428
-10.7787163728951 6.34228861788599 4.24392916729756
-10.200394418586 5.43929522693797 3.98869493874366
-9.64102947247427 4.63377357767013 3.52268931741799
-9.15111442896528 3.93794144464209 2.87053706288596
-8.77711792757046 3.35381303897218 2.06669933126453
-8.5582490797214 2.87361420242784 1.15365267211646
-8.52366171978524 2.48095173412781 0.179644474367134
-8.69029997550486 2.15263167735839 -0.803856531593279
-9.06154331804921 1.86097312296508 -1.74487999455917
-9.62675398588085 1.57642780604752 -2.5937001699032
-10.3617667224935 1.27029414905499 -3.30546353703342
-11.2302946387328 0.917308997837854 -3.84255895784124
-12.1861604610533 0.497911451068915 -4.17660513176761
-13.1762041088182 5.57853922760618e-14 -4.2899503260002
-14.143669664763 -0.579955395133379 -4.17660513176766
-15.0318408212683 -1.23653374985689 -3.84255895784132
-15.7876762571437 -1.95574592807206 -3.30546353703353
-16.3651963997477 -2.71615003000078 -2.59370016990334
-16.728390655452 -3.4906118318523 -1.74487999455933
-16.8534481731831 -4.24857189773652 -0.803856531593449
-16.7301630849945 -4.95864057503034 0.179644474366992
-16.3624234861171 -5.59131526789284 1.15365267211632
-15.7677579665268 -6.12160322981773 2.06669933126441
-14.9759796356496 -6.53133852271349 2.87053706288586
-14.027030536209 -6.81100341370316 3.52268931741792
-12.9681846094316 -6.96090076064879 3.98869493874362
-11.8508110090874 -6.9915722085371 4.24392916729755
-10.7269284795507 -6.92341370875117 4.27490486639429
-9.64579370559323 -6.78550076535322 4.07998521212501
-8.65076122394188 -6.61369635835229 3.66947018672449
-7.77663015007972 -6.44817015046014 3.06505230490898
-7.04765534636635 -6.33050415100609 2.29867033379978
-6.47635057374734 -6.30059394442898 1.41082157838676
-6.06315235896927 -6.39357326814413 0.448421915071346
-5.79695012136086 -6.63699164135056 -0.53767334618787
-5.65642518513517 -7.04845963232855 -1.49535676804283
-5.61208325816471 -7.63394519535389 -2.37402225708229
-5.62881600773034 -8.38685948805765 -3.12723920085044
-5.668791038318 -9.28801490822382 -3.71520596328954
-5.6944484582187 -10.3064757788104 -4.10685309052406
-5.67137775727225 -11.4012576828682 -4.28148508897778
-5.5708611163634 -12.5237696051172 -4.22987402066551
-5.37189748986928 -13.6208383064288 -3.95474712768463
-5.06256363681034 -14.6381107736336 -3.47064271875846
-4.64062051589835 -15.5236013851658 -2.80314193310253
-4.11333213513198 -16.2311378121109 -1.98751697689696
-3.49652462606241 -16.7234646333073 -1.06686726251572
-2.81297143159553 -16.9747859053922 -0.0898419410057323
-2.09024169637528 -16.9725659584356 0.89193082580302
-1.35818940322421 -16.7184588001703 1.82657201065383
-0.646287495194902 -16.2282970662699 2.66469312249935
0.0189778144315363 -15.5311371182678 3.3620060027393
0.616442903862495 -14.6674229549646 3.88166310870047
1.13214477295867 -13.6863933231631 4.19620461864434
1.56058929436151 -12.6429093553157 4.28900946900162
1.90530547382375 -11.5939204242789 4.15517364784204
2.17863730716907 -10.5948107974935 3.80176933362542
2.40078445972234 -9.69587732288901 3.24747118577368
2.59816195495747 -8.9391782629673 2.52156953469006
2.80120287037353 -8.35596627335086 1.66242261643019
3.04177260673667 -7.96487638754089 0.715429639341198
3.35039521311211 -7.77098579286421 -0.269368209724707
3.75350904621397 -7.76580009267732 -1.23993205152656
4.27096937653793 -7.92815514536842 -2.14497516300028
4.91399931245743 -8.2259591907728 -2.93667308024142
5.6837587243025 -8.61864145338503 -3.57319074811691
6.57065600053019 -9.06012494062451 -4.02089317637494
7.55447273754214 -9.5021061775752 -4.25612278633367
8.60531088577651 -9.89740558478237 -4.26644952924944
9.68530993476208 -10.2031503883208 -4.05132771736708
10.7510230298581 -10.3835673652106 -3.6221248592583
11.756289866634 -10.4121941276427 -3.00152097572552
12.6554046545883 -10.273362628779 -2.22231013773695
13.4063523988656 -9.96286374132896 -1.32566755575813
13.9738781787675 -9.4877629981284 -0.35897379128217
14.3321627617149 -8.86540034773785 0.626688936004702
14.4669032718514 -8.12166643540377 1.57923604479858
14.3766379919871 -7.28870009154931 2.4483328557408
14.0732068654659 -6.40219259246036 3.18805438632232
13.5813001270236 -5.49851090125009 3.75931212773048
12.9371123442916 -4.61186262093997 4.13191956742489
12.1861832986896 -3.77171911981627 4.28618731069686
11.3805659122436 -3.00069079740852 4.21396351148932
10.5755105448683 -2.31301152746557 3.91906463382974
9.82589084230484 -1.71374079133186 3.41707378149661
9.18261625843311 -1.19873560503806 2.73451725262247
8.6892789056309 -0.755384327377796 1.9074628318952
8.37926726181561 -0.364035352839512 0.979613889673272
8.27354752118266 1.30217888650648e-13 -3.44763349235296e-13
8.37926726181577 0.364035352839791 -0.979613889673973
8.6892789056312 0.755384327378096 -1.90746283189585
9.18261625843351 1.1987356050384 -2.73451725262301
9.82589084230531 1.71374079133223 -3.417073781497
10.5755105448689 2.31301152746601 -3.91906463383001
11.3805659122441 3.000690797409 -4.21396351148943
12.1861832986901 3.77171911981676 -4.28618731069683
12.937112344292 4.6118626209405 -4.13191956742473
13.5813001270239 5.49851090125062 -3.75931212773021
14.0732068654661 6.40219259246088 -3.18805438632195
14.3766379919872 7.28870009154979 -2.44833285574036
14.4669032718514 8.1216664354042 -1.57923604479808
14.3321627617147 8.86540034773822 -0.626688936004201
13.9738781787673 9.4877629981287 0.358973791282675
13.4063523988653 9.96286374132916 1.32566755575861
12.6554046545879 10.2733626287791 2.22231013773735
11.7562898666336 10.4121941276427 3.00152097572583
10.7510230298577 10.3835673652106 3.62212485925853
9.6853099347616 10.2031503883207 4.05132771736723
8.60531088577609 9.89740558478223 4.26644952924948
7.55447273754174 9.50210617757504 4.25612278633362
6.57065600052985 9.06012494062436 4.02089317637482
5.6837587243022 8.61864145338489 3.57319074811672
4.9139993124572 8.22595919077269 2.93667308024119
4.27096937653774 7.92815514536835 2.144975163
3.75350904621383 7.7658000926773 1.23993205152628
3.35039521311201 7.77098579286424 0.269368209724414
3.0417726067366 7.96487638754097 -0.715429639341473
2.80120287037347 8.35596627335098 -1.66242261643041
2.59816195495742 8.93917826296747 -2.52156953469025
2.40078445972229 9.69587732288919 -3.24747118577381
2.17863730716902 10.5948107974937 -3.80176933362551
1.90530547382369 11.5939204242791 -4.15517364784208
1.56058929436144 12.6429093553159 -4.28900946900162
1.13214477295859 13.6863933231633 -4.19620461864431
0.616442903862406 14.6674229549647 -3.88166310870041
0.0189778144314632 15.5311371182679 -3.36200600273922
-0.646287495194968 16.22829706627 -2.66469312249927
-1.35818940322428 16.7184588001703 -1.82657201065376
-2.09024169637533 16.9725659584356 -0.891930825802942
-2.81297143159556 16.9747859053922 0.0898419410057969
-3.49652462606243 16.7234646333073 1.06686726251575
-4.11333213513199 16.2311378121109 1.98751697689696
-4.64062051589837 15.5236013851658 2.80314193310254
-5.06256363681033 14.6381107736336 3.47064271875847
-5.37189748986927 13.6208383064289 3.95474712768462
-5.5708611163634 12.5237696051172 4.2298740206655
-5.67137775727224 11.4012576828683 4.28148508897779
-5.69444845821871 10.3064757788105 4.10685309052408
-5.668791038318 9.28801490822391 3.71520596328958
-5.62881600773034 8.38685948805775 3.12723920085052
-5.6120832581647 7.63394519535398 2.37402225708238
-5.65642518513516 7.04845963232862 1.49535676804294
-5.79695012136083 6.63699164135061 0.537673346188018
-6.0631523589692 6.39357326814417 -0.448421915071168
-6.47635057374724 6.30059394442899 -1.41082157838656
-7.04765534636622 6.33050415100608 -2.29867033379962
-7.77663015007954 6.44817015046011 -3.06505230490882
-8.65076122394165 6.61369635835225 -3.66947018672436
-9.64579370559294 6.78550076535317 -4.07998521212493
-10.7269284795504 6.92341370875114 -4.27490486639426
-11.8508110090871 6.9915722085371 -4.24392916729759
-12.9681846094312 6.96090076064883 -3.98869493874373
-14.0270305362087 6.81100341370323 -3.52268931741811
-14.9759796356492 6.53133852271362 -2.87053706288614
-15.7677579665266 6.12160322981789 -2.06669933126471
-16.362423486117 5.59131526789306 -1.15365267211667
-16.7301630849944 4.95864057503061 -0.179644474367384
-16.8534481731831 4.24857189773684 0.803856531593019
-16.7283906554522 3.49061183185265 1.74487999455892
-16.3651963997478 2.71615003000111 2.59370016990301
-15.787676257144 1.95574592807241 3.30546353703324
-15.0318408212687 1.23653374985723 3.84255895784111
-14.1436696647635 0.579955395133701 4.17660513176754
-13.1762041088187 2.13252265228275e-13 4.2899503260002
-12.1861604610538 -0.497911451068676 4.17660513176772
-11.2302946387333 -0.917308997837645 3.84255895784148
-10.3617667224939 -1.2702941490548 3.30546353703374
-9.62675398588123 -1.57642780604735 2.59370016990365
-9.06154331804946 -1.86097312296492 1.74487999455965
-8.69029997550501 -2.15263167735821 0.803856531593829
-8.52366171978528 -2.4809517341276 -0.179644474366559
-8.55824907972133 -2.87361420242758 -1.1536526721159
-8.77711792757028 -3.35381303897187 -2.06669933126402
-9.15111442896503 -3.93794144464171 -2.87053706288553
-9.64102947247394 -4.63377357766966 -3.52268931741764
-10.2003944185856 -5.43929522693744 -3.98869493874343
-10.7787163728947 -6.34228861788541 -4.24392916729748
-11.3249222707852 -7.32071983374174 -4.27490486639433
-11.7907688685931 -8.34391644278744 -4.07998521212518
-12.1339810541287 -9.37446237664255 -3.66947018672479
-12.3209032261985 -10.3706814481549 -3.0650523049094
-12.3284861203716 -11.289534330441 -2.29867033380026
-12.1454815422425 -12.0897198850245 -1.41082157838734
-11.7727762799819 -12.7347530497882 -0.448421915071988
-11.2228596560115 -13.19578958085 0.537673346187229
-10.5184820959205 -13.4539830566523 1.49535676804222
-9.69062013791473 -13.5021907091538 2.37402225708172
-8.77591225670451 -13.3458896674932 3.12723920084996
-7.81376620131875 -13.0032208715136 3.71520596328918
-6.84335966479977 -12.504140222943 4.10685309052384
-5.90076056828616 -11.8887209693347 4.28148508897774
-5.01638084385481 -11.2047131609914 4.22987402066564
-4.2129493800234 -10.5045207518209 3.95474712768493
-3.50414795937605 -9.84180049911703 3.47064271875893
-2.89400177843573 -9.26791601938345 2.80314193310312
-2.37705746454561 -8.82849297849522 1.98751697689769
-1.93932082513356 -8.56031643562918 1.06686726251655
-1.55986844606664 -8.48878909839305 0.0898419410065913
-1.2129960556886 -8.62613121706096 -0.891930825802135
-0.870726116758442 -8.97045173369602 -1.82657201065304
-0.505470412475834 -9.50575974773922 -2.66469312249863
-0.0926324300322507 -10.2029196957412 -3.36200600273873
0.387060092848681 -11.0214875789012 -3.88166310870006
0.945680455833662 -11.9123038523328 -4.19620461864414
1.586838060029 -12.8206656484687 -4.28900946900164
2.30512745410044 -13.6898606446565 -4.15517364784229
3.08633976923662 -14.4648199931115 -3.80176933362589
3.90842531133977 -15.0956400816592 -3.24747118577433
4.74313711795682 -15.5407330097823 -2.52156953469089
5.55823147624701 -15.7693927848981 -1.66242261643117
6.3200568302094 -15.7636063785671 -0.715429639342256
6.99633058917422 -15.5189928593385 0.269368209723591
7.55888655353251 -15.0448159090762 1.23993205152552
7.98617533982699 -14.3630806343694 2.14497516299931
8.26531642870578 -13.5067899647788 2.93667308024061
8.39353214850556 -12.5174944511237 3.57319074811626
8.37883875725431 -11.4423177483575 4.02089317637453
8.23992451655923 -10.3306750446268 4.25612278633352
8.0052052299039 -9.23092073315141 4.26644952924956
7.71110965795724 -8.18716344113416 4.05132771736749
7.39970591360943 -7.23647111623795 3.62212485925898
7.11583098637377 -6.40665747097367 3.0015209757264
6.90392510021185 -5.71479610621699 2.22231013773803
6.80479765205022 -5.16655346681265 1.3256675557594
6.8525600482977 -4.75637054436524 0.358973791283467
7.07195209699633 -4.46846047868519 -0.626688936003385
7.47626323289454 -4.27852955218285 -1.57923604479737
8.06600949342439 -4.15607689982376 -2.44833285573971
8.82847467587684 -4.06708737489498 -3.18805438632139
9.7381632438014 -3.9769053675396 -3.7593121277298
10.7581476982746 -3.85306684938058 -4.13191956742452
11.8422289828177 -3.66787318934187 -4.2861873106968
12.9377697131719 -3.4005127776865 -4.21396351148959
13.9890109053606 -3.03857342735207 -3.91906463383033
14.9406470200515 -2.57883704471684 -3.4170737814975
15.7414141979322 -2.02730447208952 -2.73451725262359
16.3474440310986 -1.39845842031757 -1.90746283189656
16.7251503407296 -0.713831493363482 -0.979613889674776
