1.3109526068088311 -8.2902469716370207e-07 -2.2174720156656731e-07
1.310795867745423 0.026905766723994563 0.0093807786284750751
1.3103269764163297 0.05381057644422458 0.01875647408492101
1.3095470587128377 0.080711834991802331 0.028121623391539414
1.308457963892655 0.10760782342840011 0.037471029601437805
1.3070623185899473 0.13449691944910364 0.04679948859634675
1.305363776876189 0.1613777169758526 0.056101580488111744
1.30336729957119 0.18824916758638718 0.065371436855352669
1.3010759821147591 0.2151095234842719 0.074605163750494558
1.2984723449108946 0.24194950080596794 0.083815193637806609
1.2954439596941569 0.26872406927110276 0.093085350988043894
1.2919173243804773 0.29539797525862033 0.10246883287901745
1.2879079458881117 0.32196994015779196 0.11194714471552911
1.2834273236672684 0.3484357704482462 0.12151103633495249
1.278504866937346 0.37480170408325525 0.13113329998375059
1.2731094236091345 0.40104630860141177 0.14083332101137966
1.2672484635577559 0.42716517455773539 0.15060235169038305
1.2609274172246829 0.45315274012501944 0.16043439511995458
1.2541378429898125 0.47899708364340815 0.17033128163582614
1.2468753598865905 0.50468727791552448 0.1802935456620281
1.2391477178087065 0.53021868682936868 0.19031380088435434
1.230950451828029 0.55557982521858118 0.20039301893873349
1.2222732158074023 0.58075634966935086 0.21053303142049176
1.2131190322336491 0.60573974692525911 0.22073119170974678
1.2034951096740816 0.63052441100479162 0.23098154607483989
1.1933921917177577 0.65509510029012441 0.24128598311009686
1.1828182051623406 0.67944585013126335 0.25163957836463363
1.171751073924574 0.70355308137259076 0.26204753726022567
1.160209945034381 0.72741663100754972 0.27250219930436209
1.1482025024334155 0.75103106019297772 0.28299693165000883
1.1356973237976207 0.7743640735981131 0.29353995748950695
1.1227317389421294 0.79742825955198537 0.30411797812961777
1.1092725603117344 0.82018970513823442 0.31473530174313541
1.0953505454284955 0.84265604785617354 0.32538413124814697
1.0809402714313228 0.86479783048497849 0.33606300666991701
1.06604986763173 0.88660553569663569 0.34677082898710437
1.0506908078347799 0.90807586523532813 0.35749796506880172
1.0348457133737683 0.92917979686693131 0.36824573355839385
1.0185465211538938 0.94992922737934582 0.37900387282866865
1.0017471415055843 0.97027091068101157 0.38977184738748843
0.9844935200874102 0.99022701733392504 0.40054268089984035
0.9667714802787315 1.0097715296979701 0.41130763723042824
0.94857267274496671 1.0288774341538127 0.42206440288317176
0.92990752902869833 1.0475389793205709 0.43280211105593264
0.9107757663835222 1.0657350302177282 0.44351756821668498
0.89119935205584411 1.0834718530642964 0.45419926212156159
0.87114489459147415 1.1006924805396452 0.46483924039877522
0.8506596989101789 1.1174282233457826 0.47543124705916368
0.829692525602162 1.1335987094338758 0.48595915046075511
0.80832858089085935 1.1492798557594746 0.49642812231405825
0.7864936129061052 1.1643605480298371 0.50680759905224526
0.7642383311293105 1.1788750443456752 0.51710122993006014
0.74156760447716574 1.192804910743763 0.5272946459378729
0.71845830888409445 1.2060876150950766 0.53736735085827281
0.69497575964812197 1.2187878774213743 0.54732688990314682
0.67109994337898737 1.2308454874379962 0.55714864351230609
0.64683179193555507 1.2422264023826717 0.56681546913576097
0.62220169595451735 1.2529412929567001 0.576326818064961
0.59722953784439337 1.2629895963220421 0.58567202428571474
0.5719174920339043 1.2723327073801163 0.5948326364008395
0.54628806093839466 1.2809690859872536 0.60380223971071012
0.52035699989163675 1.288881690352486 0.61257047567351774
0.49414911446665005 1.2960745067871779 0.62113310485320883
0.46768029760601765 1.3025296936201374 0.62947848675919749
0.44097752403238788 1.3082596882483981 0.63760480107217199
0.41405397397100974 1.313236759454308 0.64549550315886106
0.38693600566369252 1.3174710394442344 0.65315018548139547
0.3596410259920525 1.320943130412392 0.6605556825250668
0.33219514349443208 1.3236646235795382 0.6677128782510362
0.30461752334080938 1.3256195915820561 0.67460966155817514
0.27693289147737554 1.326816261021379 0.68124579401743379
0.24916218813441296 1.3272437079930806 0.687611162883355
0.22132939482334107 1.3269082005512096 0.69370485571884244
0.19345665020074321 1.3258027581932641 0.69951871231621021
0.16556757078167389 1.3239360131890912 0.70505289925225756
0.1376840460631864 1.3213116077925109 0.71030046201008978
0.10982824960311011 1.3179356868239924 0.71525691027410221
0.082023261223348271 1.3137911945098739 0.71990672286125457
0.054291821350275424 1.3088969169287308 0.72425680118544877
0.026657776457292958 1.303244132368327 0.72829652401433942
-0.00085603010080881857 1.2968428019554179 0.73202806497807338
-0.02822651456820115 1.2896957901791628 0.73544709349225934
-0.055429769014547679 1.2818051877493195 0.7385509102210619
-0.082446462812856294 1.2731901505781922 0.7413431779851668
-0.10925553685305557 1.2638600934874635 0.74381990521129937
-0.13583376527674007 1.2538139184332358 0.74596110366965318
-0.1621573393270862 1.2430564953531307 0.74776665630925687
-0.18820686409197318 1.2316040147806568 0.74924092119351371
-0.21395472672955967 1.2194517259163613 0.75037400271247434
-0.23939149385261493 1.2066359980719394 0.75117706253654637
-0.26449407462789259 1.1931618518252838 0.75164136041605834
-0.28923485897494544 1.1790269285879498 0.75174902285943723
-0.31359604862745621 1.1642490702083157 0.75150977432926469
-0.33755994095764008 1.1488443087130669 0.75092486984379492
-0.36111076820137084 1.1328315120014976 0.74999751736870568
-0.38422869706695484 1.1162236906628 0.74871279065158258
-0.40688131939938549 1.09901782001981 0.74706042262179462
-0.42907169008887175 1.0812549860291774 0.74506486410277262
-0.4507709753612168 1.0629378929786024 0.74271139077138959
-0.47197296034729724 1.044095343132611 0.74000252468653072
-0.49263038233162548 1.0247142322415514 0.73691058759605899
-0.51277228062827507 1.0048537073539354 0.73347850138413495
-0.5323679769302907 0.98451837570303735 0.72968552433321887
-0.55137913028579555 0.96370866100195229 0.72550889760961224
-0.56982156633730463 0.94246499183393462 0.72098083444911731
-0.58769056525922492 0.92081305042083961 0.71610315998762097
-0.60492628357068057 0.89874464632561391 0.71082763663429349
-0.6215684724574162 0.87630986491134999 0.70520321587312995
-0.63759462982443194 0.85352458319490043 0.69921152416129217
-0.65297831698912778 0.83040345098418267 0.69283481792104262
-0.66771018561932327 0.80696785640535107 0.6860774769135588
-0.68180459320088294 0.78324498828732958 0.67897240065891074
-0.69522228044727952 0.75924028166566682 0.67151256483833732
-0.70797537272021116 0.73499696096383027 0.66366880353331481
-0.72009445727030097 0.71060055120563348 0.65531067075055627
-0.73168296179512482 0.68614044829489185 0.64640355898247581
-0.742781876575352 0.66166993674524843 0.63692176508866527
-0.75333532531845937 0.6372180482680464 0.62678926661672141
-0.7634620464135089 0.61281973834490167 0.61610820536064426
-0.77310274317312866 0.58851127300834083 0.60479067618058135
-0.78233512473329803 0.56432451949338902 0.59288724242942714
-0.79112974759282817 0.54029093524798377 0.58035869988632993
-0.79953293685210658 0.51644700716848235 0.56721361437058426
-0.80757680972178869 0.49282670401858053 0.55345514820399333
-0.81524476869197149 0.46946979446387915 0.53904676137233654
-0.82261975923271435 0.44639943318708208 0.5240370098273589
-0.82968586051535642 0.42367353397166402 0.50836717549636434
-0.83651174626256608 0.40131851004852342 0.4920700484735594
-0.84311785644482284 0.37936705118598335 0.47514579155365605
-0.8495259485412926 0.35787980859141716 0.45756240047267005
-0.85582707296013105 0.33686046293332172 0.43938489756699006
-0.86200103269469242 0.31642863603862581 0.42050724764957464
-0.86816872195302108 0.29651914095852361 0.40107749215534522
-0.87429605883018569 0.27733302678214539 0.38092088778358307
-0.8805282337958491 0.25875655801836339 0.36023218423840481
-0.88683702014259136 0.24107859666336254 0.33879355896706981
-0.89336986809052676 0.22415372598343397 0.31682024598805647
-0.90013146097461927 0.2083471208229461 0.29409760938851709
-0.90728176040798558 0.19353741080660528 0.27082709039726816
-0.91490041436198832 0.18006425097340381 0.24690224679088107
-0.9227697861787274 0.16709799824933694 0.22277876787261019
-0.9307309619639923 0.15377947488264684 0.19887893985108182
-0.93861310564672029 0.13968454348508882 0.17540206853406098
-0.94607898563081805 0.12465351511383514 0.15237395977441212
-0.95289006777274354 0.10870999231866781 0.12976027429340556
-0.95891508757594401 0.091957561418917699 0.10751111758985991
-0.9640230611024001 0.074479393559183565 0.085593288410467025
-0.96810316979636513 0.056388257738480871 0.063959070542810345
-0.97104833423801029 0.037816447946458151 0.042548934226158783
-0.97287295021734843 0.018951277356754073 0.021270563217926006
-0.9735432234417134 -1.8271282160170488e-07 1.2404711400085255e-06
-0.97287324156209298 -0.018951654583646768 -0.021268082236091987
-0.97104725117959967 -0.037816228981295726 -0.042546863910175252
-0.96810164361879147 -0.056387888044584812 -0.063957071211597383
-0.96402079990368961 -0.074478992411804681 -0.085591193885574138
-0.95891286552396948 -0.091957338166188091 -0.10750888371184913
-0.95288851636748806 -0.10870914906705322 -0.12975868493461551
-0.94607714796930953 -0.12465206295914001 -0.15237270624229876
-0.93861139201485777 -0.13968309531947865 -0.17540085327220176
-0.93073046711071439 -0.15377772724038463 -0.19887829905416449
-0.92277054912930956 -0.16709808625169609 -0.22277749675503922
-0.91490141882721965 -0.18006427227017821 -0.24690109031067559
-0.90728238071377998 -0.19353544943814582 -0.27082693662350454
-0.90013243091489781 -0.20834349335474597 -0.29409850716554709
-0.89336952437533612 -0.22414962475355157 -0.31682112984389366
-0.88683604171092623 -0.24107587221460347 -0.33879316297885542
-0.88052746257181813 -0.2587542131424958 -0.36023152094245048
-0.87429560372617454 -0.27733033578852911 -0.380920633543823
-0.86816938953946876 -0.29651603877673494 -0.40107796788519384
-0.86200088042995138 -0.31642671744728534 -0.42050624051482699
-0.8558274860127425 -0.33685881348090091 -0.43938378935453315
-0.84952690434856248 -0.35787838090788171 -0.45756121847657533
-0.84311836716756661 -0.37936554041184478 -0.47514454332108141
-0.83651192836749022 -0.40131700621104038 -0.4920686695949843
-0.82968581110015949 -0.42367173491093396 -0.50836609938171884
-0.82262068640885011 -0.44639692224378524 -0.5240374114046622
-0.81524507170718763 -0.46946796565120913 -0.53904578954683879
-0.80757870055396352 -0.49282510346459879 -0.55345465780700209
-0.79953470978146957 -0.51644524302314243 -0.56721332402008562
-0.79113163687453814 -0.54028896980800245 -0.58035884828957196
-0.78233687056720891 -0.56432243106786928 -0.59288752432300906
-0.7731049379208067 -0.58850901084421448 -0.60479166042360599
-0.76346370854184775 -0.61281745044941494 -0.61610877847897827
-0.7533374408531609 -0.63721606600995218 -0.62678958121886741
-0.74278410304266274 -0.66166785332678901 -0.63692243699434936
-0.73168525435694975 -0.68613888780238119 -0.64640294025734601
-0.72009858549116235 -0.71059919963482299 -0.65531189948891888
-0.70797842927261756 -0.73499497119565838 -0.66367030425317119
-0.69522478952400235 -0.75923784395242988 -0.67151455205313448
-0.68180595703365132 -0.78324232251157067 -0.67897305066556224
-0.66771184740145284 -0.80696549526796824 -0.68607772052774174
-0.65298052472234369 -0.83040144238715963 -0.69283503539817126
-0.63759689687636589 -0.85352275752480422 -0.69921119680021604
-0.62157113516570606 -0.87630833573411171 -0.70520283368202352
-0.60492946755619226 -0.89874347431373114 -0.71082736859060014
-0.58769350863664471 -0.92081180319627765 -0.71610239051312052
-0.56982486912290264 -0.94246404508902082 -0.72098007080434912
-0.55138148836662293 -0.96370712953456006 -0.7255069711514659
-0.53237134249307516 -0.98451764614331028 -0.72968428158357101
-0.51277487163716184 -1.0048523999882761 -0.73347624412996704
-0.49263373104983244 -1.0247136608575484 -0.73690859572336775
-0.4719760326187819 -1.0440945461680742 -0.7400000337375936
-0.45077431388092515 -1.062937397465213 -0.7427089113690365
-0.42907474911059568 -1.0812541947461707 -0.7450620720581792
-0.40688550802168155 -1.0990183543760013 -0.74705852516372018
-0.3842321686714435 -1.1162233582212819 -0.7487097975554784
-0.36111507683306909 -1.1328323001386653 -0.74999543517895728
-0.33756320118853483 -1.1488435832483435 -0.7509217006043255
-0.31360084055820336 -1.1642507095644263 -0.7515081745849066
-0.28923849303119264 -1.1790266318672182 -0.75174557759103389
-0.26449877786763765 -1.193163489118046 -0.75163935679668992
-0.23939518801861964 -1.2066356589933374 -0.7511738347578647
-0.21395916223102762 -1.2194529175383326 -0.75037111928770139
-0.18821078514883172 -1.2316040087869704 -0.74923722546978189
-0.16216159757672427 -1.2430573378525327 -0.74776343079791296
-0.1358377334885425 -1.253813925828295 -0.74595724269010888
-0.10925984549531288 -1.2638611332942413 -0.74381657571243764
-0.082450657382332634 -1.273191007962599 -0.74134044244770414
-0.055434189011966541 -1.2818066245362194 -0.73854779509078639
-0.028230916955079163 -1.2896971053965567 -0.7354438213534904
-0.00086053391341411184 -1.2968446201760939 -0.7320250444875227
0.026653403711829726 -1.3032452040151319 -0.72829321013177817
0.054287426227771857 -1.308898187473909 -0.72425360141514938
0.082018847480900797 -1.3137930736496313 -0.71990406605734514
0.10982388671290921 -1.3179362402608732 -0.71525345453635791
0.13767969688555257 -1.3213132113671124 -0.71029771846532475
0.16556312371146836 -1.323936469268121 -0.70504913656889756
0.19345231531749382 -1.3258044335378403 -0.69951585908367975
0.22132490940309485 -1.3269082117696165 -0.69370104423944501
0.24915786973100476 -1.3272452837477515 -0.6876081289993754
0.27692823804108374 -1.3268157194195418 -0.68124153293768208
0.30461337633780883 -1.3256219657642334 -0.67460687082330606
0.33219050235101361 -1.3236646982639686 -0.66770888589686694
0.35963686376839671 -1.3209451458334591 -0.66055269049946741
0.38693136065761941 -1.317471246262242 -0.65314635113950303
0.41404989165534134 -1.3132386856729448 -0.64549262399489726
0.44097293994902231 -1.3082600125546942 -0.63760129822591283
0.46767632021602357 -1.3025315140188407 -0.62947585907939441
0.4941444662657935 -1.2960744885958215 -0.6211298406714334
0.52035316564305811 -1.2888833987738118 -0.61256817570220634
0.54628372829517824 -1.2809695799916863 -0.60379963608637111
0.57191416479054002 -1.2723350492159022 -0.59483104426200528
0.59722504520178454 -1.2629895533161433 -0.58566974050571108
0.62219816323231247 -1.2529428648625696 -0.57632528152054052
0.64682822328704181 -1.242227730263382 -0.56681415501082033
0.67109637460108629 -1.2308467156151628 -0.55714744087216361
0.69497227856425048 -1.2187890962007804 -0.54732590841432172
0.71845455695175198 -1.2060883987284519 -0.53736628928675712
0.74156307034133395 -1.1928044542312397 -0.52729344234761244
0.76423419536282178 -1.1788750984524208 -0.51710017749914827
0.78648930117263605 -1.1643602535763029 -0.50680668113562433
0.80832364119399092 -1.1492787476399247 -0.49642706424165328
0.82968853951395172 -1.1335985783496663 -0.48595855184809816
0.85065521170695613 -1.1174275566181535 -0.47543049489461886
0.87114214176897375 -1.1006936869872364 -0.46483884638155815
0.89119598857678251 -1.0834724306272572 -0.45419877177537965
0.91077350320758432 -1.0657367196757235 -0.44351721994217497
0.92990491758575788 -1.0475403060068511 -0.43280177666429864
0.94856993131733924 -1.0288786151814195 -0.42206409519594906
0.96676765673203702 -1.0097716608295066 -0.41130736865023515
0.98449054755323295 -0.99022789828927271 -0.40054243700026665
1.0017440400858488 -0.97027164573818525 -0.38977167211250507
1.0185430598177556 -0.94992963886415804 -0.37900375482774523
1.0348432371861209 -0.92918101328552405 -0.36824553499008028
1.0506882124741261 -0.90807696978890651 -0.35749782634702193
1.0660471637814406 -0.88660652001421014 -0.34677076986005412
1.0809383481159973 -0.86479938149047553 -0.33606287424204201
1.0953481768045528 -0.84265721405872163 -0.32538420673040147
1.10927096350474 -0.82019140720756956 -0.31473524555709104
1.1227295490260754 -0.79742948280261217 -0.30411820971508025
1.1356953269825243 -0.774365439380029 -0.2935401042113468
1.1482003511434882 -0.75103225676862306 -0.28299727600823271
1.1602069850525729 -0.72741733213949633 -0.27250273464310237
1.1717491910212643 -0.70355441311459588 -0.26204781170249752
1.182816106349619 -0.67944704959807511 -0.25163993914000132
1.1933911899140792 -0.65509691795126945 -0.24128600061438502
1.2034939552623001 -0.63052611447612261 -0.23098169549495473
1.2131181647230549 -0.60574158263154954 -0.22073128711669457
1.2222720387612083 -0.5807579905553425 -0.21053332995982835
1.2309491196480924 -0.55558136507019995 -0.20039343441381374
1.2391465861181243 -0.53022029759306999 -0.19031420087085868
1.2468740586076026 -0.50468878611959644 -0.18029407681291809
1.254136813996799 -0.47899869864891376 -0.17033173456882925
1.2609267572114713 -0.45315450392371764 -0.16043471261510747
1.2672471697698522 -0.42716661210789031 -0.15060312796939923
1.2731078173513086 -0.40104759461470402 -0.14083431327353343
1.2785037739886973 -0.37480318702691734 -0.13113404341333915
1.2834261878962785 -0.34843722307216984 -0.12151184173121443
1.2879068841892582 -0.32197140299889537 -0.11194795703626305
1.2919166490757024 -0.29539958007727019 -0.10246940963160125
1.2954433299986958 -0.26872566866544612 -0.093085961606721807
1.2984713452243966 -0.24195095501025471 -0.083816102399227627
1.3010749351120028 -0.21511094966621042 -0.074606140427989395
1.3033663444237282 -0.1882506174826282 -0.06537236724648815
1.3053629437262353 -0.16137920130363498 -0.056102437336871161
1.3070616284573304 -0.13449844444259551 -0.046800254042332005
1.3084574283208834 -0.10760939070988361 -0.037471696278852447
1.3095466750123008 -0.08071344014515236 -0.028122198818113696
1.310326732510688 -0.053812210595644984 -0.018756977863839827
1.3107957500612759 -0.026907418756587771 -0.0093812374121338485

-1.1187339336538351 1.402781238391495 -9.1080764421419083e-07
-1.1419574887823807 1.3891922388936908 0.0093799568885798816
-1.1650234213759207 1.3753338151950218 0.0187555435752523
-1.1879307582743532 1.3612078136056702 0.028120609998003091
-1.2106789262982851 1.3468166835875546 0.037469963747476083
-1.2332678222563316 1.3321634985645012 0.04679840815449926
-1.2556980443523786 1.317252115024105 0.056100530491604447
-1.2779711623697432 1.3020873504202533 0.065370461139652197
-1.3000872194375612 1.28667276687773 0.074604294090007739
-1.3220294645303237 1.2709978927713583 0.083814431699963166
-1.3437027681338709 1.2549879543601021 0.093084637732238712
-1.3650394574059752 1.2385965771999403 0.10246840330449539
-1.3860466730642782 1.2218382693256 0.11194687154979001
-1.4067270555497788 1.2047254512675938 0.12151033328803144
-1.4270989296820118 1.1872791311635966 0.13113302541484434
-1.4471297796042573 1.169484247775084 0.14083303005253189
-1.4668192616850693 1.1513493077752082 0.15060189268753496
-1.4861641270541823 1.1328809426186277 0.1604343105000936
-1.5051515662475989 1.1140790609413798 0.17033105955835867
-1.5237683461891562 1.0949441908824968 0.18029354634270667
-1.5420153006732795 1.0754860885018733 0.1903139369918293
-1.559879908297362 1.0557063429236686 0.20039327413810637
-1.5773447675749814 1.0356033310241084 0.21053338218039999
-1.5944041488652596 1.015183977288127 0.22073149836394113
-1.6110558056489108 0.99445672841132227 0.23098211809853972
-1.6272828278630247 0.97342176665388891 0.24128676356602813
-1.6430837137196859 0.9520887339206362 0.25164058145667723
-1.6584285197319983 0.93045117130060861 0.26204830574025473
-1.6733241116580071 0.90852428405753249 0.27250307222756182
-1.6877717151306546 0.88631865065535631 0.28299775836548358
-1.7017263411080417 0.86382242261574571 0.29354075576787497
-1.71521691433229 0.84106140701533505 0.30411907918433523
-1.7281994565051866 0.81802472669584636 0.31473641269602309
-1.7406947034791023 0.79473463273430467 0.32538532792582425
-1.7526646445029497 0.77118394659960365 0.33606433184867102
-1.764105018356906 0.74738441457752691 0.34677228313835717
-1.7750195026280045 0.72334796989156336 0.35749949490247446
-1.7853731192470921 0.69907357316734819 0.36824733598719867
-1.7951925116068168 0.67458313622655042 0.37900562874968086
-1.8044092380351731 0.6498635753642007 0.38977364053809416
-1.8130644864155259 0.62494327865746557 0.40054455362221714
-1.8211290477545636 0.59982311121182164 0.41130957380311556
-1.8285768851528814 0.57450982112285531 0.4220664131136343
-1.8354051382750007 0.54901440026743797 0.43280419081122273
-1.8415965080109304 0.52334750348320846 0.44351969614498427
-1.8471695741991696 0.49752561325932576 0.45420157209598588
-1.8520557410105709 0.47154759033148402 0.46484161287702541
-1.8563049702022401 0.44543865093532908 0.47543354131147597
-1.859825653107241 0.419195316518646 0.48596152859225611
-1.8627239111607237 0.39285296700331507 0.49643047460258943
-1.8648665491306677 0.36640290027829775 0.50680989790487219
-1.8663087442324955 0.3398719622853803 0.51710351345390282
-1.8670361101421986 0.3132734441925174 0.52729672205532852
-1.8669852587871179 0.28661886952219479 0.53736958266546619
-1.8662426003431807 0.25993215524797142 0.54732898698728238
-1.8647476209921507 0.23322625754648535 0.55715087583551892
-1.862469080583762 0.20651884536633713 0.56681738256406544
-1.8594340893910011 0.17983103979014955 0.57632883504026966
-1.8556482552229767 0.15318025210621569 0.5856731761408982
-1.8510857245041954 0.12658762887939357 0.59483435994280465
-1.8457493559482918 0.10007361451920471 0.60380330972219121
-1.8396366842411904 0.073660233876815598 0.61257152307601548
-1.8327610822422002 0.047367081588053472 0.62113353549589378
-1.8251181524162645 0.021216558624334005 0.62947922238483467
-1.8167276703303963 -0.0047736102260386368 0.63760463971106529
-1.8075781705183267 -0.030579141976313104 0.64549603429377378
-1.7976838765009966 -0.056180739616575638 0.65314934013479176
-1.7870460651031899 -0.081555761211469679 0.66055600996746244
-1.7756782849963044 -0.10668496920636861 0.66771203018922776
-1.7635836924171928 -0.13154583574672116 0.67460927717693298
-1.7507761247149098 -0.15611933284285553 0.68124422698470577
-1.7372627432726577 -0.18038397839839471 0.68761048095136001
-1.7230544913798322 -0.20431969917926424 0.69370311723048672
-1.7081618258580156 -0.22790608777223229 0.69951736793298303
-1.6926001706191975 -0.25112532282804179 0.70505067729450566
-1.676386165074053 -0.27396128937398301 0.71029877514284701
-1.6595352084088446 -0.2963976205835524 0.71525530618320743
-1.6420437263953038 -0.3184054541209409 0.71990512233420678
-1.6239397310322128 -0.3399747604905437 0.72425510408828797
-1.6052266166029454 -0.361079775919806 0.72829421941863404
-1.5859270217113099 -0.38170767689910062 0.73202628504425737
-1.5660516265786588 -0.40183722301176222 0.7354447122467046
-1.5456167763027384 -0.42145091156347625 0.73854869374535137
-1.5246470649678137 -0.44054001400147114 0.74134107229129398
-1.503162704587828 -0.45909271007481878 0.74381745022561996
-1.4811727642862571 -0.47708644797792965 0.74595833962714864
-1.4586951258052496 -0.49450506188631038 0.74776454218557686
-1.4357515589077887 -0.51133757777578603 0.74923850962436922
-1.4123537827927612 -0.52756024876297636 0.75037226007093372
-1.3885357764988753 -0.54318004991439361 0.75117509687531514
-1.364316580142519 -0.55818414894164814 0.75164041385963554
-1.3397038605487117 -0.57254104697884456 0.75174675826672221
-1.3147262334711152 -0.58625135728180156 0.75150928664852534
-1.2894019949238609 -0.59929971866250376 0.750922909226307
-1.2637597632851452 -0.61169047877387428 0.74999688903296646
-1.2378173987485106 -0.62340601377157701 0.74871151631253408
-1.2115905982183761 -0.63442161891344129 0.74706027476594883
-1.1851118399507636 -0.6447563948383519 0.74506431305275245
-1.1583991623756784 -0.65439033147456616 0.74271142623773989
-1.1314797817462443 -0.66332991447259326 0.74000269869466895
-1.1043664842986713 -0.67152943904900375 0.73691146394795859
-1.0770954929526815 -0.67904156949257899 0.73347933772080354
-1.049686749520482 -0.68584506469814122 0.7296873978634062
-1.0221591285010998 -0.69190285075347424 0.72551023022652028
-0.99454028615644974 -0.69725351977579375 0.72098339761797337
-0.96685448204937186 -0.70190179705916278 0.71610570865019041
-0.93912468599616694 -0.7057942611841852 0.71083077588546018
-0.91137435753440454 -0.70898898881887717 0.70520658898556488
-0.8836284862810696 -0.71147476128802944 0.699215169669551
-0.85591296352987734 -0.71323626887749791 0.69283894174108218
-0.82825103617738516 -0.71427602703257287 0.6860820245186362
-0.80065902375732778 -0.71462035870553697 0.67897754185302861
-0.77316130707234954 -0.71423819027968583 0.67151822092040414
-0.74578946165603244 -0.71316186078837895 0.66367408595187904
-0.71860204333556943 -0.71145930738934027 0.65531566098809335
-0.69162478525971594 -0.70926395793215657 0.6464084986676637
-0.66488292173599506 -0.70664089007663244 0.63692744842026972
-0.63843061311993621 -0.70355322299634349 0.62679423427170278
-0.61223757401895285 -0.70012407715803193 0.61611335263611533
-0.58636542904117994 -0.69631912494846304 0.60479575871087887
-0.56080281838678048 -0.69222061751120623 0.59289259693159468
-0.53559148458641426 -0.68782008601129951 0.58036464895487772
-0.51074017635485824 -0.68317558798473155 0.56721996575340539
-0.48626362012114432 -0.67833081800206851 0.55345960140132378
-0.46220138425742219 -0.67329244214029427 0.53905231238040474
-0.43853497636978872 -0.66814313592915031 0.52404187517021183
-0.41532036010937445 -0.66289955495295849 0.50837251772707615
-0.39254793444504943 -0.65763321015732079 0.49207463998282869
-0.37023396649806256 -0.65237904177934214 0.47515066902686259
-0.34842135407590652 -0.64718422068178239 0.45756751881126689
-0.32706784397633698 -0.64213105608450471 0.43938967869657575
-0.30628611046520626 -0.63726149392686771 0.42051238313308847
-0.28596074730691207 -0.63264774892823172 0.40108200868304977
-0.26628048292970463 -0.62836125537385412 0.38092623847384255
-0.24707811386056164 -0.62447048037770114 0.36023611585611326
-0.22861453063542059 -0.62109625991888839 0.33879693685570805
-0.21069105724341861 -0.61829183729112513 0.31682325475317036
-0.19362156081133838 -0.61624567887277326 0.29410031926486158
-0.17722207158711037 -0.61503282929752967 0.27082890941128579
-0.16174500620682383 -0.61489467194037917 0.24690378308138605
-0.14658224695605604 -0.6152277767087293 0.22277962093144416
-0.13106728902267492 -0.61546106957042857 0.19887983346066662
-0.11491857645676867 -0.61524125793104356 0.17540363648791651
-0.098168839607507191 -0.6141906100488802 0.15237519311945774
-0.080955601263220045 -0.61211670150742914 0.12976166127435254
-0.063435404954611321 -0.60895719775680823 0.10751233760505174
-0.045744882568184451 -0.60464153675512111 0.085594501696979006
-0.028037347455312684 -0.59913039770140109 0.063960044894652526
-0.010481565974021945 -0.59239369238689621 0.042549912930316063
0.0067676483441244766 -0.58454278076150545 0.021270269644371075
0.023515221494347052 -0.57564669060921303 1.2219401836974231e-06
0.039593042522637074 -0.56559137155989525 -0.021268196808743242
0.055018147517562274 -0.55457931425447304 -0.042547204213173213
0.069629288820890353 -0.54274377125637507 -0.063957882278022016
0.083255995277674383 -0.53016437364165414 -0.085592349613891172
0.095838993276748288 -0.51700196361770134 -0.10751015958199441
0.10733506503401874 -0.5034091204761999 -0.12975982277936624
0.11773656358971363 -0.48953947113183383 -0.15237418223778448
0.12702139523393102 -0.47555781266461522 -0.17540182413897107
0.13528708928944361 -0.46168392308237877 -0.19887852873344863
0.1428401876157728 -0.44813072526750969 -0.22277893112263042
0.15013377280155993 -0.4348336165027914 -0.24690331588073516
0.15799213334076731 -0.42149992291367294 -0.27082880747695243
0.16724192869767887 -0.40790338857396957 -0.29409999810500764
0.17754869459503986 -0.39414333229767706 -0.31682267335717573
0.18894108243104188 -0.38002188852718904 -0.33879438225473624
0.20109700098940675 -0.36571989318228765 -0.36023302129969031
0.21406675364957489 -0.35103599696952337 -0.38092405205191482
0.2276194262074544 -0.33613565351860042 -0.40107961706403455
0.2417772530887968 -0.3208396404001766 -0.4205098538422673
0.25638490468283165 -0.30527655391223035 -0.43938714827437619
0.27143785084163913 -0.28931014371789321 -0.45756470759455958
0.28684199824139889 -0.27301735661508097 -0.4751488093160518
0.30254955628011393 -0.25631988761164454 -0.49207238573140921
0.31849598659200462 -0.23923225289620945 -0.50837155791007249
0.33464364440826783 -0.22174961042731087 -0.52404167216692599
0.3509359797545667 -0.20382804700301446 -0.5390518281149087
0.36733109150875476 -0.18550917606919515 -0.55345896767591052
0.3837651416124031 -0.16673353293557294 -0.56721826197178682
0.40021230492811627 -0.14753381824067982 -0.58036374946991309
0.41662871963378273 -0.1279006871104634 -0.59289239096040147
0.43295885770387427 -0.10781211295042714 -0.60479642372048537
0.44919017932957328 -0.087308675069499575 -0.61611395336806674
0.46525647705626944 -0.066339663200368035 -0.62679526883610392
0.48115545012132704 -0.044973805752005977 -0.6369275284898025
0.4967992968099651 -0.023127302950230709 -0.64640905032554774
0.51218861119131365 -0.00086212148099515384 -0.65531748023222502
0.5272563616713698 0.021832215419247149 -0.66367493969643732
0.54187527073774444 0.044998363976211125 -0.67151870390710167
0.55595506914281112 0.068620796220661071 -0.67897870862918874
0.56945276831945246 0.092688355818977997 -0.68608335964222178
0.58238416963893092 0.11716350624548949 -0.69284098122544469
0.5947158665914325 0.14204707938434688 -0.6992163911253888
0.60643651708360269 0.16731835665539935 -0.70520795552508864
0.61754424174209177 0.19294861065367541 -0.71083173378693232
0.62803800817268007 0.21890963180685141 -0.71610656165350883
0.6378554091024613 0.24521029391822607 -0.72098472619440224
0.64703073966483604 0.27180438943414253 -0.72551124004615919
0.6555484500922294 0.29867285263067439 -0.72968857259778785
0.66336055857660992 0.32581137568391655 -0.73348023374806592
0.67049092671605903 0.35318458782091866 -0.7369130459031501
0.67694586039376747 0.38076537428465373 -0.74000372052842656
0.6826641977833463 0.40854787098913548 -0.7427130816842028
0.68767674000467183 0.43649881744309377 -0.74506563644580248
0.69196634345392571 0.46459741001057503 -0.74706177243216987
0.69553989418972018 0.49281830237504659 -0.7487130159057197
0.69836460879857531 0.52114288671339826 -0.74999770915154462
0.70045522259703641 0.54954508511174704 -0.75092375017819024
0.70181664220603901 0.57800072683802084 -0.75150974345122001
0.70243225971839718 0.60648713645527641 -0.75174733543083183
0.70230496843472046 0.63498082522945609 -0.75164084995102309
0.70142059093386766 0.66345731095959692 -0.75117547946143637
0.69980243792242625 0.69189421597504652 -0.7503728096093305
0.69745192468830797 0.72026860883253874 -0.74923908999232225
0.69434611420475612 0.74855455254414915 -0.74776511721401207
0.69050003715326613 0.77673009783696567 -0.74595920377180058
0.68591156604332804 0.80477074060635978 -0.74381825175502014
0.68058679572241021 0.83265312816215242 -0.74134198895827708
0.67453976087899348 0.86035795159275119 -0.73854976963818819
0.6677707457758153 0.88786173729365414 -0.73544553631235843
0.66027607216223205 0.91513925357633918 -0.7320274568934797
0.65206088412571772 0.94216685193747818 -0.72829490623222604
0.64314078337827285 0.96892576299582855 -0.72425634407074824
0.63351237148791317 0.99538852030666936 -0.71990577446327186
0.62319915926741276 1.0215406918201062 -0.71525610702652109
0.61219441871371594 1.047352315452909 -0.71029963629949455
0.60052481773945221 1.0728119819159578 -0.70505142471859461
0.58819691119479822 1.0978982346721764 -0.69951808396541948
0.5752166818375839 1.1225888204467989 -0.69370399330961641
0.56159154547499479 1.1468612108557035 -0.68761137944276307
0.5473344709699357 1.170696537147593 -0.68124530259753857
0.53245701461146011 1.194075027693922 -0.67461051103299097
0.51697374869113522 1.2169793560374871 -0.66771310865592581
0.50089539957158391 1.239389039408 -0.66055734970306035
0.4842384842503597 1.2612888079065985 -0.65315053369313048
0.4670139702358081 1.2826583048096458 -0.64549726971100962
0.44924066778242377 1.303485023951283 -0.6376060858498529
0.43092770202982245 1.3237464381994026 -0.62948071623353608
0.41210208396939985 1.3434405742676587 -0.62113494035400707
0.39276980283560181 1.3625421655997481 -0.61257316701870457
0.37295071397889384 1.3810414914041043 -0.60380439796823948
0.35265763657154242 1.3989206803676957 -0.59483568864998893
0.33190870798939104 1.4161677348013129 -0.58567422540743785
0.31072164319006323 1.4327721543417453 -0.57632995110858198
0.28912690502985156 1.4487444996721721 -0.56681842112373726
0.2671369008751171 1.4640714374449448 -0.5571517955769032
0.24475656481430158 1.4787192645520926 -0.54732982272196062
0.22201672077942497 1.4927061068885075 -0.53737040742230258
0.19895837254400134 1.5060768004070602 -0.52729728004880261
0.17555967798705879 1.5187460854081123 -0.51710400932909517
0.15186238748994932 1.5307631533783774 -0.50681045297681915
0.12788463093261307 1.5421325343770802 -0.49643096272803083
0.10362229611921217 1.5527935348321225 -0.48596195089739108
0.079134777480227222 1.562866708418418 -0.47543394057130217
0.054399196844500397 1.5722413295075666 -0.46484200306515044
0.029458586745402606 1.5809990228710598 -0.4542019161913643
0.00430993961276388 1.5890845916148035 -0.44352010892153915
-0.021013943269472073 1.5965560830466103 -0.43280460032639945
-0.046507762285319637 1.6033902817153578 -0.42206679999661734
-0.072153694282091299 1.6095965835037445 -0.41130991665300765
-0.097940478950607673 1.6151733513065696 -0.40054482742884967
-0.12384995814974001 1.6201365748591265 -0.38977393931578769
-0.14986582450437255 1.6245156088199511 -0.37900574676050264
-0.17598496246330181 1.6282564246287969 -0.36824752070144168
-0.20218389264092265 1.6314275502065518 -0.35749949859047936
-0.22845734315672647 1.6339934942007583 -0.34677236571800496
-0.25478860560654676 1.6359847764108553 -0.33606445371232108
-0.28116899124562938 1.6373948324567074 -0.32538537318577532
-0.30758639001190874 1.6382188772703437 -0.31473639012045024
-0.33402816510110683 1.6384926141395091 -0.30411940830197542
-0.36048505584403562 1.6381896401171672 -0.29354105484046272
-0.38694472852549611 1.6373522975291794 -0.28299822699142935
-0.41339918889503091 1.6359417370748217 -0.27250377066026055
-0.4398362074208233 1.6340059912254039 -0.26204880289132193
-0.46624725670204364 1.631535839517027 -0.25164098668923018
-0.49262264057796068 1.6285196968331905 -0.24128676078038072
-0.51895296191091733 1.6249835361955671 -0.23098233941504312
-0.54522910490462551 1.620926239062328 -0.22073175528732344
-0.57144246022385192 1.6163611523054222 -0.21053401303097063
-0.59758458569987838 1.6112877124750198 -0.20039380574720655
-0.62364667040913746 1.6057064463558381 -0.19031448357349137
-0.64962135405681043 1.5996334516977715 -0.18029390980602408
-0.67550097426540134 1.5930773491435439 -0.17033190141091428
-0.70127754431471034 1.5860342108178667 -0.16043534206315518
-0.72694397519761023 1.5785142707978028 -0.15060347636037616
-0.75249398266940293 1.5705299731984939 -0.14083461902293717
-0.77792037686590154 1.562081512505455 -0.13113384537315817
-0.80321514265601379 1.5531611315243552 -0.12151173400842893
-0.82837555637278715 1.5438085013698242 -0.11194781491062211
-0.85339233490112987 1.5339951585140146 -0.10246918541858883
-0.87825605230476445 1.5237127749027488 -0.093085436632091387
-0.90295771507748102 1.5129479881982375 -0.083815368074335928
-0.92750368041232722 1.5017827326407127 -0.074605423135231441
-0.95191114897088425 1.4903368518205016 -0.065371771172904186
-0.97618081981114013 1.4786301111830664 -0.056101992979411937
-1.0003096310817057 1.466660693095434 -0.04679999317149669
-1.0242941958518521 1.4544248262531863 -0.037471641601464024
-1.0481314716323082 1.4419200552267126 -0.028122354325681987
-1.0718187416969382 1.4291449204647635 -0.018757332021784888
-1.095353593100203 1.4160986798914412 -0.0093817703854563311

-1.1187341795868111 -1.402779847636648 1.334372428244962e-06
-1.0953538239493612 -1.4160972117365889 0.0093822043364615373
-1.0718189516081615 -1.4291433563547158 0.018757784992038513
-1.0481316533433409 -1.4419183727168039 0.028122835456324852
-1.0242943408060439 -1.4544229990526578 0.037472160400776597
-1.0003097299024701 -1.4666586919344591 0.04680055924720454
-0.97618086302286422 -1.4786279055778446 0.05610261540524876
-0.95191112774776165 -1.4903344122189468 0.065372457715450652
-0.9275035877682628 -1.5017800356476381 0.074606177021640976
-0.90295755182437198 -1.5129450515580953 0.083816161433365455
-0.87825585029757502 -1.5237098165901095 0.093086089244715606
-0.85339214444241629 -1.5339925063307012 0.10246947169362075
-0.82837536297865833 -1.5438061874235109 0.11194768175044388
-0.80321492393657901 -1.5531590268869637 0.12151126451028595
-0.77791990120435317 -1.5620778970731086 0.13113404663929168
-0.75249362394173192 -1.5705276216231041 0.14083396457252936
-0.72694348019924071 -1.5785115931355809 0.15060266915053327
-0.70127697290371249 -1.5860309903552074 0.16043469176212699
-0.67550023279594262 -1.5930731698576126 0.17033142838308907
-0.64962048905578951 -1.5996279688251114 0.18029392417430279
-0.62364578391692926 -1.6057019936828656 0.19031375318470881
-0.59758363238378354 -1.6112829376523892 0.20039302422828678
-0.57144141505684798 -1.61635579674019 0.21053322400223012
-0.54522797227857012 -1.6209197048807442 0.2207312195331621
-0.5189517915744184 -1.6249775750845712 0.23098141627594371
-0.49262140453125769 -1.628512981979475 0.24128588318755217
-0.46624598008626372 -1.6315305367308695 0.25163952637036846
-0.43983486093662538 -1.634000144134381 0.26204724563252541
-0.41339780339987187 -1.6359363311143913 0.27250196439685676
-0.38694333135953479 -1.6373449873097172 0.2829965944883554
-0.36048370036168398 -1.6381814843444644 0.29353954995369796
-0.33402667627365029 -1.6384852328378154 0.30411747432621494
-0.30758503016181132 -1.6382098175406352 0.31473469636232476
-0.28116748753929838 -1.6373866884911676 0.32538333422669913
-0.25478704800563506 -1.6359767917022578 0.33606224521884875
-0.22845573463677782 -1.6339855321190784 0.34676998065612391
-0.20218230880337193 -1.6314191948704013 0.35749702202507744
-0.17598337234858413 -1.6282477694801734 0.36824489112621034
-0.14986420098931519 -1.6245069567223434 0.37900298138530991
-0.12384819595966406 -1.620128390755496 0.3897709717692146
-0.097938735464792037 -1.6151648944906061 0.4005417249607327
-0.072151880847852443 -1.6095882361272655 0.4113066492087053
-0.046505989670748357 -1.6033815720880435 0.42206336610361722
-0.021012063431261739 -1.5965476343709122 0.43280102597418013
0.0043119316763599175 -1.5890764140170264 0.44351641042851153
0.029460954675220332 -1.5809919972123299 0.45419814465234193
0.054401761260300795 -1.5722347471875533 0.46483808331566756
0.079137850288517872 -1.5628615089992453 0.47543000603498509
0.10362565256053503 -1.5527889572918021 0.48595787716785194
0.12788787668722515 -1.5421275454447856 0.49642669405494344
0.15186577338781779 -1.5307584519950237 0.50680609666906673
0.17556317871868427 -1.5187414937951906 0.51709950637222857
0.19896263158638039 -1.506073894010699 0.52729299879179137
0.22202041216688281 -1.4927016914617044 0.53736543694748484
0.24476138938381672 -1.4787170629068316 0.54732524252053405
0.26714098543827547 -1.4640674949807826 0.55714631082449795
0.28913189810323203 -1.4487421345535931 0.56681324952020107
0.3107257777533084 -1.4327680599478991 0.57632382327197917
0.33191407740454704 -1.4161656481853206 0.58566874958168214
0.35266229118718018 -1.3989172983016611 0.59482936997792246
0.37295612509444803 -1.3810391827699402 0.6037984007186129
0.39277444140807882 -1.3625386690872192 0.61256639143609504
0.41210769893653898 -1.3434383832024055 0.62112875461607353
0.43093264192988062 -1.3237433232528615 0.6294738512702992
0.4492465715434395 -1.3034831452115512 0.63759999893938002
0.46701864341662735 -1.2826550724889241 0.64549037353998062
0.48424437266731751 -1.2612869820080062 0.65314467596362424
0.50089983547882988 -1.2393858359594949 0.66055068064144973
0.51697930100137601 -1.2169773732156972 0.6677075980722027
0.532461164126936 -1.1940719171751772 0.6746043932765976
0.54733963216738912 -1.170694479881025 0.6812404555452205
0.56159519293802351 -1.1468581069936787 0.68760598955410779
0.57522116663920086 -1.1225865520380698 0.69369990634885426
0.58820026463678943 -1.0978953874950754 0.69951396315940939
0.60052759466455674 -1.0728090281828839 0.70504806340259663
0.61219794638248748 -1.0473498808620643 0.7102969034583545
0.62320065055853269 -1.0215372661406532 0.71525275139070765
0.63351543071117011 -0.99538603716547136 0.71990396546283808
0.64314124698172981 -0.96892215628428469 0.72425351212784339
0.6520633971621318 -0.94216427207756481 0.72829397636482895
0.66027606555164475 -0.91513574464626168 0.73202543298964362
0.6677724725163251 -0.88785897652897661 0.73544523695044495
0.67453932601625399 -0.86035453233604253 0.73854845454793527
0.68058784227936464 -0.83265021142853801 0.74134198601917556
0.68591095231117949 -0.80476749643301915 0.74381805322053285
0.690499548723158 -0.77672694968480305 0.74595968307362337
0.69434516068757146 -0.74855138143341637 0.74776593170148786
0.69745137955957592 -0.72026555172770157 0.74924072256977736
0.69980102960290114 -0.69189110068515813 0.75037446354028814
0.70142002475181631 -0.66345429491637553 0.75117784944535304
0.70230325922242021 -0.63497777707993897 0.75164290672172074
0.70243113004402347 -0.60648412592538814 0.75175015128552725
0.70181466996148423 -0.57799774833844852 0.75151216632220075
0.7004536317462533 -0.54954210894305644 0.75092654041964402
0.69836230253345588 -0.52113998845527487 0.75000023805225746
0.69553788129717098 -0.49281538715262768 0.74871574622082171
0.69196360664985457 -0.46459462676625046 0.74706411053378741
0.68767478058386222 -0.43649590616558892 0.74506854767891029
0.68266126814642869 -0.40854518322877459 0.74271548118427744
0.67694393820552257 -0.38076242344595435 0.74000710095436706
0.67048792699317317 -0.35318199554374552 0.73691552542880945
0.6633586295930215 -0.32580842242970787 0.73348365104356839
0.65554586695528616 -0.29867019000668132 0.72969131968893974
0.64702891627962533 -0.27180144163270015 0.72551448494739046
0.63785314192507647 -0.245207631931779 0.72098725224819049
0.62803631439345198 -0.21890667893650853 0.71610969726935214
0.61754244620169119 -0.19294580150397475 0.71083444814347507
0.60643428639426911 -0.16731591350741226 0.70520996623277199
0.59471434612589258 -0.14204445783631681 0.69921786179096312
0.58238325820456904 -0.11716086153684747 0.69284144112056556
0.5694532084984183 -0.092685193367444893 0.68608321236731573
0.55595561777270652 -0.068617781934830896 0.67897793216902436
0.54187542537577771 -0.044995215915636308 0.67151917988103138
0.52725619721865402 -0.021829476986668237 0.66367486290517774
0.5121889179582001 0.00086533183700982126 0.655317913431118
0.4967993506458297 0.023130223133173457 0.64640924889962481
0.48115596299034424 0.044977352729398935 0.6369284973419681
0.46525668587776325 0.066342682043688539 0.62679565065973131
0.44919004947775071 0.087311479018907914 0.61611446967604311
0.43295881001719239 0.1078155220328339 0.60479798728717526
0.41662836570990203 0.12790342572583727 0.59289328600115687
0.40021206965512618 0.14753638691578874 0.58036427433462323
0.38376441614903406 0.16673549119093947 0.56721854654196435
0.36733076401901549 0.18551141129638038 0.55345921614953919
0.35093646056405897 0.20382968170677362 0.53905041400006826
0.33464400486302159 0.22175200494796293 0.52404135095549209
0.31849569947705719 0.23923380825881455 0.50837099401838193
0.30254910581736383 0.25632240687594954 0.49207303692060544
0.28684185797722556 0.27301937150244993 0.47514871231410716
0.27143799376559918 0.28931246696325569 0.45756467553152841
0.25638540889356493 0.30527903655330413 0.43938699866670416
0.24177758936080923 0.32084130850374643 0.42050918968991952
0.22761962250662673 0.33613709785061335 0.40107891144300761
0.21406750600385271 0.35103690740696403 0.38092259477674167
0.20109668287256735 0.36572236790129353 0.36023337335372324
0.18894224196630136 0.38002503601955584 0.3387943856979988
0.17755203610809889 0.39414553235926059 0.31682097064156339
0.1672437540216711 0.40790454365162138 0.29409837925450177
0.15799375785245864 0.42150081255920802 0.27082714456986767
0.15013596613343599 0.43483507345842165 0.24690180729574804
0.14284495046295048 0.44813281597808513 0.22277701922358886
0.13529050091957931 0.46168570124173608 0.19887689795074359
0.12702590686582602 0.47556114460501137 0.17540074077312931
0.11774059419858758 0.48954169302743999 0.15237264193729716
0.10733784749008825 0.50341211323951107 0.12975934537185621
0.095841154959314709 0.51700485905191906 0.10750997867917593
0.0832589491690022 0.53016749035471955 0.0855918606931311
0.069632381014507444 0.54274672392465395 0.063957243997947583
0.055020716871931143 0.55458328163731785 0.042547507369772877
0.039596396122304367 0.56559596389155531 0.021268282192784836
0.023518448733875128 0.57565228737133234 -5.3459801910640814e-07
0.0067705080365401274 0.58454799250935563 -0.021269427492671009
-0.010479231306935439 0.5923975189184062 -0.042549128921236537
-0.028035920785922496 0.59913348475284756 -0.063958723003710555
-0.045744071318258056 0.60464471659783692 -0.085592622764061779
-0.063434392852408775 0.60895901833831434 -0.10751086862049687
-0.080954594940295638 0.61211825948034138 -0.12976019987509196
-0.098167520861356841 0.61419200405743279 -0.15237395299252873
-0.11491814328623465 0.6152435109089387 -0.17540168466270081
-0.13106603313377665 0.61546423913855675 -0.19887843023343196
-0.14658080336328155 0.61522915860933181 -0.22277828477845635
-0.16174453935983818 0.61489685962834884 -0.24690182003279038
-0.1772220050196795 0.61503605940561612 -0.27082666311326403
-0.19362286357868203 0.61624945841093082 -0.29409709441803422
-0.21069212313721855 0.61829660281085774 -0.31682014646356227
-0.2286165088976152 0.62110178694494866 -0.3387929644667334
-0.24708085980705019 0.62447812105102574 -0.36023112978501542
-0.26628395846515873 0.62836962413391428 -0.38092040299014562
-0.28596377581534027 0.63265687317424868 -0.40107643382487984
-0.30628987685478837 0.63727010106979143 -0.42050611816730044
-0.32707207717831593 0.64213895934574206 -0.43938305125599014
-0.34842504698876403 0.64719230012359474 -0.45756146071238757
-0.37023897376941672 0.65238601542443475 -0.47514325654476863
-0.39255215653563413 0.65764006050630353 -0.49206828862666147
-0.41532464897715471 0.66290624474964532 -0.50836607637944875
-0.43853889320980388 0.66814841162499694 -0.52403642525822469
-0.46220462988350913 0.6732966637043305 -0.53904825661511258
-0.48626714356536266 0.67833489180689832 -0.55345507619884526
-0.51074382871374546 0.68318001609748757 -0.5672150536722127
-0.53559498578358233 0.68782336527525334 -0.58036038520762445
-0.56080616596574318 0.69222325236388083 -0.59288882761330597
-0.58636836290327932 0.69632187430538395 -0.60479279127235352
-0.61224082288137582 0.70012618787866665 -0.61610981845505097
-0.63843350261563758 0.70355434874856648 -0.62679185303052676
-0.66488586056955223 0.70664139439768614 -0.63692506990807285
-0.69162792765337511 0.70926535658353618 -0.6464052292377408
-0.718604976942253 0.71146053440595503 -0.65531301682669141
-0.74579241523089734 0.71316297057211187 -0.66367131600800888
-0.77316437257394466 0.71423947645349806 -0.67151496974853142
-0.8006620252571347 0.71462153390971439 -0.67897445337539652
-0.82825389531284999 0.71427748068164842 -0.6860794300513855
-0.85591578226639853 0.7132377967722916 -0.69283643456230382
-0.88363131281465157 0.71147632494248414 -0.6992125396416714
-0.91137722346255357 0.70899033492083985 -0.70520359261153565
-0.93912756196322866 0.70579569649072404 -0.71082768543234021
-0.96685736964740077 0.70190322177253972 -0.71610243172922894
-0.99454318080566007 0.69725507512864215 -0.72098010874754559
-1.0221619950890863 0.69190378057790713 -0.72550620726339654
-1.0496896877339268 0.68584654681278501 -0.72968363172750206
-1.0770983554677509 0.67904250477569261 -0.73347491372763773
-1.1043694878281254 0.67153105781798428 -0.7369073145639109
-1.1314826556191364 0.66333101825541629 -0.73999807533980799
-1.1584021155558153 0.65439178973306533 -0.7427070136747157
-1.1851148139696266 0.64475801930683352 -0.74506012947040268
-1.2115935971763196 0.63442329960468635 -0.7470556514173935
-1.2378206411613819 0.62340833215057989 -0.74870714581109499
-1.2637626568768943 0.61169198520744594 -0.74999135658251836
-1.2894051212354503 0.59930172754291422 -0.75091746284234318
-1.314729550906288 0.5862537888241659 -0.75150379431470793
-1.3397071211742104 0.57254341465018399 -0.75174087761622221
-1.3643198558908556 0.55818658290465017 -0.75163431365444788
-1.3885390771186747 0.5431825639207315 -0.75116889321480929
-1.4123570630916826 0.52756277526631912 -0.75036592212952424
-1.435754939679986 0.51134027434757079 -0.74923224117328913
-1.4586982678550626 0.49450750382954922 -0.74775796117224003
-1.481176081067741 0.47708912778369289 -0.74595191509287873
-1.5031658732601281 0.459095258891144 -0.74381089286813384
-1.5246503803370315 0.44054274893459983 -0.74133462355934343
-1.5456194331081781 0.42145301658561396 -0.73854183790784533
-1.5660542524138279 0.4018393094005337 -0.73543793824307446
-1.5859293600935609 0.38170951657618513 -0.73201943133643432
-1.6052295639890779 0.36108213424442592 -0.72828781160111822
-1.6239424291100637 0.33997695558004298 -0.72424855437047553
-1.6420466601327814 0.31840783673380496 -0.71989874526821507
-1.6595378765116402 0.29639984160035521 -0.71524883274244788
-1.6763892975636228 0.27396378723970083 -0.71029272341050909
-1.6926029448799382 0.25112759593387296 -0.70504462992449457
-1.7081649375516093 0.22790853959813537 -0.69951160871204665
-1.7230578179534561 0.20432224930383294 -0.69369761180981171
-1.7372647204364728 0.18038592926064057 -0.68760432497488888
-1.7507781932117308 0.15612128110593365 -0.68123831099922116
-1.7635858357443388 0.13154780440115499 -0.67460354638923004
-1.7756798394389333 0.10668669243819787 -0.66770622796875401
-1.7870484901427299 0.081557730533827796 -0.66055080283531364
-1.797686092200186 0.056182591197774412 -0.65314431094263492
-1.8075801483855305 0.030580909031681733 -0.64549108351173567
-1.8167301709475809 0.0047754212982035124 -0.63760019273816637
-1.8251207711343371 -0.021214767631083837 -0.62947505487839184
-1.8327630267800101 -0.047365450281357871 -0.62112932129075227
-1.8396393720586308 -0.073658534095635914 -0.61256775342629699
-1.8457508231575899 -0.10007207582077221 -0.60379926679616958
-1.8510879227109078 -0.12658605417861568 -0.59483068757112278
-1.8556495956915846 -0.15317874614477112 -0.58566936038221906
-1.8594360827110201 -0.17982949856173014 -0.57632523227508548
-1.8624701734215943 -0.2065173296186876 -0.56681364022832303
-1.8647492295092296 -0.23322472184918883 -0.55714725326792913
-1.866244009218903 -0.2599306200698342 -0.54732539766598076
-1.8669871697087614 -0.28661731521458506 -0.5373660320889766
-1.8670372099398982 -0.31327187459756956 -0.52729320800485657
-1.8663089036071889 -0.33987028611744674 -0.51709983911263824
-1.8648666882783749 -0.36640127962087077 -0.50680641765422696
-1.8627226553954521 -0.39285111577907605 -0.49642677346353226
-1.8598259382157902 -0.41919378688428655 -0.48595821469089856
-1.8563038357100929 -0.44543683005662416 -0.475430079165089
-1.8520548102814525 -0.47154585369904733 -0.46483828973605723
-1.8471686185357528 -0.49752387779349511 -0.45419834071326221
-1.8415957651700161 -0.52334585286638236 -0.44351659626509093
-1.8354048474003284 -0.5490128891431576 -0.43280122474598787
-1.8285767443208467 -0.57450836918447123 -0.42206354774719279
-1.8211287897938597 -0.59982162663163585 -0.41130676964556973
-1.8130645619254799 -0.62494189445908765 -0.4005417871807308
-1.8044090217341631 -0.6498621006733668 -0.38977095678490303
-1.7951929947770326 -0.67458188875597247 -0.37900291594057567
-1.7853726802139105 -0.699072011641096 -0.36824482059839397
-1.7750193410402129 -0.72334649203929247 -0.35749694575773155
-1.7641053816987249 -0.74738318865761677 -0.34676981690167774
-1.7526646296219033 -0.7711825657606115 -0.33606198773462947
-1.7406945479668134 -0.79473323594028067 -0.32538315760659192
-1.7281993887846485 -0.81802337415082482 -0.31473429236660977
-1.7152168340226954 -0.84106007667741101 -0.30411707262918797
-1.7017256410253516 -0.86382080824309071 -0.29353899536160083
-1.6877714100091656 -0.8863172503547142 -0.28299597578827607
-1.673323810983409 -0.90852291295791254 -0.27250140818270591
-1.6584286025776418 -0.93044999496112668 -0.26204655422252177
-1.6430847674802072 -0.95208810784988995 -0.25163859802879895
-1.6272835722951899 -0.97342095742262325 -0.24128493691728214
-1.6110564864705674 -0.99445590513988158 -0.23098041980196771
-1.5944043490604789 -1.0151828673016055 -0.22073005849112118
-1.57734486648752 -1.0356021813585732 -0.21053208994904346
-1.5598800984074486 -1.0557052457099318 -0.20039198297096128
-1.5420156339621121 -1.0754851062586555 -0.19031267802588847
-1.5237683061256373 -1.0949429575257501 -0.18029253834498729
-1.5051517722629149 -1.1140779885476753 -0.17032995682330471
-1.486164838728292 -1.132880224975964 -0.16043297008692595
-1.4668192637340858 -1.1513480963638143 -0.15060108510480844
-1.4471301702323647 -1.1694833077644684 -0.14083199882627903
-1.4270996000296148 -1.1872783971089418 -0.13113185394474486
-1.4067272768337433 -1.2047243738750548 -0.12150955399188546
-1.3860475010373032 -1.2218376567355544 -0.11194566990929616
-1.3650402248188553 -1.2385959056219578 -0.1024672945998874
-1.3437034287079674 -1.2549871880088561 -0.093083669264922578
-1.3220297752235601 -1.2709968199203048 -0.083813814687954707
-1.3000871275172765 -1.2866713348108831 -0.074604088214612979
-1.27797118970232 -1.3020859988723712 -0.065370166466909879
-1.2556982126515555 -1.3172508650518115 -0.056100125954216068
-1.2332680520372126 -1.3321622807652369 -0.046797969452648663
-1.2106791792842353 -1.3468154613001402 -0.037469524101691909
-1.1879310195800561 -1.3612065688754216 -0.028120177700082995
-1.1650236828320555 -1.3753325345751262 -0.018755118795582289
-1.1419577447708726 -1.3891909098117294 -0.0093795358694057362
