1.3109526068088311 -8.2902469716370207e-07 -2.2174720156656731e-07
1.310797452802057 0.026814407690801751 0.0093489419348851081
1.3103322362430521 0.053628424392094212 0.018693060450605821
1.309558024283795 0.080440010516152308 0.028027131069060251
1.308476573365178 0.10724799252079439 0.037346190636969298
1.3070903803942191 0.13405128177258771 0.046645266407887187
1.3054029292884179 0.16084898097754169 0.055919167684322958
1.30341903818208 0.18764055229922441 0.06516220326031473
1.301142090857377 0.21442490012066431 0.074370294978733043
1.298556465606046 0.24120168313747761 0.083556411715596371
1.2955583294456201 0.26785456789157208 0.092779628870971478
1.292063673210156 0.29442285521269318 0.10212120467293941
1.288103330929607 0.3208105561254786 0.11152836348292321
1.2836483800271139 0.34724553242437939 0.12107694415146319
1.278783818170443 0.373437886696871 0.13062956810472329
1.2734364633776829 0.39958157983120102 0.14028585478851771
1.267626576202598 0.42560260147881163 0.15001163523753319
1.2613670206616041 0.45147058846048749 0.15979079098921611
1.2546403328878819 0.4772103986735387 0.1696390398283916
1.247442103416454 0.50280488018586766 0.179555488693879
1.2397893725650271 0.52822287337207607 0.18952146277676729
1.23165372213568 0.55352813363980358 0.19956765319564931
1.223068555713648 0.57857414149604114 0.20964329862861089
1.2139839759066191 0.603499892298062 0.21980605858985369
1.204447537242761 0.62819541518093014 0.23000611615368249
1.194431798829523 0.65268715996490712 0.24026374754953131
1.183939236499989 0.67699005637857035 0.25058098202524282
1.172978327709018 0.70100163431462648 0.2609314312346816
1.161509490240777 0.72484522069221469 0.27136157923384879
1.1496152251374181 0.74838040502407044 0.28180126031160252
1.1372014430535351 0.77167206413955469 0.29230778321016421
1.1243226476021051 0.79472199122064469 0.3028580906021946
1.110996026520916 0.81739168527859951 0.3134118352044411
1.0971141637758139 0.83992866769380137 0.3240718532193077
1.0828935389743659 0.86192041553367704 0.33465317514288639
1.067996435330393 0.88386577008017686 0.34540562247326762
1.052862364890107 0.90516675327117724 0.3560197570652141
1.036990243444714 0.9264297351854579 0.36682412294495831
1.020922270317457 0.94703467693697585 0.37747559453940072
1.0041000876668 0.96753038287255466 0.38829701328065391
0.98706643376944281 0.98736985177107794 0.3989737614978161
0.96932909905299691 1.0070667822520429 0.40978968928084442
0.95134238753862277 1.026088190961832 0.42046481105337757
0.93266494645298748 1.044897320880571 0.43125158311758999
0.91373669917117128 1.063030942488226 0.44189515705593929
0.89413860210323992 1.0809290096189761 0.45263372280286202
0.87429564648915192 1.0980958136694761 0.46320272057853229
0.85377535598489529 1.115007446273085 0.47386108506356511
0.83301928202723596 1.1311343263343281 0.48432128582526651
0.81161916219413988 1.146987032966976 0.49485722383553621
0.7899396253574914 1.1620929767527519 0.50520686977736462
0.76773016655690518 1.1767074134578659 0.51552352747459729
0.74509954343364826 1.1907558526553961 0.52574863412998474
0.72213029168980059 1.204081488134765 0.53580280971225724
0.69860833350183482 1.21693232022659 0.54582493491467998
0.6748818507586084 1.2290520588841041 0.5556350889679933
0.65057249721842336 1.2405798633460929 0.5653639185840531
0.62607302354500605 1.2513637494660881 0.57487074198713439
0.60105664151682192 1.261557779732136 0.58427985412595329
0.57584584065133193 1.2709897800158181 0.59345068608472062
0.55019888508736625 1.2797573314202411 0.6024730060977338
0.52432544358218192 1.287774122693375 0.61126702158449842
0.49810163621588638 1.29509302229295 0.61988035507407013
0.47169242605749162 1.3016509192305901 0.62825074094216771
0.44494902180586232 1.307508513031459 0.636434452680263
0.41807252390065708 1.312591975315978 0.64435460469786954
0.39094652642902078 1.316944394276123 0.65205589230410932
0.36364774684789991 1.320529158251422 0.65950451805419041
0.33621187549494841 1.323363817155973 0.66670232749271618
0.30861166875592039 1.325430751040972 0.67364613401162965
0.28094610028278583 1.326738760734385 0.68032003657257722
0.25313424704322379 1.3272758438298351 0.68673560860986393
0.22531285663169939 1.327050755612093 0.69286823096731176
0.197413372319236 1.3260523243791309 0.69872780744969987
0.16951625449742119 1.324292742310194 0.70430413188849827
0.1416003361428067 1.321770782655713 0.70959767528118478
0.11375082118157211 1.3185054991954519 0.71459533100210504
0.085887519518422259 1.314457936600407 0.71929474373709734
0.058178352063166169 1.309676975591771 0.72368301976202309
0.030462858120045531 1.304114248124042 0.72777475008410286
0.0029898669278859329 1.297831943403249 0.73154199921570728
-0.024495633668276111 1.290762838939139 0.73501576897647003
-0.05162095624642498 1.283004874373304 0.73815170843432953
-0.078795291451696822 1.2744455966019519 0.74099985136695179
-0.1055278796039843 1.265253663882054 0.74351356770031618
-0.1322316851088999 1.255270548405484 0.74570807668157846
-0.15851418038689619 1.2446422812421909 0.74755428229317289
-0.18468349992914249 1.2332513596991861 0.74907979451501483
-0.21038394291953291 1.2212351467255731 0.75025509937242241
-0.2359646559013403 1.208458910953996 0.75110691017259035
-0.26100951328287569 1.195136252048258 0.75161961488032303
-0.2858997266955341 1.181033115944166 0.75177494319044114
-0.31019249657431641 1.1664202479391561 0.75158614209246133
-0.33434433628043791 1.151013421273942 0.75104423118684149
-0.35781227242327462 1.1351829320890801 0.75017311528245212
-0.38111043868744332 1.1185742171344639 0.74893281980677695
-0.40368646097276478 1.1015565324053249 0.74733982060448956
-0.42607205064028603 1.0837683971713949 0.74538214744362963
-0.44770452843008302 1.0656424484890341 0.74309399750367677
-0.46908608449749473 1.0467842694360729 0.74042617787989373
-0.48968703057213342 1.027595905038593 0.73740295934023381
-0.5099988086659818 1.007709767337305 0.73400515084686979
-0.52961373769429176 0.98751074797239713 0.73028050824193791
-0.54867754023506732 0.96679867861910473 0.72616225460496076
-0.56725086263952451 0.94555493239515298 0.72167045166966959
-0.58516210026966275 0.92402594027413321 0.7168655813449355
-0.60244153425130997 0.90206917269401155 0.71165522266316661
-0.61924105993270784 0.87959186857766403 0.70605986838044921
-0.63527885426324093 0.85697615295630236 0.70015682516001976
-0.65077635848231985 0.83387775005569442 0.6938307344707535
-0.66559263679938419 0.81050029682890323 0.68712952882338729
-0.6797860145928506 0.78682326941291592 0.68007789909285576
-0.69326665344366312 0.7629264960255624 0.67269506788734768
-0.70617528922255501 0.73859465846818573 0.66488964224182556
-0.71833698968744564 0.7142879418807464 0.65664142780722656
-0.73007042262815802 0.6896697061677709 0.6477568550064855
-0.74124225088140872 0.66521866421794784 0.63838108847271358
-0.75191357171177498 0.64062203040644039 0.62826635208730686
-0.76212723911934732 0.61616832671304789 0.6176551887618279
-0.77184029749370298 0.59180148781895781 0.60639817799661921
-0.78122394804703177 0.56734560307763504 0.59444975474849782
-0.7899955619530632 0.54349720965255377 0.58211530339102746
-0.79860549121670976 0.51915745886104392 0.56878042117293293
-0.80660305311195291 0.49578465473322708 0.55526951131317503
-0.81444676288175588 0.47195805711661992 0.54065462962537991
-0.82181320989662732 0.44898873188633709 0.52581228619715659
-0.82899435819597422 0.42593479442869159 0.51000603317152982
-0.83583156594526531 0.40357665174918672 0.493801878705875
-0.84255251747829407 0.38126365541742357 0.4766894354922605
-0.84891994549024929 0.35990215085845978 0.45930333222132352
-0.85539851447312543 0.33828198927434788 0.44069163314041537
-0.86144298630650729 0.31823250667331859 0.42226118173940702
-0.86785825169520137 0.29749532587001531 0.40209806824422789
-0.87379062749817837 0.27884266719400042 0.38259719580220131
-0.88030169131715164 0.25939518849051102 0.36100267287040672
-0.88635819560407914 0.2423217097567909 0.34040402960676752
-0.89322002349911689 0.22450719229768759 0.31732506963125517
-0.89962849530968092 0.20939033763135831 0.29573504721999461
-0.90721122931997467 0.19366275198348451 0.27104895749256053
-0.91439051297427898 0.1809044082834611 0.2484653442862414
-0.92278736097464065 0.1670690405064964 0.2227248925152652
-0.9304471750271508 0.15428526558377539 0.19972341616313199
-0.93840578396590579 0.14010071417368089 0.17604066035889221
-0.94594309639134488 0.124970562373323 0.152824245765036
-0.9527706652429051 0.1090409567493258 0.13020024245323999
-0.95883336929680685 0.092236125242294645 0.1078607095319023
-0.9639577890166009 0.074767843178518922 0.085938370238921133
-0.96807076645682844 0.05659182256508654 0.064193795079643345
-0.97103116747583695 0.037993939484700277 0.042749130178990458
-0.97287534697643963 0.018926496652414009 0.021242612608188029
-0.97354329769220826 -2.2868673814533611e-06 -1.121017062816123e-06
-0.97287528913077359 -0.018930500851359972 -0.021244221339925741
-0.97103010869899153 -0.0379933304621645 -0.042746630078556613
-0.96807063800086102 -0.056582643525282382 -0.064181640334293799
-0.96395473017373978 -0.074770956413735309 -0.085940472890694966
-0.95883054141459112 -0.092237959259670321 -0.1078610550482296
-0.95276780580395459 -0.1090437566440923 -0.13020352911192551
-0.94594115339235207 -0.1249693180133957 -0.15282331781740091
-0.93840009290024373 -0.14010725757487619 -0.1760517084646252
-0.93043003590052498 -0.15431322086917079 -0.1997724522271494
-0.92277738308386714 -0.16708682575369521 -0.2227565465946281
-0.91439601011511285 -0.18089704833626999 -0.24845047046862059
-0.90719452277461032 -0.19369154189286419 -0.27110330050069781
-0.89963699614170478 -0.20937138797769239 -0.29571171543652952
-0.89321525179545125 -0.22451338813351529 -0.31734073391103251
-0.88635079572813869 -0.2423357270804633 -0.34042498022397932
-0.88030082431662271 -0.25939320406644978 -0.36100237153770087
-0.87378913563529625 -0.27884311699652747 -0.38260049925065498
-0.86785836740230271 -0.29749413810868319 -0.40210059447474727
-0.86144210209681493 -0.31823280172450757 -0.422262057687468
-0.85539758269108468 -0.33828498121942641 -0.4406947764649583
-0.84891845006663136 -0.35990909818490868 -0.45930930588047519
-0.84255473261396363 -0.38125625875503422 -0.47668336391060651
-0.83582944248142743 -0.40358270545333907 -0.49380631548819309
-0.82899282294410448 -0.4259377334086954 -0.51000841109718043
-0.82181556162162461 -0.44898195788552392 -0.525809987341329
-0.81444322961250826 -0.47196801413958162 -0.54066104556327499
-0.80660355404738038 -0.49578797500601429 -0.55527206526200001
-0.79860524150508616 -0.51916142611848404 -0.56878345638942507
-0.78999770937424052 -0.54349453178078355 -0.58211511663010596
-0.78122371788981204 -0.56734881400581749 -0.59445280128123967
-0.77184238419363904 -0.591799638929704 -0.60639945927943029
-0.76212881591001103 -0.61616601326542475 -0.61765566956275675
-0.75191408266561433 -0.64062415231368297 -0.6282683974286164
-0.74124386744178583 -0.66521794421561353 -0.63838238108853229
-0.73006843370704833 -0.68967762436450541 -0.64775960210491745
-0.71834545566626928 -0.71427811598298729 -0.65663991948517708
-0.7061721416922685 -0.73860454995562475 -0.66489523570499798
-0.69327039552182512 -0.76292143660686285 -0.67269627636148488
-0.6797837537004916 -0.78682670767370899 -0.68008020597301921
-0.66559468422231471 -0.81049742291144611 -0.68712956078122467
-0.65077592862348144 -0.83388009855033396 -0.69383218999120677
-0.63528026012710814 -0.85697558368886251 -0.70015672945294571
-0.61924213504414627 -0.87959271617343526 -0.70606010045842349
-0.60244239317082549 -0.90207125091939677 -0.71165576416883114
-0.58516335287727905 -0.92402672539376007 -0.71686520462483705
-0.56725189499612971 -0.945556837525523 -0.72167032444248969
-0.54867918614067179 -0.96679763475239699 -0.72616024861208106
-0.52961685046008034 -0.98751066172866886 -0.73027951176566874
-0.50999713972570049 -1.007712556759069 -0.73400347822722345
-0.48969132004614191 -1.027594675565437 -0.73740089823419608
-0.46908481326920409 -1.046787403698469 -0.74042422504074978
-0.44770859286745901 -1.0656413857185181 -0.74309143566492164
-0.42607361364336449 -1.083768767452016 -0.7453794594340738
-0.40368793843182632 -1.101559596141467 -0.74733833024830432
-0.3811125444004414 -1.118574610762394 -0.7489297046961898
-0.35781380988053041 -1.1351860201084001 -0.75017137049732796
-0.3343453946667001 -1.151013759780442 -0.75104092749515861
-0.31019586065311328 -1.1664234025894691 -0.75158486781933254
-0.28590267317621021 -1.1810327093107249 -0.75177115803877914
-0.26101474425061932 -1.1951380850521061 -0.7516179027598624
-0.23596152588351479 -1.2084617272004701 -0.75110330696962013
-0.21039190501277011 -1.2212349262210931 -0.75025240923296832
-0.1846794816324043 -1.2332547990965499 -0.74907560504598225
-0.15852311873251229 -1.2446412491025871 -0.74755140740221049
-0.13222841829390031 -1.2552733271620431 -0.74570360613704745
-0.10553494216665819 -1.2652538514194891 -0.74351054860437393
-0.078791714264425786 -1.2744490761497009 -0.74099647272712321
-0.05162979330016372 -1.2830049974472411 -0.73814896265461949
-0.024490744651235789 -1.2907667993612251 -0.73501142047990775
0.0029807877764615191 -1.297832629347166 -0.73153957988456375
0.030464777113485931 -1.3041166473393631 -0.72777053332404851
0.058171300200230508 -1.3096777355077041 -0.7236802260428995
0.085890327186064361 -1.3144611695300521 -0.71929103333848876
0.1137466600947136 -1.3185058134974601 -0.71459168474677981
0.14159840617163769 -1.321772884587761 -0.70959463988451899
0.16951425388472571 -1.3242931855406479 -0.70429970669253272
0.19741058913895129 -1.326054325677261 -0.698724826826989
0.22531423693962571 -1.327050654927677 -0.69286298930028445
0.25313333690923578 -1.3272777343601609 -0.68673198211206021
0.28094157134976272 -1.3267377943237399 -0.68031549410150272
0.30860955841702498 -1.325433595925295 -0.67364316323730467
0.33620873218099012 -1.3233632753281941 -0.66669767573091887
0.36364734776997321 -1.320531204601475 -0.65950077712478294
0.39093719371374192 -1.316944804264258 -0.65205312164391105
0.41807175438112049 -1.312593780424004 -0.64435102550977885
0.44494677076951389 -1.3075080139179049 -0.63643008050746708
0.47169120546196402 -1.3016524787318371 -0.62824748448823597
0.49809305853315561 -1.2950935527348379 -0.61987814393204166
0.52433078816292034 -1.287773716411313 -0.61126196930764976
0.55018167313749988 -1.279761443482246 -0.60247463072871388
0.57585045597590734 -1.2709899457295479 -0.59344660190197385
0.60105064787376228 -1.261557651057337 -0.58427784560552165
0.62606891454977054 -1.2513660510171769 -0.57486967799515221
0.65057121866519041 -1.2405800505271061 -0.56536170851173295
0.67487663185908664 -1.2290540612713741 -0.55563456345673146
0.69860135022774827 -1.2169353467588719 -0.54582544888601803
0.72213300322198104 -1.2040786520874911 -0.53579895739374095
0.74509020610928678 -1.1907578515988611 -0.52574943809071617
0.76773124982947971 -1.176704462310882 -0.51552020714999836
0.78993229050538849 -1.1620945076191711 -0.50520733712225507
0.81161655606758376 -1.146984125164034 -0.49485498334056671
0.83301474669532849 -1.1311349250338729 -0.4843211347706261
0.85377330514826966 -1.1150046694932081 -0.47385900310751539
0.87429304044572698 -1.09809751679888 -0.46320249038877698
0.89413737764924395 -1.0809274267429949 -0.45263197766729701
0.91373157394913207 -1.063035658905201 -0.44189652418291131
0.93266715828088598 -1.0448938591543731 -0.43124848735862059
0.95133392174259923 -1.026095076681689 -0.42046779674276319
0.96933181004050206 -1.0070596963703871 -0.40978545953254669
0.98705604739270458 -0.98737924580493153 -0.39897812646300179
1.0041022714320309 -0.96752493421822539 -0.38829352940845341
1.020916087186083 -0.94703823734827686 -0.37747718378904738
1.036991209215586 -0.92642690940852279 -0.36682174595887351
1.0528576169859249 -0.90517060837169583 -0.35602105417344537
1.0679956196548031 -0.8838640977343134 -0.34540425051862927
1.0828908937877859 -0.86192327006641278 -0.33465363013465882
1.097113051682499 -0.83992771211200379 -0.32407096912656741
1.1109954439593941 -0.81739200608076357 -0.31341106480459008
1.1243185710613881 -0.79472617571705562 -0.30285977957283378
1.137201515143883 -0.77166984669614236 -0.29230625646120739
1.1496115077532181 -0.74838444281484096 -0.28180292877944108
1.161507726261765 -0.72484332965498599 -0.2713610073357956
1.1729765821866329 -0.70100303704725098 -0.26093166920627342
1.1839368754005291 -0.67699171911718403 -0.250581566467178
1.1944316138790649 -0.65268744915171073 -0.2402630465474892
1.2044463134090999 -0.62819718790739953 -0.23000632170198079
1.2139832841286691 -0.60350137126426218 -0.2198059930685182
1.223067375706447 -0.57857567828536349 -0.2096435833238087
1.2316533472974689 -0.55352684119015094 -0.1995669408520464
1.239787658968645 -0.5282263410814505 -0.18952259652768519
1.247441117709589 -0.50280529302583266 -0.17955560362925069
1.2546394982971829 -0.47721140114831689 -0.16963924584673351
1.2613664394883251 -0.45147215053411682 -0.15979101872817991
1.267625064803338 -0.42560474107865381 -0.15001271519415929
1.2734353116018411 -0.39958075397105619 -0.1402860715223726
1.2787823556511051 -0.37344131921319518 -0.13063101369536589
1.2836475932845759 -0.3472450952512558 -0.12107706422352731
1.28810223838697 -0.32081221430207579 -0.1115292466334511
1.2920631520502071 -0.29442353769281138 -0.10212144157634701
1.2955574197551829 -0.26785829905820929 -0.092780990766372959
1.2985554763395291 -0.24120295587029689 -0.083557267345505781
1.3011410485349839 -0.2144262661693247 -0.074371252821761824
1.303418089685179 -0.187641949758131 -0.065163114315580029
1.3054021014973061 -0.16085042604854621 -0.055920009294772102
1.307089694569127 -0.13405277668326909 -0.046646019687218369
1.30847604083419 -0.1072495415267585 -0.037346849453731457
1.3095576425281601 -0.080441605826111179 -0.02802770201966296
1.3103319934113291 -0.053630054273725622 -0.018693562191079011
1.310797335565268 -0.026816058675184509 -0.0093494001800123235

-1.1187339336538351 1.402781238391495 -9.1080764421419083e-07
-1.1418792086624481 1.389239262680046 0.0093481396818948532
-1.164868395016496 1.3754293887488089 0.01869216846438736
-1.187700970131998 1.3613531351749371 0.02802617453049314
-1.2103767862888939 1.347012598911608 0.037345198906591742
-1.2328961366956741 1.332410475077344 0.046644275768280258
-1.255259977840234 1.3175502166108011 0.0559182227963421
-1.2774702468263159 1.3024362641808771 0.065161346472210696
-1.299527701509503 1.2870720983763111 0.074369560034766205
-1.3214242097529449 1.2714444213849889 0.083555782527137759
-1.343009473922361 1.255519824926344 0.092780014918689466
-1.364266891769532 1.239211892912045 0.1021201973778707
-1.385141005465093 1.2225865480516751 0.1115284466695365
-1.4058053839926621 1.2055132698934949 0.12107553670421339
-1.4260605540465761 1.1881997267814679 0.13063086981186139
-1.44602009101066 1.1705041437604291 0.1402832470224013
-1.465659655457014 1.1524537528234271 0.15001345359932891
-1.4849241658277801 1.1341056338063029 0.1597891780159886
-1.503859976855658 1.1154030160118631 0.16964118511656839
-1.5224182786453431 1.096379665473896 0.17955369923879641
-1.5406112624402071 1.077035769608135 0.18952359032594901
-1.5584519086181701 1.057344487950522 0.1995662621647685
-1.5758540089801361 1.037381483350347 0.20964451748252649
-1.5928968931079659 1.017053011549143 0.21980633583699211
-1.609515588852118 0.99644541952707655 0.23000698988980051
-1.6257178694156069 0.97552542210940041 0.24026483206907209
-1.6415179727716049 0.95428653638861027 0.25058243717948131
-1.6568332167120139 0.932788803336976 0.26093264086372819
-1.671746241643147 0.91093642519849527 0.27136196865287232
-1.6861844293164849 0.88886429874966988 0.28180355598954859
-1.7001458763576089 0.86647328968449333 0.29230752010184902
-1.713672454969754 0.84378555698691615 0.30286230101628181
-1.726635240506563 0.82092152267931973 0.31341055256306921
-1.7392149045375449 0.79762504682786473 0.32407332230798291
-1.7511519695263991 0.77430900036332728 0.33465685219578689
-1.762704168844208 0.75044317028281404 0.3454056817447187
-1.773588360979621 0.72667753058357487 0.35602377598400398
-1.784061692341214 0.70231125457213817 0.36682333118328991
-1.7938761593844359 0.67808106888558772 0.37748030958956608
-1.80321100790263 0.6532756475524597 0.38829703710328362
-1.811879580235161 0.62859107839964978 0.39897949561728568
-1.820063924317411 0.60339511881406716 0.40978961158536631
-1.827548264966776 0.57829556625065848 0.42046998403328872
-1.834495168857819 0.55272810421357155 0.43125165013301447
-1.840737466910414 0.52725247121630003 0.44190192196541161
-1.8464353350159191 0.50135150898523662 0.45263233276200149
-1.851384994334941 0.4755603487402551 0.46321090207621962
-1.8557651712647769 0.44935583301813709 0.47385993260956549
-1.859355868344726 0.42329906763718111 0.48432744519394849
-1.862383200584524 0.39685415273884023 0.49485761506947001
-1.8646261990679791 0.37051316374780741 0.50521221452694853
-1.8661775103331959 0.34398395068278281 0.5155242743396109
-1.86702744139681 0.31735282342964999 0.52575215286241961
-1.8670838703528669 0.29079821819053697 0.53580648289598132
-1.8664516462374909 0.26400333876015641 0.54582791761815719
-1.865085428557687 0.2373961532403184 0.55563814382459653
-1.862912791442443 0.2105771264469542 0.56536740405336094
-1.8600039230427039 0.18397195021178939 0.57487313641841176
-1.856320780164932 0.15720700805476079 0.58428210339545217
-1.851887736009092 0.1306640714124522 0.59345155796856974
-1.846652288584288 0.1040534798788332 0.60247834497950725
-1.840663808236459 0.077657994165942976 0.61126585027814417
-1.833884955651147 0.051273421518194848 0.61988308000132586
-1.826363813326126 0.02513156394720702 0.6282513300825906
-1.818063968423379 -0.00095413619480861581 0.63643278266348347
-1.809029273177251 -0.026777553929126251 0.64435569399032533
-1.7992282704976399 -0.052454148488519398 0.65205775304247571
-1.788695272701833 -0.077870056749625161 0.65950254009959042
-1.777422615577555 -0.10306256901671421 0.66670321309009206
-1.7654212250040899 -0.12798550504542899 0.67364410385590001
-1.752709800741016 -0.15261465958869219 0.68032084399021586
-1.739284167300047 -0.17694782492017361 0.68673194980229368
-1.7251679045628741 -0.20094360445311391 0.69286701911727966
-1.710357850953895 -0.2246020846237137 0.69872609957458065
-1.694883764934634 -0.24788343465200599 0.70430169826205069
-1.678741562222567 -0.27079959614079552 0.70959605868642606
-1.661992224786546 -0.29328254211245569 0.71459310772245177
-1.644553819320199 -0.31539147143481278 0.7192929889941635
-1.626559137172181 -0.33699850434526618 0.72368133046831196
-1.6078840577922411 -0.35821774901297759 0.72777205459683403
-1.5887038617784071 -0.37887455123721969 0.73154080164342716
-1.568845952280872 -0.39913497374242679 0.73501262040262583
-1.548559214822689 -0.41875323851025892 0.73814959680867098
-1.5275627587740199 -0.43800311350731008 0.74099744604438178
-1.506233798701615 -0.45656111477357769 0.74351114981005817
-1.484236013718905 -0.47469455094863128 0.74570513359303447
-1.461889979960296 -0.49214315020214189 0.74755224095748696
-1.438941480512967 -0.50910865984619469 0.74907719151205099
-1.415680534500857 -0.52536195570822597 0.75025352509194809
-1.3918352349523331 -0.54111875422685229 0.75110458684504167
-1.367766314472495 -0.55615551334617674 0.75161894407536345
-1.343111946402006 -0.57065365258462508 0.75177238312695582
-1.3183059727104061 -0.58439117496641202 0.75158587092152207
-1.2928927274195019 -0.59759696072531088 0.7510421846960762
-1.2674485970871761 -0.6100084517039065 0.75017277960644313
-1.241409935075156 -0.62188150880554272 0.74893120694699222
-1.2153926220125539 -0.63292204378152206 0.74734019728308843
-1.1887851611478351 -0.6434164248785964 0.74538123336725226
-1.162273818098744 -0.65308734701491233 0.74309393456429762
-1.135257121663491 -0.66217262790755083 0.74042683016040201
-1.10832891396325 -0.67042278639868202 0.73740324730800388
-1.080963466213726 -0.67806558332955724 0.73400687866991554
-1.0536497245626499 -0.68495752184947367 0.73028164164733167
-1.0261942462507789 -0.69110641584278987 0.72616472262868337
-0.99850006518329204 -0.69657257916025805 0.72167275183198498
-0.97090573007873138 -0.7013178195900962 0.71686887993453086
-0.94325133179430509 -0.7053041332893959 0.71165936363154525
-0.9153781091819374 -0.70861467763661279 0.70606270914985225
-0.88778073478457475 -0.71119475920696573 0.7001615767163436
-0.86002350669097549 -0.7130665358176882 0.69383497168655406
-0.8323692247988258 -0.71420843986745397 0.68713403416915209
-0.80477040343268147 -0.71466138806099944 0.68008379216010773
-0.7773329707569383 -0.71438757725608215 0.67270119295503839
-0.74980887837417598 -0.71340194148819791 0.6648960979068006
-0.72267212991937912 -0.71178105716176598 0.6566457886318825
-0.69549059715963102 -0.70963229403362516 0.64776270779814293
-0.66872816509776334 -0.70708235882035153 0.63838772246768594
-0.64209247529312397 -0.70402434053389962 0.62827252223264607
-0.61580266256943805 -0.70064201994196607 0.61765936646467567
-0.5898457147595344 -0.69687094564164731 0.60640304009492274
-0.56398017146889601 -0.69276980476319794 0.594457697216902
-0.53893527901427551 -0.68844093878320967 0.58212108642383287
-0.51355583156387696 -0.68372865737983224 0.56878970095592563
-0.4893142525698313 -0.67896696802682566 0.55527495675367256
-0.46476145741383929 -0.67384696045165393 0.54066420018064199
-0.44118203102402048 -0.66873959714379827 0.52581798782179967
-0.41762222606370453 -0.66343086282619224 0.51000990180738204
-0.3948530076692377 -0.65817535914336422 0.49381349573517958
-0.37215593121069312 -0.65283704847321855 0.47669172209808153
-0.35047285546698148 -0.64766994328695426 0.45930598642420128
-0.32852613114265 -0.64247373910197025 0.44070806121009409
-0.3081238781792574 -0.63767941205164946 0.4222631525770979
-0.28696147102100572 -0.63286696842897328 0.40210255473272688
-0.26784287218857861 -0.62867882975303713 0.38260525468976198
-0.24774385066286361 -0.6245934622641347 0.36100591068882443
-0.2299421783289797 -0.62130495059147006 0.3404217469038916
-0.21107214192335211 -0.61833880180950329 0.31732810172211939
-0.19480168694725189 -0.6163336462050355 0.2957736013429933
-0.17737289459875771 -0.61503449324096393 0.27106159387809659
-0.16273261740855419 -0.6148729754935035 0.2484750863236001
-0.14657324982228689 -0.61522797436326637 0.2227653063657149
-0.13164248527536679 -0.61546807933827885 0.19971735306862329
-0.1153850470279939 -0.61526995414636287 0.1760455658419191
-0.098519169177853333 -0.61423240345786811 0.15283573709626011
-0.081295786566660588 -0.6121776985897821 0.1301938427397257
-0.06371923061650403 -0.60902612613814955 0.1078640664974079
-0.046032265856042552 -0.60473076452901764 0.085945623736262647
-0.028219802370009379 -0.59920028822220817 0.064182533229170877
-0.01064595921263943 -0.59246851531879285 0.042752718079111802
0.0067857191922664649 -0.58453455588649716 0.021247976385371362
0.023515706278596261 -0.57564643305838947 6.0625588443700524e-07
0.039576611263188823 -0.56560310191574725 -0.021245529806374151
0.055161767059950087 -0.55447678356625574 -0.042745328070799893
0.06978702988921312 -0.54261584486186276 -0.064189165217684543
0.083475147408924782 -0.52996177705190795 -0.085940598595211762
0.096036835898567388 -0.51679458449833016 -0.1078553093471025
0.1075647235431242 -0.50313703485338657 -0.13020507467125339
0.1179456978603364 -0.48925990356508792 -0.15282998179027929
0.12727125648860499 -0.47518058307187783 -0.1760232451292694
0.13558165706735209 -0.46118794453079559 -0.19971842026712019
0.14282600838038889 -0.44815657576905282 -0.22273203164572519
0.15060866255433741 -0.43396783369048703 -0.24847406919640361
0.15806895780390021 -0.42137019523145902 -0.27106140686233038
0.16789497307207299 -0.40694465639978472 -0.29574016709488199
0.17778261272015849 -0.39383314500608418 -0.31733352094335737
0.18977702167032789 -0.3789872151773756 -0.34040212745133419
0.2015400581826706 -0.36520061816600169 -0.36100919057709863
0.21511811355667951 -0.34984716669384158 -0.38259549740360249
0.2283137596354311 -0.33537410453477251 -0.40210624062953382
0.24305902615565961 -0.31945590706725391 -0.42226194410255152
0.25740354559477002 -0.30419267271077122 -0.44069621270559911
0.27289092303717982 -0.28776924883934529 -0.45931122375425593
0.28819407005453118 -0.27158767342759721 -0.47668371273480042
0.30417062068179601 -0.25459580361408263 -0.49381012067064611
0.32010790262436167 -0.23750351843516351 -0.51001003711454895
0.33647978883804741 -0.21975958811775759 -0.52581413819756562
0.35269861233870919 -0.2018855260687922 -0.54066588978037966
0.36940722813136889 -0.18318560946207421 -0.55527411992907338
0.38564757553360351 -0.1645765379816348 -0.56878423171875181
0.40242372401785997 -0.14494615631058599 -0.58212191235171651
0.41869005516461433 -0.1254271607362262 -0.5944553319735798
0.43517885635318909 -0.10507149178165751 -0.606405333062906
0.451417890808605 -0.084484499882309466 -0.61765756241453729
0.4674940468140516 -0.063405813087878307 -0.62827275036336905
0.48346226086800609 -0.041861449601696459 -0.63838894023083115
0.49904880532594509 -0.01996748373586486 -0.64776177262724022
0.51450389418418829 0.002504314884552218 -0.6566488242030718
0.52946928765199053 0.025186171293831619 -0.66489417617233815
0.54409129073572815 0.048537318921142138 -0.67270201085149783
0.55804556241504966 0.072159666615672385 -0.68008471331217435
0.57145277523686178 0.096287617615077412 -0.68713509257802829
0.5842915097720468 0.1208059894214423 -0.6938365605643666
0.59655056256054662 0.14578552990074309 -0.70016324603604085
0.60810982683772508 0.170963031426901 -0.70606182973369946
0.6191896514107128 0.1967830068506482 -0.71166362917494952
0.62955274686581775 0.22269745997329321 -0.71686714148966535
0.63924722015319924 0.24898421729062301 -0.7216749746630331
0.64835607952270824 0.27569009739184641 -0.72616446066313467
0.65676329225140329 0.30255480222270748 -0.73028381997978553
0.66444722089517738 0.32964205960563953 -0.73400672793904154
0.67151495570279252 0.35717356942060879 -0.73740548447116061
0.67783039625316821 0.3846077907102099 -0.74042689734603095
0.68347298802631218 0.41255351814376789 -0.74309560537177899
0.68835470715864255 0.44036063576646622 -0.74538335651286758
0.69256552092728818 0.46861833791325652 -0.74734022489181884
0.6960178286512958 0.4967068516473519 -0.7489336015808169
0.69875137933746412 0.525170165733019 -0.75017308367865709
0.70072585168272516 0.55341666315047955 -0.7510429819134361
0.70199570350531215 0.5820363819809834 -0.75158636579585902
0.70250167767018934 0.61037511524129195 -0.75177293163591519
0.70227295787077759 0.63898492117878392 -0.75161935625140175
0.70128527040612698 0.66734251175377579 -0.75110501023173148
0.69956231571133953 0.69586999177464648 -0.75025424083346226
0.69711611593153022 0.72415095536068941 -0.74907755758520678
0.69389868891034912 0.75249635032314044 -0.74755312492036197
0.68996085712069388 0.78057466730384939 -0.7457063357175765
0.68525281764623069 0.80870701591962968 -0.74351109372163704
0.67985078006153787 0.83643037437214718 -0.74099983559895499
0.67367189651995107 0.86426791515233437 -0.73814940864313827
0.66683088008758618 0.89161948300229299 -0.73501489541887211
0.65920914600867253 0.91896756687505632 -0.73154119149391494
0.650912885674368 0.94589261685210546 -0.72777355845369196
0.64187285936588989 0.97268334079958774 -0.72368255329922515
0.63215559683643874 0.99907321101635072 -0.71929286312799623
0.62173041633998616 1.02522507562486 -0.71459412988124493
0.61063629562589794 1.050967769713383 -0.70959794258453623
0.59885526825825397 1.0764187734809061 -0.7043007296540762
0.58643667030641633 1.1014455943284709 -0.69872822409811575
0.57334945935625126 1.12610746106267 -0.69286786440398074
0.55962769188348571 1.1503275847788279 -0.68673342039543095
0.54526457676263884 1.1741261978372779 -0.68032123043462001
0.53029680741221208 1.197439727811261 -0.67364730374821125
0.51470321117090445 1.220309331529438 -0.66670179339480728
0.49853548924061891 1.2426499761183929 -0.65950719515526068
0.4817763727572883 1.2644986327611349 -0.65205584223473501
0.46445234802545432 1.285809432763549 -0.6443592039374646
0.4466005917980459 1.3065527260761549 -0.63643404274889825
0.42816371107685808 1.3267786336310889 -0.62825446301120857
0.4092770772183747 1.346371167442844 -0.61988271980149956
0.38982629989706452 1.365425705273845 -0.61126976043584647
0.3699454320982018 1.383822422350004 -0.60247493191796508
0.34953280674838139 1.401649743587972 -0.59345486857068253
0.32875419375185988 1.4187662909379479 -0.58428157832963568
0.30741976865675641 1.4353367168827731 -0.57487395766330807
0.28583390264092068 1.4511581108845151 -0.56536829819000967
0.26369202035482758 1.4664506888178319 -0.55563792345177099
0.2413423167161822 1.4809314089220911 -0.54583179078631328
0.21842836824641729 1.494892418110757 -0.53579930832003653
0.19543357798248709 1.508101590268057 -0.52575809619533276
0.17191925613448089 1.5206959016357491 -0.51551878816217744
0.14818931570589719 1.532606798015741 -0.5052156706195976
0.1242492533019034 1.5438380348204861 -0.49485813700244558
0.099827792720495134 1.554440974875285 -0.48432542214948759
0.075476562824718402 1.56435625170503 -0.47386206001929793
0.050581969429405307 1.5736693606565371 -0.46320842092194497
0.025783531386726032 1.5822742407091179 -0.45263496055891561
0.00049472518365128461 1.5902945870974501 -0.44190067264594107
-0.024687101619794989 1.5976253945282251 -0.43125121202305178
-0.050296273687085592 1.60439118362081 -0.42047219888833659
-0.075783904626144302 1.610461127259849 -0.40978819035409458
-0.10168919398894451 1.6159706218994541 -0.39898092440416538
-0.12740757037688411 1.6208053625001799 -0.38829588185856823
-0.1535494570105074 1.625124168322025 -0.37748196653077709
-0.17944677372571641 1.6287397335599181 -0.36682264045341639
-0.20577970173190441 1.6318526205757971 -0.35602507087638402
-0.23180869592803979 1.6343098773122839 -0.34540498017319532
-0.25824928866215702 1.6362370095576071 -0.33465780755461838
-0.2844166098505716 1.6375588907456251 -0.32407151100716769
-0.31087052682133648 1.638312425246391 -0.31341320906689479
-0.33716418999351189 1.6385170154557109 -0.30286083477251058
-0.36357084069098761 1.638146322263301 -0.29230787439701039
-0.38993841626731163 1.6372506001936711 -0.28180586320856021
-0.41627920465066398 1.6357810626390701 -0.27136185715534011
-0.44265764002518909 1.6337933901398389 -0.26093337427745711
-0.46893278181486331 1.6312788319965541 -0.25058310853173038
-0.49522797535017921 1.628216255987289 -0.24026437823714011
-0.52144267514968923 1.6246442927889551 -0.23000827711667229
-0.54760399458505693 1.6205550203667261 -0.2198055668601491
-0.57372501146930022 1.6159595862435949 -0.2096462546886052
-0.59972088285483627 1.610869410348432 -0.19956537602927091
-0.62569043539268565 1.6052654207471539 -0.1895242629788805
-0.65153544113868911 1.5991829851129209 -0.17955563059420979
-0.67729650514135231 1.5926199064552311 -0.16964084686802339
-0.70295597379374741 1.5855732789283929 -0.1597910501072389
-0.72848194727451654 1.5780616879747189 -0.1500144222062057
-0.75392988774762315 1.570079581246415 -0.14028567238883699
-0.77923793782286088 1.5616422574718369 -0.13063122577664829
-0.80435624447254461 1.552757505318038 -0.1210777272634824
-0.82947692735415535 1.5433981576721509 -0.1115291759183963
-0.85431199778604938 1.533633567798252 -0.10212078504180119
-0.87906180307342885 1.5233789264104201 -0.092781384579395623
-0.90364701131998026 1.512647099639802 -0.083556736326525827
-0.92812926261236606 1.5014978414606821 -0.074370697064388508
-0.9524637741005646 1.4900775013529111 -0.065162661074874298
-0.97665802042221195 1.4783997831038069 -0.055919687122070467
-1.0007093687880231 1.466462289824648 -0.046645860516659678
-1.0246149402684051 1.454261121460289 -0.037346875815167657
-1.0483722230055681 1.441793713097542 -0.02802791794040509
-1.071979026988632 1.4290584506803401 -0.018693956363005911
-1.0954334580133669 1.416054399669779 -0.0093499530280382569

-1.1187341795868111 -1.402779847636648 1.334372428244962e-06
-1.0954337219781849 -1.416052913515546 0.0093503737493286429
-1.071979303139549 -1.429056851728304 0.018694383025721011
-1.048372504232119 -1.4417919799967771 0.028028359796898279
-1.0246152184025621 -1.4542592288895839 0.037347342410251498
-1.000709634997861 -1.46646020937262 0.04664636146076255
-0.97665826600881056 -1.478397484960509 0.055920231440801202
-0.95246399040899821 -1.49007495678998 0.065163256789885049
-0.92812944272195164 -1.501495027182749 0.074371348159202072
-0.90364722213610293 -1.512644000383526 0.083557393546023942
-0.87906272720758571 -1.523375491863634 0.092781623885944048
-0.85431122918470603 -1.5336311302437811 0.10212130585251571
-0.82947703028770425 -1.5433957201735811 0.1115289473346316
-0.80435659827742223 -1.552755274151127 0.1210770108347522
-0.77924101123589129 -1.5616373928231431 0.13063011682635831
-0.75392359253918373 -1.5700791049196541 0.14028730037899059
-0.72848719242947335 -1.5780573572709109 0.150011408430932
-0.70295261600861203 -1.585570882248144 0.15979146441133771
-0.67729891359493155 -1.5926150293115691 0.16963912409091991
-0.65153604266145815 -1.5991770695377989 0.1795551392815361
-0.62569150208448698 -1.6052605771423829 0.18952278314295459
-0.5997168485151817 -1.6108652796378811 0.19956579549142109
-0.57372530950664191 -1.6159541097927519 0.209644918589528
-0.54760559482214133 -1.620547994794977 0.21980400625427141
-0.52144064066162299 -1.6246385420441181 0.23000768345475739
-0.4952289614365124 -1.6282091182388581 0.24026269348775389
-0.46893210522364931 -1.631273542673547 0.25058142224103869
-0.4426566565495777 -1.6337874367839651 0.26093170725013071
-0.41627845137018221 -1.635775829602595 0.27135978368530222
-0.3899410940532862 -1.6372432722438499 0.28180258052501361
-0.36357132047010332 -1.6381380072615721 0.29230570605063039
-0.3371623856183858 -1.6385098740746289 0.30285898077651041
-0.31086995004220519 -1.638303261133119 0.31341125362482042
-0.2844154318802975 -1.6375507297763481 0.32406936438865308
-0.25825129745688252 -1.636229279102988 0.33465417738467068
-0.23180612674976109 -1.6343018565811189 0.34540299751615328
-0.20578306828452461 -1.631844911336481 0.356020585241064
-0.17944219849265 -1.6287306400112349 0.3668212591786586
-0.15355596839214219 -1.6251167845715051 0.377475875119961
-0.12740322246449981 -1.620796720207073 0.3882940057886477
-0.10169201745647941 -1.6159631259936349 0.39897594446465251
-0.075778277206729458 -1.610451905713765 0.40978654413539711
-0.050302007180658651 -1.6043844278593089 0.42046563254248781
-0.024681948684559241 -1.5976159597329389 0.4312490462623797
0.00049297420360524733 -1.5902873903766279 0.44189541988767622
0.025786736625469851 -1.582266838025161 0.45263158281184818
0.050577119028206677 -1.573665336746584 0.46320136026041658
0.075485573887433696 -1.5643484455732919 0.47386072128421958
0.099824604960158839 -1.5544393939286381 0.48431854706638039
0.1242592414846997 -1.543829734811536 0.494856808983761
0.14818272085986711 -1.532607253097271 0.50520701257977885
0.17193505211535029 -1.5206841713945749 0.51551964719628041
0.1954273901983419 -1.508105217035856 0.52574933043026284
0.218444004269647 -1.494880044270458 0.53579956888119362
0.24134029387520961 -1.480934152692805 0.54582431151684685
0.26369800219456341 -1.466444920624334 0.55563326818101677
0.28583668777420329 -1.4511578642880361 0.56536226567578862
0.30742014148815622 -1.435334962044301 0.57486613326496283
0.32876293754272451 -1.4187617932074601 0.58427768917584899
0.34953383275391942 -1.4016491741005641 0.59344693306504037
0.36995376196983237 -1.3838178007164139 0.6024703113546136
0.38982752198292209 -1.365425093390797 0.61126142961731134
0.40928300090792658 -1.3463690015521499 0.61987675073757942
0.42816636745076891 -1.3267775479047701 0.62824651200451365
0.44660864087811741 -1.306548897026832 0.6364289705778241
0.46445316867727299 -1.2858103331925881 0.64435050105096614
0.48178301827424602 -1.264496463835411 0.65205036980871467
0.49853864202795839 -1.242647976638382 0.65949983838367898
0.51470941912187385 -1.2203070076051969 0.66669659555959193
0.5302995891944069 -1.1974381672129211 0.67364043755317493
0.54526857710113918 -1.174126758782094 0.68031586728239402
0.55963223595962464 -1.1503224263693399 0.68672828509214667
0.57335260050725689 -1.1261080776767529 0.69286312417201923
0.58643839975459233 -1.101446398989357 0.69872321303514084
0.59886097053858212 -1.076408899185477 0.70429864023755184
0.61063732868039511 -1.050972227814797 0.7095940607548672
0.62173200484496005 -1.0252203948435401 0.71459067983676294
0.63216005411191634 -0.99906851409020592 0.7192916875195422
0.64187335937923462 -0.97267804628258991 0.7236795768891483
0.65091282052066601 -0.94590026122943782 0.72777147373999906
0.65921121251226245 -0.91895490066736429 0.7315399594203208
0.66682895662241615 -0.89163342792931688 0.7350129395279692
0.67367555825392789 -0.86424420716211892 0.73814989594505587
0.67984799013633368 -0.83644882748273752 0.7409979714749817
0.68525401789955775 -0.8086927088524628 0.7435116523426829
0.68996024209625095 -0.78057280930276041 0.74570668307895671
0.69389677406420613 -0.7525009322387185 0.74755339238532936
0.69711595912946245 -0.7241451912233593 0.749079315231158
0.69956056525325139 -0.6958696611193389 0.75025568176398949
0.70128490660193898 -0.66733987583140209 0.75110745180242033
0.70227111302500489 -0.63897962327302282 0.75162127328156236
0.70250085323280909 -0.61037950724304957 0.75177588164700315
0.70199339577624231 -0.58202824663310537 0.75158861161505952
0.70072479860255044 -0.55341973950674761 0.75104600235296748
0.69874914738510818 -0.52516833132007612 0.75017563376430096
0.69601493329115904 -0.49669605932484362 0.74893593928254887
0.69256474344890573 -0.46862981942137699 0.7473434339068673
0.68835291456764525 -0.44035748441686962 0.74538637146815767
0.68346957391219321 -0.41254970229763299 0.74309767650754932
0.67783060032481834 -0.38461302509470319 0.74043137196732411
0.67151101006638192 -0.3571682700533122 0.73740742530030101
0.66444703249351189 -0.32964464614409639 0.73401105431997038
0.65675940843626268 -0.30254857197667667 0.73028589141043299
0.64835560456184627 -0.27569068377355888 0.72616846797247803
0.63924330047083999 -0.24897758353290991 0.72167661236870451
0.62955565754956611 -0.22270579960327139 0.71687264615056512
0.61918175553108157 -0.19676583640615089 0.71166331808865524
0.60811258745266417 -0.17097167563398441 0.70606650937546367
0.59654699904591302 -0.14577891307363969 0.70016385836333206
0.5842921663137457 -0.120806850017288 0.69383803985567061
0.57145227307531876 -0.096282828870149731 0.68713461536981668
0.5580481996055634 -0.072160061075211335 0.68008477653284671
0.5440881082693072 -0.048528707900977089 0.6727007649872212
0.52947345396069334 -0.025190178905690121 0.66489645741397185
0.51450010288395032 -0.0024950310034597689 0.6566469105271403
0.49905338894169737 0.019963822444651991 0.64776461048112544
0.48346056010021438 0.041868128183460661 0.6383885847066717
0.4674938246644893 0.063409492408314713 0.62827279111940082
0.45142236403075442 0.084481337407782867 0.61766110940839813
0.43517713000250091 0.10507714132079379 0.60640574023307525
0.41868968919655619 0.1254298813190417 0.59445627771113774
0.40242543262878488 0.14494664378954461 0.58212395900957836
0.38564715585738168 0.16457804968910991 0.56878476572851022
0.36940790463733453 0.18318669451952799 0.55527560844924995
0.35269846477901801 0.20188774673903079 0.54066374364652503
0.33648235655855291 0.219759796832143 0.52581591983309772
0.3201074414363233 0.23750517106149541 0.51000914313200363
0.30416834517794422 0.25460028639647769 0.49380889702096759
0.28819873983046318 0.27158454770304752 0.47668912991545059
0.27288643835048748 0.28777641771344742 0.45930564242864358
0.25740878510805237 0.30419018866462849 0.44070218170861558
0.24305795932268731 0.31945912508892549 0.42225934275735999
0.22831348183747291 0.33537606538512732 0.40210493952479498
0.21511834440469479 0.34984863572679581 0.38259294199560812
0.2015374317830374 0.36520571998087548 0.36100556984678361
0.18978245169252739 0.3789849622524914 0.3404107273270241
0.17778940373200619 0.39383084439540811 0.31733927019862562
0.16789673615785281 0.40694595826281321 0.29573832421683499
0.15807149822983879 0.42136952209019662 0.27106253516999912
0.15060824558323679 0.43397370505590921 0.24846450337983439
0.14282875015073629 0.44816236296993078 0.22272341501855991
0.13558851378377471 0.46118381428929311 0.19972666587299881
0.12727253821062781 0.47518884607966633 0.1760141013050327
0.1179485447512018 0.48926373594437872 0.15282576896903699
0.1075643212960026 0.50314380707272077 0.13019840735819019
0.096042804503921872 0.51679348277632919 0.1078617842423828
0.083472969648152276 0.5299696339140314 0.085931966153946091
0.069792612855389166 0.54261677269770869 0.064192158498186838
0.055162867726620851 0.55448178853300045 0.042743617143107093
0.039577301802338517 0.5656095968859709 0.021241939876597941
0.02351830495739558 0.5756523772845209 -7.247839672411596e-07
0.0067878719716534166 0.58454009101794624 -0.021248006916540649
-0.010643186035529689 0.59247212682675565 -0.042751387494703433
-0.028219988225063629 0.59920398195252633 -0.064183160390594851
-0.046027335864325433 0.60473266226788314 -0.085938691748585247
-0.063718142609258274 0.60902791151814162 -0.1078625133555207
-0.081298039903488342 0.61217983621444805 -0.13019652226883521
-0.098520679222182495 0.6142341282875089 -0.1528382319529345
-0.1153737078917757 0.61527155420843771 -0.17602855662248779
-0.13164862176357831 0.61547139270233331 -0.1997267478889003
-0.14655532491704579 0.61522971694546502 -0.22273775187837591
-0.16272234454255641 0.6148754319494516 -0.24845738112951021
-0.17736034390934041 0.6150375919259099 -0.27104008477489722
-0.19477857735831319 0.61633558103056718 -0.29573566607257912
-0.21106967569739121 0.61834312850688988 -0.31732038064531692
-0.22993580403195901 0.62130920241491516 -0.34040742532323842
-0.24775123137926849 0.62460202574962742 -0.361006236503918
-0.26783781066298429 0.62868551347943891 -0.38259008016280782
-0.28696964025451649 0.63287725589365751 -0.40210229730869529
-0.30813081667829217 0.63768867584144395 -0.42225973679134771
-0.32852016849213472 0.64247919102602524 -0.44069215752903912
-0.35048258440695618 0.64767948713786938 -0.45930521526604862
-0.37215454413770233 0.65284235822867065 -0.47667890569647281
-0.39486027136413199 0.65818294991677417 -0.49380969160312949
-0.41763016334949921 0.66343837058938138 -0.51000599697443538
-0.44117577074804742 0.66874241238420129 -0.52580585465162366
-0.46476996430665352 0.67385224199832727 -0.54066371227931298
-0.48931396713170688 0.67897022367588711 -0.55526801307613005
-0.51356098540637196 0.68373343287293797 -0.56878560443118464
-0.53893379804224939 0.68844311276586756 -0.58211431183402729
-0.56398569081828198 0.69277276066769089 -0.59445508878878162
-0.58984318577733197 0.69687286040767038 -0.60639767941612188
-0.61581127068910724 0.70064480669022666 -0.61765804809100966
-0.64208590855665326 0.7040241003068578 -0.62826652465150179
-0.66873586569190746 0.70708335127771371 -0.63838715384452516
-0.6954886830644168 0.70963335265158611 -0.64775748086158325
-0.72267768167638957 0.71178245330093326 -0.65664417601927882
-0.74980916061943337 0.71340286891961924 -0.66489245195914437
-0.77733598669766168 0.71438890792991261 -0.67269785726839559
-0.80477307422383926 0.7146625325898569 -0.68008065895223802
-0.83236925872548451 0.71420999460315915 -0.68713080397943593
-0.86002892148830778 0.71306797191374516 -0.6938331019852183
-0.88777970403718998 0.71119657471575226 -0.70015803756379569
-0.91538002804740881 0.7086160944505947 -0.70605946099813077
-0.94325551908833327 0.70530543582216998 -0.71165653048619149
-0.97090312544682789 0.70132002482415912 -0.71686453428947883
-0.99850595360460348 0.69657366927582343 -0.72167000080857924
-1.0261911230920691 0.69110839901180998 -0.72615959497674099
-1.053655094809764 0.68495860381456219 -0.73027831657229836
-1.0809648742575231 0.67806675705741826 -0.73400213147028737
-1.1083294396520069 0.67042524788673008 -0.73739885803911509
-1.1352630248809239 0.66217269935611711 -0.74042246567945647
-1.162267929282973 0.6530918446464935 -0.74308868973642916
-1.188799699602781 0.64341388886259532 -0.74537809535730504
-1.215379296809614 0.63293010738747291 -0.74733426648710755
-1.241422243396969 0.62188018631214881 -0.74892747865590847
-1.267444115138239 0.61001307997326781 -0.75016667214619404
-1.2928983259218061 0.59759793736402655 -0.75103688658671319
-1.318309682608432 0.58439344677509375 -0.75158036313575016
-1.3431157760394949 0.57065568077343143 -0.75176644789479208
-1.3677678605978261 0.55615897744171028 -0.75161282724778222
-1.39183650492071 0.54112256003642201 -0.75109841874735939
-1.4156787700644189 0.52536782368437995 -0.75024735132347231
-1.438948151487222 0.50910912482918103 -0.74907078299778651
-1.4618956706719159 0.49214360565065712 -0.74754542469271512
-1.4842369975072509 0.47469911129310988 -0.74569893293998268
-1.5062399415211829 0.45656117773147581 -0.74350427328141133
-1.527561832138342 0.43800957284676639 -0.74099151220525172
-1.5485652945780259 0.41875203093172952 -0.73814220557914001
-1.56883956262833 0.3991457711989928 -0.73500725372175502
-1.5887140846359551 0.37886833801486208 -0.73153257581098741
-1.6078843616290941 0.35822307270676162 -0.7277662286556531
-1.6265634551288251 0.33699879224954421 -0.72367439338641537
-1.6445558486212399 0.31539501015444898 -0.71928686854164348
-1.661995783676087 0.29328355045335369 -0.71458636453762658
-1.6787440552726549 0.27080310238404381 -0.70959029003510854
-1.69488783036797 0.24788373726758831 -0.70429519666435747
-1.7103603775268601 0.2246055348945887 -0.69872061711497857
-1.72517385374988 0.20094202802008279 -0.69286052506836915
-1.739282178385364 0.17695597953781239 -0.68672728588956733
-1.7527165425548239 0.15260833121599859 -0.68031281194292603
-1.7654198357371409 0.12799421491254939 -0.67364020932564939
-1.77742910074841 0.1030539038205215 -0.66669452424032749
-1.7886926725944481 0.077883523216891043 -0.65950069471427908
-1.7992359461398899 0.052442826296377629 -0.65204890264827864
-1.809028621926007 0.026785889715300149 -0.64435270895861696
-1.8180683259459289 0.00095107138550228445 -0.63642693352673885
-1.8263649457925031 -0.025125209250218852 -0.62824862191651154
-1.8338888677347041 -0.051278963449448982 -0.61987657062552792
-1.840666081082881 -0.077654237054362474 -0.611262819432278
-1.8466550616889219 -0.10405872318733279 -0.6024719955648985
-1.8518894777070971 -0.13065947191432081 -0.59344897752664938
-1.856323258162899 -0.15721329771811959 -0.58427556472659936
-1.8600053893499291 -0.18396579120788589 -0.57487119046315216
-1.8629149117789101 -0.2105864625959184 -0.56535975966465679
-1.8650867773455051 -0.2373905734362266 -0.55563600267115798
-1.866453120306379 -0.26400359262759548 -0.54582367645507557
-1.8670860973005561 -0.29080629306394612 -0.53579933360441379
-1.8670283358330431 -0.31734986057210163 -0.52574916335857458
-1.866177512940185 -0.34398321521247732 -0.51552020389340858
-1.8646259670647829 -0.37051815644505148 -0.50520620882417644
-1.8623825684522961 -0.39684160666605139 -0.49485804912765508
-1.859354707631333 -0.42331367516446611 -0.48431782331817602
-1.8557650998431801 -0.44934343031299578 -0.47386064371357828
-1.8513813214457511 -0.47557602008559152 -0.46320055915613539
-1.8464358598207999 -0.50134149426292207 -0.45263249233542641
-1.8407352834269799 -0.52725783191051812 -0.44189595396243081
-1.8344946629432739 -0.55272761620422317 -0.43124827839553209
-1.827547851271442 -0.57829518458055496 -0.42046668470671139
-1.820062088241206 -0.60339883012769113 -0.40978460076589462
-1.8118802817670989 -0.62858790055999503 -0.39897750857102787
-1.803209534532902 -0.65327760630970677 -0.38829287397336643
-1.7938762563926891 -0.67808117489465258 -0.37747701515255061
-1.78406006950886 -0.70231215395793789 -0.36681974047350052
-1.77358870346716 -0.72667504177815945 -0.35602167300150489
-1.7627037613728289 -0.75044382081653971 -0.34540240684448192
-1.7511515845520971 -0.77430820018499336 -0.33465424895455181
-1.7392125061900721 -0.79762800981181636 -0.32406919599025802
-1.7266392067763141 -0.8209126996091618 -0.31341185584414261
-1.71366730390545 -0.8437932187507915 -0.30285616591256243
-1.7001475301098721 -0.86646748801506923 -0.29230771553939427
-1.6861816931121441 -0.88886695917592984 -0.28179987960445069
-1.671747745388225 -0.91093225783960774 -0.27136164031511428
-1.6568304075657021 -0.93279197376228329 -0.26092881531539469
-1.6415210323074221 -0.95428327980142436 -0.25058172185253452
-1.625715621083609 -0.97552856262658671 -0.24026109522146619
-1.609517937205198 -0.99644242410487693 -0.23000636664496221
-1.5928934454525181 -1.0170563471774361 -0.21980270706907701
-1.575856399756502 -1.0373775755756101 -0.20964461301689169
-1.5584486153308239 -1.0573474123828079 -0.19956294356843379
-1.540613508826139 -1.0770326840183631 -0.18952340981334601
-1.5224175542489371 -1.0963791133252641 -0.17955235034124831
-1.5038589479734139 -1.115403241918933 -0.16963940400866909
-1.4849249038881871 -1.1341049444513629 -0.1597878187535329
-1.4656584005615321 -1.15245366014745 -0.1500120675015591
-1.446021910929244 -1.1705019298921691 -0.14028289638465791
-1.426059726517986 -1.188200346017295 -0.13062895941523769
-1.405804977421762 -1.2055126910012179 -0.12107449157626041
-1.385142595387735 -1.2225853510986679 -0.1115275637635723
-1.3642662191859971 -1.239212363235439 -0.10211844522693039
-1.3430107843352841 -1.2555185528360691 -0.09277933864718732
-1.32142423288762 -1.271443545144844 -0.083555056670535616
-1.2995273343132721 -1.2870708460388169 -0.074369253581521286
-1.277470048153488 -1.3024350741399 -0.065160953894992032
-1.255259954986722 -1.317549100537154 -0.055917735393051407
-1.2328962048786889 -1.3324093657745371 -0.0466437691063155
-1.21037690919559 -1.347011461064062 -0.037344705419775602
-1.187701133412896 -1.361351952238838 -0.02802570199171658
-1.1648685908376359 -1.375428148338673 -0.018691716905136269
-1.141879431761806 -1.389237953175422 -0.0093477053156253258
