85.071941108598 -2.17231774506636e-14 0
85.0473568631753 1.87800875926201 0.469527933624225
84.9736278477817 3.75457613622617 0.938849916778719
84.8508251919388 5.62826246435762 1.40776008933043
84.6790673345655 7.49763150599424 1.87605277178006
84.4585198587433 9.36125216015371 2.34352255547986
84.1893952607661 11.2177001623984 2.80996439273269
83.8719526538556 13.065559774131 3.27517368673267
83.5064974070275 14.9034254587134 3.73894638130815
83.0933807197015 16.7299035418206 4.20107905042745
82.6329991327519 18.5436138534727 4.66136898742827
82.125793976803 20.3431913492141 5.11961429393152
81.5722507586712 22.1272877079483 5.57561396840062
80.9728984869622 23.8945729039736 6.02916799430741
80.3283089379276 25.6437367508117 6.48007742786604
79.6390958627829 27.373490414464 6.92814448529624
78.9059141377872 29.0825678937887 7.37317262957787
78.1294588584747 30.7697274657413 7.81496665665854
77.3104643795205 32.4337530932852 8.25333278107653
76.4497033018122 34.0734557938392 8.68807872096155
75.5479854083824 35.6876749661973 9.11901378237586
74.6061565509424 37.2752796739257 9.545948942959
73.6250974888342 38.8351698833156 9.9686969348392
72.6057226822976 40.3662776540475 10.3870723267753
71.5489790420194 41.8675682808016 10.8008916054928
70.4558446370049 43.3380413841339 11.2099732561795
69.3273273628754 44.7767319490209 11.6141378421028
68.1644635727597 46.1827113095652 12.0132080833178
66.9683166730067 47.555088078446 12.4070089344272
65.7399756860014 48.8930090197902 12.7953676613625
64.480553782417 50.1956598642358 13.1781139171506
63.1911867852838 51.4622660650569 13.555079816634
61.8730316483004 52.6920934943192 13.9261000101102
60.5272649108477 53.8844490781348 14.29101175586
59.1550811322057 55.0386813701876 14.6496549915314
57.7576913075001 56.1541810628069 15.0018724043479
56.3363212679342 57.2303814349671 15.3475095001113
54.8922100678815 58.2667587367019 15.686414670968
53.4266083614337 59.2628325095254 16.0184392619092
51.9407767710104 60.2181658425604 16.3434376359757
50.4359842506455 61.1323655641817 16.6612672381395
48.9135064465697 62.005082369091 16.9717886578325
47.3746240577082 62.8360108808469 17.2748656900974
45.8206211987066 63.6248896499816 17.570365395331
44.25278376809 64.3715010879432 17.8581581575961
42.6723978241456 65.0756713372109 18.1381177414757
41.0807479711 65.7372700780332 18.4101213474435
39.4791157581426 66.3562102723486 18.6740496657281
37.8687780938157 66.9324478455502 18.9297869286461
36.2510056782626 67.4659813068585 19.177220961382
34.6270614557904 67.956851309169 19.4162432311912
32.9981990901614 68.4051401493418 19.6467488950062
31.3656614649863 68.8109712099963 19.8686368454249
29.7306792115424 69.1745083439735 20.0818097550585
28.0944692662887 69.4959552027193 20.2861741192235
26.4582334602954 69.7755545099364 20.4816402969556
24.8231571427424 70.013587281941 20.6681225503288
23.1904078405835 70.2103719962465 20.8455390820636
21.5611339564011 70.3662637099824 21.0138120714056
19.9364635064099 70.481653129835 21.17286770826
18.3175029004926 70.5569656352786 21.3226362255678
16.7053357660759 70.5926602569354 21.4630519299073
15.101021817573 70.5892286119808 21.5940532303098
13.5055957730405 70.5471937985727 21.7155826652754
11.9200663196071 70.4671092513516 21.8275869279773
10.3454151291489 70.3495575601203 21.9300168896441
8.78259592559236 70.1951492538661 22.0228276211093
7.23253360513628 70.0045215523447 22.1059784125186
5.69612341058622 69.7783370874932 22.1794327911867
4.17423016090221 69.5172825969869 22.2431585375955
2.66768753695939 69.2220675922937 22.2971276995265
1.17729742442277 68.8934230036186 22.3413166043215
-0.296170685464583 68.5320998041656 22.3757058692664
-1.75198023648271 68.1388676161693 22.4002804100931
-3.18942808883195 67.7145133011764 22.4150294475957
-4.60784494083756 67.2598395370768 22.4199465123589
-6.0065956905773 66.7756633843977 22.4150294475957
-7.38507973715499 66.2628148443892 22.4002804100931
-8.74273122144715 65.7221354114329 22.3757058692664
-10.0790192062576 65.1544766223105 22.3413166043215
-11.3934477959197 64.5606986048654 22.2971276995265
-12.6855561954938 63.9416686285864 22.2431585375955
-13.9549187098097 63.2982596596272 22.1794327911867
-15.2011446827125 62.6313489227669 22.1059784125186
-16.4238783769722 61.9418164727897 22.0228276211093
-17.6227987954206 61.2305437777446 21.9300168896441
-18.7976194439819 60.4984123165125 21.8275869279774
-19.948088037363 59.74630219308 21.7155826652755
-21.0739861482713 58.9750907698782 21.5940532303098
-22.1751288011202 58.1856513225083 21.4630519299073
-23.2513640112846 57.3788517181281 21.3226362255678
-24.3025722710571 56.555553119725 21.17286770826
-25.3286659835499 55.7166087184511 21.0138120714056
-26.3295888458755 54.8628624961354 20.8455390820637
-27.3053151830267 53.995148020032 20.6681225503288
-28.2558492339596 53.1142872717971 20.4816402969556
-29.1812243914651 52.2210895126221 20.2861741192236
-30.0815023974926 51.3163501863776 20.0818097550585
-30.9567724956651 50.4008498625531 19.8686368454249
-31.8071505427955 49.4753532206959 19.6467488950063
-32.6327780812861 48.5406080779781 19.4162432311912
-33.4338213743542 47.5973444614339 19.1772209613821
-34.210470406091 46.6462737263269 18.9297869286462
-34.9629378484205 45.68808772202 18.6740496657281
-35.6914579970748 44.7234580066279 18.4101213474435
-36.3962856787581 43.7530351116435 18.1381177414758
-37.0776951317137 42.7774478576337 17.8581581575962
-37.7359788619544 41.7973027220045 17.5703653953311
-38.3714464774519 40.8131832597379 17.2748656900975
-38.9844235026187 39.8256495779046 16.9717886578326
-39.5752501754417 38.8352378646555 16.6612672381396
-40.1442802296572 37.8424599732943 16.3434376359759
-40.6918796643742 36.8478030619301 16.0184392619093
-41.2184255035736 35.8517292891065 15.6864146709681
-41.7243045479201 34.854675565701 15.3475095001114
-42.2099121213366 33.8570533632807 15.001872404348
-42.6756508147894 32.8592485790012 14.6496549915315
-43.1219292297366 31.8616214570258 14.2910117558602
-43.5491607236853 30.8645065663422 13.9261000101103
-43.9577621602928 29.8682128347473 13.5550798166341
-44.3481526664371 28.8730236386683 13.1781139171507
-44.7207523986593 27.8791969483849 12.7953676613626
-45.0759813213616 26.8869655281175 12.4070089344273
-45.4142579991171 25.8965371903419 12.0132080833179
-45.7359984054166 24.9080951035963 11.6141378421029
-46.0416147501419 23.921798152943 11.2099732561796
-46.331514328018 22.9377813521557 10.800891605493
-46.6060983902515 21.9561563066042 10.3870723267754
-46.8657610415167 20.9770117257198 9.9686969348393
-47.1108881643988 20.0004139838285 9.5459489429591
-47.3418563733509 19.026407728058 9.11901378237596
-47.5590320001606 18.0550165319302 8.68807872096164
-47.7627701128612 17.0862435931741 8.25333278107662
-47.9534135699586 16.1200724742101 7.81496665665863
-48.1312921117727 15.1564678836787 7.37317262957796
-48.2967214906236 14.1953764973135 6.92814448529632
-48.450002641516 13.2367278163846 6.48007742786612
-48.5914208948967 12.280435061871 6.02916799430749
-48.7212452329814 11.3263961024556 5.57561396840069
-48.839727591061 10.3744944143751 5.1196142939316
-48.9471022051128 9.42460007109699 4.66136898742834
-49.0435850069543 8.47657076074419 4.20107905042751
-49.129373068084 7.53025282913561 3.73894638130821
-49.2046440932648 6.5854823462651 3.27517368673273
-49.2695559648071 5.64208619399785 2.80996439273274
-49.3242463384157 4.69988317272555 2.34352255547992
-49.3688322913634 3.7586851246862 1.87605277178012
-49.4034100236597 2.81829807162504 1.40776008933049
-49.4280546127767 1.87852336444621 0.938849916778773
-49.4428198223988 0.93915884248336 0.469527933624258
-49.4477379655556 6.34195949920481e-14 4.25713862213558e-14
-49.4428198223988 -0.939158842483273 -0.469527933624193
-49.4280546127767 -1.87852336444607 -0.938849916778678
-49.4034100236597 -2.81829807162492 -1.4077600893304
-49.3688322913634 -3.75868512468606 -1.87605277178002
-49.3242463384157 -4.69988317272544 -2.34352255547985
-49.2695559648072 -5.64208619399774 -2.80996439273267
-49.2046440932648 -6.58548234626497 -3.27517368673265
-49.129373068084 -7.53025282913549 -3.73894638130813
-49.0435850069543 -8.47657076074406 -4.20107905042743
-48.9471022051129 -9.42460007109687 -4.66136898742825
-48.839727591061 -10.374494414375 -5.11961429393151
-48.7212452329814 -11.3263961024555 -5.57561396840063
-48.5914208948967 -12.2804350618708 -6.02916799430741
-48.450002641516 -13.2367278163845 -6.48007742786604
-48.2967214906237 -14.1953764973134 -6.92814448529624
-48.1312921117727 -15.1564678836786 -7.37317262957788
-47.9534135699587 -16.1200724742099 -7.81496665665854
-47.7627701128613 -17.086243593174 -8.25333278107655
-47.5590320001606 -18.0550165319301 -8.68807872096157
-47.341856373351 -19.0264077280579 -9.11901378237588
-47.1108881643988 -20.0004139838284 -9.54594894295902
-46.8657610415167 -20.9770117257196 -9.96869693483922
-46.6060983902516 -21.9561563066041 -10.3870723267753
-46.3315143280181 -22.9377813521556 -10.8008916054929
-46.0416147501419 -23.9217981529429 -11.2099732561795
-45.7359984054167 -24.9080951035962 -11.6141378421029
-45.4142579991172 -25.8965371903418 -12.0132080833179
-45.0759813213616 -26.8869655281173 -12.4070089344272
-44.7207523986594 -27.8791969483848 -12.7953676613625
-44.3481526664372 -28.8730236386681 -13.1781139171507
-43.9577621602929 -29.8682128347472 -13.555079816634
-43.5491607236853 -30.864506566342 -13.9261000101102
-43.1219292297367 -31.8616214570256 -14.2910117558601
-42.6756508147895 -32.8592485790011 -14.6496549915315
-42.2099121213367 -33.8570533632806 -15.0018724043479
-41.7243045479202 -34.8546755657008 -15.3475095001113
-41.2184255035737 -35.8517292891064 -15.6864146709681
-40.6918796643743 -36.84780306193 -16.0184392619093
-40.1442802296573 -37.8424599732942 -16.3434376359758
-39.5752501754418 -38.8352378646554 -16.6612672381395
-38.9844235026188 -39.8256495779044 -16.9717886578326
-38.371446477452 -40.8131832597378 -17.2748656900975
-37.7359788619545 -41.7973027220044 -17.570365395331
-37.0776951317138 -42.7774478576337 -17.8581581575962
-36.3962856787582 -43.7530351116434 -18.1381177414758
-35.6914579970749 -44.7234580066278 -18.4101213474435
-34.9629378484205 -45.68808772202 -18.6740496657281
-34.210470406091 -46.6462737263269 -18.9297869286462
-33.4338213743542 -47.5973444614338 -19.1772209613821
-32.6327780812862 -48.5406080779781 -19.4162432311912
-31.8071505427955 -49.4753532206959 -19.6467488950063
-30.9567724956651 -50.4008498625531 -19.8686368454249
-30.0815023974926 -51.3163501863777 -20.0818097550585
-29.1812243914651 -52.2210895126221 -20.2861741192236
-28.2558492339595 -53.1142872717972 -20.4816402969556
-27.3053151830266 -53.9951480200321 -20.6681225503289
-26.3295888458755 -54.8628624961355 -20.8455390820637
-25.3286659835499 -55.7166087184512 -21.0138120714056
-24.302572271057 -56.5555531197252 -21.17286770826
-23.2513640112845 -57.3788517181282 -21.3226362255678
-22.1751288011201 -58.1856513225084 -21.4630519299073
-21.0739861482711 -58.9750907698783 -21.5940532303099
-19.9480880373629 -59.7463021930801 -21.7155826652755
-18.7976194439817 -60.4984123165127 -21.8275869279774
-17.6227987954205 -61.2305437777447 -21.9300168896442
-16.423878376972 -61.9418164727899 -22.0228276211093
-15.2011446827123 -62.6313489227671 -22.1059784125186
-13.9549187098095 -63.2982596596274 -22.1794327911867
-12.6855561954936 -63.9416686285866 -22.2431585375956
-11.3934477959194 -64.5606986048656 -22.2971276995265
-10.0790192062572 -65.1544766223107 -22.3413166043215
-8.74273122144685 -65.7221354114331 -22.3757058692664
-7.38507973715465 -66.2628148443894 -22.4002804100931
-6.00659569057692 -66.7756633843979 -22.4150294475957
-4.60784494083713 -67.259839537077 -22.4199465123589
-3.18942808883155 -67.7145133011766 -22.4150294475957
-1.75198023648223 -68.1388676161694 -22.4002804100931
-0.296170685464134 -68.5320998041658 -22.3757058692664
1.17729742442327 -68.8934230036187 -22.3413166043215
2.66768753695988 -69.2220675922938 -22.2971276995265
4.17423016090281 -69.5172825969871 -22.2431585375955
5.69612341058681 -69.7783370874933 -22.1794327911867
7.23253360513685 -70.0045215523448 -22.1059784125185
8.78259592559297 -70.1951492538662 -22.0228276211093
10.3454151291495 -70.3495575601204 -21.9300168896441
11.9200663196078 -70.4671092513517 -21.8275869279773
13.5055957730412 -70.5471937985728 -21.7155826652754
15.1010218175738 -70.5892286119809 -21.5940532303098
16.7053357660766 -70.5926602569354 -21.4630519299072
18.3175029004934 -70.5569656352786 -21.3226362255677
19.9364635064107 -70.4816531298351 -21.1728677082599
21.5611339564019 -70.3662637099823 -21.0138120714055
23.1904078405843 -70.2103719962465 -20.8455390820636
24.8231571427432 -70.0135872819409 -20.6681225503287
26.4582334602963 -69.7755545099363 -20.4816402969555
28.0944692662896 -69.4959552027192 -20.2861741192234
29.7306792115432 -69.1745083439734 -20.0818097550584
31.3656614649871 -68.8109712099962 -19.8686368454248
32.9981990901623 -68.4051401493416 -19.6467488950061
34.6270614557913 -67.9568513091688 -19.416243231191
36.2510056782636 -67.4659813068582 -19.1772209613819
37.8687780938166 -66.9324478455499 -18.929786928646
39.4791157581435 -66.3562102723482 -18.6740496657279
41.0807479711008 -65.7372700780329 -18.4101213474433
42.6723978241465 -65.0756713372106 -18.1381177414755
44.2527837680909 -64.3715010879429 -17.858158157596
45.8206211987075 -63.6248896499811 -17.5703653953308
47.3746240577091 -62.8360108808464 -17.2748656900972
48.9135064465706 -62.0050823690905 -16.9717886578324
50.4359842506464 -61.1323655641812 -16.6612672381393
51.9407767710114 -60.2181658425599 -16.3434376359755
53.4266083614346 -59.2628325095249 -16.018439261909
54.8922100678824 -58.2667587367013 -15.6864146709678
56.3363212679351 -57.2303814349664 -15.3475095001111
57.757691307501 -56.1541810628062 -15.0018724043477
59.1550811322066 -55.0386813701869 -14.6496549915312
60.5272649108486 -53.8844490781341 -14.2910117558598
61.8730316483013 -52.6920934943185 -13.9261000101099
63.1911867852847 -51.4622660650561 -13.5550798166337
64.4805537824178 -50.195659864235 -13.1781139171504
65.7399756860023 -48.8930090197894 -12.7953676613622
66.9683166730076 -47.5550880784451 -12.4070089344269
68.1644635727605 -46.1827113095643 -12.0132080833175
69.3273273628762 -44.77673194902 -11.6141378421026
70.4558446370057 -43.338041384133 -11.2099732561792
71.5489790420202 -41.8675682808006 -10.8008916054926
72.6057226822984 -40.3662776540464 -10.387072326775
73.6250974888349 -38.8351698833146 -9.9686969348389
74.6061565509431 -37.2752796739246 -9.54594894295869
75.5479854083831 -35.6876749661962 -9.11901378237555
76.4497033018128 -34.0734557938381 -8.68807872096122
77.3104643795212 -32.433753093284 -8.2533327810762
78.1294588584753 -30.76972746574 -7.81496665665819
78.9059141377878 -29.0825678937874 -7.37317262957753
79.6390958627834 -27.3734904144628 -6.9281444852959
80.3283089379281 -25.6437367508104 -6.48007742786569
80.9728984869627 -23.8945729039723 -6.02916799430705
81.5722507586716 -22.1272877079469 -5.57561396840027
82.1257939768034 -20.3431913492128 -5.11961429393117
82.6329991327523 -18.5436138534714 -4.66136898742791
83.0933807197018 -16.7299035418192 -4.20107905042708
83.5064974070278 -14.9034254587119 -3.73894638130776
83.8719526538558 -13.0655597741295 -3.27517368673228
84.1893952607663 -11.2177001623968 -2.80996439273228
84.4585198587435 -9.36125216015217 -2.34352255547947
84.6790673345657 -7.49763150599273 -1.87605277177967
84.8508251919389 -5.62826246435607 -1.40776008933003
84.9736278477818 -3.75457613622457 -0.938849916778308
85.0473568631754 -1.87800875926045 -0.469527933623823

-49.4477379655569 77.6649729247638 3.92767131471887e-13
-51.0618491368962 76.7046779640638 0.469527933624628
-52.6501396495635 75.7025430752548 0.938849916779133
-54.2113982805274 74.6593496915769 1.40776008933084
-55.7444404309463 73.5759185029737 1.8760527717805
-57.2481095225547 72.4531084590913 2.34352255548031
-58.7212783543148 71.2918157193374 2.80996439273312
-60.1628504172472 70.092972551643 3.27517368673309
-61.5717611654251 68.8575461816524 3.73894638130858
-62.9469792411885 67.5865375941471 4.20107905042789
-64.2875076527102 66.2809802885881 4.6613689874287
-65.5923849021265 64.9419389907352 5.11961429393194
-66.8606860625237 63.5705083223733 5.57561396840105
-68.0915238021593 62.1678114312447 6.02916799430785
-69.284049354385 60.7349985833477 6.48007742786646
-70.4374534318247 59.2732457198258 6.92814448529665
-71.5509670834579 57.7837529807267 7.37317262957829
-72.6238624933507 56.2677431979631 7.81496665665898
-73.655453719875 54.7264603598576 8.25333278107697
-74.6450973743545 53.1611680496963 8.68807872096198
-75.5921932381775 51.57314786076 9.1190137823763
-76.496184817518 49.9636977903355 9.54594894295943
-77.3565598349102 48.3341306152419 9.96869693483962
-78.1728506570274 46.6857722514373 10.3870723267757
-78.9446346581208 45.0199601002917 10.8008916054933
-79.6715345186811 43.3380413841322 11.2099732561799
-80.3532184589934 41.6413714736831 11.6141378421032
-80.9894004073634 39.9313122100296 12.0132080833182
-81.5798401029013 38.209230223745 12.4070089344276
-82.1243431328579 36.4764952538167 12.7953676613629
-82.6227609046167 34.7344784690071 13.1781139171511
-83.074990552552 32.984550794278 13.5550798166344
-83.4809747800724 31.2280812448902 13.9261000101106
-83.8407016372745 29.4664352707804 14.2910117558604
-84.1542042347395 27.700973113789 14.6496549915318
-84.4215603941087 25.9330481802944 15.0018724043483
-84.6428922361787 24.1640054317721 15.3475095001117
-84.8183657073602 22.3951797957695 15.6864146709684
-84.9481900454449 20.6278945997441 16.0184392619096
-85.0326171857235 18.8634600301746 16.3434376359761
-85.0719411085977 17.1031716193031 16.6612672381398
-85.0664971299208 15.3483087618209 16.9717886578329
-85.0166611353994 13.6001332637522 17.2748656900978
-84.9228487604753 11.8598879257359 17.5703653953313
-84.7855145171979 10.128795162837 17.8581581575964
-84.6051508696807 8.40805566296341 18.138117741476
-84.3822872598217 6.69884708588501 18.4101213474438
-84.1174890850433 5.00232280478683 18.6740496657284
-83.8113566298875 3.31961069220805 18.9297869286464
-83.464523953373 1.65181195214321 19.1772209613823
-83.0776577340934 -1.97680914801039e-12 19.4162432311914
-82.6514560751016 -1.63478060799146 19.6467488950065
-82.1866472706856 -3.25151519435423 19.8686368454251
-81.6839885372068 -4.84921992756202 20.0818097550587
-81.1442647102205 -6.42694273544929 20.2861741192238
-80.5682869101543 -7.9837641636298 20.4816402969558
-79.956891178867 -9.51879817775932 20.668122550329
-79.3109370894525 -11.031192908593 20.8455390820639
-78.6313063316961 -12.5201313388854 21.0138120714058
-77.9189012756208 -13.9848319312819 21.1728677082602
-77.1746435155988 -15.4245491964543 21.3226362255679
-76.3994723975237 -16.838574200834 21.4630519299074
-75.5943435315648 -18.2262350134059 21.59405323031
-74.7602272930437 -19.5868970911262 21.7155826652756
-73.8981073139829 -20.9199636026374 21.8275869279775
-73.0089789678896 -22.2248756900581 21.9300168896443
-72.0938478503399 -23.501112668733 22.0228276211094
-71.1537282579291 -24.7481921649363 22.1059784125187
-70.1896416681513 -25.9656701916243 22.1794327911868
-69.2026152227588 -27.1531411624456 22.2431585375956
-68.1936802171447 -28.3102378443174 22.2971276995266
-67.1638705982674 -29.4366312489857 22.3413166043215
-66.1142214736207 -30.5320304640879 22.3757058692665
-65.0457676337211 -31.5961824243434 22.4002804100931
-63.9595420905571 -32.6288716235968 22.4150294475957
-62.8565746344097 -33.6299197685397 22.4199465123589
-61.7378904114131 -34.5991853750373 22.4150294475957
-60.6045085241831 -35.5365633080809 22.400280410093
-59.4574406577931 -36.4419842664853 22.3757058692664
-58.2976897333263 -37.3154142135418 22.3413166043214
-57.1262485911789 -38.1568537549273 22.2971276995264
-55.9440987062301 -38.9663374652621 22.2431585375955
-54.7522089369308 -39.7439331647917 22.1794327911866
-53.5515343103017 -40.4897411477513 22.1059784125185
-52.3430148447579 -41.2038933640548 22.0228276211092
-51.1275744126063 -41.8865525560244 21.930016889644
-49.9061196439889 -42.5379113519528 21.8275869279772
-48.6795388739623 -43.1581913183608 21.7155826652753
-47.4487011343266 -43.7476419728793 21.5940532303096
-46.2144551917304 -44.306539759752 21.4630519299071
-44.9776286334916 -44.8351869900115 21.3226362255675
-43.7390270024881 -45.333910748441 21.1728677082598
-42.4994329823759 -45.8030617694863 21.0138120714053
-41.2596056343025 -46.243013284331 20.8455390820634
-40.0202796861898 -46.6541598413937 20.6681225503285
-38.7821648755554 -47.0369161025462 20.4816402969553
-37.5459453467538 -47.3917156173894 20.2861741192232
-36.3122791034095 -47.7190095779554 20.0818097550582
-35.0817975167183 -48.0192655562333 19.8686368454245
-33.8551048901876 -48.2929662269402 19.6467488950059
-32.6327780812846 -48.5406080779782 19.4162432311908
-31.4153661803576 -48.7627001110341 19.1772209613817
-30.2033902470906 -48.9597625347893 18.9297869286458
-28.9973431046454 -49.1323254532138 18.6740496657277
-27.7976891915434 -49.2809275514212 18.4101213474431
-26.6048644712311 -49.4061147815572 18.1381177414753
-25.4192763991726 -49.5084390511907 17.8581581575957
-24.2413039472016 -49.5884569166624 17.5703653953305
-23.0712976847712 -49.6467282838323 17.2748656900969
-21.9095799166274 -49.6838151186462 16.9717886578321
-20.7564448763365 -49.7002801699198 16.661267238139
-19.6121589749945 -49.6966857067066 16.3434376359752
-18.4769611043448 -49.6735922725874 16.0184392619087
-17.3510629934365 -49.6315574591792 15.6864146709675
-16.2346496178563 -49.5711347011227 15.3475095001108
-15.1278796604727 -49.4928720947614 15.0018724043473
-14.0308860225426 -49.3973112426771 14.6496549915309
-12.9437763839339 -49.2849861261943 14.2910117558595
-11.8666338111358 -49.1564220079087 13.9261000101096
-10.7995174116397 -49.0121343662362 13.5550798166334
-9.74246303319133 -48.8526278639139 13.17811391715
-8.69548400633593 -48.6783953523199 12.7953676613619
-7.65857192860006 -48.4899169134053 12.4070089344266
-6.63169748858067 -48.2876589409616 12.0132080833172
-5.61481132813952 -48.072073262868 11.6141378421022
-4.60784494083601 -47.8435963058852 11.2099732561788
-3.61071160466552 -47.6026483044786 10.8008916054922
-2.62330734711015 -47.3496325550715 10.3870723267746
-1.64551194045373 -47.0849347170388 9.96869693483849
-0.677189925256428 -46.8089221616657 9.54594894295831
0.28180834016184 -46.5219433701996 9.11901378237515
1.23164560642599 -46.2243273820356 8.68807872096079
2.17249663823798 -45.9163832939754 8.25333278107576
3.1045471002123 -45.598399811405 7.81496665665778
4.02799242572282 -45.2706448521384 7.3731726295771
4.9430366710989 -44.933365203573 6.92814448529545
5.84989135753386 -44.5867862337026 6.48007742786527
6.74877430308806 -44.2311116564323 6.02916799430663
7.63990844718422 -43.8665233515354 5.57561396839982
8.523520670007 -43.4931812394924 5.11961429393071
9.3998406092229 -43.1112232113438 4.66136898742745
10.2690994764413 -42.7207651135904 4.20107905042665
11.1315288758359 -42.3219007880658 3.73894638130733
11.9873596273379 -41.914702166606 3.27517368673184
12.836820596805 -41.4992194202352 2.80996439273185
13.6801375355535 -41.0754811624865 2.34352255547901
14.5175319316218 -40.6434947063715 1.8760527717792
15.3492198751109 -40.2032463744147 1.40776008932956
16.1754109399203 -39.7547018610665 0.938849916777873
16.996307084165 -39.2978066467099 0.469527933623368
17.8121015715226 -38.8324864623815 -8.2810564916513e-13
18.6229779157236 -38.3586478042266 -0.469527933625064
19.4291088503461 -37.8761784966203 -0.938849916779528
20.2306553260385 -37.3849483027897 -1.40776008933121
21.0277655372313 -36.8848095816854 -1.87605277178081
21.8205739803517 -36.375597989761 -2.34352255548058
22.6092005454917 -35.8571332262374 -2.80996439273338
23.3937496434163 -35.329219820341 -3.27517368673332
24.1743093697375 -34.7916479589302 -3.73894638130881
24.9509507080024 -34.2441943528462 -4.20107905042808
25.7237267733794 -33.6866231402469 -4.66136898742887
26.4926720985434 -33.1186868251173 -5.11961429393213
27.2578019632866 -32.5401272490799 -5.5756139684012
28.019111769298 -31.9506765945614 -6.02916799430796
28.7765764614714 -31.350058417318 -6.48007742786655
29.5301499970141 -30.7379887062595 -6.92814448529676
30.2797648635392 -30.1141769684598 -7.37317262957836
31.0253316472356 -29.478327337195 -7.814966656659
31.7667386521126 -28.8301397008013 -8.253332781077
32.5038515712239 -28.1693108501054 -8.68807872096198
33.2365132106783 -27.4955356421416 -9.11901378237627
33.9645432671443 -26.8085081778372 -9.54594894295938
34.6877381594595 -26.1079229913192 -9.96869693483954
35.4058709148508 -25.3934762484673 -10.3870723267756
36.1186911101726 -24.6648669523231 -10.8008916054931
36.825924868467 -23.9217981529423 -11.2099732561798
37.5272749110452 -23.1639781592719 -11.6141378421031
38.2224206651868 -22.3911217506198 -12.013208083318
38.9110184274506 -21.602951385288 -12.4070089344274
39.5927015824842 -20.7991984039351 -12.7953676613627
40.2670808771175 -19.9796042252458 -13.1781139171508
40.9337447494215 -19.143921531489 -13.5550798166342
41.5922597123101 -18.2919154415668 -13.9261000101103
42.2421707911594 -17.4233646691687 -14.2910117558602
42.8830020148209 -16.5380626636761 -14.6496549915315
43.5142569592982 -15.6358187314809 -15.001872404348
44.1354193432652 -14.716459135422 -15.3475095001114
44.745953674499 -13.779828170073 -15.6864146709681
45.3453059462079 -12.8257892106577 -16.0184392619092
45.9329043821406 -11.8542257334125 -16.3434376359758
46.5081602292671 -10.8650423052645 -16.6612672381395
47.0704685967349 -9.85816554074191 -16.9717886578325
47.619209339712 -8.83354502409461 -17.2748656900974
48.1537479866448 -7.79115419465818 -17.5703653953309
48.6734367083751 -6.73099119355726 -17.8581581575961
49.177615327478 -5.653079669914 -18.1381177414756
49.6656123661069 -4.55746954479354 -18.4101213474434
50.1367461305547 -3.44423773119408 -18.674049665728
50.5903258306704 -2.31348880846268 -18.9297869286461
51.0256527322005 -1.16535564960061 -19.1772209613819
51.4420213400594 -5.21356258815926e-13 -19.4162432311911
51.8387206104718 1.18238699375522 -19.6467488950061
52.2150351898721 2.38158430631938 -19.8686368454248
52.5702466783908 3.59734060842181 -20.0818097550584
52.9036349157076 4.82937389523223 -20.2861741192234
53.2144792870038 6.07737116925046 -20.4816402969554
53.5020600467053 7.34098817863791 -20.6681225503287
53.7656596576668 8.619849211804 -20.8455390820635
54.0045641434144 9.91354694896436 -21.0138120714054
54.218064451034 11.2216423712835 -21.1728677082599
54.4054578222649 12.5436647281159 -21.3226362255676
54.5660491703392 13.8791115627556 -21.4630519299071
54.6991524600866 15.2274487969982 -21.5940532303097
54.8040920888141 16.5881108747186 -21.7155826652753
54.8802042654595 17.960500964559 -21.8275869279772
54.9268383855157 19.3439912217195 -21.930016889644
54.9433583992189 20.7379231087343 -22.0228276211092
54.929144170503 22.1416077750149 -22.1059784125185
54.8835928242293 23.5543264948348 -22.1794327911866
54.8061200792128 24.9753311633236 -22.2431585375955
54.6961615645875 26.4038448499375 -22.2971276995264
54.5531741170726 27.8390624087679 -22.3413166043214
54.3766370567291 29.2801511449468 -22.3757058692664
54.166053438827 30.7262515363076 -22.400280410093
53.9209512794793 32.1764780093596 -22.4150294475957
53.6408847527362 33.6299197685362 -22.4199465123589
53.325435356878 35.0856416775787 -22.4150294475957
52.9742130476928 36.5426851918249 -22.4002804100931
52.5868573365744 38.0000693400767 -22.3757058692665
52.1630383513338 39.4567917546318 -22.3413166043216
51.7024578576744 40.9118297479753 -22.2971276995266
51.2048502393458 42.3641414345404 -22.2431585375956
50.6699834350543 43.8126668958678 -22.1794327911868
50.0976598302822 45.2563293874074 -22.1059784125187
49.4877171022368 46.6940365851321 -22.0228276211095
48.8400290162302 48.1246818700612 -21.9300168896443
48.1545061718652 49.547145648713 -21.8275869279775
47.4310966974927 50.9602967074453 -21.7155826652757
46.6697868914814 52.3629935985738 -21.5940532303101
45.8706018089375 53.7540860561002 -21.4630519299076
45.0336057925959 55.1324164388231 -21.3226362255681
44.1589029467006 56.4968211985519 -21.1728677082603
43.2466375527848 57.8461323710958 -21.0138120714059
42.2969944263589 59.1791790876524 -20.845539082064
41.3101992136146 60.4947891041806 -20.6681225503292
40.286518627349 61.7917903463055 -20.481640296956
39.226260621422 63.0690124672688 -20.286174119224
38.1297745031547 64.3252884164104 -20.081809755059
36.9974509831896 65.5594560156409 -19.8686368454254
35.8297221624306 66.7703595413492 -19.6467488950068
34.6270614557935 67.956851309166 -19.4162432311917
33.3899834526009 69.1177932590007 -19.1772209613826
32.1190437135625 70.2520585377572 -18.9297869286468
30.8148385043915 71.3585330771344 -18.6740496657288
29.4780044662126 72.4361171639173 -18.4101213474442
28.1092182230261 73.4837270001735 -18.1381177414765
26.709195926599 74.5002962507794 -17.8581581575969
25.2786927392599 75.4847775757167 -17.5703653953318
23.8185022551825 76.4361441445984 -17.2748656900983
22.3294558608425 77.3533911309111 -16.9717886578335
20.8124220354436 78.2355371834842 -16.6612672381404
19.2683055922046 79.0816258727344 -16.3434376359767
17.6980468615028 79.890727109269 -16.0184392619102
16.1026208169705 80.6619385324709 -15.6864146709691
14.4830361457364 81.3943868667389 -15.3475095001124
12.8403342641007 82.087229243101 -15.001872404349
11.175588280026 82.7396544839764 -14.6496549915326
9.48990190391891 83.3508843489151 -14.2910117558612
7.78440830926425 83.9201747392095 -13.9261000101114
6.06026894476062 84.446816859335 -13.5550798166353
4.31867229969209 84.9301383332432 -13.1781139171519
2.56083262434892 85.3695042736073 -12.7953676613638
0.787988607387174 85.7643183021915 -12.4070089344286
-0.998597987903565 86.1140235195953 -12.0132080833192
-2.79764372638923 86.4181034227046 -11.6141378421043
-4.60784494083093 86.676082768267 -11.209973256181
-6.42787920640586 86.8875283810943 -10.8008916054943
-8.25640684777734 87.052049905486 -10.3870723267768
-10.0920724764311 87.1693004985588 -9.96869693484077
-11.9335065559313 87.2389774642627 -9.54594894296062
-13.7793269927118 87.2608228269589 -9.11901378237752
-15.6281407499645 87.2346238435373 -8.68807872096325
-17.4785454821524 87.1602134531447 -8.25333278107824
-19.3291311876308 87.0374706637065 -7.81496665666029
-21.178481876836 86.8663208745176 -7.37317262957966
-23.0251772534647 86.6467361342922 -6.92814448529807
-24.8677944060491 86.378735334162 -6.48007742786791
-26.7049095073094 86.0623843352211 -6.02916799430932
-28.535099518654 85.6977960303245 -5.57561396840257
-30.356943897183 85.2851303399524 -5.11961429393347
-32.1690263025483 84.8245941420642 -4.66136898743025
-33.9699363010195 84.3164411359712 -4.20107905042947
-35.7582710641088 83.7609716403695 -3.7389463813102
-37.5326370591148 83.158532325778 -3.27517368673476
-39.2916517289578 82.5095158817399 -2.80996439273482
-41.0339451586951 81.8143606192494 -2.34352255548203
-42.7581617261259 81.0735500089724 -1.87605277178218
-44.462961733918 80.2876121559392 -1.40776008933258
-46.1470230207249 79.4571192114859 -0.9388499167809
-47.8090425487858 78.582686723331 -0.469527933626437

-49.4477379655634 -77.6649729247601 -2.24122846184868e-12
-47.8090425488016 -78.5826867233224 0.469527933621955
-46.147023020741 -79.4571192114777 0.938849916776421
-44.462961733934 -80.2876121559316 1.40776008932819
-42.7581617261421 -81.0735500089653 1.87605277177779
-41.0339451587117 -81.8143606192426 2.34352255547757
-39.2916517289745 -82.5095158817336 2.80996439273037
-37.5326370591318 -83.158532325772 3.27517368673033
-35.7582710641259 -83.760971640364 3.73894638130578
-33.9699363010367 -84.3164411359662 4.20107905042507
-32.1690263025654 -84.8245941420596 4.66136898742591
-30.3569438972003 -85.2851303399483 5.11961429392914
-28.5350995186715 -85.6977960303208 5.57561396839822
-26.704909507327 -86.0623843352179 6.029167994305
-24.8677944060667 -86.3787353341592 6.48007742786362
-23.0251772534824 -86.6467361342899 6.9281444852938
-21.1784818768535 -86.8663208745158 7.37317262957547
-19.3291311876484 -87.0374706637052 7.81496665665612
-17.47854548217 -87.1602134531439 8.25333278107411
-15.6281407499822 -87.2346238435369 8.68807872095912
-13.7793269927295 -87.2608228269589 9.11901378237343
-11.933506555949 -87.2389774642631 9.54594894295656
-10.0920724764487 -87.1693004985598 9.96869693483676
-8.25640684779458 -87.0520499054874 10.3870723267729
-6.42787920642304 -86.8875283810961 10.8008916054905
-4.60784494084832 -86.6760827682693 11.2099732561771
-2.79764372640652 -86.4181034227074 11.6141378421005
-0.998597987920734 -86.1140235195985 12.0132080833155
0.787988607370121 -85.7643183021951 12.4070089344249
2.56083262433202 -85.3695042736113 12.7953676613602
4.31867229967562 -84.9301383332476 13.1781139171484
6.06026894474416 -84.4468168593398 13.5550798166317
7.78440830924796 -83.9201747392148 13.926100010108
9.4899019039028 -83.3508843489207 14.2910117558578
11.1755882800099 -82.7396544839825 14.6496549915292
12.8403342640848 -82.0872292431075 15.0018724043457
14.4830361457208 -81.3943868667457 15.3475095001091
16.1026208169552 -80.6619385324781 15.6864146709659
17.6980468614878 -79.8907271092765 16.0184392619071
19.2683055921898 -79.0816258727424 16.3434376359737
20.8124220354291 -78.2355371834924 16.6612672381374
22.3294558608281 -77.3533911309197 16.9717886578305
23.8185022551684 -76.4361441446074 17.2748656900954
25.2786927392461 -75.484777575726 17.570365395329
26.7091959265854 -74.500296250789 17.8581581575942
28.1092182230129 -73.4837270001834 18.1381177414738
29.4780044661996 -72.4361171639275 18.4101213474417
30.8148385043788 -71.3585330771449 18.6740496657263
32.1190437135501 -70.252058537768 18.9297869286444
33.3899834525889 -69.1177932590117 19.1772209613803
34.6270614557818 -67.9568513091773 19.4162432311895
35.8297221624193 -66.7703595413606 19.6467488950047
36.9974509831787 -65.5594560156526 19.8686368454233
38.1297745031441 -64.3252884164222 20.081809755057
39.2262606214116 -63.069012467281 20.2861741192221
40.286518627339 -61.7917903463178 20.4816402969542
41.3101992136049 -60.4947891041931 20.6681225503275
42.2969944263498 -59.1791790876649 20.8455390820624
43.246637552776 -57.8461323711086 21.0138120714044
44.1589029466921 -56.4968211985648 21.1728677082589
45.0336057925877 -55.1324164388362 21.3226362255667
45.8706018089296 -53.7540860561135 21.4630519299063
46.6697868914739 -52.3629935985872 21.5940532303089
47.4310966974856 -50.9602967074588 21.7155826652746
48.1545061718585 -49.5471456487265 21.8275869279765
48.8400290162238 -48.1246818700747 21.9300168896434
49.4877171022309 -46.6940365851457 22.0228276211086
50.0976598302765 -45.2563293874211 22.105978412518
50.669983435049 -43.8126668958817 22.1794327911862
51.2048502393409 -42.3641414345543 22.2431585375951
51.7024578576698 -40.9118297479892 22.2971276995261
52.1630383513295 -39.4567917546458 22.3413166043212
52.5868573365705 -38.0000693400907 22.3757058692662
52.9742130476893 -36.5426851918389 22.4002804100929
53.3254353568748 -35.0856416775927 22.4150294475956
53.6408847527333 -33.6299197685502 22.4199465123589
53.9209512794768 -32.1764780093736 22.4150294475958
54.1660534388248 -30.7262515363215 22.4002804100932
54.3766370567272 -29.2801511449605 22.3757058692666
54.5531741170711 -27.8390624087816 22.3413166043218
54.6961615645863 -26.4038448499511 22.2971276995269
54.8061200792119 -24.9753311633372 22.243158537596
54.8835928242287 -23.5543264948484 22.1794327911873
54.9291441705027 -22.1416077750284 22.1059784125192
54.9433583992189 -20.7379231087477 22.02282762111
54.926838385516 -19.3439912217327 21.9300168896449
54.8802042654601 -17.9605009645722 21.8275869279782
54.8040920888149 -16.5881108747316 21.7155826652764
54.6991524600878 -15.2274487970112 21.5940532303109
54.5660491703406 -13.8791115627685 21.4630519299084
54.4054578222665 -12.5436647281287 21.322636225569
54.2180644510358 -11.221642371296 21.1728677082613
54.0045641434166 -9.91354694897676 21.013812071407
53.7656596576692 -8.61984921181626 20.8455390820652
53.5020600467079 -7.34098817865002 20.6681225503304
53.2144792870066 -6.07737116926253 20.4816402969573
52.9036349157107 -4.82937389524415 20.2861741192253
52.5702466783941 -3.59734060843358 20.0818097550604
52.2150351898756 -2.38158430633089 19.8686368454268
51.8387206104755 -1.18238699376667 19.6467488950083
51.4420213400633 -1.0771075485954e-11 19.4162432311933
51.0256527322046 1.16535564958949 19.1772209613843
50.5903258306747 2.31348880845172 18.9297869286485
50.1367461305591 3.44423773118328 18.6740496657305
49.6656123661115 4.55746954478291 18.410121347446
49.1776153274827 5.65307966990364 18.1381177414783
48.67343670838 6.73099119354706 17.8581581575988
48.1537479866498 7.79115419464815 17.5703653953337
47.6192093397172 8.83354502408475 17.2748656901002
47.0704685967403 9.85816554073214 16.9717886578355
46.5081602292726 10.8650423052549 16.6612672381425
45.9329043821461 11.8542257334031 16.3434376359788
45.3453059462135 12.8257892106485 16.0184392619123
44.7459536745047 13.779828170064 15.6864146709712
44.1354193432711 14.7164591354131 15.3475095001146
43.5142569593041 15.6358187314722 15.0018724043513
42.883002014827 16.5380626636675 14.6496549915349
42.2421707911656 17.4233646691603 14.2910117558636
41.5922597123163 18.2919154415585 13.9261000101138
40.9337447494278 19.143921531481 13.5550798166377
40.2670808771239 19.9796042252379 13.1781139171544
39.5927015824907 20.7991984039273 12.7953676613664
38.9110184274572 21.6029513852803 12.4070089344312
38.2224206651934 22.3911217506123 12.0132080833218
37.5272749110519 23.1639781592645 11.6141378421069
36.8259248684737 23.9217981529351 11.2099732561836
36.1186911101794 24.664866952316 10.8008916054971
35.4058709148576 25.3934762484604 10.3870723267795
34.6877381594664 26.1079229913123 9.96869693484356
33.9645432671513 26.8085081778306 9.54594894296343
33.2365132106853 27.495535642135 9.11901378238036
32.503851571231 28.169310850099 8.68807872096612
31.7667386521196 28.8301397007951 8.25333278108109
31.0253316472426 29.4783273371888 7.81496665666316
30.2797648635463 30.1141769684537 7.37317262958256
29.5301499970212 30.7379887062536 6.92814448530099
28.7765764614786 31.3500584173122 6.48007742787085
28.0191117693052 31.9506765945556 6.02916799431228
27.2578019632939 32.5401272490743 5.57561396840554
26.4926720985506 33.1186868251119 5.11961429393642
25.7237267733867 33.6866231402415 4.66136898743322
24.9509507080098 34.2441943528409 4.20107905043244
24.1743093697449 34.791647958925 3.73894638131319
23.3937496434238 35.3292198203358 3.27517368673776
22.6092005454992 35.8571332262324 2.80996439273782
21.8205739803593 36.3755979897561 2.34352255548504
21.0277655372388 36.8848095816805 1.87605277178524
20.2306553260461 37.384948302785 1.40776008933565
19.4291088503538 37.8761784966156 0.938849916783967
18.6229779157313 38.358647804222 0.469527933629505
17.8121015715304 38.832486462377 5.3105625728625e-12
16.9963070841728 39.2978066467054 -0.469527933618886
16.1754109399283 39.754701861062 -0.938849916773355
15.3492198751189 40.2032463744104 -1.40776008932509
14.5175319316299 40.6434947063672 -1.87605277177469
13.6801375355617 41.0754811624823 -2.34352255547448
12.8368205968133 41.499219420231 -2.80996439272729
11.9873596273464 41.9147021666018 -3.27517368672725
11.1315288758445 42.3219007880617 -3.73894638130272
10.2690994764501 42.7207651135864 -4.20107905042201
9.39984060923156 43.1112232113399 -4.66136898742291
8.52352067001581 43.4931812394885 -5.11961429392615
7.63990844719318 43.8665233515317 -5.57561396839525
6.74877430309717 44.2311116564286 -6.02916799430205
5.84989135754313 44.586786233699 -6.48007742786068
4.94303667110824 44.9333652035694 -6.92814448529089
4.02799242573218 45.270644852135 -7.3731726295726
3.10454710022182 45.5983998114016 -7.81496665665328
2.17249663824759 45.9163832939722 -8.25333278107129
1.23164560643576 46.2243273820324 -8.68807872095632
0.281808340171872 46.5219433701965 -9.11901378237066
-0.677189925246207 46.8089221616627 -9.54594894295382
-1.64551194044342 47.0849347170359 -9.96869693483404
-2.62330734709982 47.3496325550687 -10.3870723267702
-3.61071160465499 47.602648304476 -10.8008916054878
-4.60784494082539 47.8435963058827 -11.2099732561745
-5.6148113281287 48.0720732628656 -11.6141378420979
-6.63169748856966 48.2876589409593 -12.0132080833129
-7.65857192858886 48.4899169134031 -12.4070089344223
-8.69548400632454 48.6783953523179 -12.7953676613577
-9.74246303317983 48.8526278639121 -13.1781139171459
-10.799517411628 49.0121343662345 -13.5550798166293
-11.8666338111239 49.1564220079072 -13.9261000101055
-12.9437763839218 49.2849861261929 -14.2910117558554
-14.0308860225303 49.3973112426759 -14.6496549915269
-15.1278796604602 49.4928720947604 -15.0018724043434
-16.2346496178435 49.5711347011219 -15.3475095001069
-17.3510629934239 49.6315574591786 -15.6864146709637
-18.4769611043319 49.673592272587 -16.018439261905
-19.6121589749815 49.6966857067064 -16.3434376359716
-20.7564448763234 49.7002801699198 -16.6612672381354
-21.9095799166141 49.6838151186465 -16.9717886578285
-23.0712976847577 49.6467282838328 -17.2748656900935
-24.2413039471879 49.5884569166632 -17.5703653953271
-25.4192763991588 49.5084390511917 -17.8581581575924
-26.6048644712173 49.4061147815585 -18.1381177414721
-27.7976891915293 49.2809275514228 -18.4101213474399
-28.9973431046312 49.1323254532157 -18.6740496657246
-30.2033902470763 48.9597625347914 -18.9297869286428
-31.4153661803431 48.7627001110366 -19.1772209613788
-32.6327780812699 48.540608077981 -19.416243231188
-33.8551048901728 48.2929662269434 -19.6467488950032
-35.0817975167034 48.0192655562368 -19.8686368454219
-36.3122791033944 47.7190095779592 -20.0818097550556
-37.5459453467386 47.3917156173936 -20.2861741192208
-38.7821648755402 47.0369161025507 -20.4816402969529
-40.0202796861745 46.6541598413986 -20.6681225503263
-41.2596056342873 46.2430132843362 -20.8455390820613
-42.4994329823604 45.8030617694919 -21.0138120714033
-43.7390270024727 45.333910748447 -21.1728677082578
-44.9776286334761 44.835186990018 -21.3226362255657
-46.2144551917148 44.3065397597589 -21.4630519299054
-47.448701134311 43.7476419728865 -21.594053230308
-48.6795388739467 43.1581913183684 -21.7155826652738
-49.9061196439735 42.5379113519608 -21.8275869279758
-51.1275744125909 41.8865525560328 -21.9300168896428
-52.3430148447424 41.2038933640637 -22.0228276211081
-53.5515343102863 40.4897411477606 -22.1059784125175
-54.7522089369154 39.7439331648015 -22.1794327911857
-55.9440987062147 38.9663374652724 -22.2431585375947
-57.1262485911636 38.156853754938 -22.2971276995258
-58.2976897333112 37.3154142135529 -22.3413166043209
-59.4574406577781 36.4419842664969 -22.375705869266
-60.6045085241682 35.5365633080929 -22.4002804100928
-61.7378904113983 34.5991853750498 -22.4150294475955
-62.856574634395 33.6299197685527 -22.4199465123589
-63.9595420905426 32.6288716236103 -22.4150294475958
-65.0457676337067 31.5961824243574 -22.4002804100934
-66.1142214736067 30.5320304641021 -22.3757058692668
-67.1638705982536 29.4366312490005 -22.3413166043221
-68.193680217131 28.3102378443327 -22.2971276995272
-69.2026152227454 27.1531411624613 -22.2431585375964
-70.1896416681381 25.9656701916405 -22.1794327911877
-71.1537282579162 24.748192164953 -22.1059784125197
-72.0938478503272 23.5011126687502 -22.0228276211106
-73.0089789678772 22.2248756900757 -21.9300168896456
-73.8981073139708 20.9199636026556 -21.8275869279789
-74.760227293032 19.5868970911449 -21.7155826652772
-75.5943435315534 18.226235013425 -21.5940532303117
-76.3994723975126 16.8385742008536 -21.4630519299093
-77.1746435155881 15.4245491964743 -21.32263622557
-77.9189012756106 13.9848319313022 -21.1728677082623
-78.6313063316863 12.5201313389061 -21.0138120714081
-79.3109370894432 11.0311929086141 -20.8455390820663
-79.9568911788581 9.51879817778085 -20.6681225503316
-80.5682869101459 7.98376416365179 -20.4816402969585
-81.1442647102125 6.42694273547171 -20.2861741192266
-81.6839885371993 4.84921992758486 -20.0818097550617
-82.1866472706787 3.25151519437721 -19.8686368454282
-82.6514560750952 1.63478060801479 -19.6467488950098
-83.0776577340876 2.56261083326328e-11 -19.4162432311948
-83.4645239533677 -1.65181195211919 -19.1772209613858
-83.8113566298828 -3.31961069218367 -18.9297869286501
-84.1174890850392 -5.00232280476216 -18.6740496657322
-84.3822872598181 -6.69884708586007 -18.4101213474477
-84.6051508696777 -8.40805566293815 -18.1381177414801
-84.7855145171955 -10.1287951628115 -17.8581581576006
-84.9228487604736 -11.8598879257101 -17.5703653953356
-85.0166611353983 -13.6001332637262 -17.2748656901022
-85.0664971299204 -15.3483087617945 -16.9717886578375
-85.071941108598 -17.1031716192766 -16.6612672381446
-85.0326171857245 -18.8634600301478 -16.343437635981
-84.9481900454465 -20.6278945997175 -16.0184392619145
-84.8183657073625 -22.3951797957427 -15.6864146709735
-84.6428922361817 -24.1640054317453 -15.3475095001169
-84.4215603941125 -25.9330481802674 -15.0018724043536
-84.154204234744 -27.7009731137619 -14.6496549915373
-83.8407016372797 -29.4664352707532 -14.291011755866
-83.4809747800783 -31.2280812448634 -13.9261000101162
-83.0749905525586 -32.9845507942511 -13.5550798166401
-82.622760904624 -34.7344784689802 -13.1781139171569
-82.124343132866 -36.4764952537897 -12.7953676613689
-81.5798401029101 -38.2092302237181 -12.4070089344337
-80.989400407373 -39.9313122100027 -12.0132080833244
-80.3532184590038 -41.6413714736562 -11.6141378421096
-79.6715345186921 -43.3380413841058 -11.2099732561862
-78.9446346581326 -45.0199601002655 -10.8008916054997
-78.17285065704 -46.6857722514113 -10.3870723267822
-77.3565598349235 -48.334130615216 -9.96869693484627
-76.4961848175321 -49.9636977903098 -9.54594894296618
-75.5921932381923 -51.5731478607345 -9.11901378238313
-74.64509737437 -53.161168049671 -8.68807872096891
-73.6554537198911 -54.7264603598329 -8.25333278108391
-72.6238624933676 -56.2677431979387 -7.814966656666
-71.5509670834755 -57.7837529807025 -7.37317262958542
-70.4374534318431 -59.273245719802 -6.92814448530387
-69.2840493544041 -60.7349985833242 -6.48007742787374
-68.0915238021791 -62.1678114312217 -6.0291679943152
-66.8606860625441 -63.5705083223506 -5.57561396840847
-65.5923849021477 -64.9419389907129 -5.11961429393944
-64.287507652732 -66.2809802885663 -4.66136898743626
-62.9469792412109 -67.5865375941258 -4.2010790504355
-61.5717611654483 -68.8575461816316 -3.73894638131626
-60.162850417271 -70.0929725516227 -3.27517368674084
-58.7212783543392 -71.2918157193177 -2.80996439274091
-57.2481095225797 -72.4531084590722 -2.34352255548813
-55.7444404309717 -73.5759185029553 -1.8760527717883
-54.2113982805534 -74.659349691559 -1.40776008933871
-52.6501396495901 -75.7025430752376 -0.938849916787033
-51.0618491369234 -76.7046779640473 -0.469527933632574
