-0.46101344604690991 -1.4157755283333431 0.54350927885672606
-0.58119384582001099 -1.34484150939127 0.5006391742976255
-0.68466195221799242 -1.275027098950537 0.44257525909537138
-0.78965307673233154 -1.196775594205143 0.36720277066045298
-0.89113149301597772 -1.118381058572925 0.29172174956142649
-0.98578281827122893 -1.0339927317854241 0.22438637028833139
-1.075760408604435 -0.93337545479011663 0.16884697376689201
-1.1577201399670189 -0.82106014120387683 0.1271825697133695
-1.2336434686814031 -0.69678681028204825 0.09999441500421441
-1.298616565725766 -0.56753186078333129 0.088739796399377957
-1.352724691945081 -0.42610591050963631 0.09427738189368072
-1.3811576221264199 -0.29659324077784849 0.1213398180288858
-1.4066041107493259 -0.1589992630506499 0.17859466339734009
-1.442308055795964 -0.036475418144566382 0.25709503916187681
-1.4971980469759489 0.066668946888174957 0.3470899472073809
-1.5792300280093861 0.1584144771679129 0.43824161237115022
-1.6777359782983421 0.23622240135075531 0.50902376208743838
-1.7962002760484099 0.3125695269167425 0.55953034465964158
-1.9229968157473429 0.38530177767304552 0.58723701851270216
-2.0537156426303631 0.45682584642755042 0.59155391405983526
-2.1816709649306998 0.5271594380292236 0.57283548545503404
-2.3051756681471192 0.5965451658618105 0.53216622381736345
-2.4209130598600872 0.66591688612238087 0.47012344981577409
-2.5237384013994921 0.73434211579667719 0.39023588513390861
-2.612426755710076 0.79993506221827082 0.29379841882189062
-2.6863424174573818 0.86454725910269437 0.18125872889953559
-2.7415146361340001 0.92368930865598831 0.05932930439542581
-2.7780498109429801 0.97863799503400384 -0.07289027057202771
-2.7939370127469951 1.0293992151688121 -0.210454573327715
-2.789150989376147 1.073648599108687 -0.35082517876449298
-2.7632622178144639 1.1133139620073 -0.49052176742587072
-2.717214652846125 1.145535324500631 -0.62628751682533645
-2.6519177973143062 1.169369730659108 -0.75595159062960271
-2.5687318291654742 1.1850470523178021 -0.87626892743937423
-2.470273724438345 1.1922094296837269 -0.98371073010971621
-2.3565163949183878 1.1918330896487619 -1.078732900427307
-2.2332128490102319 1.1842994781443961 -1.155857787854635
-2.0997314287157161 1.169391114722236 -1.2153627338126189
-1.96138561911545 1.145330402143951 -1.2560763088751461
-1.819993504715852 1.114801671695588 -1.276686055279137
-1.6784428489480181 1.0796571180410419 -1.2762085349909811
-1.5394097149760451 1.038841194030701 -1.2555683492166909
-1.406553089420379 0.99556475821850332 -1.2143559962132111
-1.2815945421880419 0.95228232370115662 -1.153487349791039
-1.1660909211719339 0.90870260247977264 -1.073444945853647
-1.064176095758862 0.86839680254137497 -0.97694452427529632
-0.97865584281487494 0.83428285631744015 -0.86647576507829849
-0.90721851209850468 0.80762655471218003 -0.74021470239074161
-0.85619394061708709 0.79119157799447648 -0.60638768720158975
-0.82052726139761956 0.78898329113186805 -0.46231079775438472
-0.80422900519577523 0.80383126244168934 -0.30721205552126229
-0.80278137474120692 0.8231604633125561 -0.1744714623964084
-0.81097970598737701 0.86935296654613392 -0.038007873887201567
-0.8226826080194426 0.94405252337072521 0.091811285834279735
-0.82929780375544337 1.0413526362229579 0.20389506753495679
-0.82633411192461792 1.1522881212949989 0.29567979527059829
-0.80936465809099156 1.27992715920512 0.37342646390397471
-0.7786912658864652 1.4103953269719971 0.43252462601251229
-0.7319469990730173 1.5405554759640729 0.47502834901804802
-0.66699113541833854 1.672934071330263 0.50277755398098334
-0.5902593691155047 1.795143516250181 0.51449441337938584
-0.49595573565462919 1.9107410679324961 0.51254318194372284
-0.39100179391713452 2.0096840243744771 0.49883066545809068
-0.27388973810120232 2.0948708720707621 0.47221703572910501
-0.1482049356137739 2.1621720595379661 0.43611659907116629
-0.01884644615295758 2.2084436766425091 0.39283580978874538
0.1185044732512906 2.2357308374984441 0.34117638281636159
0.25143259892365788 2.242766995390995 0.28541791647741488
0.38499889541590931 2.228253546128665 0.22532962109197341
0.51419009150629746 2.193318935161797 0.1662417706594139
0.63304405333063452 2.1384894104414718 0.1093440199180957
0.74981476200857056 2.0613857812351819 0.056088088746189653
0.85002697439518338 1.9703087310247109 0.014305624044760001
0.94436802854671009 1.856568625585481 -0.017148342316358679
1.022550314713355 1.7342852311436809 -0.03039258703849573
1.084678669325748 1.610657362610016 -0.01752866537564075
1.153228912997545 1.476879890279915 0.02787984454330485
1.232188489543802 1.3723479522526321 0.086694820389138977
1.334998180606384 1.2791703487991961 0.13618653755821339
1.4423934466204851 1.1856437500274739 0.15611462566625081
1.5499963142179931 1.0770188192250649 0.15360629688038921
1.634136249085669 0.96935425630883554 0.13577079761198721
1.7045838955041679 0.84424800482664597 0.1067322455679363
1.752796275469771 0.71351166188880166 0.074050607472090205
1.7790914225060379 0.57517094502428356 0.040923693055400057
1.783489609785075 0.43469354242894592 0.01233081018266423
1.768015280448195 0.28867908597374042 -0.0077159887060662116
1.7347648540801071 0.14850994578521221 -0.01402674209701414
1.6831582363815289 0.0094755531028596681 -0.0026876182789953569
1.622726469414115 -0.1063556056612284 0.030174356288107052
1.5596667733975069 -0.22840160323791511 0.092789540197104337
1.5236646102029059 -0.35590574232986538 0.17341335532938171
1.511423053141111 -0.48059648986681841 0.2261273281553369
1.506020579668645 -0.63183818062170483 0.26363607692766061
1.513723771958887 -0.7744706180306673 0.28403994823044232
1.532372731753437 -0.9196899453824493 0.28712250437927972
1.5616387937316769 -1.061039913899414 0.27333530560993069
1.596558865697185 -1.204124799674908 0.25182236181868101
1.6310436338697489 -1.345101674884031 0.23082025957241789
1.6657220703197171 -1.4865826893283971 0.21022548464506879
1.6973383394422541 -1.6327946856341251 0.18823961473863179
1.709288345452356 -1.771594868191122 0.16208264125115779
1.700103676972806 -1.9164988908883089 0.12850324342260949
1.6705770598806919 -2.055181723984417 0.090595816079906091
1.6208316450111291 -2.1872194551704109 0.048619162790373191
1.5522177222791911 -2.309112550612415 0.003810085837552189
1.466294417334602 -2.418531624838312 -0.042934051844576437
1.365054049908687 -2.5130144812846908 -0.090717747058761733
1.250638002485831 -2.5906802081381248 -0.1387270995993565
1.1256340937558751 -2.649769982904556 -0.1860341696261979
0.9926837401151255 -2.68916765794599 -0.23180312390401381
0.85475928286609559 -2.7079593193149409 -0.27514908014218131
0.71470571480974199 -2.705906179296159 -0.31533591636575431
0.57566078536275678 -2.6829738238412491 -0.35160594648328769
0.44050948333840462 -2.6398272929606499 -0.38338930658321341
0.31177003980096318 -2.5770918270878411 -0.41024762018785682
0.19410317570398089 -2.4972953302480718 -0.43144700381359269
0.084651752982401185 -2.3989027508269181 -0.44705286600603
-0.0060021820796529396 -2.2914767342220208 -0.45587060891726933
-0.08743915275725328 -2.1636179876336472 -0.46096945119486238
-0.1448104166397351 -2.0384917099195241 -0.4628837803181492
-0.18922394407012891 -1.893308569737145 -0.46072447180817377
-0.2121745294740309 -1.7538093095063561 -0.45503292221318858
-0.21532713707700379 -1.6079749726370081 -0.44551300874449218
-0.1969624613031512 -1.460805648404141 -0.43099589488150158
-0.15355970798385529 -1.31856357949325 -0.40770371293929392
-0.093756517347263119 -1.2011272143332989 -0.36757739856106769
-0.01344840274802497 -1.0854398733842829 -0.3175976977710056
0.092885132066634055 -0.97639440200828143 -0.27661729867983248
0.19104280759198561 -0.8995931763068552 -0.2700588731736312
0.31029009842920863 -0.82385554447816522 -0.2919940659603133
0.43700275089659341 -0.76474912923568916 -0.32846866047987788
0.5719007329394542 -0.7185586125026221 -0.37992460371686299
0.69832863234079723 -0.68940464227260312 -0.43736728304352951
0.82902704071219069 -0.67573620873217055 -0.50745979451004786
0.95728932003061351 -0.67868844585016752 -0.58877016640256197
1.0674448619822141 -0.70286239951446694 -0.65001294859752545
1.207163629373369 -0.74926466556140181 -0.69527863234983089
1.3536277989362759 -0.78472780726359259 -0.71953970189710703
1.4968270866143869 -0.80822752519903684 -0.72547755334411523
1.6426444807181799 -0.82074010574672163 -0.71331417556824428
1.785207846093765 -0.82396479761423114 -0.6823779588900073
1.9235839034623909 -0.8174925742999557 -0.63277443937490707
2.0519912060293901 -0.80269445540958584 -0.56536184047855464
2.1681813817404301 -0.78443627939097693 -0.47935922892887428
2.269878373734413 -0.76063881578317682 -0.37773641412488679
2.3554761345328261 -0.72867492973983039 -0.2640636775628325
2.4240232007422371 -0.68720355205522976 -0.14250177706036979
2.4736768709311159 -0.63740681200252025 -0.015485541836546841
2.5037257262839212 -0.58011517924740219 0.11467368335316371
2.5146640166759391 -0.51390448342427963 0.24381573369159981
2.5053766743928731 -0.44239892248797608 0.36935205583956349
2.475881094517471 -0.36608232286721948 0.49072130839414002
2.4279936414890049 -0.28767471003286882 0.60294888723791951
2.361878420443329 -0.20772366120531571 0.70477975246712588
2.278915393678798 -0.12704130035599789 0.7932360697558074
2.1805620834061461 -0.049048148988146342 0.86732930884515191
2.0687114482474271 0.024083234596410621 0.92581120329437916
1.9465270481454531 0.093085856877437173 0.96583815904218628
1.815624969028623 0.1555649524744879 0.98750334843223087
1.68033540656505 0.21037418602226901 0.98948316687926841
1.542778102415038 0.25805527890718899 0.97152194914833767
1.405830476685076 0.29819011523313033 0.93292526753064753
1.275268198658752 0.33103716288608342 0.87471652541836098
1.1533023898888271 0.35849331186142641 0.7971568960740123
1.042999125992355 0.37843836021503668 0.70146640076917366
0.94644640915969025 0.39332748516373323 0.58769317026193157
0.87112432244069893 0.403044957974105 0.46229458328857409
0.81348685630093165 0.41422319781911138 0.31792487668193392
0.78575785234710549 0.42128068762677617 0.1859831694187209
0.77635448532301754 0.44565986662975648 0.027997776772295809
0.78666389938367032 0.47484134922876731 -0.11531127520666321
0.81771792112859953 0.51120603421239375 -0.2535605822168468
0.86926858658325423 0.55892582014342362 -0.38524076687222192
0.93735045070896006 0.61522097135447718 -0.5053184304011592
1.0178162333070571 0.6818930997905962 -0.61017809754807906
1.1090350440684831 0.75873597756556732 -0.69756612613814806
1.207776206285881 0.845225388970962 -0.76655376110012186
1.3099537980265581 0.93905493214216629 -0.81438328919676795
1.4153267133847429 1.0397019416668649 -0.8419123285840624
1.518445305271326 1.1428363346743149 -0.84824562151819072
1.6187346564419409 1.249476219138931 -0.83329228922244503
1.7113812585439609 1.356703510268938 -0.79820447377580472
1.796299934564658 1.461914069809102 -0.74279118111299081
1.8698954526572491 1.564380775410473 -0.66924445749780748
1.9295794777150641 1.6632521513649601 -0.58008086157588723
1.973880120069323 1.7557509001506439 -0.47764171617089091
2.0043605348521241 1.838970409615722 -0.36189868305558881
2.0199756619769258 1.9107086760786189 -0.2373454698368376
2.0180453038079622 1.973240692529439 -0.10612910630501669
1.998956841393809 2.0238598647850199 0.027783907930606571
1.963376824646953 2.0614064927475519 0.16333733839050271
1.911282255851136 2.0857682020791941 0.29576733005196199
1.8443896735331631 2.095767366814492 0.42428503881105217
1.765214671241444 2.0906978056019212 0.54504036400801914
1.673043657805795 2.072729377971505 0.65544470130352861
1.5692582496092999 2.042672510482991 0.75252567312876217
1.4578011079100781 2.000538269577175 0.83515579305338339
1.339800626632242 1.947791080731915 0.90118295434442386
1.217482781284946 1.884982514501762 0.94858027478703599
1.093557408430786 1.814556953981372 0.9765160526341603
0.96907359040374574 1.737378701141598 0.98368614754309436
0.84870679528072834 1.6572805858913611 0.96993697373166821
0.73190940518511072 1.5749599379522849 0.93505821857143867
0.623023707612536 1.493667524650576 0.87973221221043629
0.52115970901570241 1.417944457008764 0.80409872045092456
0.43091311184986059 1.3501165107237849 0.71149919411568796
0.34958829038839068 1.293851735153881 0.60000692497581209
0.28360483839028983 1.2534510045056 0.47695525330501681
0.2265845515872803 1.2352654338681031 0.34362148112620949
0.1830599981834635 1.2321044061006721 0.20398180264847879
0.14366046248735179 1.2566969348205661 0.060513258984637552
0.099191273672737987 1.3076902235053389 -0.068996474245486911
0.042642485051278843 1.3766427494378259 -0.17974168900084961
-0.031695086909267811 1.457807885126374 -0.2747644099685036
-0.1280594364153155 1.5446061646523921 -0.35504575493808471
-0.23142268775643959 1.6199468285768841 -0.41265514587338847
-0.35434928828774842 1.6875458212580079 -0.45588217943521903
-0.48775467327923783 1.7399963316144831 -0.48314034104487402
-0.62754284966594898 1.7756166207051101 -0.49590048790668878
-0.77285066025639448 1.7920253928254311 -0.49632409034310182
-0.91985648910775109 1.7884352817766731 -0.48647895813955477
-1.0623111177370821 1.764950926647185 -0.46846992571599227
-1.1994344361957929 1.7213012743457861 -0.44258949237987433
-1.3269471664183501 1.6596333611942931 -0.41187031319872291
-1.4487873949722581 1.5764276218800579 -0.37725070969028018
-1.5516144417552939 1.4807630624710639 -0.34337990550502928
-1.638742096662283 1.369374738133597 -0.31160998005770341
-1.710159122000954 1.2409416377485429 -0.28583762218066772
-1.7647864086812211 1.0975004096209551 -0.27214377665361261
-1.7931557964098039 0.96544984584877114 -0.2779699417801223
-1.8159719347489489 0.8168418263577637 -0.31551403366575542
-1.8568670642834031 0.69158937889977468 -0.36676604343584562
-1.924089061298772 0.56789758863842232 -0.41202440262614382
-1.9998615143774301 0.45415169894602958 -0.42985112500468448
-2.0868897946264839 0.33005596336170312 -0.4218729331878816
-2.1663415647532429 0.21503593106975091 -0.39139845212521318
-2.2370519128436741 0.10009755101808419 -0.33881056434353751
-2.2978948707027151 -0.01188969319657 -0.26686832206222749
-2.3446441389486039 -0.11738838996575721 -0.17989272891898869
-2.374716375460153 -0.21786372235541501 -0.079219519601599703
-2.3870785979936708 -0.30896125077089948 0.02942515812384059
-2.382733133945762 -0.39303406183929268 0.14910550030872929
-2.3601750899520688 -0.46612797755223301 0.27081519628913742
-2.3186001730565469 -0.52976801429618259 0.39405557861643342
-2.2592703843470621 -0.58164488656163493 0.51371784744152793
-2.1811378344891752 -0.62440305601945023 0.63038462032326203
-2.0913260033198751 -0.6518751871648516 0.7371142765652744
-1.984360193374578 -0.66876264557206055 0.83577453265618551
-1.867186501783255 -0.67559475650261258 0.91831999981439227
-1.7396350824733979 -0.66792441642369982 0.98866456876060826
-1.6069450804027119 -0.64943364989366026 1.0414594470308121
-1.4670423143222171 -0.62151306494593084 1.076936194763217
-1.328172381725417 -0.58401092005088173 1.0935799388032019
-1.1890666184332011 -0.53672952441865518 1.090742021753059
-1.0560761215098919 -0.48338063937116021 1.067992351994403
-0.92642848241553444 -0.42751795102355139 1.0239250405606899
-0.80705958155584168 -0.37150809034290821 0.9590129709258971
-0.70099271154393239 -0.32203963768416732 0.87448666962733557
-0.60489258603158114 -0.27939151038745491 0.76893087736282584
-0.52421987925512104 -0.24216258870891541 0.64968984702724275
-0.46284364740782119 -0.20916754305129731 0.52100055810346202
-0.41908405123814652 -0.18022541876782239 0.38252449393687532
-0.39409484597058259 -0.15622490236139289 0.23768120622504671
-0.3896137735156126 -0.1365570002655089 0.089097670084864369
-0.40686373877347159 -0.12378227065366949 -0.054054531464087348
-0.44199420128432881 -0.1240761288524396 -0.20649407157737079
-0.4554469066267654 -0.13668549485341699 -0.34089427053902049
-0.44392923163375358 -0.14974700007796779 -0.47948946140842469
-0.41445289968238208 -0.18320088534327911 -0.62813199110131346
-0.37417710662414588 -0.22935486822723261 -0.75999622332253103
-0.32133616063224513 -0.29088260596120258 -0.88326452551410461
-0.25767157234450611 -0.36616572530636959 -0.99356755665830498
-0.1856490828990735 -0.45252288590346612 -1.0870534504164231
-0.1035107845902833 -0.55215467799834927 -1.1661346063584239
-0.018795982810867331 -0.65513657585326546 -1.225017331593566
0.070418134377947736 -0.76749835934794908 -1.2653123253894449
0.1613462787779224 -0.88411995276140753 -1.2865187482761931
0.25067544888800353 -1.0004508222517761 -1.288217504652613
0.33661576690838507 -1.1207632042183131 -1.2693435581208261
0.41970937095067168 -1.2401237055846011 -1.2299165725485901
0.49460373582892292 -1.3531316474722901 -1.1720516026397361
0.56721423550761896 -1.455186253083222 -1.091569511851592
0.63305082523238232 -1.540670846717626 -0.99232119318104872
0.69259812721730873 -1.606858186232111 -0.87368815220345053
0.74396212128781603 -1.6485193021650419 -0.74390003466837207
0.78134710419458009 -1.6762973670440799 -0.60068850693015918
0.80005987089932762 -1.6932192557125301 -0.45440604716691457
0.79531891683446521 -1.703358031500136 -0.28208532010582321
0.75936236306683191 -1.7161226934755101 -0.15464956108717409
0.71444096117095923 -1.72946687107448 -0.037853696599345649
0.6294047704123833 -1.736765468472367 0.1010831581691629
0.54200443535340204 -1.7354144318749281 0.20934576976335881
0.43243623778273499 -1.7243425975617139 0.31443338129918569
0.31952339456326639 -1.705965012634769 0.39875795176659662
0.1950024157182953 -1.676563801401437 0.46916747343324189
0.064084146474977621 -1.6375257006734161 0.52233633176149097
-0.068425242237845629 -1.5927944473379989 0.55661721438107015
-0.20321738029001099 -1.5405383017947689 0.57152589205480342
-0.33469472525123412 -1.481222568654375 0.56715361991086577
