-0.46101344604690991 -1.4157755283333431 0.54350927885672606
-0.58150763143472617 -1.344629784653486 0.50046308504694925
-0.69102794416139068 -1.2702824269501916 0.43800515227586551
-0.79270837468649757 -1.1944153024987232 0.36493019864181198
-0.89250810417622628 -1.1171537127102327 0.2907424221791956
-0.98881445663356671 -1.0306026076920434 0.22251506695055637
-1.0787892980201044 -0.92922474981728098 0.16730723137938219
-1.1611139716242553 -0.81550502696199012 0.12596723811876975
-1.2358295981107783 -0.69243780951333589 0.099615734379961143
-1.3008253065681625 -0.56175873030606938 0.088965845462691553
-1.3529489711119276 -0.42508431359794757 0.094490850593196798
-1.3832015122497883 -0.28554154023561951 0.12593859056279955
-1.4083585272664356 -0.15297869986184176 0.18245200621087851
-1.4437738717215294 -0.033720987880557753 0.25949831827701336
-1.4987318877753595 0.068384412438729753 0.34879430861863853
-1.5771515489996484 0.1560898818512893 0.43593206406622387
-1.6766535182220998 0.23536738730037415 0.50824595271700213
-1.7923319211511448 0.31007647388148629 0.55788109345275472
-1.9168090296858467 0.38175237791403227 0.58588490771626034
-2.0450137109753976 0.45206450046975866 0.59126653900523507
-2.1723498557639944 0.52203587557304942 0.57419905918778591
-2.2953712223031149 0.59103696582436449 0.53539476137794095
-2.4101517178977527 0.65946665605247545 0.47589222944214377
-2.513603733844147 0.72759799080992615 0.39810976036481704
-2.6035822109307669 0.79339373267909619 0.30341575241467295
-2.6776568913863481 0.85695494500740876 0.19448280601310219
-2.7349313935758692 0.91663237915535667 0.073878129795917305
-2.7733959879658912 0.97163867285848715 -0.056048240960245278
-2.7917928374357239 1.0225483577097247 -0.19188856118034972
-2.7898255998255164 1.0674114593224879 -0.3310393419905342
-2.7670985177034249 1.1074361926847587 -0.46982097803951567
-2.7242313318562839 1.1406254675290164 -0.60559967622475941
-2.6621723386204521 1.1656266575743641 -0.73558850285271782
-2.5821954521409998 1.182509682701558 -0.85679560403791011
-2.4860040034724236 1.1910651237393295 -0.96654515963064924
-2.3758011996101329 1.1918968890021979 -1.0626241889825732
-2.2538323033542351 1.1855592874817158 -1.1429605667456921
-2.1223106170124861 1.1719129544221951 -1.2052971128714425
-1.9847090580424367 1.1493867487870539 -1.2492124899838197
-1.8435601265002128 1.1198900675165879 -1.2732509125157876
-1.7015372577316801 1.0853910560734354 -1.2762864438404833
-1.561972468532862 1.0454649362159611 -1.2589179063451816
-1.427550754345313 1.0024044931171532 -1.2208695078692224
-1.3006464625900691 0.95888142008547383 -1.1627677442282294
-1.1840830883219557 0.91549107908049443 -1.0859132676089474
-1.0799057280427771 0.87461763851269114 -0.9918384922580501
-0.99051349795504173 0.83901286348964244 -0.88179260998026665
-0.91740442710864456 0.81142735213718253 -0.75821767703619103
-0.86284386598867946 0.79333351403594599 -0.62382908137449189
-0.82553080450486538 0.78929308331751669 -0.48252279794288289
-0.80746204597621529 0.80088591073307991 -0.33797857142484078
-0.80298444044251938 0.82044906848229071 -0.19309158851386019
-0.81003014095794357 0.86400275753706413 -0.053813657716669974
-0.8210825524884191 0.93383937805559769 0.074062024670165871
-0.82828679922363413 1.0264821986781085 0.18676523256650518
-0.826752147532545 1.1366404137768182 0.2827333465007526
-0.81210845502081608 1.2592891584905912 0.36085557784059247
-0.78379882480160845 1.3886705092871181 0.42268393598601101
-0.73927031236486362 1.5201635944743812 0.46836939165581931
-0.67837893339433397 1.6497259940981526 0.49791267616498908
-0.60333717606545545 1.7743147043365382 0.51249744611725778
-0.51331600574070813 1.8894608198143041 0.51290238236347774
-0.40979838213398295 1.9919639656667338 0.50128649057080388
-0.29519344532061398 2.0793746394273986 0.47705828774062514
-0.17166133829084107 2.1496117203192813 0.44285397990248254
-0.041371833908839042 2.2003863305671496 0.40037235853039127
0.092797775999733462 2.2306237527696298 0.35084499846981398
0.22762357084069901 2.2415067347801383 0.29540492926505302
0.3608403674837557 2.2308786362794293 0.23619796737833537
0.4907806197438967 2.1996490939784024 0.17694850152081254
0.61403614272841756 2.1472581101823045 0.11844348402478355
0.72942746330191177 2.0748475023961936 0.065386178900780467
0.83485942849170613 1.9840936311573534 0.020629578343607631
0.92805375749442809 1.8762375483714229 -0.011709050403630489
1.0088907176488375 1.7556499414592135 -0.028078622389999225
1.0766242476555017 1.6266846820131486 -0.01919636525361211
1.1407282153345626 1.501275306636467 0.019599231325633477
1.2179867759834195 1.3911491250388799 0.076116325967578516
1.3163399324872853 1.2960805333003724 0.12720461446091763
1.4243741701266719 1.2013360771229002 0.15277099849403777
1.5284367508803614 1.0987831655475102 0.15410887152861022
1.6206824621761118 0.98656957849162041 0.13862265395059759
1.6939497265642232 0.86313296523826133 0.11111565486415842
1.7464533958422062 0.73071149493571652 0.078350243719491536
1.7759859480606968 0.59150907617754922 0.044836003795938863
1.7830571267588842 0.44850698154178492 0.015142408627154411
1.769674610512677 0.30433638343526431 -0.0055663474926395725
1.737919692581293 0.16180935419728915 -0.013427970594091097
1.6887135308900336 0.024442180109357572 -0.0039082402667686353
1.6246651333802049 -0.10263971739723871 0.029120137139059893
1.5633787072336318 -0.22121751107468623 0.089103772036316337
1.5277438072982632 -0.34145898503312816 0.16427833667157127
1.5120619322438809 -0.47408895879801971 0.22337621933049764
1.5065959209193622 -0.61573156131797824 0.25964154913562443
1.5129502936313235 -0.76014888036833028 0.28199119342120726
1.5305229231514836 -0.90528549795671653 0.28681674261331841
1.5589899538916643 -1.048246480048606 0.27458317016408829
1.5929072829297106 -1.1891624506940726 0.25407196470905774
1.6273273378512048 -1.3299091180593838 0.23308357851277664
1.6618292822938456 -1.4707009006637963 0.21253732743383955
1.6928831063418137 -1.6121910994520225 0.19133777205028341
1.7078848745491559 -1.7552934523246424 0.16515465235930382
1.7012911960133184 -1.8977637251735211 0.1328448453409726
1.674526662082068 -2.0366309356844683 0.095666470060149278
1.6277372783041228 -2.1688900442126333 0.054446340536196229
1.5619850827509734 -2.2917607690089237 0.010188768028860713
1.4787458963619584 -2.4026752828505926 -0.036160177743990642
1.3798117023114387 -2.4992418608477385 -0.083752391416349603
1.2673100558126706 -2.5793632017484289 -0.13173145079158322
1.1436477797923743 -2.6412548519664556 -0.17921698514430184
1.0115082096350161 -2.6835893325586349 -0.22532268770233124
0.87373717948146479 -2.7053736560192205 -0.26918483643522961
0.73332581708834055 -2.7061791439744072 -0.30999308211225546
0.59332167846211736 -2.6858865936906531 -0.34699908216134506
0.45674411629065215 -2.6450101367921 -0.37957142856441023
0.32658365025977715 -2.5843105840426337 -0.40715712527512915
0.20564832519464366 -2.5051247433280959 -0.42936697852399797
0.09626099681821719 -2.409339010290084 -0.44539759049699429
0.00051984312075320505 -2.2992054134789863 -0.45523622342216158
-0.07916916150035673 -2.1766021483607165 -0.46045165957386847
-0.14203424822713895 -2.0445465115095192 -0.4627911468343503
-0.18568614761299093 -1.9048732534875712 -0.46089647332299222
-0.21101028871704566 -1.7608858490138128 -0.45532164399924629
-0.21517725533417531 -1.6149082505221473 -0.44596560589642414
-0.19814092618050386 -1.4702495330535554 -0.43192746094990025
-0.15750571643892072 -1.3314956716685831 -0.40982134695676564
-0.095944039416793248 -1.2054228821366084 -0.36904516637306745
-0.017784162653415966 -1.0916857245906166 -0.32029605501485808
0.079815540232007945 -0.98979732146151744 -0.28165425235841818
0.19289047515704993 -0.89841966565682563 -0.27039874625553384
0.31525575627075653 -0.82153926249195919 -0.29342344458010011
0.44373922625141182 -0.76244248778052071 -0.3310382444590122
0.57402940009946335 -0.7180677469633987 -0.38089176638937916
0.70438599622176512 -0.68877116343633482 -0.44061579886383806
0.83272006131648124 -0.67582121168520903 -0.50980094173070589
0.95634993230760146 -0.6786668237854514 -0.58817465254209367
1.0828308494750647 -0.70797226913591382 -0.65499765650092767
1.2161293616205886 -0.75143552437346428 -0.69676376181351607
1.3566975017652405 -0.78523156082128109 -0.71966698911815674
1.501080542605878 -0.80859251396479193 -0.72512275073366173
1.6463889253589947 -0.8208248026823598 -0.7125016319639127
1.7892725190435959 -0.82377468184181313 -0.68092089985953985
1.9267444583070203 -0.81712834060439965 -0.63111517847796739
2.0553519799782967 -0.80216634189273828 -0.56287423483835908
2.1716120894991104 -0.78363348137861266 -0.47593102350832861
2.2731636298558362 -0.75941203658581358 -0.37337363582150485
2.358376966261325 -0.72691990950534602 -0.25891932000744278
2.42641028301203 -0.68480959175338008 -0.13639551740372605
2.4753725975804701 -0.63417371219531593 -0.0081403546664513583
2.5044215967246606 -0.57590299759626307 0.12288942203501091
2.5140142977839841 -0.50890213588456767 0.25259793613877374
2.5030062381220151 -0.4362656768771494 0.37910599455301225
2.4719857132186598 -0.3597042941894818 0.4998504055624331
2.4220054084838956 -0.28043332897401257 0.61217198198766087
2.3537896998625123 -0.19985730075341182 0.71340405731785128
2.2688294135428873 -0.11904322308485644 0.80083421704326274
2.1686054073751762 -0.041230506647748938 0.87358094134249575
2.0552074186493634 0.031709522836556703 0.93023505113982963
1.9316977007529328 0.10016385150999169 0.96829251746
1.8004602565751888 0.16170856216181329 0.98772526782433046
1.6645942527012039 0.21583049693309747 0.98742780316280376
1.5274910621961912 0.26253540664814967 0.96721352086373857
1.3924124444942441 0.3015658432722218 0.92694308962093752
1.2629946422945422 0.3338001060042543 0.86691161277976403
1.1427576924155867 0.36040000522251653 0.78800914025600577
1.0345554195801268 0.37974044061138285 0.69151672987965485
0.94153496317370444 0.39396112192165372 0.57951643998975633
0.86766193707744155 0.40371645477329599 0.45362203758990544
0.8135173737453405 0.4142172792502376 0.31800131644916801
0.78509337837566895 0.42300340352747184 0.17481938297798896
0.77649598711618861 0.44529300893547263 0.030375139720806382
0.7864799531030281 0.47432067703962694 -0.11275427565859886
0.81718817904150431 0.51058569896957029 -0.25120222499546702
0.86742592924045858 0.55722009601422118 -0.38053391280902182
0.93369605741435635 0.61219924705614526 -0.4988730867833403
1.0125797664202121 0.67755428170471488 -0.60335415130594772
1.1021953723990472 0.75297422678490866 -0.69101369009555813
1.1991406986632749 0.83766137053433876 -0.76052037811979956
1.3006928194809093 0.93055058817150482 -0.81004820724772642
1.4045351902848915 1.0293944112685198 -0.8390930057679965
1.5080183554136217 1.1324077870688916 -0.84760522363600332
1.6081666760009055 1.2382390518813713 -0.83486799513124987
1.7018069386686006 1.3456223873636795 -0.80183053194946352
1.7876987149451096 1.4512575314443261 -0.74840386753687016
1.8626261760395302 1.5542597945895267 -0.67650891452103346
1.9238848875198871 1.6538186058299751 -0.58858816547524451
1.9700688745888295 1.7477931049692192 -0.48645469741004166
2.0018846206200385 1.832210515784223 -0.37130045219150798
2.0188939044854823 1.9057389178083732 -0.24597404970083109
2.0181645107070052 1.9693791046169742 -0.11423221175549564
1.9998817600422643 2.0214071467309016 0.021295242607540552
1.9647695452382119 2.0599367924304386 0.15803132476042325
1.9125995269157221 2.0851521882503397 0.29241868545941796
1.8455287401900995 2.0955970980828553 0.42209660129226301
1.7655174432788825 2.0907171920412368 0.54457858522957681
1.6723902744288557 2.072540154284658 0.65605587675015431
1.5676715756278383 2.0420726987279552 0.75370197335834499
1.4549813828415328 1.9992778292037829 0.83673357002413029
1.3358195663582055 1.9457468598974317 0.90272558771058653
1.2126202849491976 1.8822192060517933 0.94967639912613955
1.0877378863101199 1.8109489304104862 0.97685124902025411
0.96358775045693479 1.7337281475162818 0.98305951486708698
0.84251963357575443 1.6529197764585448 0.96808932544031623
0.72663237385748924 1.5710201862561988 0.93237690160045084
0.61833478131275488 1.4901818978515429 0.8762507087004564
0.51778770299724119 1.4154101094513429 0.80063879874844446
0.4277211346672134 1.347908133544734 0.70712315279471627
0.34812392373925571 1.2929551242496238 0.59727604687443292
0.2819355833878604 1.2529186263563363 0.47305193961297642
0.22523545684267532 1.2351674540931235 0.33929318498897415
0.18184729497756735 1.2328613550822474 0.19956589368477079
0.14358465316814745 1.2567838661679154 0.060292475899354811
0.098977611636369978 1.3079507514045672 -0.069414910231110571
0.040209870007392415 1.3792987889735244 -0.18285120272911098
-0.035332810867248043 1.4610844929441174 -0.27779500555153497
-0.12782908765047724 1.5443986825640328 -0.35485385089112037
-0.23624611158641134 1.6225992942821987 -0.41435129872297466
-0.35925919884789886 1.689476232947918 -0.45688540082351659
-0.49341334934973008 1.7414382538335951 -0.48365687641695848
-0.63494625420951634 1.7764526444369131 -0.49592207036801461
-0.78045644779716117 1.7918396476607803 -0.49581472289532086
-0.92637019667715548 1.7873614646375504 -0.485655498965615
-1.0694040852551085 1.7626930643854852 -0.46713121049914308
-1.2062597334910627 1.7180004130113673 -0.440945205333302
-1.3343675061024936 1.6545659474450751 -0.40976190269414681
-1.4516972063747493 1.5737204953555557 -0.3762922298417074
-1.5552345548707538 1.4761349299421482 -0.34205988003307292
-1.6423262946006378 1.3629290810730619 -0.31031654573260564
-1.7118243562391704 1.2365690382883516 -0.28542018500210226
-1.7637241169732409 1.1002897926652619 -0.27241006955296337
-1.7943661555573085 0.95756643135023312 -0.2799615949851067
-1.8159220526070259 0.81716672298176629 -0.31543195230334536
-1.8589995959541337 0.68766541543761517 -0.36820180685591403
-1.9258611736875546 0.56523738044788441 -0.41244132136501066
-2.0066268858447494 0.44450479168398072 -0.4292309193528695
-2.09045771616135 0.32489078643108604 -0.42050442299517116
-2.1711042650012655 0.20729424875644503 -0.3878563914092843
-2.2417620986117477 0.091428006629271405 -0.3332411223301861
-2.3015782434074565 -0.020201930684899186 -0.26001551906053155
-2.3473936220954421 -0.12657477798090327 -0.1706882491573995
-2.3759602750691524 -0.22703004982360422 -0.068287579832990206
-2.3865319792927613 -0.31953682342812401 0.044479824886299021
-2.3798317338893362 -0.40243535085323318 0.16475971744226392
-2.3541044044674875 -0.47542056731905269 0.28881050826988441
-2.3091796723693148 -0.53800512623368091 0.4130557893069251
-2.2454975509537434 -0.58918209282479816 0.53428330995822426
-2.1650282158999259 -0.62933075372724989 0.64952880246313405
-2.0696120438987431 -0.65530332543415204 0.75714221631847334
-1.9601484032349263 -0.67017437574642669 0.85283103655797099
-1.8387108255470845 -0.67388236379157695 0.93402432659588663
-1.7091293263726681 -0.66367334396097999 1.0008022404370365
-1.5731482520825801 -0.64268877098588273 1.0500296961120836
-1.4335602290020697 -0.61247115074906677 1.0809490667188149
-1.2936061770097862 -0.57226202940836346 1.0928747485982846
-1.1560929765147274 -0.52350221064058633 1.0851014723774293
-1.023383225788884 -0.46929389581299674 1.0568800168414347
-0.89734282282113198 -0.41387047894368417 1.0081084388548158
-0.78116213385030586 -0.35942979798206381 0.9383749011178969
-0.67694054720206054 -0.31136556456360975 0.84806791887912591
-0.58606157703077355 -0.27070135745677992 0.74109706583922219
-0.51062526351430837 -0.23485430415697578 0.6211856300002051
-0.45324636576976679 -0.20282000463080857 0.49063021869761048
-0.4139157332954283 -0.17526158345374537 0.35256771240869184
-0.39324974979833338 -0.15251568566283921 0.2096594817577149
-0.39256185917419395 -0.13437374965613391 0.064632406180142182
-0.41279071943975409 -0.12383184847696746 -0.079773128443822464
-0.44361693364442689 -0.12559713341838072 -0.22270609336087838
-0.45321144885516862 -0.13922059359345698 -0.36779411766293502
-0.43750292209361574 -0.15704047955125566 -0.51189589882443398
-0.40751289876364866 -0.19115376868327191 -0.6508537756591023
-0.36484392146789629 -0.24022238313895133 -0.78176884428254989
-0.310615516166526 -0.30355972488204025 -0.90183873783828694
-0.24615900095498641 -0.37996964938654926 -1.0085109866076241
-0.17287536668348596 -0.46801709828032834 -1.0993517359276004
-0.092737756978799463 -0.5652506990687024 -1.1736226156728922
-0.007317667346409984 -0.66959307710823424 -1.2302016977566987
0.080495226060162753 -0.78042292188805684 -1.2676625225598783
0.16961048586288185 -0.89488219755397724 -1.2866759071803262
0.25834108496696162 -1.011182350330708 -1.286534001393385
0.34248746324218549 -1.1291976514462412 -1.2665575038955275
0.42294563099747506 -1.2450068912274346 -1.2274161696073285
0.49722317069208771 -1.3568132829529262 -1.1691481989253458
0.5685160887798254 -1.4568766261479789 -1.0896069747736177
0.6341359629583676 -1.5418769866550484 -0.99015932884761948
0.69287459272743346 -1.6070824262250709 -0.87298957066259131
0.74434036495913936 -1.6488003475588116 -0.74245108779677349
0.78068561780581103 -1.6758058645638019 -0.60322247829908848
0.79946735730390384 -1.6926834477663026 -0.45903787673810087
0.79616938913576585 -1.7015392524403756 -0.31299766460450562
0.76411855501960546 -1.7144342340375036 -0.17150626363595056
0.71289505648394103 -1.7295995550038212 -0.035327911600391573
0.63654268342218989 -1.7361528263390003 0.089420839168899729
0.54604065634749022 -1.7354768238814882 0.2043461112895506
0.44124664843363759 -1.7252328869807332 0.30598325587519104
0.3258413184297253 -1.7069933117999236 0.39403965576859901
0.20146946102792429 -1.6780907647048708 0.4655107276296741
0.071027093530456289 -1.6395959958894135 0.51951664455888058
-0.0634894212329844 -1.5944606346318306 0.55534029127288498
-0.19923776156325543 -1.5420811183002199 0.57108572652498157
-0.33270056959553213 -1.4821222278675186 0.56721993545159011
