-8.65011441679313 -16.8494886280917 2.48027501123784
-9.29308419156875 -16.2646005467741 1.83974792450484
-9.93605396634437 -15.6797124654564 1.19922083777185
-10.4441155077817 -14.9717230696898 0.576415006203379
-10.8779814670469 -14.1960315517794 -0.0366446533842302
-11.2635536937651 -13.3731484262333 -0.606067413800454
-11.5315632801643 -12.43538559059 -1.06926377978941
-11.7995728665635 -11.4976227549467 -1.53246014577836
-11.9670742417358 -10.4564146818872 -1.75051863227798
-12.1270480278991 -9.40745905046709 -1.95021745258928
-12.2638168376872 -8.35025184462866 -1.96283245551476
-12.381538304929 -7.28627149832452 -1.82188343419836
-12.5059095401865 -6.23584326545238 -1.63909532067495
-12.6756569483814 -5.27789089659531 -1.17080884404624
-12.8454043565763 -4.31993852773824 -0.702522367417539
-13.1354640077458 -3.46963109034808 -0.121622219155772
-13.4912838109478 -2.67816011784114 0.520830203292226
-13.8803682088058 -1.8993433647645 1.15170897878854
-14.5028897819072 -1.20932869297771 1.70136868399106
-15.1254113550087 -0.519314021190918 2.25102838919358
-15.8523917924331 0.179829755158928 2.59073756656989
-16.6421039082336 0.884455919767766 2.80436315044871
-17.4223725234625 1.59889909509572 2.94603203133211
-18.1560499179447 2.36177627114387 2.73268948313382
-18.8897273124268 3.12465344719201 2.51934693493553
-19.4284731832905 3.90062112547223 2.03552756589341
-19.898361907873 4.68121286152596 1.4561656100351
-20.2434102672015 5.44356801687235 0.806788335285239
-20.3255569411025 6.16751870428373 0.00996559844555999
-20.4077036150035 6.8914693916951 -0.786857138394119
-20.1084331162634 7.49870146229766 -1.61851009644895
-19.7714792652675 8.09440193687492 -2.45360421968809
-19.2480156200097 8.60120831218299 -3.22000589361585
-18.5375149314613 9.01886929135205 -3.91752092989312
-17.8039580923691 9.41961908378069 -4.58976475106283
-16.8303514414304 9.64429754168962 -4.99889654838579
-15.8567447904918 9.86897599959854 -5.40802834570876
-14.8130647971779 9.98391153982441 -5.55460137728323
-13.7352684475068 10.0454169401363 -5.57334336621947
-12.6758449296225 10.0879609816397 -5.48804142444513
-11.6711378242102 10.0740359093105 -5.09288465495246
-10.666430718798 10.0601108369813 -4.69772788545978
-9.83313873975 10.0977705591765 -4.02959142229645
-9.03777587033678 10.1468444743224 -3.30105260755004
-8.32956921402604 10.2738012826705 -2.51422205687265
-7.76952986797805 10.5331605714667 -1.62829438602457
-7.20949052193005 10.792519860263 -0.742366715176484
-6.77823031045675 11.3190342923483 0.0905289026888543
-6.35954210758588 11.8716296324217 0.918247288788304
-5.93879709690247 12.5417544448674 1.63122387209804
-5.51566241381879 13.3484291744393 2.21088935185585
-5.08763718629985 14.1593090040463 2.77558965780991
-4.546149432503 15.0677487841963 2.993092131612
-4.00466167870615 15.9761885643464 3.21059460541408
-3.35848477650795 16.8169321210848 3.18527350943804
-2.65505842957087 17.6206558791104 3.0271639176953
-1.91499025499978 18.344830699785 2.79034117525023
-1.07565953131138 18.8535078007522 2.34028485543534
-0.236328807622977 19.3621849017195 1.89022853562044
0.661394053765483 19.4918182356169 1.31939827401555
1.56533674352664 19.5810764904407 0.735703383379824
2.45560076010452 19.4314346480318 0.186920048072565
3.3342505363538 19.0789483406216 -0.332220705063341
4.1962492622988 18.6667151020485 -0.806805798590151
4.97953427754333 17.9720430641885 -1.07076506152651
5.76281929278786 17.2773710263285 -1.33472432446288
6.46851436172558 16.4769072705667 -1.30797399424459
7.15413708383485 15.6490754322841 -1.20601773777025
7.83827910499834 14.8610560627163 -0.982245783864141
8.52001609511536 14.1377021636261 -0.560614474829535
9.20175308523239 13.4143482645359 -0.13898316579493
9.99283415757894 12.9026002284818 0.383107937800857
10.7929224070098 12.4082831447167 0.913474378671531
11.6630953151813 11.9912745314027 1.37927993224515
12.6156912142809 11.6651844653592 1.76915872062352
13.5716228983981 11.3392909935608 2.14548086528018
14.5985459606715 11.017581393424 2.23329376371686
15.6254690229449 10.6958717932871 2.32110666215354
16.5975332629362 10.2823584394038 2.17829188068612
17.5445723724556 9.82696666342261 1.93027090739843
18.4015020239596 9.30250065340477 1.58751667342561
19.098097305726 8.65512885720976 1.07620080364151
19.7761735002191 7.99936019820027 0.559241349820971
20.0919385576113 7.17931363124145 -0.0681303138125025
20.4077036150035 6.35926706428263 -0.695501977445976
20.4042843309989 5.46862910336942 -1.27411555534559
20.290599469099 4.55360460515068 -1.8358851412217
20.012897762199 3.64271474495117 -2.29522217330069
19.524974252803 2.73712428590202 -2.62327051918716
19.0083837871425 1.84358424579355 -2.90832657741983
18.2958566686205 1.03240798128256 -2.89953333878015
17.5833295500985 0.221231716771566 -2.89074010014046
16.8475450822756 -0.502452151825699 -2.60777441329177
16.1060102036436 -1.20450340818191 -2.25701922088268
15.4251354771638 -1.89248895383296 -1.79951999760913
14.8219503026238 -2.56246005798285 -1.20531000728549
14.2223583009264 -3.23390970351845 -0.609920863568556
13.8266922849385 -3.98927209767717 0.0523896414546768
13.4310262689506 -4.7446344918359 0.714700146477909
13.1303433845513 -5.58652074788237 1.3063607354159
12.9027071654951 -6.49494807788356 1.84368808969982
12.6873539998594 -7.42250062101604 2.34061774499618
12.5412265787249 -8.45784046038743 2.60987104875325
12.3950991575904 -9.49318029975881 2.87912435251031
12.2466283128798 -10.5545634479975 2.89921339426571
12.0975303133755 -11.622916392975 2.85262026942062
11.9117136076869 -12.6616188479081 2.67841141366364
11.6822629507316 -13.6650867270056 2.35255291765145
11.4326326336701 -14.6499622739801 2.00006260829489
11.055552123282 -15.5174128340615 1.47937175732768
10.6784716128939 -16.384863394143 0.958680906360478
10.1442232382047 -17.1001635111959 0.361391846621483
9.57501403986393 -17.7816188926797 -0.252935915531673
8.90530583602478 -18.3496857263973 -0.862126949095748
8.13303022882835 -18.8020303312514 -1.46607553363736
7.33279083084885 -19.2106698514173 -2.05167372869252
6.38959042013985 -19.395873170929 -2.54345809552547
5.44639000943084 -19.5810764904407 -3.03524246235842
4.42788532173036 -19.5253273485695 -3.35964666212868
3.39289789917362 -19.416838100922 -3.64741439151356
2.37339979181504 -19.1716985240861 -3.80740645726137
1.3717961752078 -18.7686896017983 -3.81978189813269
0.387227628125656 -18.3437296574761 -3.80497570820019
-0.421522721132442 -17.6922141872856 -3.5096291110327
-1.23027307039054 -17.0406987170951 -3.21428251386522
-1.8045440665511 -16.293024165334 -2.7336412777376
-2.26947821659946 -15.5005109931779 -2.16659784389935
-2.64600316046147 -14.706451935468 -1.565813773908
-2.70137675844915 -13.906777362727 -0.842464971366279
-2.75675035643682 -13.1071027899861 -0.119116168824555
-2.54199711460765 -12.3318992765066 0.573130957873212
-2.1840394882931 -11.5696687907411 1.2488899179426
-1.80667050082707 -10.8080195474121 1.90594156483776
-1.12107651064748 -10.055599613155 2.26594749665431
-0.435482520467885 -9.30317967889776 2.62595342847086
0.329052699052728 -8.59297755923793 2.74256752428803
1.16786394539599 -7.92249830120066 2.63017355055756
2.00604764732157 -7.26328866747584 2.49729836986709
2.83159266183985 -6.8310482408176 1.95193354670062
3.65713767635813 -6.39880781415937 1.40656872353414
4.42327418394457 -6.16280942825051 0.711407764941155
5.15267609083488 -6.04815516255316 -0.0763779961406627
5.87556848202913 -5.9885354838279 -0.868332561043074
6.57220158248049 -6.15092452091109 -1.67710401934993
7.26883468293185 -6.31331355799429 -2.48587547765678
8.04786837362662 -6.60179367309837 -3.16767590400391
8.8498598542426 -6.9254042705399 -3.81410068232232
9.71153315122372 -7.25884717916111 -4.34773756829379
10.6728447481357 -7.60870505016114 -4.693075998711
11.6341563450476 -7.95856292116117 -5.0384144291282
12.6798277466198 -8.21818183051706 -5.01791349373495
13.7280612076958 -8.47506012673107 -4.98630179027118
14.7483227314932 -8.63003835066383 -4.74490028683581
15.7470125483033 -8.70643215338396 -4.34171077247955
16.7164090691876 -8.7472523956175 -3.89286217773984
17.5262768690778 -8.5943421467508 -3.19535823490249
18.336144668968 -8.4414318978841 -2.49785429206514
18.9251905056977 -8.1119213216652 -1.6749285119619
19.4380290731631 -7.72146468507221 -0.808718741501196
19.832712447341 -7.26233970667956 0.0638233382617693
19.9882661807645 -6.66423957663373 0.949181129348653
20.143819914188 -6.06613944658791 1.83453892043554
19.9660257300842 -5.33352277474313 2.59922945630768
19.7588105092798 -4.58903377400411 3.3532699909122
19.3931077126986 -3.81057730955561 3.97239975136862
18.8751485486015 -2.99948886993311 4.46192298393239
18.3356755462462 -2.19048105365738 4.91386541778133
17.6130287605027 -1.3991881446732 5.0458362593604
16.8903819747593 -0.607895235689018 5.17780710093947
16.1271486961004 0.119215481530334 5.03531018059993
15.346770454948 0.819213699208012 4.77686977399726
14.5967925592008 1.48315090702552 4.41363583349105
13.9171645191785 2.06363883796364 3.80789774072184
13.2375364791562 2.64412676890175 3.20215964795263
12.7582820302705 3.1514550850922 2.38463170170463
12.3020025095709 3.65039488618234 1.54281983337571
11.9800520606691 4.15933750388711 0.658551365185363
11.8006925278152 4.67889815657903 -0.270784975398515
11.6392432581576 5.20774293622932 -1.19501705997399
11.718990396183 5.86161647990636 -2.05051044430671
11.7987375342084 6.5154900235834 -2.90600382863944
12.0002120346993 7.29306348209927 -3.60777310762134
12.2652936720918 8.13527481051171 -4.22921574503215
12.5487818076304 9.01440171135906 -4.76147247512064
12.8880331792185 10.0053658429097 -5.0235368653701
13.2272845508066 10.9963299744603 -5.28560125561956
13.5264295687978 12.0190786077366 -5.20269313640487
13.8178573757696 13.0479431724045 -5.05340586743839
14.0450922755928 14.034871409797 -4.74250750909372
14.1851418352502 14.9648426854128 -4.21211266074908
14.3250121584261 15.8946316120468 -3.68148797373369
14.2443539567606 16.6000624637462 -2.86807496931602
14.1636957550952 17.3054933154456 -2.05466196489835
13.9420665100001 17.8315851480688 -1.16267019259076
13.6133037965932 18.2213850823712 -0.21096107880007
13.254715135777 18.5652485889372 0.73692970798165
12.6937367467975 18.5974015907287 1.65891049918877
12.1327583578181 18.6295545925202 2.58089129039589
11.4502973245158 18.429440120842 3.36813957592085
10.711583286815 18.1217733047154 4.09299945792521
9.95029700588695 17.7525918174448 4.73778078489357
9.11693813392032 17.1869955701703 5.12687334889933
8.28357926195368 16.6213993228958 5.51596591290508
7.45035692573727 15.9600676446671 5.57334336621947
6.61716994663554 15.2739444476807 5.54482031951027
5.81297380791734 14.6058419053837 5.36936685390313
5.0621665213782 13.9709257784044 4.92332977252708
4.31135923483906 13.3360096514251 4.47729269115105
3.66990399418658 12.8983379046766 3.73639153429414
3.03941763154044 12.4804513345714 2.96591317066277
2.44968200092642 12.2141213815993 2.12206675551526
1.90744485297079 12.1244436994374 1.19270356683169
1.36516222098839 12.03827450249 0.263689442369896
0.818430021993224 12.295329975526 -0.63117676782315
0.271697822998056 12.5523854485619 -1.5260429780162
-0.334546001864519 12.9579080743309 -2.30245086462379
-0.987342430055823 13.4795682172287 -2.98619545614438
-1.65930894407644 14.0142696331944 -3.62833257364642
-2.46642279084209 14.6409108185715 -3.9771408460963
-3.27353663760774 15.2675520039486 -4.32594911854618
-4.16900593365538 15.8352096344056 -4.40907335405895
-5.10199685467175 16.37781890797 -4.37937040262238
-6.04631414425588 16.8478687718749 -4.25108645627087
-7.01809435010189 17.1419846654547 -3.88377429958297
-7.9898745559479 17.4361005590345 -3.51646214289508
-8.89708390182156 17.4142899817337 -2.94680540740344
-9.79637758030256 17.3537503420495 -2.35234348292712
-10.6077809113448 17.1011463021832 -1.72251804752442
-11.3292800733441 16.6520771122258 -1.05651882106356
-12.0257869917546 16.168837484135 -0.400881318911839
-12.4949978929705 15.3748292583408 0.16051979912449
-12.9642087941865 14.5808210325467 0.72192091716082
-13.2452607203114 13.6285343410924 1.09450907490675
-13.4458126582368 12.6085314292892 1.38631745019506
-13.5884376256985 11.5721254970074 1.56837344268772
-13.590015074603 10.4957795278686 1.48319120184723
-13.5915925235074 9.41943355872973 1.39800896100673
-13.5630810171767 8.42788350964065 0.993201645129964
-13.5296775454356 7.45011987169782 0.536428589692686
-13.5628499901662 6.53067323216545 -0.00713251648284509
-13.69930861697 5.70169985135763 -0.685337002507494
-13.8357672437738 4.87272647054981 -1.36354148853214
-14.2266128728525 4.10677997301414 -2.0099218804658
-14.6486179903002 3.34855354536683 -2.65240418609467
-15.157369395714 2.57612292659114 -3.17984877373964
-15.798987305414 1.78193620429 -3.53109378203721
-16.4406052151139 0.987749481988858 -3.88233879033478
-17.0978109638575 0.139664004823044 -3.83674472055365
-17.7562328425202 -0.712626538112511 -3.76019011323295
-18.3200554890475 -1.56127431290563 -3.48519447110243
-18.7820062564762 -2.40599926900969 -2.99650194528679
-19.2290296169413 -3.24621615352653 -2.49527520217001
-19.34947922894 -3.98780788230279 -1.71983162165556
-19.4699288409386 -4.72939961107905 -0.944388041141102
-19.3483511630237 -5.35798216505333 -0.103462557675843
-19.0708546910988 -5.91376196090283 0.779647670085011
-18.729657970939 -6.4293378298692 1.64864649847947
-18.0805839962155 -6.75059931271581 2.44944184234509
-17.4315100214919 -7.07186079556243 3.25023718621071
-16.5798615592368 -7.2178399059424 3.86715948586401
-15.6542002899187 -7.29977768232717 4.41690175553824
-14.6900633436215 -7.32375594866261 4.85945829642694
-13.6321720514816 -7.20650327699545 5.04083352291208
-12.5742807593417 -7.08925060532829 5.22220874939723
-11.5415845673605 -6.86848504965722 5.05720907416053
-10.5133691700592 -6.62931035978817 4.83060873819478
-9.54970859010392 -6.38178639290569 4.45787249197504
-8.67921748237468 -6.12221223728764 3.87422393600958
-7.80872637464543 -5.86263808166958 3.29057538004413
-7.11208031815723 -5.69899937250153 2.48367563545615
-6.42049496533706 -5.53815338514108 1.67027695344607
-5.76110668299332 -5.49381131714132 0.824553932210474
-5.13004457702499 -5.55196648008236 -0.0496072332591424
-4.49202726556314 -5.63728285250039 -0.911062693087096
-3.78553505414007 -5.99000485419752 -1.64742883333147
-3.079042842717 -6.34272685589464 -2.38379497357584
-2.31740115425397 -6.87197728703021 -2.89395932373067
-1.52649098400182 -7.49491345010007 -3.28407570010134
-0.742119089260848 -8.14578023151503 -3.57800557038357
0.0159577763232025 -8.90897577951356 -3.48510148456081
0.774034641907253 -9.67217132751209 -3.39219739873806
1.38897267654239 -10.4220261455951 -2.97693530846973
1.94312447972134 -11.1662156058498 -2.42477865129681
2.44508188874397 -11.9010395718439 -1.8350774614681
2.6242935091523 -12.5779516896448 -1.01321839346071
2.80350512956063 -13.2548638074457 -0.19135932545333
2.74705784855128 -13.9150951963099 0.633483389304813
2.49505851281374 -14.5614847536189 1.46080196323562
2.24305917707619 -15.2078743109278 2.28812053716642
1.59359780055772 -15.786980211971 2.92618428334185
0.941150097200291 -16.3655805779746 3.56282606537092
0.132687833788107 -16.851760702805 4.03319149097797
-0.816384157966777 -17.254646133857 4.35369863862614
-1.77892976686446 -17.6294084460932 4.63447094764455
-2.84712428603381 -17.7836526283548 4.60367566819996
-3.91531880520317 -17.9378968106164 4.57288038875537
-4.94846490151484 -17.8976667904958 4.32068826530646
-5.9684103183605 -17.7841897766237 3.9851089725018
-6.9305544920194 -17.5814010937043 3.57488593903823
-7.78779773129634 -17.2165245902166 3.02919526319917
