-3.88878139849608 -20.3484576739579 -7.57774719457373
-3.04106165863895 -20.9597649876361 -7.81372821121589
-2.19334191878182 -21.5710723013142 -8.04970922785805
-1.3456221789247 -22.1823796149924 -8.28569024450021
-0.447519923804581 -22.7264219958757 -8.431617272259
0.530768173070874 -23.1634094743071 -8.43421967907844
1.50905626994633 -23.6003969527385 -8.43682208589788
2.48734436682178 -24.0373844311699 -8.43942449271733
3.5074188191887 -24.303524409409 -8.28991622040934
4.53852653554946 -24.5245538354081 -8.10024466371447
5.56963425191022 -24.7455832614073 -7.91057310701959
6.598665314102 -24.916945402791 -7.69259187605259
7.61993780078498 -24.9027458922809 -7.36884303642389
8.64121028746796 -24.8885463817709 -7.04509419679519
9.66248277415093 -24.8743468712609 -6.72134535716649
10.6463026951331 -24.70896224804 -6.34987158692996
11.6092831589485 -24.4594547984754 -5.95184258266411
12.572263622764 -24.2099473489109 -5.55381357839826
13.5271921192359 -23.9422193536074 -5.15374376533194
14.3939706598579 -23.4750195728466 -4.73133193347868
15.2607492004798 -23.0078197920858 -4.30892010162542
16.1275277411018 -22.540620011325 -3.88650826977216
16.9280728465244 -21.9751090751721 -3.46817430585934
17.6705505581394 -21.3234079458238 -3.05341544208861
18.4130282697544 -20.6717068164755 -2.63865657831788
19.1555059813694 -20.0200056871272 -2.22389771454715
19.7560774731125 -19.2271538219108 -1.82622918569137
20.3546375495519 -18.4323012498155 -1.42880289964373
20.9531976259914 -17.6374486777203 -1.03137661359608
21.4825049910733 -16.7980503589601 -0.638026107661335
21.9248807608154 -15.9027346219895 -0.249791850036921
22.3672565305576 -15.007418885019 0.138442407587494
22.8096323002997 -14.1121031480484 0.526676665211908
23.1021138618049 -13.1613306012955 0.921258846673834
23.3781704016662 -12.2044812400232 1.31653661729595
23.6542269415275 -11.247631878751 1.71181438791807
23.8673989057948 -10.2813727781151 2.11375393920143
23.9673665681013 -9.29817434114386 2.52768597389502
24.0673342304079 -8.31497590417263 2.94161800858861
24.1673018927145 -7.33177746720139 3.35555004328219
24.1160130171435 -6.35228433460429 3.78044654667696
24.0289809466771 -5.37366679666412 4.20793404644921
23.9419488762106 -4.39504925872395 4.63542154622146
23.8054474691049 -3.42430611957126 5.05918838964899
23.5226943882865 -2.47684293686003 5.47195544503218
23.2399413074682 -1.52937975414879 5.88472250041537
22.9571882266499 -0.581916571437552 6.29748955579857
22.5387836436084 0.327804295002095 6.66534151284891
22.0580100796422 1.22017224042709 7.01254269298014
21.577236515676 2.11254018585209 7.35974387311136
21.0777247386311 2.99681974398189 7.69319013790033
20.4122911945539 3.80947883825941 7.90484037820299
19.7468576504767 4.62213793253693 8.11649061850565
19.0814241063995 5.43479702681445 8.32814085880831
18.3447861724945 6.19280099852214 8.43556426293441
17.535639118554 6.89514836180213 8.43685100619538
16.7264920646134 7.59749572508212 8.43813774945635
15.9173450106728 8.2998430883621 8.43942449271733
15.0532442388715 8.88012133130244 8.20919382919481
14.1802203181782 9.44057851429795 7.94137036263283
13.3071963974848 10.0010356972934 7.67354689607085
12.443511349879 10.5340817439633 7.3537968482072
11.6212570501688 10.9455216966207 6.80368098651927
10.7990027504586 11.3569616492781 6.25356512483135
9.97674845074838 11.7684016019355 5.70344926314342
9.22384728740296 12.1412177772096 5.05383432853385
8.55724653156695 12.4659719915913 4.28040652849334
7.89064577573093 12.7907262059729 3.50697872845284
7.22404501989492 13.1154804203546 2.73355092841233
6.65849331923903 13.478568751 1.90465694706559
6.15638668550979 13.8657256943366 1.04093774564264
5.65428005178056 14.2528826376731 0.177218544219693
5.15217341805132 14.6400395810096 -0.686500657203254
4.67186049011404 15.1587254209539 -1.48602658192282
4.20054073412616 15.7316866555831 -2.25906315320708
3.72922097813827 16.3046478902124 -3.03209972449134
3.25790122215038 16.8776091248417 -3.8051362957756
2.67475961747216 17.5705694797272 -4.36339063139498
2.0669428416812 18.2900094435656 -4.87425003946594
1.45912606589023 19.0094494074039 -5.3851094475369
0.851309290099267 19.7288893712423 -5.89596885560786
0.0558020555406449 20.4284349244243 -6.05252270884093
-0.741228052802272 21.1278190592974 -6.20620181476593
-1.53825816114519 21.8272031941706 -6.35988092069092
-2.36152849929314 22.4858419598543 -6.43901028381131
-3.28493514399702 22.9889908228124 -6.23364763010809
-4.20834178870091 23.4921396857704 -6.02828497640487
-5.13174843340479 23.9952885487285 -5.82292232270165
-6.0592895433451 24.3573351476607 -5.4892490668215
-6.99197330189561 24.5438718993708 -4.99597685382667
-7.92465706044613 24.7304086510809 -4.50270464083184
-8.85734081899664 24.916945402791 -4.00943242783701
-9.71095123779655 24.8480463947634 -3.39529972655343
-10.530165701328 24.6680358920953 -2.72859416111588
-11.3493801648594 24.4880253894272 -2.06188859567832
-12.1685946283907 24.308014886759 -1.39518303024076
-12.7819498192217 23.7928537277268 -0.688736631885803
-13.3856230528177 23.2619297892015 0.019578854218951
-13.9892962864138 22.7310058506763 0.727894340323705
-14.5324482375011 22.1394256846655 1.41703271951369
-14.8548627755292 21.3266159249306 2.03622702622453
-15.1772773135574 20.5138061651958 2.65542133293538
-15.4996918515856 19.7009964054609 3.27461563964622
-15.6783787594745 18.805596877711 3.79779578523145
-15.6979529352586 17.8187668879125 4.21468408225119
-15.7175271110427 16.831936898114 4.63157237927092
-15.7371012868269 15.8451069083156 5.04846067629066
-15.5551453907401 14.8254274112901 5.25823353760278
-15.2989684538729 13.7936498457586 5.39172833749621
-15.0427915170058 12.7618722802271 5.52522313738964
-14.7866145801386 11.7300947146956 5.65871793728308
-14.33012900005 10.7786829112173 5.48048747831855
-13.8699051551892 9.82877093566613 5.29643943936839
-13.4096813103285 8.87885896011498 5.11239140041822
-12.9258644795768 7.96782936934752 4.8631317147576
-12.3605740186297 7.19107227183817 4.38867672685431
-11.7952835576825 6.41431517432882 3.91422173895102
-11.2299930967354 5.63755807681947 3.43976675104774
-10.6532931895156 4.94431158049843 2.87668814091802
-10.0630305387567 4.35033658602404 2.20826003081681
-9.47276788799779 3.75636159154964 1.5398319207156
-8.88250523723886 3.16238659707526 0.871403810614381
-8.27777485089154 2.61725733885388 0.176017454873287
-7.66613935518699 2.09544099981055 -0.532235436414104
-7.05450385948243 1.57362466076722 -1.24048832770149
-6.44286836377788 1.0518083217239 -1.94874121898889
-5.7710563918089 0.45250252675784 -2.5269475900835
-5.09200848174025 -0.156121010642498 -3.08951647908198
-4.4129605716716 -0.764744548042836 -3.65208536808046
-3.72862090673072 -1.39007370061643 -4.17742585898214
-3.00467210235655 -2.14044550098716 -4.42410929816867
-2.28072329798238 -2.89081730135788 -4.67079273735519
-1.5567744936082 -3.6411891017286 -4.91747617654171
-0.855959937461454 -4.41973870748603 -5.02742193658302
-0.199786306940429 -5.25266152227094 -4.87351228602493
0.456387323580595 -6.08558433705586 -4.71960263546685
1.11256095410162 -6.91850715184078 -4.56569298490877
1.65116367026312 -7.75021874366322 -4.21437468772952
2.09456238091788 -8.5809495378265 -3.7032031310738
2.53796109157265 -9.41168033198978 -3.19203157441808
2.98135980222741 -10.2424111261531 -2.68086001776235
3.18341905808504 -11.0369675524941 -2.01107452257271
3.30783881670485 -11.8198865955777 -1.2902625325522
3.43225857532465 -12.6028056386613 -0.569450542531698
3.55667833394445 -13.3857246817449 0.151361447488806
3.34579206301895 -14.1121456880322 0.907479853670899
3.12303671791109 -14.8365667917504 1.66484802703762
2.90028137280323 -15.5609878954686 2.42221620040435
2.61054186002651 -16.2678178153872 3.15990009619342
2.05878153213533 -16.9058366045805 3.82058534237122
1.50702120424415 -17.5438553937738 4.48127058854902
0.955260876352967 -18.1818741829671 5.14195583472682
0.270267763227271 -18.7491463211864 5.71167632288429
-0.553913768915174 -19.2425093650153 6.18636584075315
-1.37809530105762 -19.7358724088441 6.661055358622
-2.20227683320006 -20.2292354526729 7.13574487649086
-3.17012610495544 -20.5625006897814 7.42146098537126
-4.17053667053867 -20.8594808726399 7.6643475856069
-5.17094723612191 -21.1564610554985 7.90723418584254
-6.18294472136627 -21.4155182776433 8.11055009856853
-7.25189572196574 -21.4881716937307 8.11936308691049
-8.32084672256521 -21.5608251098181 8.12817607525246
-9.38979772316468 -21.6334785259055 8.13698906359442
-10.4439416745929 -21.5821341307933 8.03442284738897
-11.4855859088564 -21.4261140807886 7.83783326847575
-12.52723014312 -21.2700940307839 7.64124368956253
-13.5688743773836 -21.1140739807792 7.44465411064931
-14.5157672326551 -20.7572794426405 7.10010171633533
-15.4554884239157 -20.3852884272982 6.74435012250096
-16.3952096151762 -20.0132974119559 6.3885985286666
-17.2841920769534 -19.5787506700285 5.99731790016356
-18.0697898738768 -19.0167410827849 5.53364370999269
-18.8553876708003 -18.4547314955412 5.06996951982181
-19.6409854677237 -17.8927219082976 4.60629532965094
-20.2897788189508 -17.2164866845989 4.09854167494075
-20.8899816213723 -16.4996805106305 3.57513176460144
-21.4901844237938 -15.7828743366621 3.05172185426214
-22.0596426666529 -15.0483864502188 2.52512075521358
-22.4606297670711 -14.2170079807476 1.98103288077315
-22.8616168674894 -13.3856295112763 1.43694500633271
-23.2626039679077 -12.5542510418051 0.892857131892279
-23.5484171875382 -11.680209612961 0.353212939860881
-23.7491440508632 -10.7746503109897 -0.183148418057631
-23.9498709141883 -9.86909100901841 -0.719509775976143
-24.1505977775133 -8.96353170704709 -1.25587113389465
-24.156408941144 -8.0202726374221 -1.76397127196551
-24.1618554169292 -7.07694303142133 -2.27201853321119
-24.1673018927145 -6.13361342542056 -2.78006579445687
-24.0938564679456 -5.18732172036302 -3.26788581794933
-23.9113491811368 -4.23693514578897 -3.72774327243538
-23.728841894328 -3.28654857121492 -4.18760072692142
-23.5463346075192 -2.33616199664087 -4.64745818140747
-23.2115753370027 -1.40196451185492 -5.04476745393912
-22.8469330681316 -0.470944513047906 -5.42980018876728
-22.4822907992606 0.460075485759105 -5.81483292359544
-22.0755240311644 1.38014382941152 -6.17217629102253
-21.5368458136368 2.26591743409512 -6.44281133775955
-20.9981675961091 3.15169103877871 -6.71344638449658
-20.4594893785815 4.03746464346231 -6.98408143123361
-19.8224066548643 4.87508592445039 -7.14838856527269
-19.1281931177288 5.68475135740633 -7.25096478497927
-18.4339795805932 6.49441679036227 -7.35354100468585
-17.7397660434577 7.30408222331821 -7.45611722439244
-16.9355180702255 8.00121202210886 -7.3328419618324
-16.1312542989057 8.69832566370482 -7.20953427286452
-15.3269905275859 9.39543930530079 -7.08622658389665
-14.5139068777007 10.045432027137 -6.87537658178054
-13.6831520490671 10.6010150369018 -6.489130075935
-12.8523972204335 11.1565980466666 -6.10288357008945
-12.0216423917999 11.7121810564314 -5.7166370642439
-11.2405554247556 12.1933919687938 -5.18075115073695
-10.4908118175256 12.6276696866428 -4.5504339159155
-9.74106821029571 13.0619474044919 -3.92011668109404
-8.99132460306578 13.4962251223409 -3.28979944627259
-8.35328380374336 13.9255622900974 -2.54775701017923
-7.74188500282612 14.3537210977917 -1.77906723468714
-7.13048620190888 14.7818799054859 -1.01037745919504
-6.51908740099164 15.2100387131802 -0.241687683702944
-5.95753920354194 15.7566506452641 0.487644312927476
-5.40141691890721 16.3161554268 1.21269247221512
-4.84529463427248 16.8756602083359 1.93774063150275
-4.28917234963775 17.4351649898718 2.66278879079039
-3.62288984510512 18.1096731747049 3.1606309129401
-2.95478718788619 18.7860815350609 3.65471896053166
-2.28668453066727 19.4624898954168 4.14880700812322
-1.59332211848442 20.1321710668642 4.59732613068348
-0.738702170311697 20.7589060613165 4.75493457027196
0.115917777861023 21.3856410557687 4.91254300986044
0.970537726033744 22.0123760502209 5.07015144944891
1.86768374760923 22.5604209462635 5.11259270586273
2.84679970659396 22.9567889550403 4.93304669561743
3.82591566557869 23.3531569638171 4.75350068537214
4.80503162456342 23.7495249725939 4.57395467512684
5.78193318077342 23.9473747221207 4.24377468468731
6.75721195537698 23.9997442621165 3.80320553869124
7.73249072998054 24.0521138021123 3.36263639269518
8.70776950458409 24.104483342108 2.92206724669911
9.56962002517462 23.8465335910779 2.36288450698581
10.4075367327054 23.5231052345198 1.77867382689666
11.2454534402362 23.1996768779618 1.19446314680752
12.0639305048959 22.8492157779469 0.609204231841191
12.6589495103966 22.1880141758217 0.0118958912370676
13.2539685158974 21.5268125736965 -0.585412449367055
13.8489875213982 20.8656109715713 -1.18272078997118
14.3422444123078 20.1215766201931 -1.74318605896427
14.632781198331 19.2125313147475 -2.23025631871115
14.9233179843543 18.3034860093019 -2.71732657845802
15.2138547703775 17.3944407038563 -3.2043968382049
15.3195058538437 16.4114975553313 -3.56734898779158
15.2943782755645 15.3762828634141 -3.84250635324601
15.2692506972853 14.3410681714968 -4.11766371870044
15.244123119006 13.3058534795796 -4.39282108415486
14.9909964430843 12.2759692659983 -4.43689760934488
14.6917226946755 11.247163942521 -4.43420331659605
14.3924489462668 10.2183586190437 -4.43150902384722
14.0797946005576 9.19822070371974 -4.40814166643532
13.5898103247194 8.29294992382442 -4.11079901255884
13.0998260488811 7.38767914392909 -3.81345635868237
12.6098417730429 6.48240836403376 -3.51611370480589
12.0915750786644 5.63542619721255 -3.1430809619405
11.5081191649648 4.92279566570837 -2.59558726183766
10.9246632512652 4.21016513420419 -2.04809356173483
10.3412073375656 3.49753460270001 -1.50059986163199
9.73687293362849 2.87896469808939 -0.878485431310992
9.11407002072484 2.34359810518516 -0.190363659968063
8.49126710782119 1.80823151228093 0.497758111374867
7.86846419491754 1.2728649193767 1.1858798827178
7.19236680161609 0.788787164687122 1.86025198703131
6.49936048038055 0.32098200075593 2.53026168594782
5.80635415914502 -0.146823163175261 3.20027138486432
5.11334783790948 -0.614628327106453 3.87028108378083
4.30439399442531 -1.13485719286175 4.34225489355461
3.495003318027 -1.65528356519582 4.81348260205017
2.68561264162869 -2.1757099375299 5.28471031054572
1.85977096386418 -2.71588967842556 5.67166023163915
0.982069869372823 -3.31833907386634 5.79293654415317
0.104368774881464 -3.92078846930712 5.91421285666718
-0.773332319609894 -4.5232378647479 6.0354891691812
-1.6190126137159 -5.14377691755714 5.96416126299948
-2.42914769902831 -5.78439668791337 5.67902992012416
-3.23928278434071 -6.4250164582696 5.39389857724885
-4.04941786965312 -7.06563622862583 5.10876723437353
-4.70861466427709 -7.70848121295885 4.59366535192012
-5.29821537374333 -8.35235222044821 3.97252643152724
-5.88781608320957 -8.99622322793757 3.35138751113436
-6.47741679267581 -9.64009423542693 2.73024859074148
-6.79538360345935 -10.3025549633642 1.95914770086452
-7.07551268019745 -10.967605179954 1.1671575878612
-7.35564175693555 -11.6326553965438 0.375167474857877
-7.61160012262842 -12.3016841318202 -0.4170608203109
-7.57463735629163 -13.0189279235465 -1.21217560853333
-7.53767458995483 -13.7361717152729 -2.00729039675576
-7.50071182361804 -14.4534155069993 -2.80240518497819
-7.36349955545136 -15.1823079443602 -3.55966199363086
-7.01521531693596 -15.9357262151778 -4.23721009355827
-6.66693107842056 -16.6891444859954 -4.91475819348569
-6.31864683990516 -17.442562756813 -5.5923062934131
-5.79069795112583 -18.176034872732 -6.1427759520207
-5.15867222867822 -18.8979525028762 -6.61963111951588
-4.52664650623061 -19.6198701330204 -7.09648628701106
