-0.047910546073185623 -1.766950124489727 -0.71417325387932684
0.024462140981612354 -1.808199080622197 -0.7379908505153302
0.10071180393689604 -1.8441620741968958 -0.75797093141085659
0.1802147445410083 -1.8746686893409941 -0.77394409698567668
0.26231822416553441 -1.8999675209571383 -0.78514891181986857
0.34639454728096503 -1.9198930010683566 -0.79152705571926452
0.43186635196835921 -1.9339480873298576 -0.79338672184498371
0.51808145219427848 -1.9420821796575352 -0.79071442536899184
0.60439323997018279 -1.9441884077206293 -0.7835018794108678
0.69016148440471725 -1.9402727319618394 -0.7719039735096912
0.77469652572309977 -1.9305355435319105 -0.7556296393365739
0.85737344993500952 -1.9153587152567444 -0.73465826686382285
0.93753262498855017 -1.8948231083290297 -0.70900153694612855
1.0146001243656853 -1.8691364322248112 -0.67890217554887022
1.08801061076397 -1.8383887498822957 -0.64469133266456757
1.157194971864993 -1.802697817134014 -0.60668656319435499
1.22165038903654 -1.7623558493820419 -0.56518496090633752
1.2808871038472822 -1.7176676051753315 -0.52048552605136944
1.3344638790376726 -1.6689784770420844 -0.47291815486613747
1.3819731573329683 -1.6166522989030851 -0.42283557607450928
1.4230719965068266 -1.5610865173948736 -0.37062002683673378
1.4574372965394058 -1.5026828697783905 -0.31666820505043086
1.4848490823588256 -1.441922318069625 -0.26135726501253037
1.5050367600982906 -1.379263809555785 -0.20506881629296136
1.5179478771800188 -1.3151892377982253 -0.14823746285960854
1.5233300590498693 -1.2501464952401642 -0.091299862517606217
1.5212451686589603 -1.1846331083575701 -0.034695288523045063
1.5122714524800664 -1.1191101559726444 0.021258369116159942
1.5019454595419734 -1.0537028032919695 0.077130343287154679
1.4915638880756419 -0.98838887766249384 0.13310240133632303
1.4812735998451592 -0.92315498614622482 0.18918454478810162
1.4710423081009985 -0.85799173866170264 0.24535954232751203
1.4608320780842241 -0.79288985054100036 0.30160947172235925
1.4506054195017812 -0.72784010016531153 0.35791670870168146
1.4403253217045855 -0.66283344992962645 0.41426397548251803
1.4299549720709224 -0.59786110263546899 0.47063426015061732
1.4194568162717935 -0.53291400476137518 0.52700997732272126
1.4087742437096837 -0.46797053249574233 0.58335520180366929
1.3955360866558946 -0.4015129249267288 0.63731659862943035
1.3774185636474914 -0.33238514643453271 0.68625337903619843
1.3545076741892277 -0.2613202315435264 0.73014613868174461
1.326695476945662 -0.18891088312420534 0.76868026802729505
1.2944550334251825 -0.11546248291543268 0.80135923746225235
1.257973422076492 -0.041647074378091786 0.82824595452467986
1.2174000023343734 0.03197914495359859 0.84911256827424297
1.1729695356417684 0.10489590665096077 0.8636667153626677
1.1245357708186281 0.17619617572154833 0.87223846487721046
1.0728853361719424 0.24570101042825374 0.87434793176346504
1.0183724322286825 0.31288248231657489 0.87003929109971789
0.96131525529225414 0.37716425967597633 0.85927079116669469
0.90244639488606604 0.43832298464286079 0.84200216973460862
0.84183526772629325 0.49557028239765222 0.81847344060537697
0.78040212904213146 0.54890363770727335 0.78871104641586787
0.71870144649827861 0.59796397169921744 0.7527843927556358
0.65723926816805467 0.64229055476591346 0.71080310777967992
0.5966204526259743 0.68161219223341285 0.66300977041974241
0.53754246688443319 0.7156067827389796 0.60953984264917915
0.4809391867675018 0.7442738350180913 0.55055462105036912
0.42771102335447531 0.76742884653040133 0.48624082541310265
0.37889912307060969 0.78502097416420913 0.41686264778539517
0.33574457234762317 0.79747443855021893 0.34277778649835189
0.29917454104907654 0.80614183739966627 0.26472988558292515
0.27203002041677127 0.81234987558786309 0.18270449561778657
0.25612291658506536 0.81963489725455252 0.097883277341210218
0.25063342223577129 0.83269517760031608 0.012505574639051956
0.24778401413194082 0.84935044509001989 -0.072459648349484013
0.24813116992951029 0.87295518275925321 -0.1557906346519308
0.24808636378927593 0.9073928045216888 -0.23528249292004216
0.24582846442062101 0.95038259268242997 -0.31046129225971275
0.2404033869285675 1.0001728495573956 -0.38114002937400715
0.23086086187847385 1.0555872890498588 -0.44703973284763759
0.21659123981462619 1.115459610430658 -0.50799673813743473
0.1975907493458669 1.1789580183691839 -0.56377530520743202
0.17336645337584014 1.2451085334964791 -0.61419295082175474
0.14410687423226043 1.3131566112915209 -0.65911447442294724
0.11000964480102679 1.3824454136150828 -0.69836968554766277
0.071116468725527057 1.4523081335128423 -0.73170429733538467
0.027682051655250853 1.5221436545234599 -0.75893480498207244
-0.020426975851877589 1.5909682879008598 -0.78023657213087272
-0.072729104386425894 1.6583308451383019 -0.79545708378381641
-0.12894482683174335 1.7236180178514744 -0.80453781695231419
-0.188744887238363 1.7862305702700614 -0.80749098943537845
-0.25167749064514922 1.8456847047948433 -0.80435334900902533
-0.31740626334668176 1.9013866025596917 -0.79528111943152113
-0.38534637498569096 1.9529921541448803 -0.78023877160447719
-0.45540626474491214 1.9997361290470643 -0.75993800767854425
-0.52652734088111708 2.0418438674074819 -0.73398121094900004
-0.598274633525406 2.0788008077633191 -0.70248685656373466
-0.67080241835978738 2.1097397930335706 -0.66660060071814775
-0.74320412834697958 2.1347644339093272 -0.62614185064014627
-0.81469245900179665 2.1538347451214621 -0.58107586043940473
-0.88501285071831437 2.1665523743843336 -0.53210151150992058
-0.95392103335205947 2.1726366674693725 -0.47995071964021108
-1.020875980933323 2.1720546264403038 -0.42498066354322589
-1.0848286169847303 2.1653276066105844 -0.36693169288943916
-1.1453204451562666 2.1524900884281482 -0.30626233791218743
-1.202167721381814 2.1332675545441102 -0.24378352273272968
-1.2550768379153507 2.1077212001584087 -0.18012320659441869
-1.3040567186475136 2.0757845635966756 -0.11620492196103278
-1.348571344168388 2.0377972871931411 -0.05233230456022761
-1.3877322141894615 1.9944786500800158 0.011653638901575038
-1.4214536312620589 1.9460585153537366 0.075076633512000474
-1.4496820866904068 1.8925947411192479 0.13711464980075089
-1.4724184469131447 1.8343455331154581 0.19706345015579046
-1.4893018329266829 1.7719439869562941 0.25472446785614483
-1.4999611094332801 1.7061409098345772 0.31004066376300882
-1.5048504732192265 1.6369404505659526 0.36191286909129533
-1.5040730796990958 1.5647755759846738 0.40982067401656186
-1.4973037345651872 1.490608452686738 0.45405171121140303
-1.4846624481955422 1.4146869496409133 0.49379046920833658
-1.4663379307730362 1.3375656694892026 0.52871063467570645
-1.4422201089661351 1.2600355193368833 0.55887987491323299
-1.4129546693457071 1.1823172000557434 0.58349605023662188
-1.3785878951193451 1.1051442078550799 0.60262380114964165
-1.3394009357008934 1.0290764116111168 0.61605173471395913
-1.296199997829389 0.95434891748247708 0.62325631280135207
-1.2489929811653211 0.88173597500685397 0.62438178265125366
-1.1983725125330149 0.81163583327196098 0.61933015493543775
-1.1450797016801015 0.7443327378107063 0.60782966061277532
-1.089449141646023 0.68041499902306168 0.58989270827273077
-1.0320648256737093 0.62029919544697432 0.5654970477196839
-0.9734711303177439 0.56441173630594021 0.53475266413783107
-0.914452642909936 0.51299080009425713 0.49768144329788389
-0.85590629266680018 0.46619206902932264 0.45427812941230178
-0.798767019278526 0.42417857336631182 0.40456543422362118
-0.74493722200958845 0.38655761380164233 0.3481089366854857
-0.69609122323345785 0.3531503531264456 0.28489243472690629
-0.65437967157240007 0.32372210045212296 0.21493714617754886
-0.61997358207716291 0.29854693759937578 0.13955183281159583
-0.59142940318447323 0.27749001267261592 0.060537061201788166
-0.56817814449621229 0.25907416698692282 -0.020846724978703653
-0.54718292427181603 0.23747043027682455 -0.10208062689881191
-0.5187112672712213 0.21510319663737318 -0.18079296220925939
-0.4835751038515585 0.19080048315110285 -0.2561165910819716
-0.43884147351916342 0.16475641543012157 -0.32556040026779487
-0.38717799677864784 0.13586653210555708 -0.38876874262830607
-0.33195928702541155 0.10306690941866037 -0.44686837833790449
-0.27655186613069049 0.064134659323255266 -0.50088401728103216
-0.22174215395312813 0.020531633443892305 -0.55185240768469124
-0.16801920547779223 -0.028003406406403454 -0.59939376302012837
-0.11590252209265473 -0.082179556379151031 -0.64239419236794593
-0.064113370371900735 -0.14046151083670888 -0.68012668714194469
-0.013020828311799654 -0.20220122214077191 -0.71296591076489102
0.036671471877579041 -0.2680844060088558 -0.73919933227164869
0.086087514222855294 -0.336792746171096 -0.75747605105980864
0.1364892236226129 -0.40647733446527251 -0.76744587315099122
0.1870376604226687 -0.47674594860673719 -0.76836379025504986
0.23714288815646506 -0.54681315206121195 -0.75985389612458631
0.28600814252878143 -0.61596622177076787 -0.74193804849751788
0.33296829651535259 -0.68343957378517228 -0.71484524156032736
0.37775700394460504 -0.74830888864183409 -0.67910982723173763
0.41931226266933208 -0.81024934810931892 -0.63521544736854285
0.45681720693919287 -0.868764097126419 -0.58365173879710497
0.48928918558585477 -0.92308219711549699 -0.52465118568433911
0.51506827980260239 -0.97316160146830888 -0.45899123619098942
0.53269645325205284 -1.0190247274534785 -0.38783494188490319
0.5387049100336172 -1.0615036488994642 -0.31272978466056506
0.53648110596020171 -1.1069788645203773 -0.23914478700137454
0.52994350123392053 -1.1572260232458895 -0.16903560536750636
0.52131568386306704 -1.2131184483978237 -0.10341022381585363
0.50060889733811698 -1.2686379432699608 -0.040359677984226711
0.47226981997469114 -1.3223640541793691 0.021259175201256281
0.43618049941214504 -1.3733564043037585 0.081177106944214678
0.39314296167023027 -1.4207188557380888 0.1394491166699765
0.34374416253114237 -1.4641031588099973 0.19576446951384496
0.28855438979424081 -1.5030341779342571 0.24990023617167528
0.22794815670812663 -1.5368778845389071 0.30161559625593626
0.16260142865750585 -1.5654266059573325 0.35069814338968808
0.093199213279427873 -1.5885698499149872 0.39696815869984259
0.020224350047486864 -1.605768524395399 0.4402436726299615
-0.055744636455841962 -1.6168550797966272 0.48023101205875901
-0.13401941598549638 -1.6216930860210532 0.51688767636364896
-0.21409737932883605 -1.6203426907631413 0.54974057713512126
-0.29551156827251623 -1.6131074687849285 0.57827589289625603
-0.37751330880373896 -1.5999625116587537 0.60271232487266502
-0.45960360063540928 -1.5809206747742546 0.62252542681435608
-0.5411685862938399 -1.5561275991562153 0.63758480480815516
-0.62140997013189869 -1.5254509110506547 0.64829009766756673
-0.69980362376496918 -1.4892430952059041 0.65447577654864109
-0.77597341982145285 -1.4481139919347039 0.65563949130496402
-0.84937862279073384 -1.402400099579294 0.65156223488138654
-0.91946986024679134 -1.3524349094579586 0.64231404191225294
-0.98570126830124705 -1.2985332597019146 0.62805312151511539
-1.0475562316054061 -1.2409947926495986 0.60911367877315059
-1.1044371784227305 -1.1800767425835768 0.58568260871198474
-1.1559244192474218 -1.1162331984744156 0.55795633749600615
-1.2016400632727913 -1.0499599919296323 0.52611573732409689
-1.2412620471212492 -0.98177337636232431 0.49038080213059354
-1.2744734937109601 -0.91219899775652225 0.45097684354339435
-1.3010746153722359 -0.84178000886855064 0.40819551203268922
-1.3232515089951686 -0.771034949143237 0.36338978616579332
-1.3445036637816268 -0.70019440854925752 0.31826212933736869
-1.3655093296093013 -0.62928899709653252 0.27312084939918524
-1.3863209490704929 -0.55833007664727918 0.22797373604850371
-1.4069791737317259 -0.48732845390563784 0.18282328160634881
-1.4275241346889018 -0.41629467350083132 0.1376717069238298
-1.4479961005881479 -0.34523921169213695 0.092521077863633894
-1.4684358017391757 -0.27417266477670904 0.04737327014863818
-1.4888842176014989 -0.20310563678813934 0.002230165656047306
-1.5093674886271784 -0.13204075486030431 -0.042900510978546053
-1.5280889019455444 -0.060060060749268167 -0.087324046510297834
-1.5418426246626216 0.014265526421593143 -0.12955871932609359
-1.5492040088334507 0.091055421202449402 -0.16888996174625515
-1.5506525780670675 0.16973127936553403 -0.20501869365688768
-1.5462787163076763 0.24982727890109996 -0.23763039406060943
-1.535682870326911 0.33048347605477624 -0.26729400190985575
-1.5186159235529213 0.4111135825942494 -0.29382249831424784
-1.4949499451231041 0.49111421828901375 -0.31698062200532601
-1.4648191851262296 0.56978568208816194 -0.33694523593598807
-1.4283342442226965 0.6466097948094901 -0.35313438892555421
-1.3857744298394956 0.72101272750640311 -0.3652888219627824
-1.3375233496284822 0.79245787278817992 -0.37317987187840501
-1.2839578241269878 0.86037893744668803 -0.3765859501348619
-1.2256758916150958 0.92436694605984326 -0.37506481259801044
-1.1633206883956584 0.98401309697797845 -0.36816300503811134
-1.0975924178507688 1.0388895654877519 -0.35548998205059867
-1.0294268802934683 1.0887523766396878 -0.33655400772939553
-0.95977663766973809 1.1331271870038775 -0.31069968948169324
-0.89025030536007554 1.1718366136382112 -0.2767736733609637
-0.82331038107869636 1.2051556250084312 -0.23336550859821115
-0.76194521411378424 1.2364391422651355 -0.18098176243596192
-0.70737293503567511 1.2701224613965316 -0.12288504230026229
-0.65959013573989833 1.3098783187550973 -0.062709174893503472
-0.61588146170340163 1.3576779704452342 -0.0053246351685759669
-0.5715820925060191 1.4116397987126026 0.045781947944706046
-0.52134188383638014 1.4685617711681036 0.087215336399221716
-0.46488825147116264 1.5247736768369036 0.12097688954350258
-0.40259148291415581 1.5782811423374008 0.14830119989566182
-0.33510164920929397 1.6278662030732198 0.17018334200237972
-0.26318110919985283 1.6729055308800327 0.18726021225386486
-0.18723562636478516 1.712509451499687 0.19979405442031636
-0.10791400598580947 1.7461082293756789 0.208308809151978
-0.025881133852711229 1.773311437516383 0.21324899823132579
0.058213211410243215 1.7937876066224223 0.21489674501493169
0.14370382826812111 1.8073366389789884 0.21347807200967447
0.22992510694065355 1.8138055902708521 0.20917705775210674
0.31623923865674453 1.8130447605431785 0.20255622871790066
0.40199350740136941 1.8050956856982692 0.19373373830422758
0.48653955298010326 1.7901140658055341 0.18267290011436821
0.56927714858909984 1.7678710912842861 0.17024956776779324
0.64957753398998863 1.7386690806174605 0.15630760532654409
0.72690250814909552 1.7029237794424992 0.14085591437675793
0.80073840872979185 1.660763750688429 0.12454487488309116
0.87043751413669779 1.612337925111738 0.10744247624888831
0.93562645826516277 1.5583020178267368 0.089376847605664639
0.99573943929058017 1.4988807245569358 0.070644510793429885
1.0502824070513077 1.4343447543865235 0.051780494793280091
1.0989172262266687 1.3654408251471675 0.032223025264431382
1.1411557738993718 1.2924447320359662 0.012660534916116538
1.1766844641678533 1.2158652375602808 -0.0065431842581334648
1.2052387389550265 1.1363488333514262 -0.025452078122945452
1.226597389560532 1.054468149239284 -0.043752181390604758
1.2406828875897289 0.97080826659837749 -0.061043786808166869
1.2475003873231052 0.88600133221094424 -0.077078474295203939
1.2468881802644316 0.80065644606410147 -0.091639501224134431
1.2388189799908589 0.71542231330114658 -0.10452197969260747
1.2234128160021256 0.63094522153630106 -0.11557665851184566
1.2008333946606453 0.54781871758025391 -0.12429054106534154
1.1713261323512185 0.46664153415249532 -0.13026017313025109
1.1351574603673629 0.38803704718162935 -0.13327804911780761
1.0927412479336582 0.31256272327468021 -0.13295529861434857
1.044514321099518 0.24077679183563896 -0.12887845051075808
0.9909315199675377 0.17327157520698688 -0.1206740956386098
0.93273034045424907 0.11048390188321536 -0.10784048835361219
0.87081547346949628 0.052740141353140708 -0.08975388677224469
0.80637190413892379 0.00051112530672149659 -0.065088434576305726
0.7414526882432404 -0.045807304573420457 -0.031662922910107735
0.67899097640649098 -0.085763800827974482 0.012924857687088787
0.61734690344208309 -0.12119715146085096 0.062392091510287601
0.55252022420216318 -0.15195362457937808 0.11078388437005872
0.48396583535977244 -0.17934832897886735 0.15609147261682552
0.41383759977062456 -0.20960912609035856 0.19690076900663869
0.34313902929708845 -0.24436448756999149 0.23282148540284564
0.27308605814275111 -0.28409255698759578 0.26469550036068684
0.2041119790719764 -0.32753874801238891 0.2939761805067414
0.13694023076897929 -0.37561707971065295 0.31996997179883235
0.06990228840683585 -0.42707997534664588 0.33861885094426619
0.0013689687005123616 -0.47947688417223239 0.34388107270063062
-0.067409663050423271 -0.53096222168010998 0.33426292676070324
-0.13464441567350918 -0.57966937885486547 0.31007484308171834
-0.19855063412833993 -0.62386849314260562 0.27206145734409731
-0.25611952615543887 -0.66377551055880768 0.22125923471047218
-0.30381377931248127 -0.70135181757772225 0.15956377577832587
-0.34274762901791306 -0.7400412051135058 0.092557044383076228
-0.37676206148270158 -0.78210817173142511 0.024907852048128731
-0.40661206262662242 -0.83046693297835172 -0.040325333746412916
-0.43297838898961749 -0.8878433736411333 -0.09964919921432594
-0.45231156420531171 -0.95132729852897369 -0.15534323911620379
-0.46390320261522128 -1.0178592315243558 -0.20957440844853775
-0.46739914236291424 -1.0863707211934679 -0.26246758737268183
-0.46340673424835555 -1.1559970719078114 -0.31384624102399061
-0.45195143053860587 -1.2259073973559063 -0.36370025044894239
-0.43304015189931228 -1.2952114636534531 -0.4121212691780835
-0.40712461253662802 -1.3634394816139046 -0.45878998122221359
-0.37439296019360985 -1.4302290936806625 -0.50320767752478546
-0.33478521462227012 -1.4946002299581074 -0.54554447609553469
-0.28872146105926616 -1.5563804318078232 -0.58514116017590401
-0.23678764410959108 -1.6151686216603252 -0.62190974876567973
-0.17896630209038494 -1.6698631304004208 -0.65613958942199369
-0.11586774334421136 -1.7206776053655828 -0.6868452776765388
