-0.047910546073185623 -1.766950124489727 -0.71417325387932684
0.024472779571927519 -1.8082051441077891 -0.73799435163796656
0.100735288906297 -1.844173150511289 -0.75797708507518546
0.1801718228132457 -1.8746554637192749 -0.77393823937751993
0.26235706997573188 -1.8999794906521581 -0.78515421317996115
0.3465820884439324 -1.9199374407995571 -0.79154127759192838
0.43218928474216278 -1.9340011392852809 -0.79339370970425471
0.51865470845608808 -1.942136113643983 -0.79069654345300444
0.60520782500886905 -1.9442079061657309 -0.78343352431329849
0.69124612196594515 -1.9402224900089691 -0.77175677109422602
0.77616856360617881 -1.930364668957989 -0.75534516199645518
0.85897432971276544 -1.915062886656862 -0.73425044371943371
0.93954627232543908 -1.894304311738727 -0.70835434375405459
1.0169318483863781 -1.8683545329935629 -0.67798717483673243
1.090505590836139 -1.837336902196592 -0.64352259449402471
1.159976930992628 -1.801252841676511 -0.60514994174249848
1.224596165579479 -1.760497969977739 -0.56327607000220914
1.2839487946190671 -1.715338041364477 -0.51815812811547679
1.3375688361688109 -1.666128942858464 -0.47013743739986502
1.3850107165969061 -1.613267758068881 -0.41959980524627938
1.42598013315518 -1.5570995211950669 -0.36687764379133581
1.4600493154959819 -1.4981644291511269 -0.3124991067694316
1.4871538061626359 -1.4366955539269231 -0.25660448565296218
1.5067830956413291 -1.373655390675163 -0.2000361705979897
1.519134127636254 -1.3089772487607101 -0.14273388534005529
1.523881134214329 -1.242419923002489 -0.084544744334850166
1.52109115369248 -1.181256723449047 -0.031782669938074062
1.511232440897299 -1.1117889325114301 0.027506908903630702
1.5007618127017599 -1.04629959436107 0.083454962564538618
1.490387639030722 -0.98098313908817425 0.13945141535979161
1.480105343120659 -0.91574245179516833 0.1955594419881376
1.469877482899651 -0.85056933701504434 0.25176009267064747
1.4596662102092861 -0.78545550551220555 0.30803458931608768
1.4494342149531689 -0.7203926900009282 0.36436450856868841
1.439144652052333 -0.65537277977966313 0.42073180693480827
1.4287608402780809 -0.59038788025161693 0.47711871946218448
1.4182449909709449 -0.52542817965926569 0.53350818589631277
1.406995146652084 -0.45717700921977539 0.59271905418875459
1.394209133970062 -0.39506705535438741 0.6424809691272525
1.375506043495611 -0.32524540003733038 0.69123924994105312
1.352103865019352 -0.25400233442641368 0.7346000433903247
1.324069413774164 -0.18218340940378089 0.77220260177534594
1.2916132912443301 -0.10906006392461901 0.80415705529625203
1.254842563840733 -0.035372956233760078 0.83048790523392335
1.214292787496897 0.037568437986048732 0.8506581577588741
1.169819437087724 0.110028323684169 0.86465836622890579
1.1212931031753921 0.18093431577295269 0.87278125972233922
1.069829852772785 0.2497890643209992 0.8744468196219618
1.0153621030400171 0.31657353320479342 0.86978144467795615
0.95863861181432308 0.38016498552013828 0.85875025623557322
0.90028364413208484 0.44056139528633648 0.84135756201688949
0.83922971663872825 0.49802250561500111 0.81745329682896528
0.77817109836064335 0.55083329981725382 0.78762099929433083
0.71686710490615968 0.59941771741640582 0.75170985752125941
0.65561281201532462 0.64345998827057627 0.70968730283948722
0.59495847922772371 0.68268704241277878 0.66169473881258822
0.53607015538054081 0.71645093945431582 0.60820244127851997
0.48018507740826649 0.74465441069948257 0.54976608491782453
0.42690341777540131 0.76777935806927455 0.48526313548780081
0.37853457569203469 0.78515190798978574 0.41634321054257128
0.33425079961406828 0.79790461052313078 0.34020966273156539
0.29815130223638669 0.80638213241954093 0.26252800200949428
0.27086993647151192 0.81261491170235434 0.17915941812661279
0.25440338380083422 0.82045344197713255 0.088406312521712632
0.2499641148933042 0.83486853756585755 -0.00096960814114381848
0.24754904466791219 0.85091129315235281 -0.080164785987541148
0.2481400182701872 0.87329025127105553 -0.15694015231953129
0.24808551343633911 0.90793328512679317 -0.23652411595459519
0.2457512625453957 0.95183456210023554 -0.31299029744297091
0.24024427176213309 1.0016110570261141 -0.38316768609521912
0.23049293367235851 1.0577037241696701 -0.44954418782444261
0.21604827394949491 1.117715412858121 -0.51027975054402508
0.19698307720177849 1.180974292284547 -0.5655365250405141
0.1725358175223827 1.247364241195325 -0.61590427806534664
0.14302485722773531 1.315660695333112 -0.66075907185840799
0.1088581875986499 1.384774635183631 -0.69968141456090005
0.07005474451448862 1.4542079396788861 -0.73260514316233849
0.026535298662498229 1.523982232132195 -0.75964737754832989
-0.021880276199257 1.5930412466560491 -0.78087372788937226
-0.074127487822849225 1.6601263613054049 -0.79585813773249725
-0.13041292876458041 1.7253184328183371 -0.80477027358135544
-0.19026880305676661 1.787821892972473 -0.80756206782938078
-0.25313149862876361 1.847054755086555 -0.80427737437147495
-0.31892870787188132 1.9026735341275081 -0.79506802959539735
-0.3866640701541067 1.953990451817164 -0.77994456612489682
-0.4573975625474247 2.0010612724627581 -0.7593584652867541
-0.52803254703028757 2.0427318525011651 -0.73342865602695373
-0.59988690759672336 2.0796287023241211 -0.70177664615451063
-0.67266685795364956 2.1105314436771181 -0.6656757873569894
-0.74496034334764794 2.1353677793566281 -0.62515754699031068
-0.81646169627812737 2.1543032873979349 -0.57995742365718805
-0.88693412666360893 2.16689567824801 -0.53076025892855228
-0.95587060914733057 2.172803752265196 -0.47847196725616492
-1.0229312112637901 2.1720309418420261 -0.42328946561932218
-1.086851055385889 2.1651085815572721 -0.36509025668633632
-1.14731611758691 2.1520593950524698 -0.30425442819890403
-1.2041573461803801 2.1325859206574158 -0.2415900697653906
-1.2570479219594271 2.1067586914575931 -0.17774383576592881
-1.3060782791136929 2.0744525560412921 -0.1135585101393255
-1.3504163542658461 2.036205748878293 -0.049673918600610968
-1.389499013915918 1.9925029907519569 0.0145573241453538
-1.42304672390583 1.9437430330151679 0.078093814582070556
-1.451103287339256 1.8898655879172459 0.14026386349785061
-1.4735716057347179 1.831341875519231 0.2001363309470067
-1.4902406768153851 1.768398879565372 0.25798250972085179
-1.5005790191695429 1.7021832870446409 0.31334990333073193
-1.505109913434467 1.632977721401119 0.36486249377251329
-1.5039956939828429 1.5596852016141449 0.41317619849548448
-1.496832173568182 1.48574083491426 0.45693207798089669
-1.4837692821372761 1.4094721303503519 0.49649559713839242
-1.464991791655788 1.3320126806402339 0.53119844650890524
-1.4403865654517589 1.254240020642756 0.56110874417209033
-1.4107153797730889 1.1764460775656631 0.58532354553025767
-1.3757558154602001 1.0988588550787051 0.60414884123808055
-1.336248200376271 1.0230248010428711 0.61708396678225563
-1.2927890559148849 0.94849972988217168 0.62378201713783787
-1.244823077620042 0.87537927706662355 0.62443888741132703
-1.193957423531907 0.80557707000259537 0.61884457400608539
-1.140484431675048 0.73857481309493889 0.60679408654739631
-1.084765946099566 0.67507802960270025 0.58834177245126518
-1.0271210108925211 0.61516047338932212 0.56335401761164172
-0.96817623113317586 0.55940316138048196 0.5319298939552406
-0.90927867412100316 0.50852095515914686 0.49438307063457371
-0.85080266894680379 0.46214445673608878 0.45044317725663158
-0.79372096995120689 0.42049691047826432 0.40011653513527617
-0.73959287375043392 0.38283950216069779 0.34241140974330447
-0.69273678876925793 0.35086100769817508 0.28045711721946681
-0.651703657842433 0.32182873375216958 0.21036609509476359
-0.61761600882272827 0.29681707914170691 0.13429026923934459
-0.59211229428297607 0.27799840525130581 0.062876529230638689
-0.572058713978983 0.26306909745235579 -0.0058236047849201979
-0.54722481440504767 0.2375033390182146 -0.1019648180362278
-0.51544124998161722 0.21253428255133691 -0.1898332051907235
-0.48206669053299739 0.18977169377869349 -0.2592541760810993
-0.43523362686874628 0.16266848402262249 -0.33109473196952388
-0.38076982518284103 0.1322925178503053 -0.39645951593055889
-0.3281806446113596 0.10080442414877649 -0.4507707541921136
-0.27012384221685409 0.059569102435221129 -0.5071233524544676
-0.21439513705701549 0.014603585983097101 -0.55864475281188664
-0.1611932286867109 -0.034274640886980547 -0.60539152497270132
-0.1104389805499383 -0.087958457075881194 -0.64685792512259821
-0.055276286110673097 -0.15047700568444139 -0.68647304398650222
-0.0051946791619096261 -0.21178108362458789 -0.71787266453390031
0.044390554019668259 -0.27846534525370698 -0.74313144200701575
0.094822719768435343 -0.34901190635615681 -0.76048114082981921
0.1458127679738595 -0.41933613993438063 -0.76900434301729603
0.1967125110041392 -0.49021915102941332 -0.76821346233674237
0.24755366433364451 -0.56138604302122674 -0.75770131732362256
0.29602217906212402 -0.63017959638011045 -0.73783309226567184
0.34334778335627297 -0.69840220782441553 -0.70838713147070242
0.38847481399872902 -0.76385385932955319 -0.66999051036361812
0.42975043099217108 -0.82595375759132794 -0.6234444359318555
0.4665942256795983 -0.8842279814374634 -0.56927788258389234
0.49800794309681778 -0.93800888066879307 -0.50750687917797743
0.52283644758380798 -0.98916786428983461 -0.43690036769082652
0.53610773352383545 -1.029354349130621 -0.37085970630087028
0.53964632158415549 -1.0731569662732039 -0.29165914142243171
0.53425925937397056 -1.130720396879703 -0.20228194637353319
0.52856146827145178 -1.165713906055867 -0.1583891470487663
0.52031543191247775 -1.2196624584417139 -0.095820600373375697
0.49323517057133232 -1.286963430281977 -0.019607491120103938
0.46186128470779192 -1.3399391784592021 0.041547991058913748
0.42287820682649518 -1.3906660663903141 0.10170444239552801
0.37741199560172239 -1.436617813591283 0.15941734585920619
0.32517497055042982 -1.4792624549533671 0.21581140023477299
0.26828959571527011 -1.5161887773743179 0.26876403424337553
0.20664184124146379 -1.547804828515652 0.31896613607402041
0.13810199540415721 -1.575229501409658 0.36835048017792588
0.06794819066973104 -1.596071777986918 0.41306127394126951
-0.0061731373752226927 -1.6111320856264659 0.45527907250868321
-0.083281449943071059 -1.6200341852498621 0.49409173683566382
-0.16199503166438481 -1.6226077614415351 0.52945677388602197
-0.2415067769516985 -1.619151108701085 0.56041124464782144
-0.32420782011743088 -1.609896090519179 0.58776854035807991
-0.40556515054889242 -1.594734997775606 0.61057644334541228
-0.48706184217849507 -1.5739012836348341 0.6285969938885283
-0.56805922468676118 -1.5472942137799759 0.64205167815888575
-0.64733958165851679 -1.5148345953927591 0.65132210393196877
-0.72463132050579149 -1.4771323622110519 0.65596819734206191
-0.79927665183737195 -1.4349430888300989 0.65549029769680178
-0.8714699582415889 -1.388051001561128 0.64983024406992429
-0.93974246085449675 -1.337392570197838 0.63913959867249948
-1.0046132287326781 -1.282542728543266 0.62349105759369305
-1.064355505811128 -1.224741267719633 0.60348925772645146
-1.119385027457108 -1.1634197885338931 0.57904189030046449
-1.168991155607793 -1.0993589512075099 0.55041599963024068
-1.2127033943107699 -1.033220778323148 0.51788140835477592
-1.250501793555634 -0.96512830028046326 0.48148337163940202
-1.281922886615988 -0.89575080392233097 0.44149670185619999
-1.3058700595047279 -0.82826614096865436 0.3998571527453032
-1.3280595973350171 -0.75520355221384106 0.35330211654236249
-1.349241943335574 -0.68434378537449014 0.30816552364174848
-1.370199461322789 -0.6134158750019999 0.26301694362795841
-1.3909737001074849 -0.54243200883682174 0.21786007141925429
-1.41160462186645 -0.47140398697908009 0.17269794211990089
-1.4321320027114111 -0.40034340375087202 0.12753344007427869
-1.452595870825492 -0.3292618378411879 0.082369298488154677
-1.473036792387495 -0.25817103121690871 0.037208049100903647
-1.4934955080204459 -0.1870826852792386 -0.0079477135026299502
-1.514248784866445 -0.11511306482507599 -0.053649954485216478
-1.5326810043739081 -0.041793666595202922 -0.098496992438251274
-1.544463186313805 0.030300525339533781 -0.13844352002036489
-1.5506405004406361 0.1094644415023748 -0.1781153773416842
-1.550656328732003 0.1884469365213701 -0.2133734250873574
-1.544897150800671 0.26919878912634748 -0.2452858437417445
-1.532607916878153 0.35093516080251907 -0.27463847791669782
-1.5140231787866201 0.43086660314707032 -0.30011947882513612
-1.4883053526478141 0.51210283811555479 -0.32285458271258571
-1.4564592352476511 0.59031800963890757 -0.34196083307825548
-1.4181861723840281 0.66692102190752178 -0.3571660363430112
-1.373912433848679 0.74080912055959325 -0.3682615856247054
-1.323860916738786 0.81184961144501477 -0.37502646289088759
-1.26830268748037 0.87941839479691408 -0.37719778205828169
-1.208819357369681 0.94214160583113016 -0.37422134144279801
-1.1450416708729521 1.0008349016072979 -0.36572907807284238
-1.07782456632956 1.0547435336192761 -0.35122426832514791
-1.0087426744126879 1.1032870779532331 -0.33028423090037617
-0.93784449970322192 1.146492724265352 -0.30192767334609399
-0.8676452038728788 1.1838738211014419 -0.26482665481552431
-0.80631184286282265 1.213315340875462 -0.2213029026693934
-0.74515210109312102 1.24519168040367 -0.16571989818902599
-0.69121107171762797 1.2807878073230701 -0.104560363426468
-0.64671727134203016 1.3217210488119451 -0.045671580710526127
-0.60203097532063832 1.373828701017396 0.012797957569019131
-0.56086320591783534 1.424950397674055 0.057393265647731367
-0.50676704016701668 1.484644961643663 0.09821324831633399
-0.44839496158290898 1.54057772831824 0.12994198489042369
-0.38449922090549771 1.593173898627567 0.1555530449039898
-0.31404215264904101 1.642656453708083 0.17642062616108059
-0.24190127100539449 1.6855614935598751 0.19179540505579371
-0.1646552131810308 1.723640684447544 0.2030980090109977
-0.083978711042236434 1.7555857738463609 0.21050689488951371
-0.001058220750600079 1.7808849479834861 0.21442059602014171
0.083516810262284982 1.7992958875331739 0.2151000180373428
0.16893035896855829 1.8107068053358391 0.21279825645115219
0.25538866864394871 1.815099244298803 0.20766531092834381
0.34164776184791368 1.8121868984370439 0.200422900569909
0.42739440767190812 1.802110832566987 0.19091811738438139
0.51096510668371409 1.7851596833405889 0.17926781933931529
0.59259961398906025 1.7609563516032201 0.1666426307892146
0.67224451711636257 1.7298027479159701 0.15219612060107179
0.74896001012036284 1.6920766390905211 0.13627951820080661
0.82064460175926879 1.6487255181902729 0.1200334940507769
0.8897276126267295 1.5982411346091141 0.10256463396388329
0.95340221335511632 1.542834353040019 0.08426946729529726
1.0112879186499391 1.4827386162789891 0.065640702672785087
1.064700287004694 1.4164515361433569 0.046655800983252643
1.1114161650490411 1.346807371351346 0.026950947023408649
1.151745650420557 1.2730869240495579 0.0075719105023025392
1.185337708829334 1.19601051398956 -0.011440825726556501
1.212063962234625 1.1158873653259269 -0.030257353298560791
1.2313560658480089 1.034357671467401 -0.048170789404057647
1.2437854684287519 0.94966846449451647 -0.065326008147096104
1.248705592232511 0.86534625397691478 -0.080891243914711142
1.246315111536213 0.78025837088884253 -0.095028655832479089
1.236441817697632 0.6948615973630059 -0.1075324886973054
1.219282545904006 0.61068335481567126 -0.11812670761197359
1.1951427897063991 0.52842824203046401 -0.1261917635510918
1.164132052443057 0.44797818828042402 -0.13148908041035839
1.12629187851722 0.36969638888300532 -0.13382543382168199
1.0825904262266699 0.29527679919607441 -0.1326920371734461
1.0333546591457829 0.22480347585209751 -0.12776073277558661
0.97797838256606895 0.15753724242198519 -0.1185103193050403
0.91911250351041718 0.096322742875803197 -0.1046292992870063
0.85482617111924974 0.038311606257592702 -0.084829205729090654
0.78665168648130668 -0.014873148532700369 -0.057054213276039357
0.72961737201954735 -0.053907384954110113 -0.025014236821412059
0.66935948023579339 -0.091824373455865582 0.020142638827805089
0.59532780137285979 -0.13363187853683431 0.080278054258760834
0.53444593156937281 -0.15968946532075251 0.1236641111168137
0.46808197135024759 -0.18553410793679059 0.16629493574247489
0.3946800344216449 -0.21811173604091991 0.2077098766383409
0.32974246277253499 -0.25118811725012391 0.2393485086252152
0.25594208896412851 -0.29404929011221259 0.27236538424977658
0.18752046010636361 -0.33825917629346031 0.30089408858576161
0.1198694461046412 -0.38822534054893831 0.32640806626535362
0.054801911188935487 -0.43882208094443759 0.34230902391534629
-0.011982998788396249 -0.48963581582910493 0.3442739004824179
-0.078583046157504277 -0.53929315357290919 0.33224482868179228
-0.14343974102399989 -0.58600390191139073 0.30659665055713731
-0.20491004972393409 -0.62823780487814018 0.268076335094308
-0.26005097252473508 -0.66650380605618997 0.21766499918706869
-0.3058326405922992 -0.70295942244366905 0.15688345614483271
-0.34658664485883439 -0.74389756690990638 0.085867346667455005
-0.38289468427028339 -0.78987380521965955 0.01251890675263077
-0.40428936526406689 -0.82541245153237719 -0.035099297173782552
-0.4331757280570333 -0.88827280825921962 -0.1000932093553583
-0.45351589193597319 -0.95529567861888265 -0.15882043982200331
-0.46438455767609521 -1.020758469233445 -0.21192638196817329
-0.46756570013153881 -1.0899958408753521 -0.26526002191020798
-0.46320850536634173 -1.15914289002861 -0.31616200705014341
-0.45167430789651591 -1.2275509821193999 -0.36487052992319191
-0.43234694268838048 -1.297728501131433 -0.41387904386236452
-0.40640075526622732 -1.365325325256471 -0.46007888309340639
-0.37349330984425111 -1.4320533586075359 -0.50441990832323891
-0.33496578444546887 -1.4943580516885939 -0.54538925717196463
-0.28745071409208511 -1.558084743724675 -0.58623350203503477
-0.23671057138479121 -1.615255462233077 -0.62196402233313453
-0.17877628439360699 -1.6700428265582969 -0.65625205014967558
-0.11539729354288571 -1.721056268123178 -0.68707406342759636
