5.7818320298187222 -0.23343209702948409 -0.095480603065920405
5.7143580594933905 -0.037674896253786144 0.05013063820235214
5.6264309689191903 0.1632980676092109 0.1763839384375353
5.5242015829134656 0.36640765345507498 0.28757446430394573
5.4120786669091707 0.56449575516909833 0.39831509255663994
5.2900888730594549 0.75583754254473112 0.51046942362659609
5.1563416242546332 0.94035602922961892 0.62054921109791505
5.0022504380607007 1.1148617882301484 0.71971967382624225
4.829520911001393 1.2791836170564577 0.80456451188541045
4.6437550428231855 1.4354478157579897 0.87584358306590249
4.443760123044548 1.5815505509556937 0.92725051180381191
4.2315866857776543 1.7163168113461726 0.95662016001485517
4.0115624020697229 1.8402211713319534 0.97396522907604921
3.7859110955246433 1.9542598603279071 0.98560861847254067
3.5585924837518892 2.0649824346165713 0.97364984782975095
3.3345851254716341 2.1727680955855506 0.92612863089065744
3.11630944099231 2.2742745996028861 0.84815862285885579
2.9054270570132803 2.3710845714291802 0.74723967576483585
2.703729641048116 2.468956217017551 0.62990362991698123
2.5103986341763278 2.567664362863642 0.49984078288208966
2.3223824779868996 2.6639994452392091 0.36047418468003312
2.1390276119313349 2.7563751875269507 0.21250625649687926
1.962215511194956 2.8459592920681085 0.055196511218893254
1.7955068363422295 2.9388780720803811 -0.11085657846926024
1.6387371728031268 3.0437559162491752 -0.27937071381250422
1.4900407572329357 3.1687911812545746 -0.44107305407535402
1.3513466773490708 3.3155214366720882 -0.59315571838595638
1.2263517098268815 3.4830740646095659 -0.73527181984199663
1.1124352781114908 3.6693216942784943 -0.86292044862775019
1.0027275851679012 3.8680124474245239 -0.97478263162054557
0.89333523841317852 4.0744337256592198 -1.0718356830681675
0.78156040311592245 4.2874690137348468 -1.1499642754746946
0.66500782422517291 4.5046356750873109 -1.2064563593826252
0.54238279335311579 4.7236425651201133 -1.2364886378148543
0.41153539035673087 4.9395799883955398 -1.2360740804662684
0.27008459959195957 5.145332374792555 -1.198676816885893
0.11873069821657416 5.334269025782473 -1.1270353599023777
-0.042785227909722348 5.496942399305432 -1.0214103023727659
-0.21167435251823863 5.631861528790437 -0.89045678308569609
-0.38866883876634328 5.7320480296370135 -0.7403679513902186
-0.57287744434934362 5.7946066091970474 -0.57875600199779875
-0.75867519505231096 5.8139465496837657 -0.40814453736988221
-0.94151740383559213 5.7815376326417045 -0.23618909138895777
-1.1175066419565525 5.7002358271039775 -0.073419142096719292
-1.2934870820769018 5.5874170541812314 0.069323184312262934
-1.4700508016044604 5.454543350621166 0.19273657396692534
-1.6446968878078962 5.3082717856743526 0.30306625801040094
-1.8116186556324632 5.1538344171182313 0.41424173215473392
-1.9696894656489012 4.9909777383571976 0.52632122355136091
-2.1178762806952567 4.8171421300053581 0.63527919197299498
-2.2516450876176708 4.6256959286726742 0.73266449581349069
-2.3717853168966445 4.4189898407137171 0.81557577363740885
-2.4812097062016831 4.2015807076650349 0.88458646812747233
-2.5771453553801531 3.9724737079975863 0.93246923123111647
-2.6595331286312187 3.7346332846349917 0.95886550814483207
-2.7303477055020813 3.4922236978517729 0.97574820769585657
-2.7893924336116935 3.2463225116494985 0.98616935926331128
-2.8465370822358209 3.0003281800044737 0.96892030587386924
-2.9013206690156927 2.7588191703806184 0.91673823460347803
-2.9510951992177503 2.5245163161278219 0.83518449509443371
-2.9984534270128762 2.2987890792782144 0.73111938956929068
-3.049536472701659 2.081544872665674 0.61184187387676703
-3.1027964448238219 1.871954770189961 0.48040920399477238
-3.1545941523878254 1.6679540453582817 0.33985997560177927
-3.2036745771932895 1.4694257883681803 0.19078145258792306
-3.2520281501738051 1.2780827523453873 0.032407804108553262
-3.306996440180102 1.0960877421689166 -0.13446622345305162
-3.3767603429082191 0.92077089918315747 -0.30288383070157709
-3.4687059607622541 0.74842034854848871 -0.46324768531278882
-3.5845606693451448 0.58177537962810888 -0.61390247122488073
-3.723578892901322 0.42429391208244033 -0.75454687878015214
-3.881828811770994 0.27196142569143511 -0.87995841978284606
-4.0521562013083443 0.12056253030510947 -0.98991548501213522
-4.2300365411280954 -0.032456690757099442 -1.0844398569421119
-4.4135066907082203 -0.18948545435130204 -1.1597042368029067
-4.5995505905659693 -0.352207167083469 -1.2129131154805874
-4.7853626726988825 -0.52163436038787259 -1.2385538839218373
-4.9656094208811838 -0.69836738961604139 -1.2331482556662812
-5.1323651420997649 -0.88304717498281982 -1.1906847219181727
-5.2796321979561611 -1.0732814321570585 -1.1139833407894439
-5.398224337607318 -1.2672573431992 -1.0043802490978175
-5.4872925173258844 -1.4618624584083157 -0.86992353392287625
-5.5407178790484446 -1.6565775345871843 -0.71782286988128896
-5.5547444749797199 -1.8496187885129873 -0.55500012413008293
-5.5259635182862521 -2.0335879952752478 -0.38374379321770452
-5.4463635236656005 -2.2018814722733628 -0.21229026487848382
-5.3226719687339799 -2.3539770097708437 -0.05215407714242451
-5.1703518707471074 -2.4997227396837691 0.087928865800532191
-4.9992433636943998 -2.641828140901219 0.20871067139965876
-4.816697609547127 -2.7784557580406539 0.31862238395359344
-4.6282658741055132 -2.9053848559296021 0.43022943267634017
-4.4334142746028267 -3.0218002173556977 0.54225138057815825
-4.2288175182709091 -3.1249172217362449 0.64974318659665664
-4.0104254271875552 -3.2099969055526887 0.74512505707730536
-3.7809715735783778 -3.2792953659681152 0.82625811846988495
-3.5435544683498108 -3.3357369524748393 0.89293503884646552
-3.2978067113301699 -3.3758780601845442 0.93747521079041651
-3.0470709249297712 -3.4010746483293719 0.96107254489010774
-2.794879180559537 -3.4149880056084867 0.97744919530667707
-2.5419191315215586 -3.4169287433912428 0.98622438532588241
-2.2897997364151625 -3.4177550770764018 0.96361067942630885
-2.0432093502483326 -3.4169277433160365 0.90671179375990163
-1.8049255699357933 -3.4129152807086127 0.82168084709031797
-1.5756739187303135 -3.409205307948088 0.71466434343014373
-1.3534972048477119 -3.4114072797532851 0.59355635264450179
-1.1381232101011149 -3.4167723180350782 0.46079054591898183
-0.92856035288997418 -3.4217118482665185 0.31897584273755364
-0.72510212263780072 -3.4254262036846943 0.16852201963520283
-0.52889382451226086 -3.4308082480096957 0.0088229830680782717
-0.33983654273756952 -3.4458355642537137 -0.15857367115708443
-0.1532284885985622 -3.4777418901313446 -0.32625653852337033
0.035581213697519619 -3.5321359688625509 -0.48520233277725777
0.22343404043353982 -3.6116227221979753 -0.63444834724303178
0.40707978183896226 -3.7157970451623634 -0.77350298558938979
0.59100082190076109 -3.838258218167736 -0.89666884509041989
0.77684853075079818 -3.9716208759551397 -1.004802664078396
0.96630412757704964 -4.1118236528347465 -1.0966511885835963
1.1611263276133708 -4.2560904094338854 -1.1688812233432524
1.3620436538429972 -4.4012315119206287 -1.2186397001663887
1.5695733164439163 -4.5438814566350079 -1.2399744900783607
1.7828250843772828 -4.678675253475622 -1.2294869453247845
2.0003825402971458 -4.7974533813120397 -1.1820083381205366
2.2184385122563661 -4.8952169894242266 -1.1003153114593061
2.4332675028285369 -4.9635340616070147 -0.98680191335792955
2.6416250870202131 -5.0021624624870071 -0.84901960272788457
2.8421161907677286 -5.006107748448585 -0.69505916963695535
3.0314767871761759 -4.9713562647869045 -0.53099516793225354
3.2014559329695382 -4.8963920963601897 -0.35926480557993923
3.343443970425021 -4.7749338289531345 -0.1885454277112269
3.4619143881577212 -4.6158956223736531 -0.031230899199374773
3.5686633555479195 -4.4320979026996543 0.10618934756239801
3.6680577658289431 -4.2316628707923103 0.22453982992837368
3.7592576612929407 -4.0225880117579633 0.33427660937725656
3.8394976606908875 -3.8101837662882998 0.44616748014939311
3.9081511663657538 -3.5937912021649367 0.55809223725379065
3.9600775825541743 -3.3698582163800683 0.66393359934101803
3.9912812492968439 -3.1366537534171477 0.75708251599476428
4.0059148794879391 -2.8968600326769378 0.83655429911024515
4.0060922278484448 -2.6521476465383294 0.90065980489516384
3.9880113682016605 -2.403207248879641 0.94180558710049189
3.9544188235440862 -2.1532296855310089 0.96296150103969391
3.9104542406415503 -1.9044739847258239 0.97880026668009146
3.8556492634794091 -1.6574271697350134 0.98516718051975993
3.8003842466134858 -1.4119703011276743 0.95739088276788464
3.7443911091114868 -1.1729183547836688 0.89610570143067336
3.6875690217324228 -0.94261334140405129 0.80802544372118845
3.6337424185965701 -0.72097441432293885 0.69848971327843246
3.5871559141137355 -0.50491964228092201 0.57526144440061766
3.544607385933201 -0.2946473398600622 0.44102241053786828
3.5027333800428342 -0.090169133260665224 0.29789007957090158
3.4612104570865476 0.10796930807026751 0.14603173142950082
3.4239907229151201 0.29963115926086198 -0.014927347522322026
3.3989082280580791 0.48731543811691158 -0.18265947492373025
3.3915443163866423 0.677242996611499 -0.34946403363952228
3.4056249465277513 0.87427483826106966 -0.50711489420715916
3.4446211896870977 1.0756016531660606 -0.65484912527995154
3.5085432055405508 1.2782438204335373 -0.7918553022979723
3.5890379944021351 1.4853365458625478 -0.91284684190575915
3.6787457220806448 1.6967273337213375 -1.0190505645694072
3.773951584317059 1.9134588117916689 -1.1081833969917678
3.8713823749953189 2.1364400795137364 -1.1772610608184271
3.9679690521890296 2.3654376311807765 -1.2234660898621406
4.0598072260950033 2.6002155949736867 -1.2405841205932318
4.1418631322778747 2.8385151650944498 -1.2249071119338784
4.2065058872529502 3.0767518000854861 -1.172593980866742
4.249639899489253 3.3100096377694035 -1.0858818015989722
4.2645767082425126 3.5330712583144419 -0.96865770324578204
4.25096652555699 3.7425496455016893 -0.8278664765212207
4.2056530372545247 3.936651310899201 -0.67229240789946909
4.124900393242755 4.1100177395055359 -0.50672636957992634
4.0085770544830988 4.2544016496081118 -0.33458614386960217
3.8533159410172431 4.3601996226543607 -0.1650016227928538
3.6681528315844356 4.4372531662814696 -0.010555430769964153
3.4629013258806269 4.4985801249155317 0.12424018090164579
3.243862251129217 4.549410945273646 0.24042766809119662
3.0195004157064296 4.5902406968089426 0.35028057555975289
2.7943729191462281 4.6195493342086653 0.46222760952283265
2.5678781953051657 4.6366447960832611 0.57390281753870198
2.3372833290285366 4.6342507397846884 0.67812568489941261
2.1024711461925873 4.6097028621126839 0.76921059039096118
1.8652035550993582 4.5684918060572182 0.84688081580930485
1.6263997721968146 4.5118144981005432 0.90811966790597409
1.3879280091006505 4.4363332680490508 0.9459930329622408
1.1523214191398659 4.3458575018706371 0.96523974669650847
0.92026466127406714 4.2459680604508758 0.98056443842048924
0.69159071436802688 4.137449103402977 0.98341292544597514
0.46522418588915826 4.0290449627280021 0.95067255909508075
0.24590115485719896 3.9212935324184821 0.88497409350625433
0.035120181500324116 3.8151832563635617 0.79364455160362934
-0.16835882789818113 3.7145391515381165 0.68190146661187501
-0.36783557480569024 3.6219321427376112 0.55672767045929972
-0.56257836020368956 3.5340210709057089 0.42110015950013552
-0.75172858310522395 3.4478654599968586 0.27670495615477475
-0.93468378960414134 3.3637534238783076 0.12342601383368557
-1.1127237717075671 3.2862757922916006 -0.038815207288494344
-1.2906944340694924 3.2222983728235581 -0.2068022149620253
-1.4758745259599586 3.1756973115503451 -0.37256112093707883
-1.6726334836077943 3.1485874148522104 -0.5288666106079184
-1.8787451064985901 3.1449084949615642 -0.67509506563682675
-2.0917009679548242 3.1649811720580545 -0.80990475602336531
-2.3124878923735461 3.199162952179885 -0.92864956101957163
-2.5393226528237007 3.2404299904592175 -1.0328167749864254
-2.7727630452420957 3.2854008618095341 -1.1191891130175873
-3.0127762534750469 3.3305698837040834 -1.1850187069276608
-3.2582877347653989 3.3733211269933951 -1.2274623324983778
-3.507981111594479 3.4093915340347181 -1.2403993964874267
-3.7584126113688039 3.4342427061657466 -1.219335693105672
-4.0040627596969633 3.4416767734575933 -1.1622232147174418
-4.2389929652957692 3.4282580415932036 -1.0705132230835384
-4.457493474138067 3.390123473985565 -0.94982779614830148
-4.6554746651951682 3.3259356155144886 -0.80641943407494909
-4.8309726237800623 3.234376541060223 -0.64906426040993381
-4.9772346322849588 3.1129715000555183 -0.48213899780033953
-5.0857441566831163 2.9628867696912069 -0.30974809077960286
-5.148244073108863 2.7844645434798712 -0.14145163584076745
-5.1786463908407097 2.583932657156804 0.010004343093484469
-5.1905977669437693 2.3683499862684285 0.14206798058111292
-5.1897399230571803 2.1424693897153331 0.25626418042870869
-5.1779428162107699 1.9147989087015025 0.36626774073205925
-5.1546593329486061 1.6890228836160595 0.47832380686475207
-5.1191848833423439 1.4645758051812108 0.58979152873144647
-5.0623549439261382 1.2403385845677635 0.69239058066381098
-4.9832210385107825 1.0170493988005371 0.78136242923565569
-4.888054397174411 0.79513885637358672 0.85699147852684621
-4.7767949866388202 0.57551533108929287 0.9150927865235764
-4.6480240594688391 0.36057137277679818 0.95019507211678378
-4.5058031371772653 0.1520039159239723 0.96861718551082898
-4.355222236392005 -0.050945833530415222 0.98271516386109592
-4.1985514043750261 -0.24976165209732154 0.98105005324195615
-4.0427566131751487 -0.44561940032853886 0.9432798213125182
-3.8893474371301506 -0.63423959626158488 0.87317635318398756
-3.7397742771828644 -0.81511174986238633 0.77860510934809812
-3.5977225936288377 -0.99096894978471306 0.66494940868803476
-3.4641649758880222 -1.1644439779937608 0.53804653168014349
-3.3356303696591438 -1.3341129050621257 0.4011460885343564
-3.2098773881563294 -1.4985267244708027 0.25553210307413254
-3.0878777665452404 -1.6573066022935543 0.1007942001597604
-2.9744448605618063 -1.8133614106543348 -0.062900133710675113
-2.874529706830665 -1.9736224532104358 -0.23117716883450506
-2.7902184868690125 -2.1461833594446844 -0.39561152155716872
-2.7226991848208972 -2.3342800931291641 -0.55037592195207341
-2.6760924840382638 -2.5361257030870088 -0.69517047667902832
-2.6506444408336574 -2.7498903596087363 -0.82779357469784731
-2.6362578559357077 -2.9740992651061879 -0.94418184975719133
-2.6266095405555663 -3.2054463325481519 -1.046104416579869
-2.6185307132304541 -3.4440408243260783 -1.1296756569023301
-2.6086166082785924 -3.6888880740894288 -1.1922775978004467
-2.5949863687919184 -3.9383845058032527 -1.2307630907466875
-2.5734207800248785 -4.1898444021071981 -1.2395867111173018
-2.5398074516999705 -4.4387378433081137 -1.2130187226180871
-2.4901855017211867 -4.6782795914732169 -1.1511753672326277
-2.4215342126327259 -4.9012026037807921 -1.0544646192227047
-2.333342325400142 -5.1028056828608115 -0.93040344832348232
-2.223413813511657 -5.2776171057500809 -0.78467411376101026
-2.0915323818847091 -5.4235778335580118 -0.62576193246297906
-1.93782048396884 -5.5332957586617049 -0.45743104064093731
-1.7644041332775044 -5.5982268031020253 -0.28498123723202939
-1.5745397873510696 -5.6129830064715227 -0.11823629305850228
-1.3703694590647166 -5.5942249363975618 0.030218628602019168
-1.1562149484185058 -5.5555430634723173 0.15945477360857241
-0.93571439738563045 -5.5026634996089188 0.27192183381683782
-0.7169926965573663 -5.4388550384400682 0.38220929930311093
-0.50269407835562363 -5.3642030652802521 0.49435279889997047
-0.29235136102546327 -5.2776811602796503 0.60537697252855938
-0.087120688784192435 -5.169364769045437 0.7062829606417439
0.11222057554310866 -5.0399130793031892 0.79312720954952109
0.30666767558954261 -4.8956993468657108 0.86665728761324212
0.4947815725161232 -4.7357151562703104 0.92148164516510733
0.67453231049402995 -4.5605606553223916 0.95373555495978812
0.84521073477943254 -4.3745088495194278 0.97159450446675033
1.0081107694830767 -4.1812309987584824 0.98452138833468961
1.1668737996517056 -3.9841906870347659 0.97776359888963049
1.3224446187997245 -3.7891888843153461 0.93499831119555421
1.4710804966241484 -3.598346584019203 0.86074743658002162
1.6132614302732362 -3.4132250706106269 0.76304766632046195
1.7534435580724768 -3.2369856206644569 0.64766084025105619
1.8928157653430011 -3.0693834609268484 0.51913080920821963
2.0290840939642307 -2.9069002188256223 0.38099050348583058
2.1605998083919098 -2.7481791901575141 0.23416143793110661
2.2876416813436649 -2.5948099111615597 0.07803821891236537
2.414826028420034 -2.4512493113382736 -0.086953824510967087
2.5503908125940344 -2.3199898774742174 -0.2553939308206381
2.7026717349124003 -2.2011096400539985 -0.41845182383134194
2.8737698903446498 -2.0958608863577424 -0.57189630304502737
3.0624974009720409 -2.0082941197457864 -0.71541244609145849
3.2674313345450701 -1.9375153752383021 -0.84555181885148889
3.484315654819635 -1.874385322669569 -0.95957735921510368
3.7088661909843101 -1.813633212467145 -1.0590000994845432
3.9405921055240869 -1.752325093983889 -1.139781636745703
4.1776621816698576 -1.6875144968213944 -1.199345284436985
4.4182383075423122 -1.6177936157882562 -1.2336921331023514
4.6582911695692673 -1.5396581584381526 -1.2381417399411454
4.8919686501533599 -1.4494906689208122 -1.2060158668678029
5.1123077706435831 -1.3459547455308778 -1.1394129970557634
5.3104263027549159 -1.2268692629503626 -1.0379716077921339
5.4836720721455352 -1.0941982770038321 -0.91052506162209101
5.6251651378135614 -0.94596872058658443 -0.76257533997974647
5.7327059920506267 -0.78258851317472811 -0.60226640836949707
5.7991324769396391 -0.60701662352972297 -0.43266282049591587
5.8159962437234585 -0.42244216230190323 -0.26035708296728144

5.6258115507465813 1.7428112101227471 -6.627865411696513e-07
5.5535081274017664 1.9175253630735756 0.14297533045050215
5.4511012492123676 2.0803495980151476 0.2813116754625048
5.3203445600306667 2.2293530178142955 0.4108952711254279
5.163803684832005 2.3628787461459875 0.52808543188223944
4.9848098796517748 2.4798852858046487 0.62977601308270648
4.7867534989075757 2.5822452745935434 0.70948527800436267
4.57453469379029 2.6760664970093431 0.75667640806703695
4.3558945270599505 2.7669928711570031 0.76552259437725811
4.1399598428199917 2.8607502267543068 0.73800729552075062
3.9286940812328588 2.9541094598805522 0.68418343125980818
3.7212521956435545 3.050540791028201 0.62150746992753736
3.5159830137702519 3.1523330322331859 0.56014729678786168
3.3146073381201639 3.257138091415118 0.49137529126767787
3.1190208352459363 3.3635239272556086 0.40970428401876852
2.9260031821354175 3.4711906716017755 0.32360076874013577
2.7298053943139635 3.577825372730187 0.24385514582905427
2.5278137476572811 3.680869612746513 0.17464103726111105
2.3202411545368635 3.7791318540176402 0.11560904949329562
2.108032760855806 3.8730822783540875 0.06708986020813873
1.8917767520725788 3.9636166984411307 0.031465368050860261
1.6726765640541246 4.0516141119652733 0.0087312350647211785
1.4526099344961207 4.1377742315997619 -0.011590286937269673
1.2321018278555942 4.2217966256127806 -0.035690907177268021
1.0121060918231566 4.301896686348563 -0.073252429021965326
0.79275853096088056 4.3766502228663544 -0.12338974313283405
0.57386137878422683 4.4446937132188493 -0.18402830882475291
0.3559129780773912 4.5053717269268052 -0.25492677356888627
0.13979828449879239 4.5600552912951988 -0.3358022666235666
-0.074908764457987165 4.6126579886759371 -0.42177645023165389
-0.29103038380709007 4.6684647507090009 -0.50191454997790852
-0.51041109235462701 4.7292906837817252 -0.56853408540062611
-0.72977739260097563 4.7949303785342119 -0.63044018227983745
-0.94724474684573379 4.8661942621787775 -0.6928011026160712
-1.1661080382795297 4.9418827926268323 -0.74387143909867004
-1.3883252696466171 5.0210583499370554 -0.76677516974399929
-1.6103010059900524 5.1026766365045972 -0.75230719189566919
-1.8291340240168956 5.1763692762935616 -0.70000475740172741
-2.0432842704061676 5.233090674760926 -0.61640310256387976
-2.2535566553782127 5.2653195974544786 -0.51240709481628754
-2.4581550973512476 5.2699020893319561 -0.39329493948587713
-2.6539186416180973 5.2454789138268305 -0.26223678326077204
-2.8379019158354857 5.1916291243506256 -0.12297653526935338
-3.0074010426668329 5.1083678390910823 0.020305147305256777
-3.1591689356435446 4.9951156553009666 0.16287689934189453
-3.2924135484823105 4.8554149353538634 0.30020272287377525
-3.4056832081371762 4.6915108269538495 0.42823404060614839
-3.4980022418240799 4.5063751016237683 0.54342214792946675
-3.5692373888436228 4.3035371631933561 0.64269213735002295
-3.6227893623390552 4.0856758509848667 0.7182968362851655
-3.6657691349240338 3.8565976179480468 0.76018921813814122
-3.7056124120465488 3.6230198748227984 0.76333193642975572
-3.7498629305515196 3.3923733611359714 0.7313239137731985
-3.7940652527917895 3.1662502594144262 0.67505316606471721
-3.8427483970486906 2.9428052369567319 0.61211684598422378
-3.8972222191209069 2.7200287985374274 0.55156694492436575
-3.9549718683126116 2.5012069987236396 0.48051872283953373
-4.0153998763871668 2.2873824638383589 0.39764102647651722
-4.077283455468744 2.075022946476198 0.31197489123967459
-4.1372714953427998 1.859464926284583 0.23353593209559209
-4.1921180359136647 1.638939215173326 0.16594774820152605
-4.2408908802986502 1.4141226859852802 0.10842523939834608
-4.2847679108700918 1.1859271714456412 0.061390879476292126
-4.3245762436862236 0.95458040581287773 0.027707927554449903
-4.3611191683021913 0.72123510456871864 0.0057935318929004326
-4.39597122714859 0.48749449931629146 -0.01461517623185166
-4.4282547634390426 0.25394198180780464 -0.040564781603012676
-4.4564791134483501 0.021865856472479739 -0.08010815487858261
-4.4798269812574576 -0.20837117962900537 -0.13174011976125266
-4.4963426020015902 -0.43660847141379622 -0.19380656767213922
-4.5058459234561452 -0.66215661162412454 -0.26625816149925841
-4.5106332313337623 -0.88468256805084799 -0.34815442511476113
-4.5144785291597556 -1.1058191540636568 -0.43381124455598546
-4.5215100355784781 -1.3294895367849129 -0.51236753623737452
-4.5324933005714847 -1.5575257512839096 -0.57674691712898429
-4.5484923725708679 -1.7858042944577421 -0.63916368109421873
-4.5704181869704534 -2.0137258608508355 -0.70105683043437061
-4.5956535856679892 -2.2445580437393837 -0.74909525901842977
-4.6242196569794141 -2.4791371708789645 -0.76733529057365701
-4.6538926573179786 -2.7133462609691446 -0.7471118735088782
-4.6752914344761329 -2.9420321214504299 -0.68977016357714771
-4.6800869122948878 -3.1621006913316769 -0.60246932895567329
-4.661133540310284 -3.3728694384889932 -0.49624414787891719
-4.6163412805791788 -3.5714389106091518 -0.37526903116735688
-4.5452296209177652 -3.754464526573718 -0.24280663704041844
-4.4481352578603497 -3.9190740063498004 -0.10270930397346074
-4.3254917464744267 -4.062464492369708 0.040774730187375936
-4.1780823416763635 -4.1818793287088534 0.18285887245168125
-4.0093297231906613 -4.2771756396255851 0.31910441010950019
-3.8218351287030798 -4.3475112231347843 0.44551953597862848
-3.6187856752724126 -4.3927109407400309 0.55862723301912465
-3.4036081396804554 -4.4136700895648726 0.6552348647776477
-3.1778547799252337 -4.4151290503687219 0.72646897949295208
-2.9440653623068318 -4.4050311787306269 0.76301809766558248
-2.7074434064454942 -4.3921880205356834 0.76067362215586232
-2.4733893695064961 -4.3843050963350683 0.7239864323694688
-2.2436668515791474 -4.3774020284959709 0.6653692900229361
-2.0150654377701569 -4.3758483280445173 0.60215036509071285
-1.7855291816259462 -4.3802895168296256 0.54249104164164663
-1.5600559490326424 -4.3884643487826862 0.46928309888524666
-1.3385294731818751 -4.4001734902217757 0.38543136359494662
-1.1173815279795118 -4.4129448393814172 0.30060245478119291
-0.89336741518825102 -4.4228922326106748 0.22357330531423023
-0.6657400749987411 -4.4264681418798792 0.15738975467267999
-0.4353544365451375 -4.4230371237804063 0.10134494727631088
-0.20280355804117089 -4.4144354009259539 0.055991432603835142
0.03185847549933675 -4.4013182901417016 0.024219428638764157
0.26751214188929073 -4.3845901241293594 0.002927911162104791
0.5031185111726536 -4.3664779095213424 -0.017746671107736131
0.73772272186256882 -4.3454790278571922 -0.045656430485770158
0.9698073220541944 -4.3205101529272119 -0.087232113306468989
1.1990426113160133 -4.2912361572243105 -0.14033128038052584
1.4246805933269049 -4.2555710951799046 -0.20379488468268575
1.6460225596772906 -4.2137796753448891 -0.27778677502253019
1.8636372633757665 -4.1686984952105481 -0.36065850556966605
2.080317266093421 -4.123565730776984 -0.44587124031803965
2.3006850127680507 -4.081117321074041 -0.52261320570168734
2.5261506932100395 -4.0413921341545569 -0.58468565034477504
2.7522770214086054 -4.0071959587393087 -0.64760866521683891
2.9796321720175714 -3.9786739372827613 -0.70889345926821845
3.2109243654359343 -3.9519094424928909 -0.75365546441652309
3.4463673922539688 -3.928172577339391 -0.7667725835709952
3.6806809463672239 -3.9044269844167196 -0.74099354051132271
3.9069104409666227 -3.8727927532916393 -0.67889274669972344
4.1205671780555742 -3.8258064502577316 -0.58822522255671528
4.3195320822993528 -3.757264519094984 -0.47968907823462975
4.5003297102775575 -3.6662060204372904 -0.35682943966015079
4.6596787964019555 -3.5530343023733311 -0.22300947092349141
4.7949586330485667 -3.41880078198384 -0.082154682949901969
4.9033002433597508 -3.2644212124540664 0.061434590728838452
4.9828899278430372 -3.0917753843389932 0.20295219307380372
5.0341386987296239 -2.9040535526899349 0.33804001236312842
5.0569073798311894 -2.7040336811568135 0.46274554352148145
5.0518680655431059 -2.4948943125893925 0.573652240526486
5.0209210791081764 -2.2796338214825611 0.66735397447773859
4.9697921273640846 -2.058334905869958 0.73407223608999894
4.9070448619370284 -1.8320511765268741 0.76524006110518494
4.8423372202843673 -1.6042053477232443 0.75741088296904935
4.7828361782881306 -1.3784354816915485 0.71630301453867684
4.725553282444463 -1.1563354929535674 0.65589584534287904
4.6739005515198579 -0.93362975266431103 0.59270541677394994
4.6279503592688496 -0.70879372234100857 0.53267882918577902
4.5863490569148153 -0.48762447019590238 0.45776829783905681
4.5488336308080912 -0.26928816235215181 0.37311452284700208
4.5116634559490771 -0.050556877329248628 0.28922515945903221
4.4706469040702208 0.17040493665445663 0.2136750582025839
4.4224625839010185 0.39330385673501705 0.14884538868751582
4.3668905340306194 0.61727750159111827 0.094288770473376485
4.3061121897499319 0.84227521804565475 0.050765601718206939
4.2405103192898697 1.0682437323976666 0.020950459387157741
4.1714963101430227 1.2942170798316621 -1.0249778419912588e-06
4.1012240306186127 1.5198023285222635 -0.020952259322589904
4.0281345350987632 1.7434613199109097 -0.050766693364930268
3.9516057672762943 1.96360067692725 -0.09428969895339992
3.8713538651770452 2.179961654373844 -0.14884643552332649
3.7856036236210993 2.3912733099355949 -0.21367563660432887
3.6950212260263005 2.596946542927796 -0.28922461764333379
3.6025165679980828 2.7986097204914744 -0.37311305637568448
3.5105195112286611 3.000140553082566 -0.4577669292158128
3.4203028343788056 3.2063136647943846 -0.53267809158683055
3.3316136055558889 3.4179664223932305 -0.59270460913138323
3.2488349398936913 3.6310714976340233 -0.65589328294936433
3.1710484391197586 3.8468475190000468 -0.71629800154560264
3.0930302931988938 4.0669054230449451 -0.75740759345597741
3.0181441673915606 4.2916113021070235 -0.7652366575465982
2.94251863032855 4.5139227342304764 -0.73406969864601301
2.8601011665550047 4.7255701573009459 -0.66735073101359432
2.764409552588496 4.9208593495910495 -0.57364877541273207
2.6507598092266313 5.0964965565966169 -0.46274218769597253
2.5192715093615146 5.2489338757930692 -0.33803642508479448
2.3711798756644642 5.3751666263473119 -0.20294826220494386
2.2081646527713219 5.4729780422576315 -0.06143039237642331
2.0316831357326204 5.5395002964168443 0.082158956709809564
1.8442930832405344 5.5742028360133515 0.22301362209303774
1.6488805847590371 5.5779447927151686 0.35683327975276891
1.4482032618412128 5.5513337440623562 0.47969248846653423
1.245199684267299 5.4958846459892055 0.58822852062234032
1.0421997344024585 5.4143491462391831 0.67889540935456705
0.83746006550801644 5.3130461881137405 0.74099539225541156
0.63048478214924486 5.2006720333568408 0.76677430343453901
0.42258087995863985 5.0876553513300786 0.75365625087277788
0.21640077516995573 4.9794791014958317 0.70889373326442895
0.012484509168213351 4.8749728402588364 0.64760513939241404
-0.19361345062057025 4.775847570955488 0.58467967614656202
-0.40228154327185417 4.681663370815321 0.52260862435781319
-0.60827027113196708 4.592598990663932 0.44586680541505397
-0.81272458377183865 4.507828046831591 0.36065697323291457
-1.0179202062158608 4.4224873877656901 0.27778396057948029
-1.2243417195819648 4.3323283317930006 0.20379013901907056
-1.4308621057348168 4.2346883192845972 0.14032440188801956
-1.6367551142823689 4.1297423704181044 0.087223554528325281
-1.8425779661587454 4.0196344697377473 0.045648908283563057
-2.0482471187903064 3.9048289476466715 0.017739545449146722
-2.2531178079843279 3.7870730577097098 -0.0029341821113754302
-2.4572493551190004 3.6681494931623284 -0.024225217086860498
-2.6585259636230165 3.5467988608845671 -0.055998423705304085
-2.8555142954292734 3.4229049958788123 -0.10135002096935242
-3.0477996716160263 3.2959583291317278 -0.15739628399390532
-3.2338611177861281 3.1647778345504478 -0.22357888666284803
-3.4133473792525533 3.0303664704897666 -0.3006048482995114
-3.5888723269055425 2.8952339695233831 -0.38543209164578457
-3.7653099403481258 2.7607695989136145 -0.46928493410943117
-3.9469991297756071 2.6270013406771358 -0.54249349925196244
-4.1341485881901248 2.4940288005111677 -0.60215282956909355
-4.3239025873841168 2.3665373514813299 -0.66537465201082957
-4.5175967724081731 2.2428337112049821 -0.72399224941146056
-4.7154211964872106 2.1174976588296208 -0.76067687741026113
-4.9181616136755419 1.9948145739435601 -0.76301990054160995
-5.117015246178612 1.87145886947346 -0.7264701612976866
-5.3027187033495817 1.7430815966714339 -0.65523454746384757
-5.46869897336558 1.6045495000921008 -0.55862658172380319
-5.6110032675206494 1.4528211245060094 -0.44551850922064784
-5.7262960264754295 1.289087260101786 -0.31910288838677464
-5.8120427098015552 1.1152878390276202 -0.18285694901077459
-5.8665685531809508 0.9335839216287245 -0.040772582520841705
-5.8871258495806842 0.74602153994290155 0.10271150812623388
-5.8746208591864253 0.55531960963907201 0.24280881133725649
-5.8302739575535485 0.36403812546462133 0.37527116498686997
-5.7554249688064596 0.17473997527765864 0.49624637672257854
-5.6523550544592611 -0.010082096205575417 0.60247200747769591
-5.5244245596803987 -0.18921028918254351 0.68977313516839767
-5.3779219393376838 -0.36610612228125428 0.74711458963271271
-5.2214709692783048 -0.54290400220598678 0.76733847074875405
-5.0657262568079027 -0.72063110682216225 0.74909809856088949
-4.9148435802057557 -0.89713773269488184 0.70105794526661225
-4.7683347696138219 -1.0731042631934224 0.63916534847544748
-4.6265216413061507 -1.2527036732765111 0.57674737582265767
-4.4889899122291395 -1.4349292609964179 0.51236794903002314
-4.3571823978450848 -1.615773839178819 0.43381227100200093
-4.2294342976149819 -1.7963194329416079 0.34815610920351553
-4.1001256229936738 -1.977482095182171 0.26625933203241348
-3.9652172788846065 -2.1584847461657555 0.19380745528692947
-3.8230000960902863 -2.3377589861210382 0.13174049986520128
-3.6740121919499722 -2.5148372143568158 0.080107486831400052
-3.5199589768568829 -2.6906883059212201 0.040564842220108289
-3.3617205026725494 -2.8654727113487142 0.01461520090443017
-3.2012534121833651 -3.0389651910921716 -0.0057937250674241839
-3.0396121974936241 -3.2111788705207971 -0.027707699353960287
-2.8763980259394017 -3.3799010313444406 -0.061390579034021613
-2.7115973708162326 -3.5437273089964827 -0.10842573885696624
-2.5446551150905861 -3.7020038269612683 -0.16594904192444387
-2.375111554860573 -3.8533133708002647 -0.23353817469807922
-2.2041183862010931 -3.9976220160065226 -0.31197830510062685
-2.0333608087398272 -4.1382207477513866 -0.39764436936803799
-1.8629797999418765 -4.2808497395082181 -0.48052059943399306
-1.6919967229863897 -4.4291162840651213 -0.55156756331643153
-1.5214942784239107 -4.5824959401992817 -0.61212020589575378
-1.3554011495621499 -4.739692750443842 -0.67505620291974955
-1.1914994700250285 -4.9016250056706587 -0.73132410972459994
-1.0250076008794609 -5.0672644476916213 -0.76333168726642819
-0.86050733829506998 -5.2378098774065185 -0.76018864073029857
-0.69595200987148131 -5.402872664996341 -0.71829733004136986
-0.52897997669142782 -5.5527116226773074 -0.64269288977441963
-0.35586074246672933 -5.680176119800441 -0.54342185744505078
-0.17529299599808476 -5.7811372881057617 -0.42823298684365907
0.01062483888989664 -5.8527541776399659 -0.3002010511712262
0.19941257149034991 -5.8931209510539171 -0.1628747135593033
0.38860605462758357 -5.9012002733690938 -0.020302573513006517
0.57555532157318834 -5.8745111050299501 0.12297931434888505
0.75790393862325744 -5.8153622162770713 0.26223966611441907
0.93340929755674273 -5.7252639772621174 0.39329793875618024
1.0998749913756525 -5.6062235125510274 0.51241036533731033
1.2554551464084756 -5.4611446133281474 0.61640692332408664
1.4004429101010702 -5.2936449516364652 0.70000892365255096
1.5397397299524049 -5.1094852604244174 0.75231251276431843
1.6771687032899711 -4.9170067581813486 0.76678369883235598
1.8161738169097368 -4.72641028242401 0.74388333254314609
1.9543715037554423 -4.5405835337425513 0.69281601440938234
2.093902406947969 -4.3591968810014103 0.63045028426410299
2.2381709053985546 -4.1813892966047295 0.56853436911003674
2.3851677458283786 -4.0075518098557028 0.50191373400833905
2.5322997796698106 -3.8396969533821101 0.4217762702260513
2.6800656686375843 -3.6752862559101085 0.33579906301882428
2.8278238122995973 -3.5083642100923518 0.25492098460244506
2.9737206191597192 -3.3354553832024307 0.18402293855766899
3.1162517021792313 -3.1559255079315047 0.12338593899196057
3.2553751036659322 -2.9705982007979799 0.073249727767475681
3.3920217211104147 -2.780487457401307 0.03569133512428245
3.5268823277303203 -2.5868479611716344 0.011591751593172628
3.6601743025346485 -2.3916912493507718 -0.0087296460200297285
3.7916324201252221 -2.1955606700788981 -0.031463696209573538
3.9193111529552502 -1.9989360122866551 -0.067088543421867763
4.0417217098603579 -1.8017694684783794 -0.11560869197232124
4.1578739116514418 -1.6036524259411884 -0.17464198913131634
4.2667219343477498 -1.4047286424229868 -0.24385740827218882
4.3687598041124014 -1.2061011420377492 -0.32360267258044195
4.4675874981918779 -1.0084105949253928 -0.40970316511939647
4.5692580177134401 -0.81033146336578921 -0.49137297076143277
4.6765993612858523 -0.61029588879368157 -0.56014401686810134
4.7888584083596184 -0.41056069608067619 -0.62151115779850874
4.9059349985183163 -0.21403124965422118 -0.68419019783420632
5.0278994445195018 -0.017883034835450284 -0.73801132029874816
5.153497199258064 0.1812236729245883 -0.7655264411822339
5.2829251146948666 0.37951514329501373 -0.75667857876495348
5.405418295225533 0.57658008197243449 -0.70948642239393322
5.5113988369274907 0.77272304212045539 -0.62977750050692338
5.5933784962687572 0.97022892187693432 -0.52808653318237964
5.6475010578835141 1.1687356447397568 -0.41089638780682425
5.6716008674494107 1.3655059576213422 -0.28131289032743167
5.6644914415782495 1.5577255680461657 -0.14297662595399685

4.6414645080968286 3.4635549276150508 0.095477382650273987
4.563215013801365 3.6389635071978939 0.26035656778571686
4.4453160844060537 3.7819705267784753 0.43266502050068989
4.2915211870280192 3.8896114041983996 0.60226493106695067
4.1106356540549323 3.9640210153507676 0.76257907305128669
3.9102279161016584 4.0067940336282186 0.91052724554224185
3.6923490360225713 4.0188134742784163 1.0379740160559541
3.4615718829224251 4.0056041489565972 1.1394135081711543
3.2211946239859248 3.96702483080476 1.2060143299067114
2.9773280014762142 3.9098911348402967 1.2381406021057582
2.7349717266266094 3.8392221377238851 1.2336899032154025
2.4969233907635418 3.7613064728085757 1.1993426459891385
2.264537187757607 3.681309061145067 1.1397807005656366
2.0385396144866816 3.6014288913295234 1.0590000212726356
1.8187841012400412 3.5251305681395295 0.95957781145546062
1.6040230956447974 3.4551157513445925 0.84555273993667468
1.3948277376548379 3.3981523702860379 0.71541312447218064
1.1895660053879125 3.3641890987262792 0.57189636350539996
0.9889096878173419 3.3547662771636571 0.41845132431234122
0.79612209840649073 3.3672071872162115 0.25539274847537308
0.61017291620924541 3.3992918538180121 0.086951529496226601
0.42421816718246275 3.4462614542620722 -0.078041183241472203
0.23285581582886938 3.501415782020258 -0.23416529377626388
0.034782180522380662 3.5584722781351843 -0.38099495881002443
-0.16933797703382195 3.6159599017053043 -0.51913543525318351
-0.37890608258686759 3.6759294960740858 -0.64766539861476513
-0.59401021099714224 3.7425783768517036 -0.76305037089117533
-0.81576763645912442 3.8154413142356782 -0.8607504368900124
-1.0460814445338429 3.8893922323821637 -0.93500295212628026
-1.2844694682275106 3.9628699364925271 -0.97776967600000952
-1.526642065594376 4.0362391544137006 -0.98452909801048549
-1.7701134862535945 4.1041688462444332 -0.97160129207348411
-2.01594119166205 4.161746925288158 -0.95374358893991551
-2.2631260944052563 4.2052106838470653 -0.92148961556078968
-2.5086750912737599 4.2314306734069396 -0.86666479210753811
-2.7505739297624179 4.2410517023598207 -0.79313660216272575
-2.9882009643061704 4.2357180598778577 -0.70629424166342314
-3.2187872313760613 4.2096030120285866 -0.60538778780213665
-3.4413200729037392 4.1626009719825054 -0.49436318239346244
-3.660433699143594 4.1035608526607277 -0.38221814456903369
-3.8770932713579622 4.0330697859027849 -0.27192891432433275
-4.0890672746720655 3.952547564094012 -0.15946193738223446
-4.2878007744282742 3.8638699774391334 -0.030226670583528889
-4.4670617517234126 3.7643561578650044 0.11822803824261272
-4.6156206911563205 3.6452087392794419 0.28497384861648623
-4.7223323767598657 3.4938747513542237 0.4574231576313551
-4.7875310530835229 3.3166334051570754 0.6257544495898214
-4.8142747314210288 3.121745581168442 0.78466905361262174
-4.806631576643011 2.9153846094453852 0.93039863725592609
-4.7659297961368612 2.6991324856207415 1.0544603846453733
-4.6970766483579576 2.4762721236255794 1.1511716085888579
-4.603136562910775 2.2504006586779455 1.2130155373533431
-4.4907022399136478 2.0258202856016259 1.2395837578931839
-4.3668678540895041 1.805906065898049 1.2307617856896544
-4.2375832217549894 1.592083762678749 1.192278306534998
-4.1078475863437278 1.3841958974319803 1.1296781077313869
-3.9801173831111654 1.1825080796125436 1.0461087663710489
-3.8577661065201405 0.98592423345097313 0.94418839469594085
-3.7433504096553523 0.79256965546156144 0.82780139479972326
-3.6439569965561796 0.60161395819455454 0.69517888678100659
-3.5687594058669219 0.40858760635554126 0.55038424807082065
-3.5185859442174325 0.21514031950594331 0.3956196778498427
-3.4910386389287056 0.025070056392160506 0.23118495816919404
-3.4833133905809639 -0.16362755428385933 0.062907273997953414
-3.4891265408906174 -0.35646457578547291 -0.10078788090483579
-3.5004830938682856 -0.55637875983025031 -0.25552692223407647
-3.5117675093388456 -0.76306237582218439 -0.40114196750182601
-3.5223900927935357 -0.975654980392336 -0.53804344111113755
-3.5350186162932467 -1.1942219513147645 -0.664947383817863
-3.5533238530037603 -1.4195420034420367 -0.77860430565318994
-3.5750189884842976 -1.6532425243007747 -0.87317712659927527
-3.5955176514572011 -1.8955057411866887 -0.94328315485232705
-3.6139111042562635 -2.1450930551714951 -0.98105594692932685
-3.6313620134126143 -2.3976182735618621 -0.98272288610256897
-3.6414540423693627 -2.6501283362129757 -0.96862237171425558
-3.6414732889832533 -2.9025706532346858 -0.95019763043136785
-3.6267878441608583 -3.1527054806897779 -0.91509764759155687
-3.5949977056703597 -3.3968420444738645 -0.85699714578271724
-3.5486218641818761 -3.6338033464083659 -0.78137040769922128
-3.4882230981305806 -3.8628715463786412 -0.6923984053312815
-3.4088627530410847 -4.0801596750982974 -0.58980017914792982
-3.3117370174810943 -4.2855891291638599 -0.47833110528694917
-3.2037902846743185 -4.4852496042025622 -0.36627424031259692
-3.0852859877584375 -4.6800055722197875 -0.2562710827114853
-2.9587514779415751 -4.8671206375699549 -0.14207573989179947
-2.8274346140592215 -5.0385128708888329 -0.010014462780609927
-2.6893510156011242 -5.187074156851442 0.14144101909341647
-2.5372040623574565 -5.2992888014024411 0.30973775397733772
-2.3630031208791773 -5.3621672565207579 0.48212906195136856
-2.1737668197559805 -5.3800881806749556 0.64905506674525282
-1.9771864386830293 -5.3568765779875465 0.806410429223541
-1.7774497589636267 -5.2983854542811155 0.94982113757478837
-1.5754343956055847 -5.2068095730450823 1.0705083144209311
-1.3737673744008141 -5.0855549227774945 1.1622191945247033
-1.1749881818339392 -4.9410364856189943 1.2193338965972411
-0.98207010530684313 -4.7794307486251153 1.2403999587257255
-0.79608179624389175 -4.6089725799749086 1.227460781593227
-0.6173147469521344 -4.4353473004858293 1.1850165085586839
-0.44445080895256717 -4.2628223240637793 1.1191866750782
-0.27690432530423675 -4.0941637764617811 1.0328189368702698
-0.11273025347685325 -3.9322877664390665 0.92865138678106562
0.050437524752088223 -3.779671229841274 0.80990753971718221
0.21508257614015497 -3.6431239293459532 0.67509785856434534
0.38745156783668233 -3.5300573078074668 0.52886795412141163
0.56529134794485225 -3.4416183432645164 0.37256028550836368
0.74454565415856466 -3.3758048717763378 0.20680177547729336
0.92763199543046282 -3.3284098282462624 0.038815285404707606
1.1183792055063084 -3.2921301172956552 -0.12342703191126994
1.3169248893782484 -3.2585624750513658 -0.27670698278922246
1.5217402778102009 -3.2231935541871377 -0.42110339183530165
1.7321653416815619 -3.1861257454723226 -0.55673243557701657
1.9491474386647583 -3.1502712022148636 -0.68190743547406907
2.1739646020419072 -3.1188059082173201 -0.79365109442089776
2.4078946929752876 -3.0877426764650604 -0.88497994699621074
2.6498073577515493 -3.0532246859305565 -0.95067669173881797
2.8979064887654404 -3.015276749257064 -0.98341810573124955
3.1479768294660073 -2.9761230977380868 -0.98056940175857077
3.3959811769348254 -2.927935347911176 -0.96524207497158288
3.6416153221752077 -2.8699683841458477 -0.94599347531766453
3.8811703340868808 -2.7979986974705207 -0.90811975460509164
4.110407062100327 -2.7103044564934775 -0.84688204336493689
4.329661873206895 -2.6106964014838536 -0.76921262809095747
4.5375017030566624 -2.4987046804159858 -0.67812842152455821
4.729377688458265 -2.3707847151075772 -0.57390619444821067
4.9068853395132646 -2.2290703386767672 -0.46222994309500132
5.0763836025026308 -2.0780351925031484 -0.3502822100225837
5.2387596636554115 -1.917912078656363 -0.24042952864104866
5.3911045570133851 -1.7525244094079631 -0.1242425177496455
5.5261453449194553 -1.5862306067547072 0.010551639562534527
5.6357310132923208 -1.4182595692710596 0.16499583885027866
5.7044159998838788 -1.2433860714721492 0.3345833733722372
5.7191925960976908 -1.0585603913736477 0.50672057393897652
5.6882539468951041 -0.86982850227618469 0.67228668822275583
5.6163523373807704 -0.68392900555589387 0.8278618401695913
5.5095956039559679 -0.50318174930248516 0.96865274186975336
5.3715998695208409 -0.32729373583543281 1.0858778244493565
5.2045633265374578 -0.15886484908745302 1.1725917002955448
5.0169497792064428 0.0015608490555090726 1.2249065658635592
4.8149130851519502 0.1522294429247058 1.2405851934397552
4.6067771285631212 0.29447719708536607 1.2234678877428515
4.3979735084299252 0.42927305510326086 1.1772627761252381
4.1918623382440021 0.55862367603393792 1.108184611959492
3.9911101770301642 0.68406419714769784 1.019051867336793
3.7979101134558348 0.8081899663244112 0.91284762812538955
3.6147427596021884 0.93395346721741068 0.79185556943959501
3.4477761117939822 1.0653766987059894 0.65484936410738159
3.3021444349753377 1.2097538086872366 0.5071154373632365
3.1795186740640546 1.3646175893185357 0.34946457578012974
3.0786132754600239 1.5256914356537816 0.18265990000031815
2.9936108493658669 1.6948913151006999 0.014926052161576581
2.9163968495808876 1.8742185049326678 -0.14603102362542014
2.839091073703623 2.0613176282401988 -0.29789196721397165
2.7585029327579509 2.2538562643974527 -0.4410216066947148
2.6752073348086687 2.4515602661413514 -0.57525996836413829
2.5919900717510118 2.6563161041360108 -0.69848806214023895
2.5116095965878364 2.869764483417089 -0.80802354622570871
2.4288224619127936 3.0920605223664377 -0.89610348346395219
2.3404224227536328 3.3211157809421206 -0.95739046381558146
2.2478124517473499 3.5550529810910678 -0.98516842446831032
2.1539284401680296 3.7900456227055712 -0.97880056796045212
2.0501247525907749 4.0203433975682907 -0.96295990584350899
1.9370615773616577 4.2458073943056318 -0.94180414867534212
1.8117665781611387 4.4616764793266075 -0.90065827625308137
1.6737679424041823 4.6637670183265625 -0.836552763583717
1.5265972765772222 4.8536515214145108 -0.75708164031895842
1.369447338303226 5.028757120088124 -0.66393288896135172
1.2003980133654268 5.1845279619129405 -0.55809078518761102
1.0217765307956992 5.3246477921843995 -0.44616648949254045
0.83582807901083844 5.45494490809378 -0.33427605453702081
0.64269923146517904 5.576316786377463 -0.22453983328865132
0.44766751181166675 5.6859333284720606 -0.10618795831390233
0.2559308135625824 5.7776588461809579 0.031233896972385624
0.068455942934436631 5.8423263175398681 0.188547564117682
-0.11728003440883836 5.8626955726712531 0.35926711458553556
-0.29995215608087505 5.828880881866521 0.53099747706724187
-0.47598534246367519 5.7509253717031221 0.69506253789479167
-0.63941687287801263 5.6347258908196949 0.84902339946192673
-0.78980946183128442 5.4854364207657236 0.98680535270450875
-0.92882535943739286 5.3079731630921865 1.1003191562553378
-1.0539187889727977 5.1043612569939381 1.1820120042085478
-1.1667620961756813 4.8836673128546373 1.2294920043981592
-1.2670259389079144 4.6521660583086266 1.2399798590961393
-1.3581351782955979 4.417396777503404 1.2186430467255489
-1.4423769181095343 4.1842943811578008 1.1688811289227743
-1.5220747092845497 3.9553479542272698 1.0966480485984389
-1.5996285741781431 3.7327830772659039 1.0047964600429404
-1.6780580744647073 3.5179026248748402 0.89666157244892031
-1.7610396997092164 3.3131161022052353 0.77349467565565733
-1.8540976388446719 3.1235931176051883 0.634442337192205
-1.9645360837503214 2.9520944712418031 0.48520083181467122
-2.0899050805614197 2.8007990863855059 0.32625412174868551
-2.2261162361401339 2.6693135757733009 0.15857527157545387
-2.3738577291439222 2.5503953089016043 -0.0088196163003569777
-2.532941651205205 2.4354202662958238 -0.16851787872267876
-2.6989546022643429 2.3177388335886375 -0.31897130321135497
-2.8693191304364771 2.1956044430599664 -0.46078657508688092
-3.0442464632318105 2.0698457266776615 -0.59355217727302667
-3.2265763599313413 1.9428690386182339 -0.71466063143965908
-3.4180828537005823 1.8167911135411947 -0.8216760068491058
-3.6172218145383739 1.685875330323078 -0.90670699734571347
-3.8214301509624806 1.5476484608232015 -0.96360454941775164
-4.0292758057841755 1.4049416456760879 -0.9862153327301757
-4.2371874713258846 1.2608395801562042 -0.9774423073573989
-4.4377186562436437 1.1072763508389443 -0.96106931896730097
-4.6306925786902209 0.94521318303352364 -0.93747307013285486
-4.8111255030215307 0.77361119440455439 -0.89293265436794311
-4.9754932353399983 0.59323470214719576 -0.82625456122767127
-5.1260400992374446 0.40672228226877316 -0.745120503186114
-5.2585564215169294 0.21340140628649854 -0.64973773401659418
-5.3695132155289462 0.012948517106396717 -0.54224487260348819
-5.4649296528788218 -0.19300200923487945 -0.430223732194076
-5.5491187880246233 -0.40402324339093176 -0.31861762549708778
-5.6229806189064551 -0.61974183613815081 -0.20870582637706953
-5.6843063030552035 -0.83354319515142727 -0.087923036375365984
-5.7280580692128433 -1.0397692662094786 0.052159307742143793
-5.7445753293117559 -1.2351134297809987 0.2122971755844022
-5.7155420392224388 -1.4190044943268383 0.38375039440558045
-5.6356889559231433 -1.5872203362901045 0.55500670155490195
-5.5153531623862051 -1.7388150936761291 0.71782949370824756
-5.3615238787827231 -1.8696018936996255 0.86992881280134726
-5.1783060349133265 -1.9802167932345129 1.0043853183629372
-4.9710499370134213 -2.073681860911091 1.1139880653324832
-4.7422089072023397 -2.1479016486293121 1.1906889841074411
-4.50039489246263 -2.2065544776408101 1.2331522724683164
-4.2519107563710401 -2.2510416987291499 1.2385570773456014
-4.0029438223261877 -2.2863568031496633 1.2129152058860371
-3.7575627932433169 -2.3160007993735428 1.1597050688637676
-3.5175152967887486 -2.3423910909511747 1.0844398843601295
-3.2843454298684316 -2.3686184657331015 0.98991399209276776
-3.0583283669303105 -2.3977611999935555 0.87995652021287241
-2.8417644864941938 -2.4344783351348216 0.75454414439389583
-2.6381901823803888 -2.486284851281642 0.61389936843825244
-2.4485921008076637 -2.5587115597084438 0.46324503508454579
-2.2755338697652459 -2.6493193077320223 0.30288169282880117
-2.1191328251596322 -2.7548737440357245 0.13446399747755461
-1.9711934392048691 -2.8742802656218296 -0.032409312479643647
-1.8234529356125335 -3.0051365659932645 -0.19078183859229475
-1.6710644581896286 -3.1415194918514575 -0.33985988270482564
-1.5133476730719402 -3.2808933635199442 -0.4804079875415575
-1.3512742681069609 -3.4240611186490399 -0.61184021711830339
-1.1866888959928032 -3.5747800163327561 -0.73111788813828849
-1.0204019972428331 -3.7346056206212257 -0.8351833706398214
-0.84728955356324254 -3.9001564255337984 -0.91673931897587524
-0.66598262093241156 -4.068842500208727 -0.96893209841575367
-0.48019325661004142 -4.2399023550983124 -0.98616976036663939
-0.29289391476966076 -4.4098213001711963 -0.97575287732525295
-0.097833334016927814 -4.5702220891487624 -0.958866182444158
0.10421913445270327 -4.7203238614053546 -0.93246800124041174
0.31254586263116535 -4.8555775880092105 -0.88458401337363002
0.52542781307993736 -4.9735673235025786 -0.81557202402382578
0.74113459075890387 -5.0766769951596853 -0.73266010229667178
0.95950613599080725 -5.1595003348662809 -0.6352750157086271
1.1798698357609592 -5.2196507798165808 -0.52631722977745354
1.4022152182043464 -5.2651635064803939 -0.41423841065812983
1.6271308282772612 -5.2987355659799533 -0.30306424275267402
1.853828073861342 -5.3212088166410929 -0.19273463807594926
2.0745619457168609 -5.3315314087667476 -0.069320368959302714
2.2835159306690938 -5.3256122850085479 0.073423377156985187
2.4747259192797695 -5.2936530913947486 0.23619207512669266
2.6440519310335064 -5.2174279594805997 0.40814743454585606
2.7866752474248884 -5.0967912889947016 0.57875918119536252
2.9036342534643831 -4.9413303377829987 0.74036826442303538
2.993430624985435 -4.758845660446517 0.89045792942042157
3.0569760595464786 -4.5522326433103215 1.0214103099574967
3.0987859850429063 -4.3268385350073899 1.1270343031533416
3.1174141865332001 -4.0854725639288372 1.1986781143436511
3.1183808178305297 -3.8357893424826592 1.2360731622856016
3.1048489623812023 -3.5836645547006567 1.2364853413325729
3.0827938663803036 -3.3336357341780829 1.2064510748435586
3.0567596156580863 -3.0885477716869345 1.1499584187888039
3.0291061778111139 -2.8495641031075234 1.0718312451699585
3.0032093870515633 -2.6173873447160441 0.97477912298035385
2.9819267864345456 -2.3914202169460501 0.86291811316904421
2.9711314369299844 -2.1733632069022555 0.73527040560753831
2.9800212515053195 -1.9645127246357765 0.59315384884755362
3.0119594387448974 -1.7651493168581545 0.44107106223642389
3.0643837745299298 -1.5780765825838987 0.27936883731157358
3.1348338689544288 -1.4031114450450759 0.11085432798254719
3.2202331598961589 -1.2324281866145024 -0.055198458497461432
3.3158589518078876 -1.0588089135397301 -0.21250799231617459
3.4153180899056017 -0.87919747593629316 -0.36047574681416084
3.5163965974202935 -0.69368947540300696 -0.49984411337641038
3.6205310092397287 -0.50322374944355885 -0.62990323390978187
3.7320440636754006 -0.30873772664452925 -0.74724290697508811
3.8517467955341917 -0.1099539755181641 -0.84816079742959216
3.9749126647738935 0.096874002431975428 -0.92613224440550423
4.0992808550404432 0.31211772561619516 -0.97365121089514395
4.2247272370148954 0.53165465707068282 -0.98561113634506325
4.3469312550833976 0.75299048421253445 -0.973967274001178
4.4589257775159608 0.97930927097503029 -0.95662073837563
4.5583170310788699 1.2101791967308027 -0.92725072033196398
4.6412566640608919 1.4435567705710739 -0.87584421281364511
4.7067145178895489 1.6773150257904157 -0.80456619145435682
4.7568650556531047 1.9103860440943874 -0.71972115459946262
4.785878571174365 2.1413714933115009 -0.62054900381618794
4.7924443252754028 2.369170619163647 -0.51046966101563496
4.785450056935125 2.5959839771572475 -0.39831525359859787
4.7665021686047577 2.8228128796753422 -0.28757409215647867
4.7365521242951871 3.0482182168968048 -0.17638436182669809
4.6959879526328043 3.2638010161752726 -0.050131228702777662
