5.7818320298187222 -0.23343209702948409 -0.095480603065920405
5.7131423193761011 -0.034147760069508863 0.052754248858203998
5.6246424832420781 0.16737053370445909 0.17893389213925209
5.5229408053664102 0.36890605331799092 0.28893816767215902
5.4128492098878214 0.56328307724046078 0.39760465118500132
5.2936205219947947 0.7509247822125833 0.50753361674866393
5.1626495876766718 0.93311412848194542 0.61640779332176054
5.0153586568952697 1.1022124935778239 0.71310988846601076
4.850938898732962 1.2608758477609321 0.79601812521042237
4.6663815160669069 1.4186326840231871 0.86966177351931373
4.4690726418180686 1.565265112205978 0.92356879956441817
4.2546715920663418 1.703205362042318 0.95475348632247992
4.0286834184089004 1.8315590337066581 0.97302716581153226
3.792615889229197 1.950994082777828 0.98596134405666547
3.5549454433105359 2.0667588386824431 0.97345798443667897
3.3237259816778639 2.1779921294564 0.92379628602538011
3.0981441853307579 2.2827068860548532 0.84153438023808413
2.87517819623337 2.384956323900163 0.7324391885803484
2.6627395122253992 2.4890390134940552 0.6053893040075019
2.4597676419580421 2.593795756505795 0.46476138449480392
2.2604666401072548 2.6956383797830008 0.31347471858040582
2.0672871887877231 2.7922556153712108 0.15285887374988649
1.880779892497972 2.887582232124942 -0.020496530886566292
1.7078471951578971 2.991609557586544 -0.20374558357342101
1.5521827561434329 3.1090647889883791 -0.37408474818302562
1.3996052467447619 3.255711249306938 -0.53856141534992696
1.2645176262408639 3.423134693354823 -0.69138431463099081
1.1466981500502731 3.6081695618439209 -0.82686652915940062
1.0350508843906749 3.8074368149735598 -0.94435001192595447
0.92727020571251029 4.0094237078314503 -1.0458262994184919
0.81925497699396577 4.2163510309882186 -1.128614342175893
0.70731023290398121 4.4275560814690946 -1.1920190334506959
0.59554923160712958 4.6311967920426689 -1.230161778807173
0.47355549072284397 4.8433194404092026 -1.24467915525257
0.34948767304003631 5.0358834002724704 -1.2274651739234279
0.2130969936041967 5.2238839316135133 -1.1780154057257459
0.072474227291533272 5.3883775915369156 -1.1020459609045741
-0.080622481538554905 5.5325819410638948 -0.99493931256920887
-0.2365908796967463 5.6507372802571441 -0.87059181079576398
-0.40395207787878878 5.7402194414102077 -0.72728096367933259
-0.58058852209966982 5.7970892658174638 -0.57197615861891726
-0.76035679116942467 5.8141057257895614 -0.40659754559567968
-0.94130127105839878 5.7816374795710352 -0.23638898952795631
-1.117971041001131 5.7000212885264068 -0.072989626009573996
-1.2968945920738131 5.5852309289024591 0.072086078922282457
-1.473666785430527 5.4518142300738068 0.19525609226702501
-1.646510619403138 5.3067495538388654 0.30420955793935478
-1.810249686897041 5.1552398338771956 0.41327206673586248
-1.9654523733956051 4.9959049630380488 0.52320494841500531
-2.1117556006071392 4.8257720443025542 0.63080730448200262
-2.241615826266389 4.6426743162854391 0.72568570203629668
-2.358780437590823 4.4443280856020637 0.80721390553792316
-2.470288222673664 4.2270702780558302 0.87891110233629244
-2.566873461402452 4.0016506970096222 0.92910177088493806
-2.6524097040496262 3.75868771303946 0.95714332835240656
-2.7261683259675609 3.509619098665139 0.97497542676648441
-2.788372589197901 3.250712703049623 0.9864771982502677
-2.8476804814895829 2.9954061139492141 0.96857517198559717
-2.9042069981280121 2.7460886447372421 0.91394893672142552
-2.9556128894166829 2.5031677654466469 0.8275955209454442
-3.005685819374619 2.264285617564445 0.714832170155
-3.060565073736329 2.0355849013686398 0.58593943453056263
-3.1175154284034692 1.814924435821589 0.44362854330547941
-3.1720021626451191 1.598953233308138 0.2911418942640065
-3.2231722839516528 1.389688004728151 0.12899903120151421
-3.2752205793308078 1.1883818613893029 -0.045225810293972747
-3.3407012533411069 0.99819091227857015 -0.22912397218260289
-3.4230830337944771 0.82131460735543027 -0.39763816773577781
-3.5366798341386541 0.63981475378888042 -0.56099970028579371
-3.6732542007742288 0.47426436746525291 -0.7118985391033178
-3.830234750098596 0.31838880808434389 -0.84493382471090295
-4.0000157084007961 0.16560987929634849 -0.96018951737605907
-4.1735784816364756 0.01565842349215877 -1.0591398934144971
-4.3521305344803416 -0.13650855672963569 -1.139152569468322
-4.5324997266748008 -0.29219442590513472 -1.199548786227568
-4.7063216708519153 -0.44777081585214062 -1.234194330797336
-4.8843767807316807 -0.61416270400004325 -1.244015065510601
-5.0440700765042648 -0.77969867255609226 -1.222652265097127
-5.1926660573410279 -0.95362880084281731 -1.1688525606450091
-5.3202449504319551 -1.1291586122212851 -1.088359689690614
-5.4221943729519664 -1.30970742625958 -0.97856586106337151
-5.4989701129263704 -1.489156706978692 -0.8504347885270741
-5.5443745818867436 -1.671241989056826 -0.70620734109140315
-5.5552051504216484 -1.857543056408762 -0.5482828464424625
-5.5257691900420909 -2.0347579198439218 -0.38265033218375788
-5.4465843783024104 -2.2016099015528479 -0.21257619239877479
-5.3217197555173978 -2.3551478850263798 -0.050921302645413807
-5.1670662333817194 -2.5028609254705279 0.090942789806464877
-4.9956205054265137 -2.644828080816001 0.2112529729603238
-4.815042912436958 -2.7796915603691121 0.31961534716949652
-4.6302691293520537 -2.9041824354896479 0.42907488133866389
-4.4393989936006184 -3.0187490405194901 0.53908051888030206
-4.2394438735414433 -3.1206917433984058 0.64502200614475935
-4.0304615691084784 -3.203791750681408 0.73787069653413939
-3.8086990360802231 -3.2724711834543831 0.81816286934375271
-3.5703635859239422 -3.3311294400925702 0.8877467645334246
-3.3290550579048168 -3.37260160073795 0.93444635596822023
-3.0706560383449348 -3.3996953193321522 0.95949258088047651
-2.8113337118931279 -3.414861275849093 0.97686455342415213
-2.5436174393370661 -3.4169231771040671 0.98637671408048155
-2.2834429555047349 -3.4177759117376669 0.96304051157422521
-2.0288314723024898 -3.4168769808008141 0.90334054422669929
-1.781245343074416 -3.4124962923927691 0.81304453990421266
-1.5381340559773591 -3.4086043338352239 0.69669891323949962
-1.304616300909347 -3.4121493338412252 0.56625031072732834
-1.0771457068452821 -3.4184654695788681 0.42216628156817332
-0.85576766348461242 -3.4233022650149509 0.26842234359752648
-0.64103756034713721 -3.4267926540391418 0.1042504683741564
-0.43520097747090408 -3.4341631606034522 -0.070903920247221461
-0.23653564300019889 -3.4584793743128981 -0.2535395163808738
-0.043671529491582269 -3.503073960023503 -0.42188645024545801
0.15812010768623599 -3.5770710244445381 -0.58309999417244252
0.3475744633432612 -3.6772941982665732 -0.73204477112647603
0.53496343059232698 -3.7985440108605899 -0.86260136990775893
0.72116935798742821 -3.9305098399207909 -0.97580374536241743
0.90615036113390934 -4.0670916228137282 -1.0721458569279469
1.095438958440424 -4.2078519395489238 -1.149257900444181
1.2864776028944589 -4.3481439319576447 -1.206328430951382
1.478848165737217 -4.4832904363633599 -1.237669565739707
1.6797616213455651 -4.617470993428153 -1.242773886980151
1.878865100440376 -4.7357086380056916 -1.217105466452703
2.0795690625739538 -4.8376891820091821 -1.1591373861172449
2.2801883477620808 -4.9207973647552121 -1.0741594258952789
2.4773007969629131 -4.9758272934450796 -0.96167348197395286
2.669209374332044 -5.0065832140935091 -0.83010896589609151
2.8552081612662161 -5.0060717476573799 -0.68483361586817704
3.0386620317667021 -4.9699411562602744 -0.52472424552538566
3.2023524350026218 -4.8959870634858333 -0.35835362449018138
3.3432383560722001 -4.775209851765795 -0.18881845895048771
3.463443117152976 -4.6138434111769309 -0.029200930151291379
3.5711376662416718 -4.4278240589788407 0.1093731230136534
3.6701897946358808 -4.2273477565301727 0.2270732439239016
3.759953646992416 -4.0209879975268112 0.33511430777614631
3.8386660477569801 -3.8127839779579191 0.44481918606767101
3.9065628058090658 -3.600490571472672 0.55490020250837224
3.9583727585089492 -3.3819671351588401 0.65901961574874712
3.9897558529065722 -3.159061233431522 0.74947822429344024
4.0056668960108306 -2.925334195239806 0.82879676327043283
4.0078130543662924 -2.6789062371695831 0.89593389899622422
3.992094221948995 -2.4344807837648541 0.93910252876505917
3.9582559363787042 -2.1752888386874178 0.9615052072659106
3.9136706185614281 -1.918972593466445 0.9784266071668124
3.8555821464748958 -1.6571246234508019 0.98517497777116003
3.7985749867389251 -1.4039347077524189 0.95648018420205838
3.740878338038101 -1.1579414354910429 0.89219158996548464
3.681346140281673 -0.91747774981559727 0.79820059533556142
3.6244477608115191 -0.68260700958288312 0.67902109836010316
3.5767516785318501 -0.45534577042853869 0.54631302861316389
3.5322662228988611 -0.23295036753062651 0.40059816789305552
3.487661639777059 -0.01730240355792324 0.2454742102984348
3.4434153119372932 0.19224638246811299 0.079131382731324751
3.407048093673323 0.39329494063280468 -0.096967806232806403
3.3898681281090788 0.59173420062318116 -0.27782827578352193
3.3938027480292829 0.79245426086446447 -0.44598329967428951
3.424601550935102 1.0056105394707511 -0.60524132021761012
3.4836250920401461 1.2119640819776589 -0.75149912024590571
3.562792628945294 1.4225419670243791 -0.87971506772948971
3.6507420448967451 1.6329694629880429 -0.99074115319322764
3.743476932992158 1.8441052709330521 -1.084488487829923
3.838813812492019 2.0610708433110352 -1.1586156263306711
3.9323350767882048 2.2774950793515512 -1.2121563561823481
4.0214361296148864 2.4973912281283619 -1.240435804846826
4.1048683162608226 2.72096737145892 -1.2407582951630221
4.1749197816758192 2.9435497785905822 -1.210743316490029
4.2260453325499334 3.159151753004398 -1.148994463202013
4.259579772946557 3.3735627552501 -1.0592938217686469
4.2659130426354039 3.575728744549254 -0.94441881375719894
4.2486348696351222 3.7685736977646012 -0.80968431770133487
4.2028176537797712 3.9477388904732389 -0.66322907278691412
4.1221768765999034 4.1156900275592498 -0.50125598068409272
4.0079854137377549 4.2551240754528674 -0.33371810847445987
3.853668727658385 4.3600528144649351 -0.1652958852595395
3.6651286067003701 4.4385116634235642 -0.0080328979685030718
3.4580983112373138 4.5000067855469643 0.12738174287169321
3.2393036659346022 4.5504621831976859 0.24283309638724149
3.0183451165844239 4.5904497750723534 0.35084532598187301
2.7977329602393861 4.6192867919453544 0.46056674772959227
2.5751095997299909 4.6366818294801444 0.57060904289846337
2.3504084703127082 4.63553109227656 0.67295636552459881
2.12631564112377 4.6136709228467137 0.76121502717270129
1.8928619024784861 4.5748209234567394 0.83949700090561652
1.652128380278151 4.5197333687622727 0.90376446217778295
1.4167882610870359 4.4472992922860453 0.94360162056327013
1.172114825672804 4.3543307754426426 0.96387570158738434
0.93208405993228716 4.2515770457886344 0.98041720956393386
0.68961985419591709 4.1365138167502629 0.98343747555194594
0.45607432003100262 4.0246628567557554 0.94933655028218267
0.23127328303455039 3.9140991162067409 0.88049452178200271
0.010216234269358099 3.802624722572495 0.78261792466061475
-0.20534341325632549 3.6962957961602791 0.66104213499826581
-0.41543948875698572 3.60014647058652 0.5261675699200512
-0.62175757490454642 3.5074254528585218 0.37884207516002671
-0.82074285137001612 3.4162392582607199 0.22247041086342939
-1.014630813254328 3.326926570354876 0.053931195952820657
-1.2023886640957071 3.2491176955432461 -0.1235929160776916
-1.391846645991933 3.19157746051892 -0.30211653742548911
-1.591789673431713 3.1537908941771322 -0.46973832318756292
-1.806978037435039 3.139940381681293 -0.62712476265141204
-2.0216076355569799 3.1547982290294221 -0.77058675693224532
-2.2456987194749121 3.1873534901747891 -0.89628791469435387
-2.4703525569686722 3.2270761105193779 -1.0051404085800011
-2.6972398163423561 3.271005659753643 -1.0961858804693621
-2.9310514892831079 3.3155716340113939 -1.167401377522405
-3.161701476761821 3.35790086111931 -1.2171223751527831
-3.398632720883906 3.39572759603749 -1.2424868421970521
-3.6317318505055511 3.4248551582600402 -1.2380370119354069
-3.8659293111156381 3.4422101209701652 -1.2034634796157571
-4.0849437526195516 3.4413644835898412 -1.138075887566607
-4.3001742120504067 3.4230527669414141 -1.043680446886055
-4.4960742295980172 3.382047940308762 -0.92681150355112552
-4.6782360634324283 3.3179231219107148 -0.78922818972427133
-4.8397873630388899 3.2295548970184331 -0.64097511340029489
-4.9811442719642534 3.1096553259531641 -0.47762095983959407
-5.0861405110240581 2.9623306280229391 -0.30911197974987192
-5.1482194434979442 2.7846269989341041 -0.14157433378325041
-5.1791761681557924 2.5804382773775472 0.0126435478600658
-5.1908539776952951 2.363592394843304 0.1449712458584895
-5.1897189328328359 2.138303147480312 0.25836108266734059
-5.1779264152659108 1.9144876277577341 0.36641802551656633
-5.1553160044337174 1.693261339929 0.4762135768232989
-5.1210595782575723 1.4721547911034309 0.58629744869646461
-5.067120285162801 1.254089899744848 0.68683018368844806
-4.9932482337677806 1.0409177865506769 0.77302714435529785
-4.9006705277734657 0.82054902668749452 0.84998401347520902
-4.7908889065396281 0.59943767475698939 0.91096078191210605
-4.6645172837565054 0.384940543274847 0.94800995856230985
-4.518257879507285 0.1688384460179975 0.96738721319245835
-4.3622862844866832 -0.041981532477956662 0.98279024115113855
-4.1965040048157221 -0.25235980909997568 0.98102829330933861
-4.035841923411831 -0.45431112578073468 0.94158210813434928
-3.878459611940277 -0.64761231617071524 0.86809227172273185
-3.7208066236371371 -0.83802023714351426 0.76636616933557755
-3.5709258098850269 -1.024267612302215 0.64286983424700639
-3.4314541657989772 -1.207393084940952 0.50592936834600022
-3.295494792189305 -1.3871892113902069 0.35725785185578662
-3.1627420285325192 -1.5598218989502031 0.19952853924290639
-3.0333982515783462 -1.728247251594816 0.028944177718603609
-2.9178556011377901 -1.895062346675551 -0.15106133150561429
-2.8229863368963568 -2.0670827890664532 -0.32648830567492237
-2.744109368956317 -2.2574893353780392 -0.49287791251536539
-2.686158111271812 -2.4653399994394389 -0.6485086133135135
-2.6557290482668949 -2.6793299064926521 -0.78957054093424806
-2.639378565372922 -2.9062299173221899 -0.91248367983700129
-2.6288923845620569 -3.1342839116773251 -1.018995595747169
-2.621462321815176 -3.3658990596186111 -1.107227747925871
-2.612510211165 -3.604516768581163 -1.175775836531435
-2.601753127112556 -3.837614300981087 -1.221366215972493
-2.5855146896777552 -4.0794362471419454 -1.243916240056852
-2.560319255253499 -4.3094513132515626 -1.234896463523429
-2.5233702492362009 -4.5423420370998464 -1.1954869216834429
-2.4719471278786869 -4.7529910213183566 -1.1268216880235089
-2.4027514606561051 -4.9564230047409898 -1.0275059545549301
-2.3179193324306619 -5.135332511025001 -0.90882687536368778
-2.2113099441856998 -5.2958403181227371 -0.76877315030316795
-2.085337183108587 -5.4301847412633206 -0.61836503019919065
-1.934557947931586 -5.5355762015679106 -0.45387176264993878
-1.764084669586937 -5.5983444295708944 -0.28466414536628681
-1.574682709922766 -5.6129961374276096 -0.1183402139336011
-1.3667045731168139 -5.5938882264162393 0.03288341520865852
-1.1517264841416031 -5.554725394219914 0.1621537713452606
-0.9323447731787291 -5.5018513736627606 0.2736341320775677
-0.71758639332356722 -5.439061040440957 0.38189869412876731
-0.50757114192079855 -5.3661895604716827 0.49177266934712438
-0.29988113234836411 -5.2815945578004477 0.60164762266024496
-0.1009328682635774 -5.1781965115585358 0.70018284380427265
0.090186146517524601 -5.0559917624511979 0.78459011072164675
0.28491965033323102 -4.9138933081404961 0.86003836332863071
0.4739065016840901 -4.7557907027591968 0.91755575376459342
0.65555239527199116 -4.581101926343484 0.95171717325453875
0.83216174870795467 -4.3899640550017009 0.9704983471312878
1.0021278465762731 -4.1886563861003809 0.98477605299577131
1.1691890051336999 -3.981317292583979 0.97766505156943417
1.3296465527444421 -3.7801602029368628 0.93299327504412988
1.482446350517244 -3.5837357560120968 0.85494164751805746
1.6324045342967231 -3.3882730253736031 0.74960016436213106
1.7810424772643869 -3.2024895653669758 0.62441697161384824
1.9284801485617269 -3.026912248000146 0.48553632426274368
2.0727541045341771 -2.854805576198995 0.33560940953265161
2.2106254097864451 -2.6874585305007881 0.1763897363366608
2.3454639689601628 -2.5252511671924469 0.0041978522854051086
2.4838358632930242 -2.3776232412279148 -0.17764262777167589
2.6317515293595921 -2.2495354359359419 -0.35044173435676979
2.8041683760419369 -2.131805616077616 -0.5157836856157586
2.9956012886195942 -2.0329427627183478 -0.67011656033055544
3.199881283265269 -1.9576734462006771 -0.80843615731936225
3.4184186461928072 -1.8924582230237721 -0.92851243618027046
3.638929089993943 -1.83198107298427 -1.032464650519032
3.8638985253651792 -1.7729607852921001 -1.117822277394581
4.0947137662047286 -1.7108560817520331 -1.183910661934845
4.3186653960966526 -1.6478363608789459 -1.2255824509224711
4.5522336645109824 -1.5773650665543351 -1.244605339744788
4.7681912524405172 -1.500585088366311 -1.231443956944303
4.9855041552778534 -1.410879885205963 -1.1868004907684091
5.1776996611947821 -1.3124732267633781 -1.1149755408096189
5.3566941162700683 -1.197028168598073 -1.0111284392247131
5.5095358138421489 -1.073253178805113 -0.89003347507715536
5.6384258036566646 -0.93137141421580938 -0.74795811590145223
5.7371823810671643 -0.77552435520671581 -0.59534901914376204
5.8000512928943717 -0.6045173926539662 -0.43024993197932498
5.816006152337744 -0.42249698071037328 -0.2604049019350666

5.6258115507465813 1.7428112101227471 -6.627865411696513e-07
5.56190701258293 1.9033518912109 0.13098203169320541
5.4729731486381521 2.0534315257184952 0.25797631449666492
5.3611031482205274 2.1911116009806451 0.37733160185302589
5.2290596074376214 2.315000388780375 0.4860661269977628
5.0799359255569119 2.424412632875228 0.58208918826549105
4.9165190061098043 2.519709036389409 0.66401032706289753
4.7403578727869986 2.6046041277993091 0.72574413497814827
4.5574671011530761 2.6834218656251578 0.75986015740544932
4.3628941975956907 2.7639580552825982 0.76629590872996589
4.1670668672218651 2.8488620358094492 0.74466116400058058
3.962790317196581 2.9384505718381231 0.6945180986006132
3.7539785539848411 3.0343485479535439 0.63122665165214809
3.5249359864229568 3.14767349812763 0.56320483530489562
3.2935208150620481 3.268112476925745 0.48417401198966792
3.0732185520246169 3.388567266946366 0.39015767103043392
2.8530197868063851 3.5121519965635302 0.29060456246503957
2.63097404934636 3.6305025637938302 0.20635702869253991
2.40382232688484 3.7414072600537169 0.1365206481734379
2.17002298607891 3.846933241003303 0.078025201779597209
1.9268356585194331 3.9495157770193221 0.035125914300933703
1.684475996829605 4.0469944177317752 0.0098208252185738205
1.4372989064323289 4.1437687797616203 -0.013004146886396751
1.192763483538348 4.2367553486497567 -0.04004018736173897
0.94493966495263171 4.3261155176582324 -0.085600374375868107
0.70232647653142821 4.4066799452904561 -0.14584568206984991
0.46012944623516011 4.4783478291288041 -0.21783191779549699
0.21737975438047899 4.5412941463389238 -0.30423635048795938
-0.028104246320456269 4.6006583338004416 -0.40411751271105661
-0.27197714675397439 4.6631820121788694 -0.49612863648906391
-0.52546420617111489 4.7334643401601726 -0.57310527789863197
-0.7662123900925949 4.8058915650983822 -0.64066466721795767
-0.98201704162290615 4.877777070889584 -0.70281535384059857
-1.1918224923463041 4.9508372970130772 -0.74960629217515951
-1.392680985426878 5.0226148823816841 -0.76715573816131821
-1.588549974956855 5.0950865676759074 -0.75672058182655089
-1.775916778964628 5.1604686149204788 -0.71870294648194122
-1.962406348917126 5.2161894155465571 -0.65317874963494593
-2.146932933283368 5.2547503921010623 -0.56927347095142178
-2.3304475093722008 5.2729414963124004 -0.47139835737337249
-2.5109245327142879 5.2686461906595694 -0.36102220356573023
-2.6855660101104282 5.2403515463253987 -0.24037365461843191
-2.8514080140348952 5.1873093954425107 -0.1125681091356082
-3.0056403876228801 5.1096400734268821 0.018664127228004399
-3.1458125195148838 5.008352885043351 0.14931168564444011
-3.2699767034522051 4.8852966839845129 0.27541689773539219
-3.3767920091662158 4.7430383535031444 0.39341501582989252
-3.4656079822083599 4.5846348406018453 0.500454033801769
-3.536556322442669 4.413234146357536 0.59456071864414028
-3.5907696468079959 4.2312621734355043 0.67440401942422823
-3.6329459707535472 4.0394960757085139 0.7322195756247174
-3.6682902625624152 3.8425492966319719 0.7623375496765018
-3.703616050126092 3.6334264602206798 0.76460898839482494
-3.743899734356523 3.4234366804169389 0.73883993440739448
-3.786090240872626 3.2036590424389959 0.68566296233187141
-3.8344809951332302 2.9766701369829089 0.62128487122391818
-3.8960529586510222 2.7244592961084502 0.553005462364768
-3.9622111820641872 2.4737761885506129 0.47161234196341201
-4.0312446073667232 2.2318564077481402 0.3756052233982039
-4.1019743374536013 1.990912317231931 0.27784960169068268
-4.1673500438446593 1.747451751273047 0.19577394388126149
-4.2236856972463874 1.5006362400913209 0.12793323166590101
-4.2739259142420698 1.24801121900597 0.070968666877782832
-4.3193376712123008 0.98797187604480441 0.030852056560371061
-4.3598708724005384 0.72960698988178718 0.0065245104219574463
-4.3989309485920778 0.467644679693628 -0.016348333269630439
-4.4345850592327452 0.20780878608993589 -0.045792521643769978
-4.4652675655531802 -0.052773153510879633 -0.093882730211282059
-4.4890138391098908 -0.30655210784072928 -0.15562778555250881
-4.5032255065150411 -0.55875262385376567 -0.22966267540171309
-4.5095569951864816 -0.80859880935195294 -0.31808520924275879
-4.5131299014493589 -1.0611829087110749 -0.41790948106300763
-4.520775959312064 -1.3142485339453041 -0.50806468316144082
-4.5335008339795229 -1.578444312795142 -0.58265266346929689
-4.5513134900974519 -1.8248254312820991 -0.64979796131138101
-4.5740260132195711 -2.0493987601801549 -0.71073681095179875
-4.5983601135961809 -2.2689807593566269 -0.75389553011783561
-4.6243370887710658 -2.4800915204421559 -0.7673963223995599
-4.6509669317918911 -2.685863611176238 -0.75296856087125963
-4.6719049549810263 -2.882543837510493 -0.7110550407164653
-4.6829102131459024 -3.0758667037763159 -0.64188421943603646
-4.6767614723527 -3.263671852792418 -0.55604429030872149
-4.6507106480417173 -3.44569767120807 -0.4563610436717121
-4.6032524005946147 -3.6193249240315688 -0.34438677473557427
-4.5336363917349818 -3.781466066187416 -0.22251043918024499
-4.4419026070811611 -3.9291050105787408 -0.093976336293884938
-4.3289085115397574 -4.0595977149189526 0.0374192835652635
-4.1962932702896403 -4.1708662323537347 0.1676545659990803
-4.0463876665227314 -4.2615219530759374 0.29281077230986369
-3.882059126475335 -4.3309361521860401 0.40940642559346252
-3.7064524739350109 -4.3792672632480203 0.51470834280494004
-3.5225443548361919 -4.4074695185949073 0.60684174581973682
-3.3321230222644518 -4.4173968648221296 0.68432094075797989
-3.1351984838396221 -4.4145019831037757 0.73812322013538756
-2.933856604344069 -4.4045253263237658 0.7643477770910021
-2.721319158305525 -4.3926548107750039 0.76263348004713938
-2.5066852870618841 -4.3854343734873664 0.73231786972667146
-2.2826832030350559 -4.3778370326080269 0.67626717438698469
-2.04769204907512 -4.3752170511270592 0.6106304265397714
-1.78399236856372 -4.3803192519009011 0.54209160484198693
-1.5272754279108329 -4.3896566538169974 0.4586251595810456
-1.27548380145264 -4.4036863655920468 0.36098288181962712
-1.025894709330597 -4.4183023101750161 0.26566296240666898
-0.77362084593442093 -4.4270395101082514 0.18554270889628649
-0.52019383171710465 -4.4256972862542776 0.1194074832355503
-0.26144450901990118 -4.4175841303673993 0.064319054844781121
0.001780046816670193 -4.4034502717781256 0.026938442338295111
0.26336526208309408 -4.3849089150738996 0.0032918020364352801
0.52653878144989319 -4.3646774787319309 -0.019801812087589479
0.78815481833970891 -4.3408943131064657 -0.051830681268707178
1.047854569024909 -4.3117520705927044 -0.1024423870592102
1.299755605303639 -4.277569606428294 -0.16557073601101899
1.54862754978072 -4.2337448091910277 -0.24171977837976491
1.7930274416809 -4.1836449472068171 -0.33222513476318638
2.0400031944110171 -4.1313659420512003 -0.4316780577280861
2.2897172985681711 -4.0830497415462634 -0.51959370920360093
2.5516794351694321 -4.0368941810994929 -0.59171391033971388
2.7918365856697269 -4.0013392146083104 -0.65863159021248108
3.014521916996781 -3.9744630516003538 -0.71823139860767105
3.232076096662047 -3.9494805120909988 -0.75747048976309916
3.443529238599595 -3.928449681400219 -0.76702871131825268
3.6483605477140841 -3.908450909503967 -0.74854381297934736
3.8443341160609101 -3.884051985265093 -0.70276300892958532
4.0338373254480127 -3.849955054877789 -0.63047542559377301
4.2142669064388629 -3.7997171900352651 -0.54257966419719406
4.384268294283082 -3.7311568810959952 -0.44101248579679181
4.5408596256577569 -3.6435244697788551 -0.32743179956477358
4.6808797359605707 -3.5368881152067519 -0.20437736413274599
4.8014601183846866 -3.4120708513399798 -0.075189074149892635
4.9003061512418231 -3.2706015240846522 0.056293177805948481
4.9758686527062208 -3.114627763678163 0.18604804379312229
5.0274352436285703 -2.9467922531729309 0.31019776501348112
5.0551562287690297 -2.7700537111596528 0.42533458825188292
5.0600005484969959 -2.587418334523909 0.52882687545127116
5.0436579116626143 -2.4014866212322188 0.61890571933528282
5.0085151977693778 -2.2131473673612438 0.6937887605426013
4.9606584523005344 -2.0218190329226409 0.74357396651140917
4.9052417755525628 -1.82566906639852 0.76596871665505029
4.8468200695098407 -1.6212038043650649 0.76025139071231485
4.7915502731809179 -1.4116269952319911 0.72523029663917604
4.7347101175143393 -1.1951259334855 0.66699956694034745
4.6798276826732934 -0.96263142979472216 0.60044826701894494
4.6265879526458029 -0.70212741515476917 0.53089906251924857
4.5795489804622056 -0.45137505533169447 0.44540973824567981
4.5375488932392551 -0.20238992335640749 0.34655345346496302
4.495607561118244 0.043620222772592233 0.25366628328198071
4.4467997253792726 0.29153386853331542 0.1754678151519114
4.3877851013832307 0.53831377870360031 0.1109116515177222
4.3211747574303452 0.7900443195937209 0.057919129338822567
4.2483343651190211 1.0426253678408339 0.02332570746340637
4.1714967471828359 1.2942156768640121 -8.946771943072567e-07
4.0932580708349606 1.545374332604331 -0.023327259697384209
4.0111577642605543 1.7950997537201141 -0.057919759795339712
3.9243883284569212 2.040611756330855 -0.1109120902085657
3.834134560095499 2.2777566738307931 -0.17546855789473431
3.7348079931693769 2.5100871947808598 -0.2536656469309625
3.6308788156268932 2.7369772203595848 -0.34655116756409909
3.5253231718099971 2.966354606686969 -0.44540642442504208
3.4229358754621151 3.200030033585163 -0.53089600047068863
3.3201791732219639 3.4452541682353419 -0.60044364533920491
3.2345482452361458 3.668281448927277 -0.6669970821557113
3.1595534334387971 3.879172310451398 -0.72522266420401615
3.0871557282571129 4.0834838701488581 -0.76024979928624048
3.0202556545910499 4.2853041884232548 -0.76596740270303998
2.9555417778117081 4.4786076466982694 -0.74357117315331234
2.8873060556419721 4.6636435993636249 -0.69378751098398206
2.8102467162439462 4.8390539688228991 -0.61890388275757768
2.7190098379362988 5.0018840170815038 -0.52882556219093757
2.6121244669453851 5.1500553303784447 -0.42533335665249022
2.489659539414264 5.2804674810915433 -0.31019634135095281
2.3525078876008338 5.3900908863754786 -0.18604633329763001
2.202211918258242 5.4763963197688259 -0.056291214130364517
2.040848829293886 5.5376016106776209 0.075191215298220357
1.870908377435337 5.5728050036673871 0.20437959760712021
1.6951476576960449 5.5820359374832389 0.32743401629259972
1.5164003492684679 5.5662302884706936 0.44101455812659779
1.3373168436668641 5.5271124097659676 0.54258164282180488
1.159938883466282 5.4669811912562727 0.6304778624464672
0.9841563161233835 5.388402434137892 0.70276444484173684
0.80849169393499154 5.2981654551296407 0.74854492597302447
0.6279812823086437 5.1993008800492566 0.76703068248808992
0.44143128389896119 5.0975665332233602 0.75747234443425548
0.24760700171969049 4.9956574323841831 0.71823437385155642
0.048470223868000602 4.8924183983731293 0.65862879909144212
-0.17000725536147951 4.7865024372102232 0.59170164749754861
-0.41244181389978279 4.677077442271381 0.51958631904835795
-0.64601252892240613 4.5763173554850107 0.43165875349522981
-0.87947989398206328 4.4804033650989341 0.33222624054732808
-1.1096328930956809 4.3841197345236749 0.24171753097418949
-1.3399470453488911 4.2801321567643802 0.16556632802937571
-1.5673331961359851 4.166473327988836 0.1024341648941286
-1.798321145983536 4.0442582003787004 0.051823813032080099
-2.0278785938448909 3.9165363997526148 0.019794955801832281
-2.256720495955149 3.7850022991749568 -0.0032977333342826148
-2.4832964934127419 3.6529712230075289 -0.026943534369052918
-2.708753284193643 3.5163658905531991 -0.064326641778923485
-2.927102401675008 3.377315990996383 -0.1194095422328383
-3.137261386178162 3.2356554247931681 -0.1855523396382032
-3.3407723829560299 3.08633441945075 -0.26566457556461998
-3.538764615510964 2.9336479608661632 -0.36098531904209269
-3.7388968371142748 2.7802209290957061 -0.45862671546669898
-3.945740250375485 2.627895793661478 -0.54209219484746363
-4.1607464012410178 2.475130649299834 -0.61063165567930267
-4.3563846654471083 2.3449179690953952 -0.67627320463256813
-4.5457351776608261 2.225015643613256 -0.73232126294257383
-4.7271524941753729 2.1100643682435609 -0.76263725197000354
-4.9094280813316882 2.000155847052655 -0.76435167905750456
-5.081416257870579 1.894970936038272 -0.73812515930761313
-5.2457507623972104 1.78643291310649 -0.68432255383334628
-5.3974918923537851 1.6709613403062691 -0.6068430648277312
-5.5335566651661301 1.5440594673128549 -0.5147094634200351
-5.6514233819774331 1.405202970229616 -0.40940709563905331
-5.7480951463200629 1.2552802495722051 -0.29281087947529899
-5.8208844052140254 1.0959318200222841 -0.1676541936649415
-5.8677761835596787 0.92929236180441521 -0.0374185506533663
-5.8876269331380424 0.75782213926555786 0.093977341426296102
-5.8802528543191253 0.58416138301463372 0.22251166013845769
-5.8464349071842454 0.41097771642587821 0.34438818347640149
-5.7878390677614009 0.24078569198472069 0.45636268168589172
-5.7068245924067389 0.07571372450898925 0.55604636047931133
-5.6061108018560368 -0.082922141392869866 0.64188705353759856
-5.4881154511064469 -0.23645481647909339 0.71105824868084622
-5.3600238466646681 -0.38716463152718977 0.75297101186164206
-5.2221025966178853 -0.54218504579665072 0.76739921103870146
-5.0817240548132441 -0.7019723856397081 0.75389974260645054
-4.9379194457421018 -0.86969610014806908 0.71073764338253576
-4.7926478050798487 -1.042451959565224 0.64980014033630384
-4.6391405071228773 -1.235984038794754 0.5826543425532158
-4.4797989476762172 -1.447107024837599 0.50806560342905094
-4.3309228942429803 -1.651895446130315 0.41791021167133391
-4.1856864637873876 -1.8585750634820359 0.31808779626052941
-4.0397130077970163 -2.0614397174266301 0.22966440102658231
-3.885899790421468 -2.2618110449992219 0.15562965742455381
-3.723318861962023 -2.4581186250830709 0.093881799069889457
-3.551180055984001 -2.6561338273255681 0.045793099076105501
-3.3753480793132642 -2.850738960913755 0.01634841736637424
-3.1955094970256201 -3.0451753497054752 -0.0065242620198027734
-3.0164754661885769 -3.2358154669745258 -0.030851535066246719
-2.832467751022735 -3.4250883109166108 -0.070968056997711262
-2.648647471401127 -3.6055150934237141 -0.12793388718358401
-2.4630633518999732 -3.7777082938727489 -0.1957754985344701
-2.2719038202843329 -3.942032748627823 -0.27785108687924071
-2.0777307885957659 -4.1012695628822486 -0.37560933708099459
-1.8844155495476671 -4.2622619085916824 -0.4716136072617087
-1.688527699615977 -4.4321244186552606 -0.5530090134440907
-1.4955879070643461 -4.6058181020230684 -0.62128817055953567
-1.327731051634675 -4.7661169626719557 -0.68566895085174628
-1.169071739513313 -4.9239336204179578 -0.73884029347268187
-1.0175018436274159 -5.0747319993422453 -0.76460769154010311
-0.8705054241535336 -5.2276213477565028 -0.76233718411911178
-0.73035941695447892 -5.3704368596347258 -0.73222044162472677
-0.58748673009939045 -5.5051227036201231 -0.6744063681463337
-0.44018600916557937 -5.6249359162368746 -0.59456228254260246
-0.28501286691000199 -5.7265874887887733 -0.50045501470538956
-0.1223982546833718 -5.8074351455463518 -0.39341554266313278
0.045993266472163501 -5.8648036862000614 -0.27541700876633779
0.21790227128465739 -5.8965336749355801 -0.1493114057846153
0.3907748764938821 -5.9012595633304858 -0.01866349340067992
0.56196029878994347 -5.8785509300669201 0.11256905347132221
0.72886515640160943 -5.8289543656976086 0.2403748789688219
0.88909977446058253 -5.7539535321786088 0.36102373367884127
1.0406367017810341 -5.6558363173125983 0.47140031928361592
1.182016478644567 -5.5374289947047863 0.56927605472283194
1.312757932413269 -5.4016213714906662 0.65318223747275928
1.4354551178461099 -5.2505304644895192 0.71870660377714468
1.553435358200536 -5.0909618882600904 0.75672595427915801
1.674447379068797 -4.9207454459136866 0.7671641081567141
1.7999734430116261 -4.7482916266663846 0.74961703133202917
1.9321689374536419 -4.569739258716778 0.7028298922730738
2.0699771219821859 -4.388773803070964 0.64067517061938917
2.228100276563092 -4.1932987553496934 0.5730984923043192
2.397916231327621 -3.9924755356135861 0.49613597580577579
2.5641814063422381 -3.8034512240325342 0.40413491157753789
2.7335964057708129 -3.6160826584383079 0.30423249588091938
2.8987056730015328 -3.427333814245106 0.21782676963670669
3.058449400284585 -3.2316794309076049 0.14584178198337819
3.213524709065136 -3.0284424903049869 0.085595966995442391
3.3679457163530788 -2.8150066664201279 0.040040394198901437
3.5176042196181898 -2.600432312920792 0.01300627129191417
3.6673213551433528 -2.3812270388206702 -0.0098192697429670458
3.812656044824466 -2.1641605685974432 -0.035124225535186557
3.9557987102034171 -1.942411382919627 -0.078023789742735328
4.08952894985977 -1.72351682617638 -0.1365207929047644
4.2147377055739899 -1.5039238669524519 -0.20635926264322851
4.3315316123032428 -1.2810601624219431 -0.29060702444361869
4.4438511652276924 -1.054904573121038 -0.39015675455618121
4.5580225210186294 -0.83126933280314486 -0.48417465522414949
4.6813779961125253 -0.60139068105721438 -0.56320557455924736
4.8067748257420924 -0.37875034488784021 -0.63123039075643239
4.9252865202256402 -0.18188563052326601 -0.69452552529066458
5.0435976829115452 0.0072069025358728932 -0.74466399471965716
5.1575705542190304 0.18767349271013911 -0.76629969435587197
5.272965837682019 0.36382236341995172 -0.75986267377047556
5.3796796091055192 0.53197068607695053 -0.72574505798655087
5.4774076252447701 0.70134948582252854 -0.66401213991183883
5.5587468828136748 0.8721428112713232 -0.58209037206410597
5.62032466632294 1.046547774874075 -0.48606721958692373
5.6596352664519021 1.2232923026452951 -0.37733275044732317
5.6745088214742188 1.4000675956415649 -0.25797755274135348
5.6634467425741386 1.574167504807243 -0.13098333480059729

4.6414645080968286 3.4635549276150508 0.095477382650273987
4.5631926484235281 3.639013642718814 0.26040369378066691
4.4474861311292173 3.7804211897875888 0.43024899681246009
4.2991874551646267 3.886301225419488 0.59535747592449506
4.129836338554659 3.9594244794458469 0.74794609146251168
3.943385091266403 4.0040598596423136 0.89004194584790897
3.7474074722433142 4.0202203710577216 1.0111216288764699
3.534457084732741 4.0147788940579172 1.114979032899521
3.320235133945113 3.98781276451767 1.186796093553121
3.090140652366236 3.9395174878400852 1.231444592762807
2.8684590586678098 3.88130046078992 1.2446025321504031
2.6357793445409832 3.80795438343391 1.225580896597867
2.41523962422611 3.733865250899675 1.1839076640616859
2.1895486631000942 3.6551574525601449 1.1178234186017431
1.9704188254758011 3.577191721325101 1.032464550218728
1.7541580799304439 3.50294234435286 0.92851381898116225
1.5368553671082039 3.4337189820886169 0.80843742492281245
1.3256708076285539 3.380834066142191 0.67011718408530885
1.1118083040865521 3.3546797031488258 0.51578206700376994
0.90304046814121286 3.3548267663971689 0.35044636885292851
0.70867045435365883 3.3773334934569208 0.17764562797759911
0.51118773594394185 3.4213589257430619 -0.0041915777966233699
0.30838963179357298 3.4794273471935151 -0.1763961798171588
0.1002156306524607 3.540028289940174 -0.33561000268112562
-0.11594562830522941 3.6009585282282122 -0.48554049289766382
-0.33666481968992318 3.6629728636595811 -0.62441897807197888
-0.56413553593416488 3.7327447940734779 -0.74960178673665434
-0.79813684082643088 3.809768935658957 -0.85494138405369113
-1.035038915018262 3.885987744975461 -0.9329966627084183
-1.2809227703052231 3.9617954199882228 -0.9776706820252119
-1.535764051388764 4.0390027741250112 -0.98478370712905738
-1.7895957396494919 4.1095863200718323 -0.97050539375979417
-2.0431887069019599 4.1680260304034489 -0.95172579919323796
-2.291676988774233 4.2100377627019494 -0.91756454354456385
-2.5368887707979608 4.2342121388657068 -0.86004690347918544
-2.777834033002863 4.2419242346773327 -0.7846007649966108
-3.004585185707592 4.2352346980617179 -0.70019541516289918
-3.2272100386508278 4.2085951283227576 -0.60165978244651297
-3.4464661196803639 4.1614955213164304 -0.49178435265868431
-3.6610385183876559 4.103397089521521 -0.38190843526018531
-3.8738505862837811 4.0342973791287458 -0.27364178489372287
-4.0848974757596688 3.9544007114123398 -0.1621613304324174
-4.2845834971115497 3.865655996679056 -0.032891053956162902
-4.4671914851359196 3.7642841384684811 0.118335476773125
-4.615420208875566 3.6454897702460709 0.28465230419102749
-4.720917987010937 3.497605665700485 0.45385539949749298
-4.7861354171421153 3.3255734193645772 0.61836452224551641
-4.814539174657738 3.1436276925441402 0.76876313130830098
-4.8122105205608401 2.950936554219151 0.90882869547192469
-4.7815165567540499 2.7553385840263158 1.0275011578920841
-4.7240954743165817 2.5482772780051168 1.1268180088959969
-4.6479137816104901 2.345253114312849 1.195484887720778
-4.5472558828297567 2.1320275242548652 1.234893283496965
-4.4384944952351431 1.9277746052050071 1.2439137900020281
-4.3156919148164334 1.718833199334483 1.221364916546501
-4.193269345296911 1.520174239462494 1.175776424451014
-4.0662495293768286 1.317978169216504 1.107229490090158
-3.9419138437786172 1.122420909828038 1.018998934863603
-3.8221100083777029 0.92808620895285288 0.91248876676520618
-3.7078012971464842 0.73140259411251884 0.78957670901006605
-3.6123960524350971 0.53745393376192019 0.64851404175996707
-3.5431899940562741 0.33307684984423319 0.49288392888814458
-3.5010994873023442 0.1313211080353254 0.32649255665231641
-3.482581250674611 -0.064247102835346098 0.151067125755665
-3.4840761526175261 -0.26716464450879063 -0.028939909151377161
-3.4960670647321659 -0.47918549714050812 -0.19952535096801061
-3.5085048793046099 -0.69660151908746037 -0.35725464525090062
-3.5195573351436509 -0.92174371307742753 -0.50592693906976072
-3.531635929510113 -1.1516159471900691 -0.6428684810485541
-3.5505567499159261 -1.389929632120094 -0.76636526950039385
-3.573556104778862 -1.6360590370420811 -0.86809257300999876
-3.5947010111838589 -1.8844336880457671 -0.94158604987146433
-3.6136833002112039 -2.141796592751489 -0.98103418671711495
-3.632148728114764 -2.4090025114941871 -0.98279803436810798
-3.6422615231996098 -2.671052345420057 -0.96739226002368239
-3.6413731142904702 -2.931993729368306 -0.94801240844888368
-3.6249569760073528 -3.1804111119881968 -0.91096590461399118
-3.591107543840184 -3.4249452440162589 -0.8499893914794312
-3.543461450942329 -3.6591717558451249 -0.77303578023812025
-3.484414170871915 -3.8769175424167881 -0.68683810384299082
-3.4061426745754622 -4.0874770036711636 -0.58630652175684372
-3.3098919883062838 -4.2894609591226551 -0.47622087376395761
-3.203951929237669 -4.4849834284162604 -0.3664243802251772
-3.0876153414448848 -4.6765517811623587 -0.25836776044744331
-2.9616418770931201 -4.8633357921877884 -0.14497761297237891
-2.8298372220158829 -5.0359279547098561 -0.012649736990537119
-2.6892432292104358 -5.1871901219985617 0.14155924341493961
-2.537839427129557 -5.2990545701562217 0.30910700828173798
-2.3681013497815768 -5.3616295871132671 0.47761109659098921
-2.1837663658345621 -5.3810699228643752 0.64096568268788678
-2.000504010740737 -5.3630774675754926 0.78922036964680209
-1.8138812567207689 -5.3134484972259122 0.9268014287741777
-1.6289058551201629 -5.2369681824001306 1.0436805071065309
-1.4407840027951391 -5.1308649731942602 1.138065378056758
-1.2593254807180809 -5.0081805741002654 1.2034658009638139
-1.0756096983086449 -4.8619175456097414 1.2380319969792639
-0.89945018823193146 -4.7065733402492462 1.242491488064809
-0.72491850555047532 -4.5417799774615144 1.217112990422321
-0.55826905056477993 -4.3769442148291482 1.1674041207767969
-0.39014335040822612 -4.2083699817682616 1.0961801086763729
-0.227450910404317 -4.0442879774606837 1.0051480317649419
-0.064192527425056586 -3.8849010472037682 0.89628604563368541
0.1026138465260496 -3.731773626144506 0.7705905139158794
0.27158307690838512 -3.5985893082183238 0.62712556559400645
0.45717753980194292 -3.4888169300215188 0.46973964919551692
0.64366500779552049 -3.4074032319159651 0.30211320270785968
0.83261755044025021 -3.3482185348800262 0.1235919781956519
1.031579672887236 -3.306738712362626 -0.053932089154947717
1.242085193942031 -3.271310066335845 -0.2224706595156172
1.457862969399492 -3.2345562170079831 -0.37884480183083019
1.6805546704796399 -3.1949432343177162 -0.52616843721066109
1.908316846591283 -3.1560309241210578 -0.66104989905715228
2.1463021421794091 -3.122459793977161 -0.78262019028603358
2.3917658846346659 -3.0900369191651329 -0.88050327895811953
2.6397756699278618 -3.0547587617564158 -0.94934019830817717
2.8957481772742781 -3.015614677280666 -0.98344269237555904
3.1608911667372661 -2.97410109281059 -0.98042228665573172
3.4171043540535568 -2.9237872890229699 -0.9638781110165231
3.6716338051730428 -2.862772468977282 -0.94360219066400008
3.906887297651612 -2.7900488439035822 -0.90376490287568234
4.1368214898219753 -2.6999545901639981 -0.83949932952769746
4.3515961153874478 -2.6005439080447599 -0.76121800837321729
4.5490653588682699 -2.4923701006371659 -0.67296010250901495
4.7353708938472074 -2.3667434707321671 -0.57061384934382575
4.909511648192681 -2.226962223874918 -0.46057031849262492
5.0755451313875017 -2.0788604160254081 -0.35084810390402899
5.2355835677566684 -1.921350539090376 -0.24283630683276611
5.3879400592103153 -1.7564084893444301 -0.12738378503003109
5.5243581515412377 -1.588969986186165 0.0080328644857419248
5.6359340487979601 -1.41794835992193 0.16528198626865051
5.7043342123600977 -1.244315156605766 0.33371638729637848
5.7201382371785154 -1.064785518939517 0.50124645577857097
5.6921571603186978 -0.88058690868993639 0.66322304932133669
5.6290875022465592 -0.70674834536286502 0.8096768924410821
5.5347300040289031 -0.53767508735200564 0.94441297092644516
5.4156154713797973 -0.37420757552146022 1.059287763205357
5.2671254915471462 -0.21594016999618701 1.1489913567293659
5.1034308153190926 -0.066601889018848184 1.210741946695973
4.9201678758869987 0.077842538346418369 1.2407583509999951
4.7252909077192076 0.21556828303099079 1.240437753522966
4.5277937971684414 0.34706592519049789 1.2121583459986061
4.3286103464305894 0.47319643969166381 1.1586180242940289
4.1276166740013007 0.59875829748845333 1.0844904600780449
3.9320592649953419 0.72096640538394452 0.99074399430959692
3.7408526047998309 0.84528866599007757 0.87971605377832618
3.556825501370954 0.9746736994931422 0.75150472806164703
3.391808178460749 1.1119286274491189 0.60524247509060802
3.2462880415848061 1.2706944028932481 0.44598680043052369
3.1299619331511401 1.4343281046075529 0.27782503422162852
3.032368140893313 1.607974200747889 0.096953191470621869
2.9491911448850301 1.794506958550524 -0.079085194339897497
2.8676622031444299 1.992675510756676 -0.24551726933880991
2.7830871028100841 2.195867127152467 -0.40055472898666977
2.6945447553820778 2.4047208051943798 -0.54630023667532412
2.6059199091416132 2.619389561487544 -0.67902485516014532
2.52062597623984 2.8454948606834889 -0.79820022122245904
2.434359320068797 3.077701054362914 -0.89218754576057624
2.34345524759408 3.3134546321704521 -0.95647936519398236
2.2479298650637509 3.5547590943587308 -0.98517638824338105
2.1484194590043439 3.8038346589267742 -0.97842691113683833
2.0408701053306189 4.0407281372758197 -0.96150365572197682
1.922821026926032 4.273940357561858 -0.93910175197303603
1.7981123525325939 4.4847587726855229 -0.89593162282079053
1.657520661990918 4.6871568688249718 -0.82879411182246621
1.512717009074118 4.871302992223006 -0.74947880997178884
1.3612196998659829 5.0377993383577344 -0.65902018898746573
1.1953131402809829 5.1891672393939086 -0.55489959113923204
1.0196262155885309 5.326326549731899 -0.44481916316936898
0.83730616914391265 5.4540138859760434 -0.33511472402863018
0.64689319260488509 5.5739515600698173 -0.22707425297990019
0.45212194376317538 5.6837947527908943 -0.1093735705200341
0.25835307603881341 5.7768233123903192 0.029201331265591969
0.068132625363767602 5.8424378425121004 0.18881886593282149
-0.11631342770227179 5.8628655305369346 0.35835807847463091
-0.29321295930066998 5.8317613941531983 0.52472156543641735
-0.46514329474308452 5.7582737872696823 0.68483257377853812
-0.61912387923166057 5.6539103539806908 0.83012024401506534
-0.76035804931223105 5.5203912793580292 0.96168148716961621
-0.89221086934773464 5.3638997468600174 1.074160048896504
-1.0111532593052051 5.1822219051308673 1.159138065544961
-1.1195378965410201 4.9848924631980696 1.2171096039189111
-1.217438951140914 4.7750413900762041 1.242779706848657
-1.3078522363735641 4.5509995008741377 1.2376746693205489
-1.390663398653464 4.3309686835992576 1.20633141996159
-1.469474961778924 4.1074365943635334 1.1492570609290409
-1.546574773052076 3.884507663952943 1.0721436694337201
-1.622473258603286 3.667451277680716 0.97579711008513992
-1.70198470300413 3.4535290183637009 0.86259747447637525
-1.788519529228358 3.2477783117793182 0.73203282047176221
-1.888590563385238 3.0582739042767488 0.58311147091176363
-2.0135638191033158 2.883548793791133 0.42199319456603918
-2.1478651706901251 2.7379735526210909 0.25356675474234108
-2.2983354231880848 2.6059461611296451 0.070906079452128859
-2.4642550348003311 2.4839030679037108 -0.104248218438402
-2.6397086228477402 2.3600582500056659 -0.26841910193331647
-2.8198937819861079 2.2313519503236949 -0.42216382050784962
-3.0042593607647849 2.0980072178492191 -0.56623375072068771
-3.1952241393160752 1.96351753008839 -0.69669724907591446
-3.3982804774888198 1.8297851505490761 -0.8130392042037361
-3.6053081309893198 1.6939365552859269 -0.90333427618382089
-3.8161918004881752 1.5512451119701971 -0.96303468805793313
-4.0306704737299794 1.403984066741353 -0.98636705365377364
-4.250711271665744 1.2514657393640909 -0.97685786884434134
-4.4564273964680066 1.092851242337932 -0.95948978841113786
-4.654664808061117 0.9249038281963291 -0.93444441108673282
-4.8306792098113593 0.75470336709767905 -0.88774471423118695
-4.9945570938589814 0.57197836476807651 -0.81815976811015079
-5.1390970816036416 0.39031144842078419 -0.73786730425437319
-5.264955278914436 0.20392519343762511 -0.64501706041447604
-5.3727379972951681 0.0070584037056584826 -0.53907516700237701
-5.4659061865022593 -0.19512113507895359 -0.42907073103169519
-5.5484465920468686 -0.40206665659026358 -0.31961231413436481
-5.6216761848169101 -0.61521886126545688 -0.21125010095345301
-5.6833583241472638 -0.82909457067946157 -0.090940228516791149
-5.7279304908452753 -1.0382604391187209 0.050922412055889363
-5.7446048277364223 -1.235462297877681 0.212583168224978
-5.7160449203490566 -1.417918885511541 0.38264728047527852
-5.6405319548008217 -1.5809346296491751 0.54829160436326274
-5.5266406740834073 -1.728753614875248 0.70620843205915251
-5.3865511017735361 -1.8536268641645191 0.85043770064205348
-5.2220249831176098 -1.958644892165055 0.97857005607889536
-5.036088469348603 -2.0503901020791382 1.0883622644526769
-4.8317942817782642 -2.1235524379562061 1.168856119150985
-4.611043247369925 -2.1835523371424208 1.222655386565451
-4.3858485766323136 -2.2303669460006819 1.244018946526614
-4.1449968746049981 -2.2675450139573781 1.2341972211473951
-3.9137446343162261 -2.2981692654237791 1.1995516177752881
-3.677009272745225 -2.3251977253776621 1.139153513238143
-3.4437716620503358 -2.35034061545938 1.0591424909068849
-3.2158907622428479 -2.3764666356877808 0.96018855850708706
-2.9895516484118931 -2.407056376373208 0.84493486226603498
-2.772038560472843 -2.4474160047074842 0.7118978385471173
-2.5659382227429659 -2.5072664303926668 0.56099935121171518
-2.3698296438192412 -2.593241416495971 0.39763255473650472
-2.2021349699277608 -2.6929697847891951 0.22912855709764329
-2.04088826718545 -2.813229440043671 0.045225500761760858
-1.884484265781077 -2.950235207704436 -0.12899683095301279
-1.7243105463094131 -3.0943211179555048 -0.29114853981859629
-1.557645885824648 -3.2420559326353291 -0.44361907259514077
-1.386282396639646 -3.3922948983588879 -0.58593354617766424
-1.212104213546414 -3.5503434078275462 -0.71482866464198958
-1.0361640456758101 -3.71950836095181 -0.82759250126827877
-0.85684904645650617 -3.891260472826497 -0.91394909008475667
-0.66963489016475641 -4.0654797854097326 -0.96859323842443823
-0.4767995984885417 -4.2430269616543761 -0.98648462624547295
-0.27966237527800619 -4.421821722520531 -0.97498075567691134
-0.078396853053366453 -4.586085236646821 -0.95714362704980482
0.12914336317714289 -4.7386453360627954 -0.92910016390047701
0.33592645171974539 -4.8704843910358884 -0.87890898808023421
0.55044800869673538 -4.9871775430627823 -0.80720953407076768
0.75898320496952498 -5.0850543082105784 -0.72568213859850739
0.96942473364255377 -5.1631827076573051 -0.63080314871451482
1.1861465715771391 -5.2213349965905751 -0.52320083265973993
1.404137755928573 -5.2655534842257774 -0.41326888375040299
1.6247741812641869 -5.2984994966236112 -0.3042078155936106
1.8493020912301461 -5.3209908408480473 -0.19525470617805471
2.0705150579566518 -5.3316446757792422 -0.072083278745446386
2.2830072876771892 -5.3256973005455324 0.072990391630835372
2.4749643595102619 -5.2936132380505434 0.2363950488632785
2.642747345021971 -5.2185106499726794 0.40659472715460709
2.7816953313491131 -5.1031961652550324 0.57196946171532004
2.8956186958166099 -4.9566746091741241 0.72729490800539998
2.9834644991837722 -4.7885104081703851 0.87057121486740352
3.0457950605112138 -4.6029799007231356 0.9949475377953545
3.091044017646714 -4.3976082279258986 1.102041084577235
3.11457922000307 -4.1824718215967476 1.17801924705498
3.121364431306016 -3.9503137158446262 1.227464197583803
3.1153987544615962 -3.7213244691139238 1.2446776542858571
3.0966996035832501 -3.4773269106883191 1.2301570557007171
3.0743247754573959 -3.246122672416289 1.19201328529196
3.0478413722786009 -3.00854330083334 1.1286061772463361
3.02052537285239 -2.776750901699498 1.04582806599092
2.99579306812831 -2.549133017360516 0.94434934401268855
2.975787034525748 -2.321587691632363 0.8268617596310347
2.9689007637405749 -2.1023432406572402 0.6913855178784416
2.986201678621875 -1.887910737679007 0.53855969040535512
3.0296586976144111 -1.680794693011979 0.37408245536398721
3.0921088676036028 -1.4960646930523409 0.20374787087754501
3.1763908185578802 -1.3126994305153139 0.020500386296860108
3.2767998272722449 -1.128859886770136 -0.15286731566900411
3.3819867322995321 -0.94021139155023492 -0.31348070024510599
3.4893059072106252 -0.74376085511631307 -0.46479375752606472
3.5979529160774382 -0.5429499642316038 -0.60536294544208213
3.7148907629206112 -0.33719751263386633 -0.73246351472824534
3.8414684927948839 -0.12718690565304441 -0.84152368607774186
3.968881597321527 0.08643796844009681 -0.92379942594227993
4.0972679569316934 0.30859506145346588 -0.97345930331726072
4.2284270351092621 0.53812947370432573 -0.98596387118437812
4.3561972260171009 0.76979069502856812 -0.97302924731464191
4.4706146893042664 1.003149227019547 -0.95475370520162606
4.5700555774822957 1.237889185508539 -0.92356957502167147
4.6504788019095216 1.4701953362388569 -0.86966270786326283
4.7140968512847152 1.70450462539498 -0.79602065809322498
4.7605698463003554 1.928220497649423 -0.71311171912962779
4.7870108234527553 2.1509073629248872 -0.61640796763876693
4.7925948532968201 2.3752173156003171 -0.50753477956923976
4.7854036400396733 2.5974182102032359 -0.39760569785177657
4.7668680985039922 2.8200366107531938 -0.28893865233790411
4.7373688151072839 3.0438443506818929 -0.17893521291417849
4.696970553763089 3.260201125874322 -0.052755332651314282
