24.7762654422112 -0.00314305837451091 0
24.6877661639806 1.03601980011525 0.908715832724321
24.4244353655895 2.0567274707788 1.79793486367919
23.9927029223851 3.04121954766377 2.64857860149048
23.4030503198387 3.97309970161745 3.44239620058549
22.6696667574691 4.83795491452453 4.16235603918179
21.8099845123397 5.62390187306839 4.79301113842241
20.8441096675873 6.32204035314247 5.32083058246767
19.7941679234035 6.92679676108641 5.7344898288148
18.6835881261333 7.43614493851154 6.02511368014062
17.536348273261 7.85169574346792 6.18646670462506
16.3762100037326 8.17865163536298 6.21508701922394
15.2259679207974 8.42562734661822 6.11036056552625
14.1067395071159 8.60434254772234 5.87453428458245
13.0373199007323 8.72919703233903 5.51266790803363
12.0336234590335 8.81674320084392 5.03252539987881
11.1082309294052 8.88507435247833 4.44440837803357
10.2700572804103 8.95315037497679 3.76093508967624
9.52415095957308 9.04008473591748 2.99676968253919
8.87163068524878 9.16441814904847 2.16830758072035
8.309761015653 9.34340485832505 1.29332371538192
7.83216304011408 9.59233713109274 0.390591157664116
7.42915177929862 9.9239322911436 -0.52052166382773
7.0881874307682 10.347804495882 -1.42046651912939
6.79442361097394 10.8700405438949 -2.28993479072216
6.53133236531858 11.4928953922553 -3.11027174637226
6.28138306329232 12.2146188937903 -3.86387678264294
6.02675045922965 13.0294206802028 -4.53458105172116
5.75002624518649 13.9275752790169 -5.10799436944897
5.43490838371259 14.8956646315731 -5.57181396153202
5.06684338531996 15.9169503495022 -5.91608842367209
4.63359845615393 16.9718634789182 -6.13343123227081
4.12574302234747 18.0385953964821 -6.21917922476112
3.53702244627635 19.0937698861254 -6.17149264931795
2.86461066813261 20.1131735661303 -5.99139463734828
2.1092328939964 21.0725197554401 -5.68274925186499
1.27515415238382 21.9482196593634 -5.25217858272404
0.370034387482506 22.718134461275 -4.7089206674743
-0.595344423765716 23.3622825392651 -4.06463128617584
-1.60746902362916 23.8634775629913 -3.33313388274475
-2.65058913115825 24.2078756123681 -2.53012297834592
-3.70729710087623 24.3854126123123 -1.67282744019832
-4.7591717856766 24.3901171855951 -0.779640830473059
-5.78746307350332 24.2202883548629 0.130273233727741
-6.77379207610011 23.8785322226212 1.03739224217801
-7.70084135242605 23.3716566589534 1.92225365350655
-8.55300987079538 22.7104279583702 2.76587247052409
-9.31700864136301 21.9091982157864 3.5501485696804
-9.98237504098452 20.9854166486527 4.2582550452618
-10.5418867317946 19.959042100213 4.87499923627471
-10.9918596410697 18.8518773568451 5.38714869006273
-11.3323185966246 17.6868485811829 5.78371506899903
-11.5670337527167 16.4872550087564 6.05618990894098
-11.7034207350125 15.2760150148692 6.19872717117088
-11.7523073093394 14.0749346974014 6.20826867110959
-11.7275741644204 12.9040242397427 6.08460969268834
-11.6456819234065 11.7808855482608 5.83040338060042
-11.5251006017516 10.7201920640938 5.45110381619541
-11.3856612636776 9.73327832228919 4.95484899834174
-11.2478524700419 8.82785289088845 4.35228623994231
-11.1320861552777 8.00784390862687 3.65634372627915
-11.0579587467884 7.27338170929118 2.8819531364792
-11.0435336040504 6.62091814138912 2.04572927935043
-11.1046701963058 6.04347733671457 1.16561361710817
-11.2544238793327 5.53102802275524 0.260489325309626
-11.5025377274944 5.07096317672386 -0.650223851986144
-11.8550447111655 4.64866903541589 -1.54698625931466
-12.3139946928143 4.24816233891789 -2.41055755964165
-12.8773163816572 3.85277230817535 -3.22240954222188
-13.5388196894107 3.44584232037548 -3.96512365155041
-14.2883390337063 3.01142560587949 -4.62276470829012
-15.1120132137753 2.53494956808764 -5.18122280386786
-15.9926927085949 2.0038245125707 -5.62851603327666
-16.9104607892274 1.40797462126408 -5.95504757085053
-17.8432508518914 0.740271848004948 -6.15381157336509
-18.7675390070003 -0.00314305837442575 -6.22054349274452
-19.6590883209857 -0.822664103852601 -6.15381157336512
-20.4937192953314 -1.71515536170225 -5.95504757085058
-21.2480802448462 -2.6740204702676 -5.62851603327675
-21.900391237383 -3.68940388498032 -5.18122280386797
-22.4311361799573 -4.74851668641192 -4.62276470829025
-22.8236794489666 -5.83607523551263 -3.96512365155056
-23.0647861009797 -6.93483687389965 -3.22240954222203
-23.1450280722141 -8.02621333718438 -2.41055755964184
-23.0590627603623 -9.09093970891692 -1.54698625931484
-22.8057748412293 -10.1097746933515 -0.650223851986336
-22.3882769473932 -11.0642068003892 0.260489325309444
-21.8137697584004 -11.9371407585204 1.16561361710798
-21.0932669482894 -12.7135391119423 2.04572927935025
-20.2411951339528 -13.3809954942217 2.88195313647903
-19.274883301529 -13.9302184490479 3.65634372627899
-18.2139600051402 -14.3554078049691 4.35228623994217
-17.0796797987021 -14.6545093947658 4.95484899834162
-15.8942027661093 -14.8293382074769 5.45110381619531
-14.6798525737813 -14.8855647199406 5.83040338060035
-13.4583791282043 -14.8325640099983 6.08460969268829
-12.2502516574973 -14.6831321331331 6.20826867110957
-11.0740068605789 -14.4530789751813 6.1987271711709
-9.94567472289968 -14.1607112079375 6.05618990894104
-8.87830175737778 -13.8262229151614 5.78371506899911
-7.88158789469774 -13.4710147835314 5.38714869006285
-6.96164914461448 -13.1169653479889 4.87499923627486
-6.12091362549227 -12.7856795510076 4.25825504526198
-5.35815377402108 -12.4977407571024 3.5501485696806
-4.66865267106058 -12.2719923252324 2.76587247052432
-4.04449762614708 -12.1248738830791 1.92225365350679
-3.47498962262361 -12.0698356014685 1.03739224217828
-2.94715309880684 -12.116851098783 0.130273233728011
-2.44632697450609 -12.2720462075624 -0.779640830472779
-1.95681495300352 -12.5374568278783 -1.67282744019804
-1.46257103829269 -12.9109246153821 -2.53012297834565
-0.94789497988939 -13.386134463666 -3.3331338827445
-0.398112036134579 -13.9527928093014 -4.06463128617561
0.199787957350054 -14.5969408872915 -4.70892066747412
0.856575736067007 -15.3013923672939 -5.25217858272389
1.5802931603868 -16.04628047231 -5.68274925186487
2.3758672706794 -16.8096958740601 -5.9913946373482
3.24484219883857 -17.5683935070318 -6.17149264931791
4.1852390348949 -18.2985440571636 -6.21917922476112
5.19154912750199 -18.9765043451713 -6.13343123227086
6.25486147818536 -19.5795801925302 -5.91608842367217
7.36312004307554 -20.0867556520293 -5.57181396153213
8.50150205512978 -20.4793636938718 -5.1079943694491
9.65290409217929 -20.7416755194573 -4.53458105172133
10.7985186980489 -20.8613885544115 -3.86387678264313
11.9184810553811 -20.8299967481211 -3.11027174637245
12.9925626279606 -20.6430309524494 -2.28993479072236
14.0008869297803 -20.3001617208119 -1.42046651912961
14.9246417012249 -19.805161698907 -0.520521663827945
15.7467618116548 -19.1657296994419 0.390591157663913
16.4525581619039 -18.3931833914161 1.29332371538173
17.0302696968713 -17.5020321191532 2.16830758072016
17.4715182932202 -16.5094455356535 2.99676968253903
17.7716496669018 -15.4346373420785 3.76093508967609
17.9299474307093 -14.2981863433796 4.44440837803345
17.9497118827056 -13.1213191568311 5.03252539987871
17.8381998649415 -11.9251801711741 5.51266790803356
17.6064269301565 -10.7301147056094 5.8745342845824
17.2688379188414 -9.55499074861709 6.11036056552622
16.8428567079259 -8.41658318778177 6.21508701922393
16.3483301803954 -7.32904212660775 6.18646670462507
15.8068852303273 -6.30346380582157 6.02511368014066
15.2412207265576 -5.34757891501614 5.73448982881485
14.6743586999825 -4.46556882893278 5.32083058246773
14.1288805109704 -3.65801568281994 4.79301113842248
13.6261743411273 -2.92198737776709 4.16235603918186
13.1857200162526 -2.25125375145067 3.44239620058558
12.824435915989 -1.63662543517466 2.64857860149057
12.5561106039022 -1.06640251218765 1.7979348636793
12.3909388938293 -0.526916151742357 0.908715832724401
12.3351784567222 -0.00314305837455816 7.1631831828551e-14
12.3909388938293 0.520630034993261 -0.90871583272426
12.5561106039021 1.06011639543851 -1.79793486367912
12.8244359159889 1.63033931842554 -2.64857860149042
13.1857200162525 2.24496763470152 -3.44239620058543
13.6261743411272 2.91570126101795 -4.16235603918175
14.1288805109704 3.6517295660708 -4.79301113842239
14.6743586999824 4.45928271218361 -5.32083058246765
15.2412207265575 5.34129279826696 -5.73448982881479
15.8068852303272 6.29717768907236 -6.02511368014061
16.3483301803953 7.32275600985854 -6.18646670462505
16.8428567079258 8.41029707103252 -6.21508701922394
17.2688379188413 9.5487046318679 -6.11036056552625
17.6064269301564 10.7238285888602 -5.87453428458245
17.8381998649415 11.9188940544249 -5.51266790803364
17.9497118827056 13.1150330400819 -5.0325253998788
17.9299474307094 14.2919002266303 -4.44440837803356
17.7716496669018 15.4283512253292 -3.76093508967624
17.4715182932202 16.5031594189043 -2.99676968253916
17.0302696968714 17.495746002404 -2.16830758072031
16.452558161904 18.386897274667 -1.29332371538189
15.746761811655 19.1594435826927 -0.390591157664078
14.9246417012251 19.7988755821578 0.52052166382778
14.0008869297805 20.2938756040628 1.42046651912942
12.9925626279608 20.6367448357003 2.28993479072222
11.9184810553812 20.8237106313721 3.11027174637233
10.7985186980491 20.8551024376625 3.863876782643
9.65290409217948 20.7353894027084 4.53458105172122
8.50150205512998 20.4730775771228 5.10799436944902
7.36312004307575 20.0804695352804 5.57181396153205
6.25486147818558 19.5732940757813 5.91608842367211
5.19154912750216 18.9702182284224 6.13343123227083
4.18523903489507 18.2922579404148 6.21917922476112
3.24484219883873 17.5621073902829 6.17149264931793
2.37586727067955 16.8034097573112 5.99139463734825
1.58029316038695 16.0399943555612 5.68274925186495
0.856575736067131 15.295106250545 5.25217858272398
0.199787957350167 14.5906547705426 4.70892066747421
-0.398112036134487 13.9465066925524 4.06463128617572
-0.947894979889293 13.3798483469171 3.33313388274463
-1.46257103829263 12.9046384986332 2.53012297834578
-1.95681495300345 12.5311707111293 1.67282744019818
-2.44632697450602 12.2657600908134 0.77964083047291
-2.94715309880679 12.1105649820339 -0.130273233727923
-3.47498962262356 12.0635494847194 -1.0373922421782
-4.04449762614703 12.1185877663301 -1.92225365350672
-4.66865267106052 12.2657062084834 -2.76587247052426
-5.35815377402104 12.4914546403534 -3.55014856968055
-6.12091362549222 12.7793934342585 -4.25825504526193
-6.96164914461443 13.1106792312399 -4.87499923627483
-7.88158789469771 13.4647286667824 -5.38714869006285
-8.87830175737778 13.8199367984123 -5.78371506899911
-9.94567472289968 14.1544250911885 -6.05618990894104
-11.0740068605789 14.4467928584323 -6.1987271711709
-12.2502516574973 14.6768460163841 -6.20826867110957
-13.4583791282043 14.8262778932493 -6.08460969268829
-14.6798525737814 14.8792786031916 -5.83040338060033
-15.8942027661093 14.8230520907279 -5.45110381619529
-17.0796797987022 14.6482232780168 -4.95484899834158
-18.2139600051403 14.3491216882201 -4.35228623994211
-19.2748833015291 13.9239323322988 -3.65634372627893
-20.2411951339529 13.3747093774726 -2.88195313647896
-21.0932669482895 12.7072529951932 -2.04572927935012
-21.8137697584005 11.9308546417713 -1.16561361710786
-22.3882769473933 11.05792068364 -0.2604893253093
-22.8057748412293 10.1034885766023 0.65022385198649
-23.0590627603624 9.08465359216772 1.54698625931499
-23.1450280722141 8.01992722043519 2.41055755964198
-23.0647861009796 6.92855075715041 3.2224095422222
-22.8236794489665 5.82978911876337 3.96512365155072
-22.4311361799572 4.74223056966264 4.62276470829039
-21.9003912373829 3.68311776823105 5.18122280386808
-21.248080244846 2.66773435351835 5.62851603327685
-20.4937192953312 1.70886924495299 5.95504757085065
-19.6590883209855 0.816377987103345 6.15381157336515
-18.767539007 -0.00314305837483556 6.22054349274452
-17.8432508518911 -0.74655796475417 6.15381157336505
-16.9104607892271 -1.41426073801331 5.95504757085044
-15.9926927085947 -2.01011062931989 5.62851603327655
-15.112013213775 -2.54123568483683 5.18122280386768
-14.288339033706 -3.01771172262866 4.62276470828991
-13.5388196894105 -3.45212843712466 3.96512365155014
-12.877316381657 -3.85905842492452 3.22240954222159
-12.3139946928141 -4.25444845566706 2.41055755964135
-11.8550447111654 -4.65495515216507 1.5469862593143
-11.5025377274943 -5.07724929347307 0.650223851985781
-11.2544238793326 -5.53731413950446 -0.26048932530999
-11.1046701963058 -6.04976345346381 -1.16561361710856
-11.0435336040504 -6.62720425813843 -2.04572927935084
-11.0579587467884 -7.27966782604052 -2.88195313647959
-11.1320861552778 -8.01413002537626 -3.65634372627949
-11.247852470042 -8.83413900763789 -4.35228623994264
-11.3856612636777 -9.73956443903868 -4.95484899834201
-11.5251006017517 -10.7264781808434 -5.45110381619562
-11.6456819234066 -11.7871716650104 -5.83040338060059
-11.7275741644204 -12.9103103564923 -6.08460969268843
-11.7523073093394 -14.0812208141511 -6.20826867110962
-11.7034207350124 -15.2823011316189 -6.19872717117084
-11.5670337527166 -16.493541125506 -6.05618990894088
-11.3323185966245 -17.6931346979326 -5.78371506899884
-10.9918596410695 -18.8581634735947 -5.38714869006247
-10.5418867317943 -19.9653282169626 -4.87499923627439
-9.98237504098418 -20.9917027654023 -4.25825504526143
-9.31700864136259 -21.915484332536 -3.55014856967996
-8.55300987079493 -22.7167140751196 -2.76587247052363
-7.70084135242553 -23.3779427757028 -1.92225365350606
-6.77379207609957 -23.8848183393705 -1.03739224217747
-5.78746307350268 -24.2265744716121 -0.130273233727166
-4.75917178567596 -24.3964033023441 0.779640830473618
-3.7072971008756 -24.3916987290612 1.67282744019884
-2.6505891311576 -24.2141617291169 2.53012297834641
-1.60746902362851 -23.8697636797401 3.33313388274523
-0.595344423765108 -23.3685686560138 4.06463128617626
0.370034387483106 -22.7244205780235 4.70892066747469
1.2751541523844 -21.9545057761119 5.25217858272435
2.10923289399691 -21.0788058721885 5.68274925186524
2.86461066813308 -20.1194596828787 5.99139463734844
3.53702244627675 -19.1000560028738 6.17149264931802
4.12574302234784 -18.0448815132304 6.2191792247611
4.63359845615425 -16.9781495956665 6.1334312322707
5.06684338532022 -15.9232364662505 5.91608842367189
5.43490838371283 -14.9019507483214 5.57181396153174
5.7500262451867 -13.9338613957653 5.1079943694486
6.02675045922983 -13.0357067969512 4.53458105172073
6.28138306329248 -12.2209050105388 3.86387678264246
6.53133236531876 -11.4991815090039 3.11027174637173
6.79442361097414 -10.8763266606435 2.28993479072156
7.08818743076844 -10.3540906126307 1.42046651912873
7.42915177929889 -9.93021840789235 0.520521663827069
7.8321630401144 -9.59862324784155 -0.390591157664767
8.30976101565338 -9.34969097507392 -1.29332371538259
8.87163068524923 -9.17070426579738 -2.16830758072098
9.52415095957361 -9.04637085266643 -2.9967696825398
10.2700572804109 -8.95943649172574 -3.76093508967679
11.1082309294059 -8.8913604692273 -4.44440837803408
12.0336234590343 -8.82302931759289 -5.03252539987922
13.0373199007331 -8.73548314908797 -5.51266790803396
14.1067395071168 -8.61062866447124 -5.87453428458269
15.2259679207983 -8.43191346336708 -6.11036056552638
16.3762100037335 -8.18493775211179 -6.21508701922397
17.5363482732619 -7.85798186021665 -6.18646670462499
18.6835881261342 -7.44243105526018 -6.02511368014044
19.7941679234044 -6.93308287783497 -5.73448982881451
20.8441096675881 -6.32832646989094 -5.32083058246726
21.8099845123405 -5.63018798981676 -4.79301113842192
22.6696667574698 -4.84424103127285 -4.16235603918123
23.4030503198393 -3.97938581836573 -3.44239620058483
23.9927029223855 -3.04750566441198 -2.64857860148978
24.4244353655898 -2.06301358752694 -1.79793486367845
24.6877661639808 -1.04230591686339 -0.908715832723532

23.6708202667393 7.33100647016443 7.84928354505267e-13
23.2799541335348 8.29791661833011 0.908715832725085
22.7274635161772 9.19565899566592 1.79793486367996
22.0247276002469 10.0091574802535 2.6485786014912
21.1865951110837 10.7258336579179 3.44239620058621
20.2308731735521 11.3360971804779 4.16235603918242
19.1777222656458 11.8337309307515 4.79301113842295
18.0489786007503 12.216156468659 5.3208305824681
16.8674277418489 12.4845694842868 5.73448982881513
15.6560548780491 12.6439396094694 6.02511368014083
14.4372979229388 12.7028737751836 6.18646670462514
13.2323294006855 12.6733471761944 6.2150870192239
12.0603919773156 12.5703106437892 6.11036056552609
10.9382105114671 12.4111876636645 5.87453428458217
9.87950071224321 12.2152782512466 5.51266790803323
8.89459100112503 12.0030902693921 5.0325253998783
7.99017010461694 11.7956214232129 4.44440837803298
7.16916839922617 11.6136169989424 3.7609350896755
6.43077625064881 11.4768293624532 2.99676968253839
5.77059770440793 11.4033052636267 2.16830758071947
5.18093306903617 11.4087261031508 1.29332371538101
4.65117935603658 11.5058245389119 0.390591157663201
4.1683333655412 11.7038982019157 -0.520521663828634
3.71757858070736 12.0084379478735 -1.4204665191303
3.28293408577238 12.4208841076169 -2.28993479072302
2.84794155652257 12.9385197566631 -3.11027174637305
2.39636506410964 13.5545052579142 -3.86387678264369
1.91287802953647 14.2580534094948 -4.5345810517218
1.3837121804728 15.0347396255394 -5.10799436944949
0.797244775472776 15.8669368641945 -5.57181396153244
0.144502622335379 16.7343606603896 -5.91608842367239
-0.580435553669881 17.6147057746673 -6.13343123227098
-1.38015314789734 18.4843527691883 -6.21917922476114
-2.2537366613265 19.3191203807716 -6.17149264931782
-3.196749580306 20.0950379645598 -5.99139463734801
-4.20134029271634 20.789111586837 -5.68274925186458
-5.25648033399821 21.3800575760991 -5.2521785827235
-6.34832453903644 21.8489784894116 -4.70892066747367
-7.46068025742188 22.1799584757562 -4.06463128617507
-8.57556882775088 22.3605578478659 -3.3331338827439
-9.67385914278514 22.3821902089896 -2.53012297834501
-10.735950491688 22.2403695962414 -1.67282744019733
-11.7424800328966 21.9348196523563 -0.779640830472017
-12.6750292973481 21.4694416621814 0.130273233728824
-13.5168040814227 20.8521432188135 1.03739224217907
-14.2532629643299 20.0945341431239 1.92225365350756
-14.8726714454646 19.2115008981816 2.76587247052507
-15.3665612817545 18.2206749541131 3.55014856968128
-15.7300779221784 17.141814220906 4.25825504526257
-15.9622028693995 15.9961196478561 4.87499923627539
-16.0658422078101 14.805511284215 5.38714869006328
-16.0477772672606 13.5918894294096 5.78371506899942
-15.9184782748651 12.3764069268322 6.05618990894123
-15.6917867105584 11.178778158639 6.19872717117097
-15.3844767530964 10.0166488989598 6.20826867110952
-15.0157105162434 8.90504893005485 6.0846096926881
-14.6064055768303 7.85594630113156 5.83040338060002
-14.178536452049 6.8779184208822 5.45110381619486
-13.7543940804345 5.97595095397087 4.95484899834104
-13.3558289138894 5.15137088906071 4.35228623994149
-13.0035038810898 4.40191532541047 3.65634372627822
-12.7161832117107 3.72193265806536 2.88195313647816
-12.5100819248371 3.10270810127567 2.04572927934931
-12.398298724741 2.53290104446434 1.16561361710702
-12.3903521848951 1.9990777427418 0.260489325308422
-12.4918365370053 1.48631944638737 -0.650223851987342
-12.7042092411773 0.978883391457623 -1.54698625931582
-13.0247179416781 0.460892201862065 -2.41055755964283
-13.4464695709742 -0.0829737418388696 -3.22240954222297
-13.9586394232742 -0.666806494889639 -3.96512365155139
-14.5468131516455 -1.30284799869321 -4.62276470829099
-15.1934500213258 -2.00093776961997 -5.18122280386857
-15.878451538816 -2.76805126723939 -5.62851603327722
-16.5798159200521 -3.60794611037829 -5.95504757085091
-17.2743558900548 -4.5209294204621 -6.15381157336528
-17.9384551253975 -5.50375520477945 -6.22054349274452
-18.5488373361658 -6.54965600314764 -6.15381157336492
-19.0833215817496 -7.64850817696269 -5.9550475708502
-19.5215379385411 -8.78712539236796 -5.62851603327618
-19.8455790684269 -9.9496702112891 -5.18122280386721
-20.0405655238524 -11.1181694207134 -4.62276470828931
-20.0951056869895 -12.2731149546548 -3.96512365154948
-20.0016349685884 -13.3941291296042 -3.22240954222082
-19.7566231543989 -14.4606705350204 -2.41055755964052
-19.3606434327524 -15.452755380963 -1.54698625931347
-18.8183015016615 -16.3516684608919 -0.650223851984885
-18.1380280656652 -17.1406381628322 0.26048932531089
-17.3317428180567 -17.8054511477776 1.1656136171094
-16.4144024941467 -18.3349843693067 2.04572927935165
-15.4034496174194 -18.7216349610156 2.88195313648035
-14.3181820006054 -18.9616320682594 3.65634372628018
-13.1790657867889 -19.0552188228236 4.35228623994325
-12.0070167261081 -19.0066972081209 4.95484899834253
-10.8226754146955 -18.8243333777133 5.45110381619605
-9.64570233871794 -18.5201259012521 5.8304033806009
-8.49411776463765 -18.1094442456543 6.08460969268862
-7.38370982663496 -17.6105493844654 6.20826867110967
-6.32753164444822 -17.0440126025756 6.19872717117077
-5.33550505001359 -16.432052178874 6.05618990894067
-4.41414462560535 -15.7978105578294 5.78371506899853
-3.56641139806909 -15.1645967584177 5.38714869006204
-2.79170084862416 -14.5551200391812 4.87499923627385
-2.08596505256167 -13.9907411960705 4.25825504526081
-1.4419639305676 -13.4907673018299 3.55014856967926
-0.849635945427949 -13.0718142215266 2.76587247052286
-0.296574279990319 -12.7472589098525 1.92225365350516
0.231409262558783 -12.5268003937614 1.03739224217659
0.749653551729729 -12.4161445778078 0.13027323372631
1.27397393789483 -12.4168237117308 -0.779640830474468
1.81996946742987 -12.5261566815975 -1.67282744019971
2.40233707459548 -12.7373513918914 -2.53012297834723
3.03421808150764 -13.0397455685936 -3.33313388274595
3.72660119114408 -13.4191775063801 -4.06463128617694
4.48780414457229 -13.8584737757471 -4.70892066747525
5.3230534039391 -14.3380368567666 -5.2521785827248
6.23417771700351 -14.836512217644 -5.68274925186559
7.21942734167756 -15.3315116294385 -5.99139463734867
8.27342620506828 -15.8003675988123 -6.17149264931813
9.38725950100151 -16.2208927752207 -6.21917922476109
10.5486943626204 -16.5721180829858 -6.13343123227056
11.7425264555613 -16.8349841451692 -5.91608842367161
12.9510407929715 -16.9929622754419 -5.57181396153134
14.154570938135 -17.03258385505 -5.10799436944811
15.3321371811667 -16.9438601939678 -4.53458105172014
16.4621413809442 -16.720578881707 -3.86387678264175
17.5230940557766 -16.3604670253221 -3.11027174637095
18.4943480620174 -15.8652164941086 -2.28993479072076
19.3568128640779 -15.2403711749692 -1.4204665191279
20.0936239850953 -14.4950811164029 -0.520521663826216
20.6907437151855 -13.6417331300281 0.390591157665622
21.1374714921437 -12.6954717605517 1.29332371538343
21.4268454758649 -11.6736283746868 2.16830758072182
21.5559206035895 -10.5950793211309 2.99676968254059
21.5259127058871 -9.47955656451875 3.76093508967751
21.3422029318671 -8.34693581007359 4.44440837803468
21.0142016118862 -7.21652785609055 5.03252539987975
20.5550756048552 -6.10639871370121 5.51266790803437
19.9813479615222 -5.0327429254898 5.87453428458297
19.3123832158795 -4.00933253666959 6.11036056552654
18.569775635808 -3.04706139575328 6.21508701922401
17.7766611791944 -2.1536009853928 6.18646670462489
16.9569765922637 -1.33317993253712 6.02511368014022
16.1346909575569 -0.586494864888409 5.73448982881418
15.3330359835731 0.0892444722917487 5.3208305824668
14.5737613915753 0.700137779204518 4.79301113842135
13.8764408949453 1.25529116703225 4.16235603918055
13.2578525128961 1.76639978891799 3.44239620058412
12.7314543749597 2.24723153563236 2.648578601489
12.3069738465075 2.71303077991158 1.79793486367763
11.9901238558116 3.17986405883538 0.908715832722641
11.7824558689861 3.66393170589542 -1.59728892092659e-12
11.6813541968372 4.180870707685 -0.908715832725889
11.6801713950028 4.74507441902936 -1.79793486368069
11.768499609219 5.3690542116347 -2.64857860149182
11.9325679940321 6.06286667431933 -3.44239620058671
12.1557519620652 6.83362767890219 -4.16235603918286
12.419176155841 7.68513155626916 -4.79301113842327
12.7023898109819 8.61758990066126 -5.32083058246836
12.9840907114542 9.62750026886181 -5.73448982881531
13.2428723107489 10.707650415444 -6.02511368014095
13.4579678640487 11.8472588696823 -6.18646670462518
13.6099656103313 13.0322477857891 -6.21508701922389
13.6814701521132 14.2456392589438 -6.11036056552603
13.6576871639602 15.4680618635828 -5.87453428458209
13.526911347823 16.6783501954268 -5.51266790803314
13.2809010441796 17.8542168263061 -5.03252539987819
12.915126978501 18.9729734312984 -4.44440837803291
12.4288871278588 20.0122760157835 -3.76093508967549
11.8252844724498 20.9508682216041 -2.99676968253837
11.1110692816501 21.7692966612091 -2.16830758071949
10.2963524005639 22.4505731185766 -1.29332371538113
9.39420058008015 22.9807602354201 -0.390591157663316
8.42012906893723 23.3494599087218 0.520521663828518
7.39151031233957 23.5501869697475 1.42046651913006
6.32692054993603 23.5806146779954 2.28993479072279
5.24544827227084 23.4426830066942 3.11027174637283
4.16598980276198 23.1425654631406 3.86387678264339
3.10655767597883 22.6904951094795 4.53458105172154
2.08362696874815 22.1004553540663 5.10799436944923
1.11154332728142 21.3897457974393 5.57181396153225
0.202014171914464 20.5784377739933 5.91608842367222
-0.636298467883764 19.6887380770518 6.13343123227088
-1.3980687236318 18.7442825555709 6.21917922476113
-2.08147071406418 17.769383712308 6.17149264931791
-2.68820947119129 16.7882580299177 5.9913946373482
-3.2234178160836 15.8242594468509 5.68274925186488
-3.69542288252653 14.8991451747144 5.25217858272395
-4.11539070418898 14.0323989011617 4.7089206674742
-4.49686169946816 13.2406343980751 4.0646312861758
-4.85519385010618 12.5370997253396 3.33313388274471
-5.20693373359287 11.931298685918 2.53012297834589
-5.56913821507322 11.42874207306 1.67282744019829
-5.95867143724475 11.0308367006451 0.779640830473053
-6.39150270069779 10.7349153834866 -0.130273233727648
-6.88203086764678 10.5344061061643 -1.03739224217791
-7.44246004678674 10.4191337604417 -1.92225365350635
-8.08224955637622 10.37574321387 -2.7658724705239
-8.8076585783336 10.3882282584542 -3.55014856968021
-9.62140259916198 10.4385473265867 -4.25825504526156
-10.5224348009627 10.507303880553 -4.87499923627449
-11.5058611566545 10.5744671863333 -5.38714869006256
-12.5629932537722 10.6201078488809 -5.78371506899886
-13.6815379883319 10.6251220606978 -6.0561899089409
-14.8459184072186 10.5719190123293 -6.19872717117084
-16.0377153067972 10.4450473136878 -6.20826867110962
-17.2362148826558 10.231738528199 -6.08460969268846
-18.419043923742 9.92234894681794 -5.83040338060063
-19.5628708887441 9.51068441780801 -5.45110381619571
-20.6441488057911 8.9941972692115 -4.95484899834218
-21.6398743839379 8.37404896375505 -4.35228623994283
-22.5283370722298 7.65503694666344 -3.65634372627974
-23.2898320733632 6.84538901401673 -2.88195313647994
-23.9073125053498 5.95643326981694 -2.04572927935122
-24.3669579651094 5.00215618537205 -1.165613617109
-24.6586396105615 3.9986652670428 -0.260489325310481
-24.7762654422112 2.96357623607466 0.650223851985205
-24.7179936062362 1.91534730658517 1.54698625931374
-24.486306113083 0.872585019666113 2.41055755964077
-24.0879402077055 -0.146652913297568 3.22240954222098
-23.5336795693891 -1.12553222171556 3.96512365154959
-22.8380123866074 -2.04906943621581 4.6227647082894
-22.0186679741683 -2.90468900940771 5.18122280386721
-21.0960478132873 -3.68268974757819 5.62851603327617
-20.0925705518724 -4.37660337649755 5.95504757085019
-19.0319534735532 -4.98343195348861 6.15381157336492
-17.9384551253983 -5.5037552047774 6.22054349274452
-16.8361051092765 -5.94170355636461 6.15381157336531
-15.7479474445005 -6.30479747122982 5.95504757085096
-14.6953233859949 -6.60365853301758 5.62851603327734
-13.6972181517588 -6.85160235444561 5.18122280386874
-12.7696937268345 -7.06412767216428 4.62276470829119
-11.9254268495666 -7.25831976586345 3.96512365155172
-11.1733675582127 -7.45218947321358 3.22240954222333
-10.5185294139728 -7.66397145162571 2.41055755964323
-9.96191787111403 -7.91140687744758 1.54698625931632
-9.50059840039412 -8.21103641747111 0.650223851987945
-9.12790106041938 -8.57752903264804 -0.260489325307816
-8.83375342643963 -9.0230709884519 -1.16561361710638
-8.60512929634804 -9.55683739143683 -2.04572927934862
-8.42659655771423 -10.1845657191536 -2.8819531364775
-8.28094415976654 -10.9082472609344 -3.65634372627759
-8.14986541139622 -11.7259482651829 -4.35228623994086
-8.01467291604421 -12.6317680400999 -4.95484899834051
-7.85701942347043 -13.6159364398386 -5.45110381619442
-7.65959876240757 -14.6650482570781 -5.8304033805997
-7.4068018200301 -15.7624272095671 -6.08460969268789
-7.0853042245497 -16.8886076233606 -6.20826867110944
-6.68456490509835 -18.0219177415558 -6.19872717117107
-6.19721795810177 -19.1391449722409 -6.05618990894151
-5.61934412517188 -20.2162604612769 -5.78371506899987
-4.95061254579347 -21.2291782384338 -5.38714869006389
-4.19428813331689 -22.1545229153679 -4.8749992362762
-3.35710476802337 -22.9703795563986 -4.25825504526356
-2.44900933372336 -23.6569999112709 -3.5501485696824
-1.48278627239661 -24.1974406736029 -2.76587247052637
-0.47357662933007 -24.5781117580266 -1.92225365350897
0.56169064392413 -24.7892156914546 -1.03739224218062
1.60493420472873 -24.825062980449 -0.130273233730314
2.6375993224252 -24.684252614847 0.779640830470406
3.64135546899685 -24.3697115463789 1.67282744019572
4.59878691913407 -23.8885918752962 2.53012297834345
5.49405101994693 -23.2520294157203 3.33313388274238
6.31347993701151 -22.4747721176943 4.06463128617371
7.04610369724828 -21.5746913315859 4.7089206674724
7.6840751588488 -20.572192949941 5.25217858272247
8.22298104430584 -19.4895489107662 5.6827492518638
8.66202725001554 -18.3501722733658 5.99139463734746
9.00409115000535 -17.1778609876921 6.17149264931757
9.25563838197719 -15.9960365039506 6.21917922476118
9.42650647138237 -14.8270034754953 6.13343123227133
9.52956244048903 -13.6912559918995 5.91608842367304
9.58024609380336 -12.6068540701128 5.57181396153344
9.59601480688733 -11.58889159102 5.1079943694508
9.59570922510816 -10.6490735870273 4.53458105172343
9.59886217435255 -9.79541688020406 3.86387678264555
9.62497519362257 -9.03208367872755 3.11027174637522
9.69278834394991 -8.35935301768278 2.28993479072527
9.8195692840532 -7.77373004606106 1.42046651913266
10.0204470176155 -7.26818828806521 0.520521663831176
10.3078142296414 -6.83253531611887 -0.390591157660654
10.6908197916884 -6.45388793120108 -1.29332371537843
11.1749699096397 -6.11723910676123 -2.16830758071699
11.7618526221351 -5.80609575105749 -2.99676968253604
12.4489960652694 -5.50316389216162 -3.76093508967337
13.2298662508903 -5.19105627623997 -4.44440837803098
14.0940052263628 -4.85299664948111 -5.03252539987662
15.0273055651474 -4.47349519187877 -5.51266790803186
16.0124123535927 -4.03897067910085 -5.87453428458119
17.0292393588984 -3.53829692666514 -6.11036056552551
18.0555820445758 -2.96325384752996 -6.21508701922378
19.0678066849489 -2.30886693056827 -6.18646670462546
20.0415921400763 -1.57362299900528 -6.02511368014161
20.9526989821307 -0.759554590139889 -5.73448982881635
21.7777396800331 0.127809949344072 -5.32083058246979
22.4949234860148 1.07962870389951 -4.79301113842503
23.0847505282349 2.08405403437516 -4.16235603918491
23.5306313675259 3.12665475660785 -3.44239620058893
23.8194108620723 4.19093724568307 -2.64857860149423
23.9417785103465 5.25894647346179 -1.79793486368325
23.8925513927268 6.31192508161278 -0.908715832728615

20.4527083953342 14.0134846277019 -4.35289235926363e-12
19.7942055783798 14.8222278556642 0.908715832720003
19.001646357974 15.5172365897691 1.79793486367491
18.0903481393547 16.0874585717252 2.64857860148651
17.0782075133216 16.5252509496341 3.44239620058175
15.9850672888948 16.8266981897709 4.16235603917844
14.8320247980563 16.9918017892337 4.79301113841948
13.6407061410538 17.0245341976854 5.32083058246528
12.432532146399 16.9327541466484 5.73448982881297
11.2280020110407 16.7279854845822 6.02511368013944
10.0460198575804 16.4250664518029 6.18646670462457
8.90328782372142 16.0416809298255 6.21508701922414
7.81378684294554 15.5977874018329 6.11036056552714
6.78836307278259 15.1149650155635 5.87453428458405
5.83443409245052 14.6156991171386 5.5126679080359
4.95582466195028 14.1226308182842 5.03252539988174
4.15273716420231 13.657796491736 4.44440837803701
3.42185700684591 13.241883512506 3.76093508968023
2.75658841330965 12.8935280603711 2.99676968254359
2.14741135613117 12.6286793884225 2.16830758072515
1.58234604553654 12.4600526928125 1.29332371538695
1.04750753726196 12.3966896694396 0.390591157669343
0.527729802276779 12.4436421212056 -0.520521663822501
0.00723612187676295 12.6017897155029 -1.42046651912435
-0.52966897741782 12.8677983356926 -2.28993479071726
-1.0979117951047 13.2342205863995 -3.11027174636768
-1.71099092484226 13.6897350723719 -3.86387678263872
-2.38037244515571 14.2195162483819 -4.53458105171747
-3.1149612213439 14.8057221029296 -5.10799436944583
-3.9206679672654 15.4280828509915 -5.57181396152957
-4.80008827032897 16.064570314534 -5.91608842367041
-5.75230575489593 16.692124886939 -6.13343123226989
-6.77282709179385 17.2874150065712 -6.219179224761
-7.85365181375421 17.8276029744883 -6.17149264931865
-8.98347503737362 18.2910907796827 -5.9913946373498
-10.1480163946863 18.658220347697 -5.68274925186734
-11.3304639125636 18.9119042778292 -5.25217858272713
-12.5120174086418 19.0381656215704 -4.70892066747809
-13.6725123470933 19.0265684920022 -4.06463128618024
-14.7911021458064 18.8705251657372 -3.33313388274973
-15.8469747540879 18.5674697083915 -2.53012297835132
-16.8200780049152 18.1188928667642 -1.67282744020411
-17.6918278357142 17.5302378591106 -0.779640830479044
-18.4457739822198 16.810661586199 0.13027323372161
-19.0681991641407 15.9726705073687 1.03739224217204
-19.5486300499873 15.031644810746 1.92225365350078
-19.8802413321106 14.0052684003863 2.76587247051857
-20.0601379547697 12.9128854881321 3.55014856967532
-20.0895047872292 11.7748070994998 4.25825504525722
-19.9736176706384 10.6115924924536 4.8749992362708
-19.7217146281543 9.44333128654753 5.38714869005954
-19.3467309407459 8.28895198028985 5.7837150689967
-18.8649065827574 7.16558150197245 6.05618990893952
-18.2952790121572 6.08797853123427 6.19872717117034
-17.6590783612349 5.06806061398584 6.20826867110999
-16.9790455308968 4.11454166924758 6.0846096926897
-16.2786964331566 3.23269247537315 5.83040338060274
-15.5815575546582 2.42423226820546 5.45110381619857
-14.9103990605391 1.68735484384091 4.95484899834572
-14.2864917852062 1.01688770279799 4.35228623994708
-13.7289136596876 0.404577973520482 3.65634372628456
-13.2539294317782 -0.160505717786033 2.88195313648522
-12.8744650045673 -0.691470444170709 2.04572927935684
-12.5996944399999 -1.20301389556422 1.16561361711493
-12.4347537622183 -1.71077864204697 0.260489325316426
-12.380591288234 -2.23066956389048 -0.650223851979375
-12.4339594661579 -2.77815961211476 -1.54698625930797
-12.5875482809409 -3.3676095044449 -2.41055755963529
-12.8302553675998 -4.01162648528939 -3.22240954221589
-13.1475832254482 -4.72048590137399 -3.96512365154501
-13.522149520971 -5.50163711564926 -4.62276470828536
-13.934292556672 -6.35931228004681 -5.18122280386397
-14.3627507059241 -7.2942528190822 -5.62851603327363
-14.7853920846042 -8.30356427142188 -5.95504757084847
-15.1799690376726 -9.38070554466741 -6.15381157336404
-15.524871221838 -10.5156138229255 -6.22054349274452
-15.7998511913451 -11.6949614983881 -6.15381157336619
-15.9866974374023 -12.9025367502914 -5.9550475708527
-16.0698317550899 -14.1197349362086 -5.62851603327984
-16.0368105459045 -15.326143950433 -5.18122280387203
-15.8787131119342 -16.5002032852185 -4.62276470829517
-15.5904040363605 -17.6199138249156 -3.9651236515563
-15.1706612310661 -18.6635735074941 -3.22240954222842
-14.6221660063617 -19.6105129707315 -2.4105575596488
-13.9513564109184 -20.4418051986309 -1.54698625932217
-13.1681499284767 -21.1409240020888 -0.650223851993775
-12.2855462304406 -21.6943278785795 0.260489325301871
-11.319124906792 -22.0919483391446 1.16561361710054
-10.286456782545 -22.3275650782315 2.045729279343
-9.20645044301824 -22.3990542775102 2.88195313647223
-8.09865783218697 -22.3085007409849 3.6563437262727
-6.98256417546978 -22.062169300352 4.35228623993668
-5.87688796304017 -21.6703358395516 4.95484899833691
-4.79891629572305 -21.1469831926489 5.45110381619156
-3.76389955895744 -20.5093718965402 5.8304033805976
-2.784527199426 -19.7775001626347 6.08460969268665
-1.8705034123633 -18.9734713149036 6.20826867110907
-1.02823791135642 -18.1207901883531 6.19872717117157
-0.260662776518009 -17.2436124773836 6.05618990894285
0.432818189745186 -16.3659726794239 5.78371506900206
1.05624596465582 -15.5110170371209 5.38714869006686
1.61689188138369 -14.7002677153387 4.8749992362799
2.12492023183634 -13.9529433630438 4.2582550452679
2.5929402985122 -13.2853592430696 3.55014856968736
3.03546422496314 -12.710427334062 2.7658724705317
3.46829055487969 -12.2372733165957 1.92225365351463
3.90783598168127 -11.8709832726437 1.0373922421864
4.37043975683563 -11.6124883982731 0.130273233736263
4.87166623761167 -11.4585912133091 -0.779640830464503
5.42563117631736 -11.4021318185528 -1.67282744018991
6.04437655836208 -11.4322878748133 -2.53012297833793
6.73731711335393 -11.534997330298 -3.33313388273736
7.51077911110659 -11.6934886674528 -4.06463128616921
8.36764880158104 -11.8888997268432 -4.70892066746857
9.30714397947094 -12.100963124603 -5.25217858271928
10.3247177876599 -12.3087340180048 -5.68274925186138
11.4120991738654 -12.4913345698371 -5.99139463734586
12.5574695480768 -12.6286889651941 -6.17149264931682
13.7457703275656 -12.7022232605118 -6.21917922476131
14.9591313738683 -12.6955056781136 -6.13343123227232
16.177405988563 -12.5948051519293 -5.91608842367488
17.3787942961367 -12.3895489028266 -5.57181396153608
18.5405336394072 -12.0726634689773 -5.10799436945419
19.6396321600642 -11.6407878078735 -4.5345810517275
20.6536201216586 -11.0943516728479 -3.86387678265021
21.5612928129197 -10.4375172851346 -3.1102717463803
22.3434190720909 -9.67798720145016 -2.2899347907308
22.9833905918666 -8.82668604350425 -1.42046651913854
23.4677891609142 -7.89732824063312 -0.520521663837105
23.7868518022316 -6.90588798079466 0.390591157654628
23.9348172824859 -5.86999102514612 1.29332371537261
23.9101415666127 -4.80825079479984 2.16830758071133
23.7155743341802 -3.73957308773071 2.99676968253082
23.3580934984943 -2.6824548603973 3.76093508966863
22.8486996062677 -1.65430267466241 4.44440837802681
22.2020768710018 -0.670795660669286 5.03252539987312
21.4361322352717 0.254683792430449 5.51266790802911
20.5714281022645 1.11153087484602 5.87453428457923
19.6305280756489 1.89229319128588 6.11036056552439
18.6372780687909 2.59292589855654 6.21508701922353
17.6160473830904 3.21291777975755 6.18646670462608
16.5909557319726 3.75528355377915 6.02511368014309
15.5851126535129 4.22642255323804 5.73448982881865
14.6198952945635 4.6358487359741 5.32083058247287
13.7142891790997 4.99580165250713 4.79301113842882
12.8843143419477 5.32075230835118 4.16235603918933
12.1425561950982 5.62682168178868 3.44239620059388
11.4978168041034 5.93113284815043 2.64857860149969
10.9548980170394 6.25112010674113 1.79793486368894
10.5145232578655 6.60382011864646 0.908715832734501
10.1733999332856 7.00517078466088 1.03030736394539e-11
9.92441947912725 7.46934339601282 -0.908715832714029
9.75698726251808 8.00813248253505 -1.79793486366922
9.65747002940771 8.63042580189444 -2.64857860148113
9.60974450277671 9.34177412893108 -3.44239620057679
9.59582723898133 10.144077014093 -4.16235603917402
9.59656306105471 11.0353966075056 -4.79301113841568
9.59234740620256 12.0099071342507 -5.32083058246219
9.56385681934151 13.057982816434 -5.73448982881067
9.4927616334202 14.1664221381077 -6.02511368013796
9.36239560611074 15.3188015135494 -6.18646670462395
9.15835890435815 16.4959468191543 -6.21508701922439
8.86903328467785 17.6765070473579 -6.11036056552827
8.48599151992568 18.8376106867086 -5.87453428458601
8.00428695803161 19.9555824552854 -5.51266790803865
7.42261342805932 21.0066958210288 -5.03252539988523
6.74333037960831 21.9679354105304 -4.44440837804117
5.97235298669058 22.8177429852676 -3.76093508968497
5.11891179435516 23.5367211669044 -2.9967696825488
4.19519116308985 24.1082705041438 -2.16830758073073
3.21586010609622 24.5191377436487 -1.29332371539277
2.19751296365624 24.759856217293 -0.390591157675281
1.15804058020795 24.825062980449 0.520521663816572
0.115955128999769 24.7136816003495 1.42046651911856
-0.910306621723221 24.4289641498025 2.28993479071172
-1.90307604664096 23.9783908458287 3.11027174636253
-2.846116006186 23.3734307132221 3.86387678263406
-3.72523046017768 22.6291714756567 4.5345810517134
-4.52879795519576 21.7638314120325 5.10799436944244
-5.24820932861294 20.7981700036262 5.57181396152692
-5.87819341760061 19.7548176944839 5.91608842366854
-6.41701858959446 18.6575478704164 6.1334312322689
-6.86656237828775 17.5305161332209 6.21917922476087
-7.23224625718712 16.3974930373237 6.1714926493194
-7.52283744208325 15.281116627994 5.99139463735143
-7.75012441140913 14.2021903681536 5.68274925186976
-7.9284773984622 13.1790503917722 5.25217858273037
-8.07430927911742 12.2270235347265 4.70892066748198
-8.20545590420277 11.3579943572428 4.06463128618474
-8.34049787762486 10.5800955004896 3.33313388275476
-8.49804795396169 9.89753135079569 2.53012297835676
-8.69602954452326 9.31054027306827 1.67282744020984
-8.95097223113454 8.81549578707117 0.779640830484947
-9.27734967653236 8.40514216919151 -0.130273233715661
-9.68698390633171 8.06895524107102 -1.03739224216617
-10.1885376691174 7.79361472179624 -1.92225365349512
-10.7871135377845 7.56357062697835 -2.76587247051324
-11.4839747037316 7.36168293327553 -3.55014856967044
-12.2763981666087 7.16991120561037 -4.25825504525288
-13.1576663858422 6.97002919500873 -4.8749992362671
-14.1171985997429 6.74433861656727 -5.38714869005661
-15.1408181053211 6.47635643687524 -5.78371506899451
-16.2111470005996 6.15145103300917 -6.05618990893816
-17.3081153906765 5.75740449335473 -6.19872717116985
-18.4095680082731 5.28488104531243 -6.20826867111037
-19.4919477424401 4.7277850191516 -6.08460969269094
-20.531032827976 4.08349576848786 -5.83040338060481
-21.5027025202109 3.35297142289511 -5.45110381620144
-22.383705033674 2.54071808813343 -4.95484899834932
-23.1524013962428 1.65462596543374 -4.35228623995133
-23.7894596676307 0.705678660223221 -3.65634372628937
-24.2784756648592 -0.292453478346517 -2.88195313649049
-24.6064988683476 -1.32392096547641 -2.04572927936246
-24.7644454615373 -2.37128507421528 -1.16561361712078
-24.7473843692287 -3.4161683809021 -0.260489325322371
-24.5546865673596 -4.43994213298632 0.650223851973369
-24.1900326846266 -5.42442526706927 1.54698625930221
-23.6612788369808 -6.35256946389612 2.4105575596298
-22.9801855563547 -7.20910510334403 3.2224095422108
-22.1620194217836 -7.98112435950006 3.96512365154036
-21.225041407306 -8.65857990501651 4.62276470828138
-20.1898998716818 -9.23468069606741 5.18122280386068
-19.0789493926036 -9.70616997791057 5.6285160332711
-17.915519177653 -10.0734748560658 5.95504757084675
-16.7231564772107 -10.3407213701105 6.15381157336317
-15.5248712218579 -10.515613822933 6.22054349274452
-14.3424079812387 -10.6091819867858 6.15381157336706
-13.1955702981668 -10.6354045555106 5.95504757085442
-12.1016205287497 -10.6107216709099 5.62851603328237
-11.0747755852709 -10.5534533616319 5.18122280387532
-10.1258155310188 -10.483144152146 4.62276470829915
-9.26181793782705 -10.4198568053249 3.96512365156088
-8.48602643126629 -10.3834400579436 3.22240954223351
-7.79785707445416 -10.3927962258527 2.41055755965428
-7.19304134861703 -10.4651746575608 1.54698625932785
-6.6638996502882 -10.6155161967652 0.65022385199978
-6.19973461271197 -10.8558721039018 -0.260489325295926
-5.78732933590365 -11.1949183435471 -1.1656136170946
-5.41153192523474 -11.6375828575407 -2.04572927933738
-5.05590472253474 -12.1847995284131 -2.88195313646688
-4.70341437289297 -12.8333981318264 -3.65634372626789
-4.3371374834108 -13.5761348354118 -4.35228623993242
-3.94095614556601 -14.4018628917182 -4.95484899833331
-3.50021802701133 -15.2958382681218 -5.45110381618869
-3.00233707533319 -16.2401502295201 -5.83040338059552
-2.43731306727657 -17.2142625073196 -6.08460969268541
-1.79815120362504 -18.1956468053211 -6.2082686711087
-1.08116658619889 -19.1604871467929 -6.19872717117207
-0.286162589429718 -20.0844310719596 -6.0561899089442
0.583523294324035 -20.9433620395616 -5.78371506900425
1.52110776201735 -21.7141666285976 -5.38714869006984
2.51658093457139 -22.3754703037456 -4.8749992362836
3.55704855842321 -22.9083165944854 -4.25825504527224
4.627184762953 -23.2967665053836 -3.55014856969225
5.70977895584019 -23.5283977540474 -2.76587247053703
6.7863570179744 -23.5946869259147 -1.92225365352029
7.83785424773334 -23.4912617182053 -1.03739224219227
8.84531559817002 -23.2180149750137 -0.1302732337423
9.79059771825377 -22.7790770319991 0.7796408304586
10.6570471880638 -22.1826478226213 1.67282744018418
11.430130132658 -21.4406950745361 2.5301229783325
12.0979900825971 -20.5685295728037 3.33313388273226
12.6519134615786 -19.5842727223457 4.0646312861647
13.0866853346419 -18.5082353559048 4.70892066746468
13.4008219288882 -17.3622297751279 5.25217858271609
13.5966708053187 -16.1688392746875 5.68274925185896
13.6803742605032 -14.9506708035014 5.99139463734426
13.6616964037033 -13.7296169144943 6.17149264931607
13.5537192161192 -12.5261527283857 6.21917922476143
13.3724175815378 -11.3586923038335 6.13343123227331
13.1361276154765 -10.2430266141205 5.91608842367672
12.8649264586942 -9.19186235804553 5.57181396153873
12.5799449040308 -8.21447718593759 5.10799436945764
12.302636678711 -7.31650273074343 4.53458105173157
12.0540298197598 -6.4998422481207 3.86387678265487
11.8539862999156 -5.76272485148563 3.11027174638545
11.7204958589143 -5.09989344921981 2.28993479073633
11.6690288764284 -4.50291872498151 1.42046651914424
11.7119711268572 -3.96062701745929 0.520521663843123
11.8581604522136 -3.45962591200635 -0.390591157648689
12.1125418757874 -2.98490789675514 -1.29332371536679
12.4759535794554 -2.52050968256272 -2.16830758070584
12.9450516256236 -2.05020283687097 -2.99676968252561
13.5123764806523 -1.55819030507785 -3.76093508966389
14.1665594601138 -1.02978322706999 -4.44440837802271
14.8926623412476 -0.452033206575079 -5.03252539986957
15.6726387462959 0.185703170201285 -5.51266790802635
16.4859016555796 0.891288301300003 -5.87453428457728
17.3099777108167 1.66943354499211 -6.1103605655233
18.1212259475835 2.5214488908904 -6.21508701922328
18.89559635743 3.44512168361649 -6.18646670462671
19.6094023037383 4.43472909190142 -6.02511368014459
20.2400803493349 5.48118418159882 -5.73448982882099
20.7669115143172 6.57231061915448 -5.32083058247595
21.1716793530586 7.69323637486141 -4.79301113843261
21.4392424712561 8.82689247880848 -4.16235603919382
21.5580021181832 9.95459906081897 -3.44239620059884
21.5202491793526 11.0567177153354 -2.648578601505
21.3223791301471 12.1133467872394 -1.79793486369472
20.9649681419481 13.1050345626243 -0.908715832740388
