-31.2847108832559 -73.958042504849 128.776257672347
-32.0487793713801 -73.5188068572927 128.03872662291
-32.8128478595044 -73.0795712097364 127.301195573474
-33.5769163476286 -72.6403355621801 126.563664524037
-34.3409848357529 -72.2010999146238 125.8261334746
-35.1050533238772 -71.7618642670675 125.088602425164
-35.8691218120014 -71.3226286195111 124.351071375727
-36.6331903001257 -70.8833929719548 123.613540326291
-37.3972587882499 -70.4441573243985 122.876009276854
-38.1613272763742 -70.0049216768422 122.138478227417
-38.9253957644985 -69.5656860292859 121.400947177981
-39.6894642526227 -69.1264503817296 120.663416128544
-40.453532740747 -68.6872147341733 119.925885079107
-41.2176012288712 -68.247979086617 119.188354029671
-41.9816697169955 -67.8087434390607 118.450822980234
-42.7457382051198 -67.3695077915044 117.713291930797
-43.509806693244 -66.9302721439481 116.975760881361
-44.2738751813683 -66.4910364963918 116.238229831924
-45.0379436694925 -66.0518008488355 115.500698782487
-45.8020121576168 -65.6125652012792 114.763167733051
-46.5660806457411 -65.1733295537229 114.025636683614
-47.3301491338653 -64.7340939061666 113.288105634177
-48.0942176219896 -64.2948582586103 112.550574584741
-48.8582861101138 -63.855622611054 111.813043535304
-49.6223545982381 -63.4163869634977 111.075512485868
-50.3864230863624 -62.9771513159414 110.337981436431
-51.1504915744866 -62.5379156683851 109.600450386994
-51.9145600626109 -62.0986800208288 108.862919337558
-52.6786285507351 -61.6594443732725 108.125388288121
-53.4426970388594 -61.2202087257162 107.387857238684
-54.2067655269837 -60.7809730781598 106.650326189248
-54.9708340151079 -60.3417374306035 105.912795139811
-55.7349025032322 -59.9025017830472 105.175264090374
-56.4989709913565 -59.4632661354909 104.437733040938
-57.2630394794807 -59.0240304879346 103.700201991501
-58.027107967605 -58.5847948403783 102.962670942064
-58.7911764557292 -58.145559192822 102.225139892628
-59.5552449438535 -57.7063235452657 101.487608843191
-59.9864488372846 -57.2172258287794 100.653662020223
-59.8743968553332 -56.6467500915098 99.6623586135717
-59.7623448733818 -56.0762743542402 98.6710552069199
-59.6502928914304 -55.5057986169706 97.6797518002682
-59.538240909479 -54.935322879701 96.6884483936165
-59.4261889275276 -54.3648471424315 95.6971449869648
-59.3141369455762 -53.7943714051619 94.705841580313
-59.2020849636248 -53.2238956678923 93.7145381736613
-59.0900329816734 -52.6534199306227 92.7232347670096
-58.977980999722 -52.0829441933531 91.7319313603579
-58.8659290177706 -51.5124684560835 90.7406279537062
-58.7538770358192 -50.9419927188139 89.7493245470544
-58.6418250538678 -50.3715169815444 88.7580211404027
-58.5297730719164 -49.8010412442748 87.766717733751
-58.417721089965 -49.2305655070052 86.7754143270993
-58.3056691080136 -48.6600897697356 85.7841109204476
-58.1936171260622 -48.089614032466 84.7928075137958
-58.0815651441108 -47.5191382951964 83.8015041071441
-57.9695131621595 -46.9486625579269 82.8102007004924
-57.857461180208 -46.3781868206573 81.8188972938407
-57.7454091982567 -45.8077110833877 80.8275938871889
-57.6333572163053 -45.2372353461181 79.8362904805372
-57.5213052343539 -44.6667596088485 78.8449870738855
-57.4092532524025 -44.0962838715789 77.8536836672338
-57.2972012704511 -43.5258081343093 76.862380260582
-57.1851492884997 -42.9553323970398 75.8710768539303
-57.0730973065483 -42.3848566597702 74.8797734472786
-56.9610453245969 -41.8143809225006 73.8884700406269
-56.8489933426455 -41.243905185231 72.8971666339752
-56.7369413606941 -40.6734294479614 71.9058632273235
-56.6248893787427 -40.1029537106918 70.9145598206717
-56.5128373967913 -39.5324779734222 69.92325641402
-56.4007854148399 -38.9620022361527 68.9319530073683
-56.2887334328885 -38.3915264988831 67.9406496007166
-56.1766814509371 -37.8210507616135 66.9493461940648
-56.0646294689857 -37.2505750243439 65.9580427874131
-55.9525774870343 -36.6800992870743 64.9667393807614
-55.7585492541908 -36.1332003437009 64.0137845117405
-54.8539799389478 -35.790656691917 63.3932211724629
-53.9494106237049 -35.4481130401332 62.7726578331854
-53.0448413084619 -35.1055693883494 62.1520944939078
-52.140271993219 -34.7630257365655 61.5315311546303
-51.235702677976 -34.4204820847817 60.9109678153527
-50.3311333627331 -34.0779384329978 60.2904044760751
-49.4265640474901 -33.735394781214 59.6698411367976
-48.5219947322472 -33.3928511294301 59.04927779752
-47.6174254170042 -33.0503074776463 58.4287144582425
-46.7128561017613 -32.7077638258625 57.8081511189649
-45.8082867865183 -32.3652201740786 57.1875877796874
-44.9037174712754 -32.0226765222948 56.5670244404098
-43.9991481560324 -31.6801328705109 55.9464611011323
-43.0945788407895 -31.3375892187271 55.3258977618547
-42.1900095255465 -30.9950455669433 54.7053344225771
-41.2854402103036 -30.6525019151594 54.0847710832996
-40.3808708950606 -30.3099582633756 53.464207744022
-39.4763015798177 -29.9674146115917 52.8436444047445
-38.5717322645747 -29.6248709598079 52.2230810654669
-37.6671629493318 -29.282327308024 51.6025177261893
-36.7625936340888 -28.9397836562402 50.9819543869118
-35.8580243188459 -28.5972400044564 50.3613910476342
-34.9534550036029 -28.2546963526725 49.7408277083567
-34.04888568836 -27.9121527008887 49.1202643690791
-33.144316373117 -27.5696090491048 48.4997010298016
-32.2397470578741 -27.227065397321 47.879137690524
-31.3351777426311 -26.8845217455372 47.2585743512464
-30.4306084273882 -26.5419780937533 46.6380110119689
-29.5260391121452 -26.1994344419695 46.0174476726913
-28.6214697969023 -25.8568907901856 45.3968843334138
-27.7169004816593 -25.5143471384018 44.7763209941362
-26.8123311664164 -25.1718034866179 44.1557576548586
-25.9077618511734 -24.8292598348341 43.5351943155811
-25.0031925359305 -24.4867161830503 42.9146309763035
-24.0986232206875 -24.1441725312664 42.294067637026
-23.1940539054446 -23.8016288794826 41.6735042977484
-22.2894845902016 -23.4590852276987 41.0529409584708
-21.2485013634491 -23.3434637743355 40.8212502149289
-20.1027469713435 -23.402127354734 40.8882286802547
-18.9569925792379 -23.4607909351325 40.9552071455805
-17.8112381871323 -23.519454515531 41.0221856109062
-16.6654837950267 -23.5781180959295 41.089164076232
-15.5197294029211 -23.636781676328 41.1561425415578
-14.3739750108155 -23.6954452567265 41.2231210068835
-13.22822061871 -23.754108837125 41.2900994722093
-12.0824662266044 -23.8127724175235 41.3570779375351
-10.9367118344988 -23.8714359979219 41.4240564028608
-9.79095744239318 -23.9300995783204 41.4910348681866
-8.64520305028758 -23.9887631587189 41.5580133335124
-7.49944865818199 -24.0474267391174 41.6249917988381
-6.3536942660764 -24.1060903195159 41.6919702641639
-5.2079398739708 -24.1647538999144 41.7589487294897
-4.06218548186521 -24.2234174803129 41.8259271948154
-2.91643108975962 -24.2820810607114 41.8929056601412
-1.77067669765403 -24.3407446411099 41.959884125467
-0.624922305548431 -24.3994082215084 42.0268625907927
0.520832086557161 -24.4580718019069 42.0938410561185
1.66658647866275 -24.5167353823054 42.1608195214443
2.81234087076835 -24.5753989627039 42.22779798677
3.95809526287394 -24.6340625431024 42.2947764520958
5.10384965497953 -24.6927261235009 42.3617549174216
6.24960404708513 -24.7513897038994 42.4287333827473
7.39535843919072 -24.8100532842979 42.4957118480731
8.54111283129631 -24.8687168646963 42.5626903133989
9.6868672234019 -24.9273804450948 42.6296687787246
10.8326216155075 -24.9860440254933 42.6966472440504
11.9783760076131 -25.0447076058918 42.7636257093762
13.1241303997187 -25.1033711862903 42.8306041747019
14.2698847918243 -25.1620347666888 42.8975826400277
15.4156391839299 -25.2206983470873 42.9645611053535
16.5613935760355 -25.2793619274858 43.0315395706793
17.7071479681411 -25.3380255078843 43.098518036005
18.8529023602467 -25.3966890882828 43.1654965013308
19.9986567523523 -25.4553526686813 43.2324749666566
21.0600229335908 -25.5990592445604 43.4492613961254
21.8311947128837 -26.03521189744 44.1812078475275
22.6023664921766 -26.4713645503195 44.9131542989296
23.3735382714696 -26.9075172031991 45.6451007503317
24.1447100507625 -27.3436698560786 46.3770472017338
24.9158818300554 -27.7798225089582 47.1089936531359
25.6870536093484 -28.2159751618378 47.840940104538
26.4582253886413 -28.6521278147173 48.5728865559401
27.2293971679342 -29.0882804675969 49.3048330073422
28.0005689472271 -29.5244331204764 50.0367794587443
28.7717407265201 -29.960585773356 50.7687259101464
29.542912505813 -30.3967384262355 51.5006723615485
30.3140842851059 -30.8328910791151 52.2326188129506
31.0852560643989 -31.2690437319947 52.9645652643527
31.8564278436918 -31.7051963848742 53.6965117157548
32.6275996229847 -32.1413490377538 54.4284581671569
33.3987714022776 -32.5775016906333 55.160404618559
34.1699431815706 -33.0136543435129 55.8923510699611
34.9411149608635 -33.4498069963925 56.6242975213632
35.7122867401564 -33.885959649272 57.3562439727653
36.4834585194493 -34.3221123021516 58.0881904241674
37.2546302987423 -34.7582649550311 58.8201368755695
38.0258020780352 -35.1944176079107 59.5520833269716
38.7969738573281 -35.6305702607902 60.2840297783737
39.5681456366211 -36.0667229136698 61.0159762297758
40.339317415914 -36.5028755665494 61.7479226811779
41.1104891952069 -36.9390282194289 62.47986913258
41.8816609744998 -37.3751808723085 63.2118155839821
42.6528327537928 -37.811333525188 63.9437620353842
43.4240045330857 -38.2474861780676 64.6757084867863
44.1951763123786 -38.6836388309472 65.4076549381884
44.9663480916716 -39.1197914838267 66.1396013895905
45.7375198709645 -39.5559441367063 66.8715478409926
46.5086916502574 -39.9920967895858 67.6034942923947
47.2798634295503 -40.4282494424654 68.3354407437968
48.0510352088433 -40.8644020953449 69.0673871951989
48.8222069881362 -41.3005547482245 69.799333646601
49.5933787674291 -41.7367074011041 70.5312800980031
49.6713668139117 -42.2795243100549 71.4689861811566
49.5668447300293 -42.8504251257095 72.4608672477052
49.4623226461469 -43.4213259413641 73.4527483142538
49.3578005622645 -43.9922267570187 74.4446293808024
49.2532784783821 -44.5631275726733 75.436510447351
49.1487563944997 -45.134028388328 76.4283915138996
49.0442343106172 -45.7049292039826 77.4202725804482
48.9397122267348 -46.2758300196372 78.4121536469968
48.8351901428524 -46.8467308352918 79.4040347135454
48.73066805897 -47.4176316509464 80.395915780094
48.6261459750876 -47.988532466601 81.3877968466426
48.5216238912052 -48.5594332822557 82.3796779131912
48.4171018073228 -49.1303340979103 83.3715589797398
48.3125797234404 -49.7012349135649 84.3634400462884
48.2080576395579 -50.2721357292195 85.355321112837
48.1035355556755 -50.8430365448741 86.3472021793856
47.9990134717931 -51.4139373605287 87.3390832459342
47.8944913879107 -51.9848381761834 88.3309643124828
47.7899693040283 -52.555738991838 89.3228453790314
47.6854472201459 -53.1266398074926 90.31472644558
47.5809251362635 -53.6975406231472 91.3066075121286
47.4764030523811 -54.2684414388018 92.2984885786772
47.3718809684987 -54.8393422544564 93.2903696452258
47.2673588846162 -55.4102430701111 94.2822507117744
47.1628368007338 -55.9811438857657 95.274131778323
47.0583147168514 -56.5520447014203 96.2660128448716
46.953792632969 -57.1229455170749 97.2578939114202
46.8492705490866 -57.6938463327295 98.2497749779688
46.7447484652042 -58.2647471483842 99.2416560445174
46.6402263813218 -58.8356479640388 100.233537111066
46.5357042974394 -59.4065487796934 101.225418177615
46.4311822135569 -59.977449595348 102.217299244163
46.3266601296745 -60.5483504110026 103.209180310712
46.2221380457921 -61.1192512266572 104.20106137726
46.1176159619097 -61.6901520423119 105.192942443809
46.0130938780273 -62.2610528579665 106.184823510358
45.9085717941449 -62.8319536736211 107.176704576906
45.4685245982866 -63.308034096411 108.01449603789
44.5701585115103 -63.6545922398153 108.641804960896
43.6717924247339 -64.0011503832197 109.269113883901
42.7734263379576 -64.347708526624 109.896422806906
41.8750602511813 -64.6942666700284 110.523731729912
40.9766941644049 -65.0408248134327 111.151040652917
40.0783280776286 -65.3873829568371 111.778349575922
39.1799619908522 -65.7339411002414 112.405658498928
38.2815959040759 -66.0804992436458 113.032967421933
37.3832298172995 -66.4270573870501 113.660276344938
36.4848637305232 -66.7736155304545 114.287585267944
35.5864976437468 -67.1201736738588 114.914894190949
34.6881315569705 -67.4667318172632 115.542203113954
33.7897654701941 -67.8132899606675 116.16951203696
32.8913993834178 -68.1598481040719 116.796820959965
31.9930332966414 -68.5064062474762 117.42412988297
31.0946672098651 -68.8529643908806 118.051438805976
30.1963011230887 -69.1995225342849 118.678747728981
29.2979350363124 -69.5460806776893 119.306056651986
28.399568949536 -69.8926388210937 119.933365574992
27.5012028627597 -70.239196964498 120.560674497997
26.6028367759833 -70.5857551079024 121.187983421002
25.704470689207 -70.9323132513067 121.815292344008
24.8061046024307 -71.278871394711 122.442601267013
23.9077385156543 -71.6254295381154 123.069910190018
23.009372428878 -71.9719876815197 123.697219113024
22.1110063421016 -72.3185458249241 124.324528036029
21.2126402553253 -72.6651039683285 124.951836959034
20.3142741685489 -73.0116621117328 125.57914588204
19.4159080817726 -73.3582202551372 126.206454805045
18.5175419949962 -73.7047783985415 126.83376372805
17.6191759082199 -74.0513365419459 127.461072651056
16.7208098214435 -74.3978946853502 128.088381574061
15.8224437346672 -74.7444528287546 128.715690497066
14.9240776478908 -75.0910109721589 129.342999420072
14.0257115611145 -75.4375691155633 129.970308343077
13.1273454743381 -75.7841272589676 130.597617266082
12.2289793875618 -76.130685402372 131.224926189088
11.150012796348 -76.1802049555251 131.343267437473
10.0044649537733 -76.1202165031331 131.273969649169
8.85891711119859 -76.0602280507411 131.204671860864
7.71336926862389 -76.0002395983491 131.13537407256
6.5678214260492 -75.9402511459571 131.066076284255
5.4222735834745 -75.880262693565 130.996778495951
4.27672574089981 -75.820274241173 130.927480707646
3.13117789832511 -75.760285788781 130.858182919342
1.98563005575042 -75.7002973363889 130.788885131037
0.84008221317572 -75.640308883997 130.719587342733
-0.305465629398974 -75.5803204316049 130.650289554428
-1.45101347197367 -75.5203319792129 130.580991766124
-2.59656131454836 -75.4603435268209 130.51169397782
-3.74210915712306 -75.4003550744288 130.442396189515
-4.88765699969776 -75.3403666220368 130.373098401211
-6.03320484227245 -75.2803781696448 130.303800612906
-7.17875268484715 -75.2203897172528 130.234502824602
-8.32430052742184 -75.1604012648608 130.165205036297
-9.46984836999654 -75.1004128124687 130.095907247993
-10.6153962125712 -75.0404243600767 130.026609459688
-11.7609440551459 -74.9804359076847 129.957311671384
-12.9064918977206 -74.9204474552927 129.888013883079
-14.0520397402953 -74.8604590029006 129.818716094775
-15.19758758287 -74.8004705505086 129.74941830647
-16.3431354254447 -74.7404820981166 129.680120518166
-17.4886832680194 -74.6804936457246 129.610822729861
-18.6342311105941 -74.6205051933325 129.541524941557
-19.7797789531688 -74.5605167409405 129.472227153252
-20.9253267957435 -74.5005282885485 129.402929364948
-22.0708746383182 -74.4405398361565 129.333631576643
-23.2164224808929 -74.3805513837645 129.264333788339
-24.3619703234676 -74.3205629313724 129.195036000034
-25.5075181660423 -74.2605744789804 129.12573821173
-26.653066008617 -74.2005860265884 129.056440423425
-27.7986138511917 -74.1405975741964 128.987142635121
-28.9441616937664 -74.0806091218043 128.917844846816
-30.0897095363411 -74.0206206694123 128.848547058512

-165.400700208438 42.6313236508375 -69.0753946733727
-164.756261228401 42.1474823060034 -68.2569749218654
-164.111822248364 41.6636409611694 -67.4385551703582
-163.467383268327 41.1797996163354 -66.6201354188509
-162.82294428829 40.6959582715014 -65.8017156673436
-162.178505308252 40.2121169266674 -64.9832959158364
-161.534066328215 39.7282755818334 -64.1648761643291
-160.889627348178 39.2444342369993 -63.3464564128218
-160.245188368141 38.7605928921653 -62.5280366613145
-159.600749388104 38.2767515473313 -61.7096169098073
-158.956310408066 37.7929102024973 -60.8911971583
-158.311871428029 37.3090688576633 -60.0727774067927
-157.667432447992 36.8252275128292 -59.2543576552854
-157.022993467955 36.3413861679952 -58.4359379037782
-156.378554487918 35.8575448231612 -57.6175181522709
-155.73411550788 35.3737034783272 -56.7990984007636
-155.089676527843 34.8898621334932 -55.9806786492563
-154.445237547806 34.4060207886591 -55.1622588977491
-153.800798567769 33.9221794438251 -54.3438391462418
-153.156359587732 33.4383380989911 -53.5254193947345
-152.511920607695 32.9544967541571 -52.7069996432272
-151.867481627657 32.4706554093231 -51.88857989172
-151.22304264762 31.9868140644891 -51.0701601402127
-150.578603667583 31.502972719655 -50.2517403887054
-149.934164687546 31.019131374821 -49.4333206371981
-149.289725707509 30.535290029987 -48.6149008856909
-148.645286727472 30.051448685153 -47.7964811341836
-148.000847747434 29.567607340319 -46.9780613826763
-147.356408767397 29.0837659954849 -46.1596416311691
-146.71196978736 28.5999246506509 -45.3412218796618
-146.067530807323 28.1160833058169 -44.5228021281545
-145.423091827286 27.6322419609829 -43.7043823766472
-144.778652847248 27.1484006161489 -42.88596262514
-144.134213867211 26.6645592713149 -42.0675428736327
-143.489774887174 26.1807179264808 -41.2491231221254
-142.845335907137 25.6968765816468 -40.4307033706181
-142.2008969271 25.2130352368128 -39.6122836191109
-141.556457947063 24.7291938919788 -38.7938638676036
-140.666201812115 24.4392256303533 -38.3186140160112
-139.529061640489 24.3439718889713 -38.1880234710026
-138.391921468862 24.2487181475892 -38.0574329259939
-137.254781297236 24.1534644062071 -37.9268423809852
-136.11764112561 24.0582106648251 -37.7962518359766
-134.980500953983 23.962956923443 -37.6656612909679
-133.843360782357 23.867703182061 -37.5350707459593
-132.706220610731 23.7724494406789 -37.4044802009506
-131.569080439104 23.6771956992968 -37.273889655942
-130.431940267478 23.5819419579148 -37.1432991109333
-129.294800095852 23.4866882165327 -37.0127085659247
-128.157659924225 23.3914344751507 -36.882118020916
-127.020519752599 23.2961807337686 -36.7515274759073
-125.883379580972 23.2009269923866 -36.6209369308987
-124.746239409346 23.1056732510045 -36.49034638589
-123.60909923772 23.0104195096224 -36.3597558408814
-122.471959066093 22.9151657682404 -36.2291652958727
-121.334818894467 22.8199120268583 -36.0985747508641
-120.197678722841 22.7246582854763 -35.9679842058554
-119.060538551214 22.6294045440942 -35.8373936608468
-117.923398379588 22.5341508027122 -35.7068031158381
-116.786258207961 22.4388970613301 -35.5762125708294
-115.649118036335 22.343643319948 -35.4456220258208
-114.511977864709 22.248389578566 -35.3150314808121
-113.374837693082 22.1531358371839 -35.1844409358035
-112.237697521456 22.0578820958019 -35.0538503907948
-111.10055734983 21.9626283544198 -34.9232598457862
-109.963417178203 21.8673746130377 -34.7926693007775
-108.826277006577 21.7721208716557 -34.6620787557689
-107.689136834951 21.6768671302736 -34.5314882107602
-106.551996663324 21.5816133888916 -34.4008976657515
-105.414856491698 21.4863596475095 -34.2703071207429
-104.277716320071 21.3911059061275 -34.1397165757342
-103.140576148445 21.2958521647454 -34.0091260307256
-102.003435976819 21.2005984233633 -33.8785354857169
-100.866295805192 21.1053446819813 -33.7479449407083
-99.729155633566 21.0100909405992 -33.6173543956996
-98.6350511230004 21.0011991700648 -33.6350222860047
-97.708406170428 21.3283574823942 -34.2295906219977
-96.7817612178557 21.6555157947237 -34.8241589579906
-95.8551162652834 21.9826741070531 -35.4187272939835
-94.9284713127111 22.3098324193825 -36.0132956299764
-94.0018263601388 22.636990731712 -36.6078639659694
-93.0751814075665 22.9641490440414 -37.2024323019623
-92.1485364549942 23.2913073563709 -37.7970006379552
-91.2218915024219 23.6184656687003 -38.3915689739481
-90.2952465498496 23.9456239810297 -38.9861373099411
-89.3686015972772 24.2727822933592 -39.580705645934
-88.4419566447049 24.5999406056886 -40.1752739819269
-87.5153116921326 24.9270989180181 -40.7698423179199
-86.5886667395603 25.2542572303475 -41.3644106539128
-85.662021786988 25.5814155426769 -41.9589789899057
-84.7353768344157 25.9085738550064 -42.5535473258986
-83.8087318818434 26.2357321673358 -43.1481156618916
-82.8820869292711 26.5628904796653 -43.7426839978845
-81.9554419766988 26.8900487919947 -44.3372523338774
-81.0287970241265 27.2172071043242 -44.9318206698703
-80.1021520715542 27.5443654166536 -45.5263890058633
-79.1755071189819 27.871523728983 -46.1209573418562
-78.2488621664095 28.1986820413125 -46.7155256778491
-77.3222172138372 28.5258403536419 -47.310094013842
-76.3955722612649 28.8529986659714 -47.904662349835
-75.4689273086926 29.1801569783008 -48.4992306858279
-74.5422823561203 29.5073152906302 -49.0937990218208
-73.615637403548 29.8344736029597 -49.6883673578137
-72.6889924509757 30.1616319152891 -50.2829356938067
-71.7623474984034 30.4887902276186 -50.8775040297996
-70.8357025458311 30.815948539948 -51.4720723657925
-69.9090575932588 31.1431068522774 -52.0666407017854
-68.9824126406865 31.4702651646069 -52.6612090377784
-68.0557676881141 31.7974234769363 -53.2557773737713
-67.1291227355418 32.1245817892658 -53.8503457097642
-66.2024777829695 32.4517401015952 -54.4449140457572
-65.2758328303972 32.7788984139247 -55.0394823817501
-64.3491878778249 33.1060567262541 -55.634050717743
-63.9363024112697 33.6018498381257 -56.5051286981159
-63.7242061302385 34.1635493614069 -57.4842730943812
-63.5121098492073 34.7252488846882 -58.4634174906465
-63.3000135681761 35.2869484079695 -59.4425618869118
-63.0879172871449 35.8486479312507 -60.4217062831771
-62.8758210061137 36.410347454532 -61.4008506794424
-62.6637247250825 36.9720469778132 -62.3799950757076
-62.4516284440513 37.5337465010945 -63.3591394719729
-62.2395321630201 38.0954460243758 -64.3382838682382
-62.0274358819889 38.657145547657 -65.3174282645035
-61.8153396009577 39.2188450709383 -66.2965726607688
-61.6032433199265 39.7805445942196 -67.2757170570341
-61.3911470388953 40.3422441175008 -68.2548614532994
-61.1790507578641 40.9039436407821 -69.2340058495647
-60.9669544768328 41.4656431640633 -70.21315024583
-60.7548581958016 42.0273426873446 -71.1922946420953
-60.5427619147704 42.5890422106259 -72.1714390383606
-60.3306656337392 43.1507417339071 -73.1505834346258
-60.118569352708 43.7124412571884 -74.1297278308911
-59.9064730716768 44.2741407804696 -75.1088722271564
-59.6943767906456 44.8358403037509 -76.0880166234217
-59.4822805096144 45.3975398270322 -77.067161019687
-59.2701842285832 45.9592393503134 -78.0463054159523
-59.058087947552 46.5209388735947 -79.0254498122176
-58.8459916665208 47.082638396876 -80.0045942084829
-58.6338953854896 47.6443379201572 -80.9837386047481
-58.4217991044584 48.2060374434385 -81.9628830010134
-58.2097028234272 48.7677369667197 -82.9420273972787
-57.997606542396 49.329436490001 -83.921171793544
-57.7855102613648 49.8911360132822 -84.9003161898093
-57.5734139803336 50.4528355365635 -85.8794605860746
-57.3613176993024 51.0145350598448 -86.8586049823399
-57.1492214182712 51.576234583126 -87.8377493786052
-56.93712513724 52.1379341064073 -88.8168937748705
-56.7250288562088 52.6996336296886 -89.7960381711357
-56.5129325751776 53.2613331529698 -90.775182567401
-56.3008362941464 53.8230326762511 -91.7543269636663
-56.322829082122 54.3641512416802 -92.6907548242958
-56.9563476171063 54.851504863372 -93.5155915650358
-57.5898661520907 55.3388584850638 -94.3404283057757
-58.223384687075 55.8262121067556 -95.1652650465157
-58.8569032220593 56.3135657284474 -95.9901017872558
-59.4904217570436 56.8009193501392 -96.8149385279957
-60.123940292028 57.288272971831 -97.6397752687357
-60.7574588270123 57.7756265935228 -98.4646120094757
-61.3909773619966 58.2629802152146 -99.2894487502157
-62.024495896981 58.7503338369064 -100.114285490956
-62.6580144319653 59.2376874585982 -100.939122231696
-63.2915329669496 59.72504108029 -101.763958972436
-63.9250515019339 60.2123947019818 -102.588795713176
-64.5585700369183 60.6997483236736 -103.413632453916
-65.1920885719026 61.1871019453654 -104.238469194656
-65.8256071068869 61.6744555670572 -105.063305935396
-66.4591256418713 62.161809188749 -105.888142676136
-67.0926441768556 62.6491628104408 -106.712979416876
-67.7261627118399 63.1365164321326 -107.537816157616
-68.3596812468242 63.6238700538244 -108.362652898356
-68.9931997818086 64.1112236755162 -109.187489639096
-69.6267183167929 64.598577297208 -110.012326379836
-70.2602368517772 65.0859309188998 -110.837163120576
-70.8937553867616 65.5732845405916 -111.661999861316
-71.5272739217459 66.0606381622834 -112.486836602056
-72.1607924567302 66.5479917839752 -113.311673342796
-72.7943109917145 67.035345405667 -114.136510083536
-73.4278295266989 67.5226990273588 -114.961346824276
-74.0613480616832 68.0100526490506 -115.786183565016
-74.6948665966675 68.4974062707424 -116.611020305756
-75.3283851316519 68.9847598924342 -117.435857046496
-75.9619036666362 69.472113514126 -118.260693787236
-76.5954222016205 69.9594671358178 -119.085530527976
-77.2289407366048 70.4468207575097 -119.910367268716
-77.8624592715892 70.9341743792014 -120.735204009456
-78.4959778065735 71.4215280008932 -121.560040750196
-79.1294963415578 71.908881622585 -122.384877490936
-79.7630148765422 72.3962352442768 -123.209714231676
-80.8790982207652 72.5127787134638 -123.377870593457
-82.014273479493 72.6146516646322 -123.520046433219
-83.1494487382207 72.7165246158006 -123.662222272981
-84.2846239969484 72.818397566969 -123.804398112743
-85.4197992556762 72.9202705181373 -123.946573952505
-86.5549745144039 73.0221434693057 -124.088749792267
-87.6901497731317 73.124016420474 -124.230925632029
-88.8253250318594 73.2258893716424 -124.373101471791
-89.9605002905871 73.3277623228108 -124.515277311553
-91.0956755493149 73.4296352739792 -124.657453151315
-92.2308508080426 73.5315082251475 -124.799628991077
-93.3660260667704 73.6333811763159 -124.941804830839
-94.5012013254981 73.7352541274843 -125.083980670601
-95.6363765842258 73.8371270786526 -125.226156510363
-96.7715518429536 73.939000029821 -125.368332350125
-97.9067271016813 74.0408729809894 -125.510508189887
-99.0419023604091 74.1427459321578 -125.652684029649
-100.177077619137 74.2446188833261 -125.794859869411
-101.312252877865 74.3464918344945 -125.937035709173
-102.447428136592 74.4483647856628 -126.079211548935
-103.58260339532 74.5502377368312 -126.221387388697
-104.717778654048 74.6521106879996 -126.363563228459
-105.852953912776 74.753983639168 -126.505739068221
-106.988129171503 74.8558565903363 -126.647914907983
-108.123304430231 74.9577295415047 -126.790090747745
-109.258479688959 75.0596024926731 -126.932266587507
-110.393654947686 75.1614754438415 -127.074442427269
-111.528830206414 75.2633483950098 -127.216618267031
-112.664005465142 75.3652213461782 -127.358794106793
-113.79918072387 75.4670942973466 -127.500969946555
-114.934355982597 75.5689672485149 -127.643145786317
-116.069531241325 75.6708401996833 -127.785321626079
-117.204706500053 75.7727131508517 -127.927497465841
-118.339881758781 75.87458610202 -128.069673305603
-119.475057017508 75.9764590531884 -128.211849145365
-120.610232276236 76.0783320043568 -128.354024985127
-121.745407534964 76.1802049555251 -128.496200824889
-122.780197924539 76.0769124009715 -128.286070728255
-123.704746408426 75.7483086364407 -127.689040911163
-124.629294892313 75.4197048719098 -127.09201109407
-125.5538433762 75.091101107379 -126.494981276977
-126.478391860087 74.7624973428481 -125.897951459885
-127.402940343974 74.4338935783173 -125.300921642792
-128.327488827861 74.1052898137865 -124.703891825699
-129.252037311748 73.7766860492557 -124.106862008606
-130.176585795635 73.4480822847248 -123.509832191514
-131.101134279522 73.119478520194 -122.912802374421
-132.025682763409 72.7908747556632 -122.315772557328
-132.950231247296 72.4622709911323 -121.718742740236
-133.874779731183 72.1336672266015 -121.121712923143
-134.79932821507 71.8050634620707 -120.52468310605
-135.723876698957 71.4764596975398 -119.927653288958
-136.648425182844 71.147855933009 -119.330623471865
-137.572973666731 70.8192521684782 -118.733593654772
-138.497522150618 70.4906484039473 -118.13656383768
-139.422070634506 70.1620446394165 -117.539534020587
-140.346619118393 69.8334408748857 -116.942504203494
-141.27116760228 69.5048371103548 -116.345474386402
-142.195716086167 69.176233345824 -115.748444569309
-143.120264570054 68.8476295812932 -115.151414752216
-144.044813053941 68.5190258167623 -114.554384935123
-144.969361537828 68.1904220522315 -113.957355118031
-145.893910021715 67.8618182877007 -113.360325300938
-146.818458505602 67.5332145231699 -112.763295483845
-147.743006989489 67.204610758639 -112.166265666753
-148.667555473376 66.8760069941082 -111.56923584966
-149.592103957263 66.5474032295773 -110.972206032567
-150.51665244115 66.2187994650465 -110.375176215475
-151.441200925037 65.8901957005157 -109.778146398382
-152.365749408924 65.5615919359849 -109.181116581289
-153.290297892811 65.232988171454 -108.584086764197
-154.214846376698 64.9043844069232 -107.987056947104
-155.139394860585 64.5757806423923 -107.390027130011
-156.063943344472 64.2471768778615 -106.792997312919
-156.988491828359 63.9185731133307 -106.195967495826
-157.40305244458 63.4225285578873 -105.324364762202
-157.618953042424 62.861259331999 -104.34580524764
-157.834853640269 62.2999901061106 -103.367245733078
-158.050754238114 61.7387208802223 -102.388686218516
-158.266654835959 61.1774516543339 -101.410126703953
-158.482555433804 60.6161824284456 -100.431567189391
-158.698456031649 60.0549132025573 -99.4530076748288
-158.914356629494 59.4936439766689 -98.4744481602666
-159.130257227339 58.9323747507806 -97.4958886457043
-159.346157825184 58.3711055248923 -96.5173291311421
-159.562058423029 57.8098362990039 -95.5387696165798
-159.777959020874 57.2485670731156 -94.5602101020176
-159.993859618719 56.6872978472273 -93.5816505874554
-160.209760216564 56.1260286213389 -92.6030910728931
-160.425660814409 55.5647593954506 -91.6245315583309
-160.641561412254 55.0034901695622 -90.6459720437686
-160.857462010098 54.4422209436739 -89.6674125292064
-161.073362607943 53.8809517177856 -88.6888530146441
-161.289263205788 53.3196824918972 -87.7102935000819
-161.505163803633 52.7584132660089 -86.7317339855197
-161.721064401478 52.1971440401206 -85.7531744709574
-161.936964999323 51.6358748142322 -84.7746149563952
-162.152865597168 51.0746055883439 -83.7960554418329
-162.368766195013 50.5133363624556 -82.8174959272707
-162.584666792858 49.9520671365672 -81.8389364127084
-162.800567390703 49.3907979106789 -80.8603768981462
-163.016467988548 48.8295286847906 -79.881817383584
-163.232368586393 48.2682594589022 -78.9032578690217
-163.448269184238 47.7069902330139 -77.9246983544595
-163.664169782083 47.1457210071256 -76.9461388398972
-163.880070379928 46.5844517812372 -75.967579325335
-164.095970977772 46.0231825553489 -74.9890198107727
-164.311871575617 45.4619133294605 -74.0104602962105
-164.527772173462 44.9006441035722 -73.0319007816483
-164.743672771307 44.3393748776839 -72.053341267086
-164.959573369152 43.7781056517955 -71.0747817525238
-165.175473966997 43.2168364259072 -70.0962222379616

79.1390755131971 23.2486982354823 -42.9007672181458
80.2494201718784 23.0858761710701 -42.6523976592547
81.3597648305596 22.9230541066579 -42.4040281003635
82.4701094892409 22.7602320422458 -42.1556585414723
83.5804541479222 22.5974099778336 -41.9072889825812
84.6907988066035 22.4345879134214 -41.65891942369
85.8011434652848 22.2717658490092 -41.4105498647988
86.9114881239661 22.108943784597 -41.1621803059077
88.0218327826474 21.9461217201848 -40.9138107470165
89.1321774413287 21.7832996557727 -40.6654411881253
90.24252210001 21.6204775913605 -40.4170716292342
91.3528667586913 21.4576555269483 -40.168702070343
92.4632114173726 21.2948334625361 -39.9203325114518
93.5735560760539 21.1320113981239 -39.6719629525606
94.6839007347352 20.9691893337117 -39.4235933936695
95.7942453934164 20.8063672692996 -39.1752238347783
96.9045900520977 20.6435452048874 -38.9268542758871
98.014934710779 20.4807231404752 -38.678484716996
99.1252793694603 20.317901076063 -38.4301151581048
100.235624028142 20.1550790116508 -38.1817455992136
101.345968686823 19.9922569472387 -37.9333760403225
102.456313345504 19.8294348828265 -37.6850064814313
103.566658004185 19.6666128184143 -37.4366369225401
104.677002662867 19.5037907540021 -37.188267363649
105.787347321548 19.3409686895899 -36.9398978047578
106.897691980229 19.1781466251777 -36.6915282458666
108.008036638911 19.0153245607656 -36.4431586869755
109.118381297592 18.8525024963534 -36.1947891280843
110.228725956273 18.6896804319412 -35.9464195691931
111.339070614955 18.526858367529 -35.698050010302
112.449415273636 18.3640363031168 -35.4496804514108
113.559759932317 18.2012142387046 -35.2013108925196
114.670104590998 18.0383921742925 -34.9529413336285
115.78044924968 17.8755701098803 -34.7045717747373
116.890793908361 17.7127480454681 -34.4562022158461
118.001138567042 17.5499259810559 -34.2078326569549
119.111483225724 17.3871039166437 -33.9594630980638
120.221827884405 17.2242818522316 -33.7110935391726
121.254610765991 17.3164068967998 -33.9018685271786
122.225799349139 17.6109936293905 -34.4413823049915
123.196987932287 17.9055803619811 -34.9808960828045
124.168176515435 18.2001670945717 -35.5204098606174
125.139365098583 18.4947538271624 -36.0599236384303
126.110553681731 18.789340559753 -36.5994374162432
127.081742264879 19.0839272923437 -37.1389511940561
128.052930848027 19.3785140249343 -37.6784649718691
129.024119431175 19.6731007575249 -38.217978749682
129.995308014323 19.9676874901156 -38.7574925274949
130.966496597471 20.2622742227062 -39.2970063053078
131.937685180619 20.5568609552969 -39.8365200831207
132.908873763767 20.8514476878875 -40.3760338609337
133.880062346915 21.1460344204781 -40.9155476387466
134.851250930063 21.4406211530688 -41.4550614165595
135.822439513211 21.7352078856594 -41.9945751943724
136.793628096359 22.02979461825 -42.5340889721853
137.764816679506 22.3243813508407 -43.0736027499983
138.736005262654 22.6189680834313 -43.6131165278112
139.707193845802 22.913554816022 -44.1526303056241
140.67838242895 23.2081415486126 -44.692144083437
141.649571012098 23.5027282812032 -45.2316578612499
142.620759595246 23.7973150137939 -45.7711716390628
143.591948178394 24.0919017463845 -46.3106854168758
144.563136761542 24.3864884789751 -46.8501991946887
145.53432534469 24.6810752115658 -47.3897129725016
146.505513927838 24.9756619441564 -47.9292267503145
147.476702510986 25.2702486767471 -48.4687405281274
148.447891094134 25.5648354093377 -49.0082543059403
149.419079677282 25.8594221419283 -49.5477680837533
150.39026826043 26.154008874519 -50.0872818615662
151.361456843578 26.4485956071096 -50.6267956393791
152.332645426726 26.7431823397002 -51.166309417192
153.303834009874 27.0377690722909 -51.7058231950049
154.275022593022 27.3323558048815 -52.2453369728179
155.24621117617 27.6269425374722 -52.7848507506308
156.217399759317 27.9215292700628 -53.3243645284437
157.039557870476 28.2693110779406 -53.9514929430987
157.265534690421 28.8298943904205 -54.9291148281453
157.491511510366 29.3904777029003 -55.9067367131919
157.717488330311 29.9510610153801 -56.8843585982385
157.943465150256 30.5116443278599 -57.8619804832851
158.1694419702 31.0722276403397 -58.8396023683317
158.395418790145 31.6328109528196 -59.8172242533782
158.62139561009 32.1933942652994 -60.7948461384248
158.847372430035 32.7539775777792 -61.7724680234714
159.07334924998 33.314560890259 -62.750089908518
159.299326069925 33.8751442027388 -63.7277117935646
159.52530288987 34.4357275152187 -64.7053336786112
159.751279709815 34.9963108276985 -65.6829555636578
159.97725652976 35.5568941401783 -66.6605774487044
160.203233349705 36.1174774526581 -67.638199333751
160.42921016965 36.6780607651379 -68.6158212187975
160.655186989595 37.2386440776177 -69.5934431038441
160.88116380954 37.7992273900976 -70.5710649888907
161.107140629485 38.3598107025774 -71.5486868739373
161.333117449429 38.9203940150572 -72.5263087589839
161.559094269374 39.480977327537 -73.5039306440305
161.785071089319 40.0415606400168 -74.481552529077
162.011047909264 40.6021439524967 -75.4591744141237
162.237024729209 41.1627272649765 -76.4367962991702
162.463001549154 41.7233105774563 -77.4144181842168
162.688978369099 42.2838938899361 -78.3920400692634
162.914955189044 42.8444772024159 -79.36966195431
163.140932008989 43.4050605148957 -80.3472838393566
163.366908828934 43.9656438273756 -81.3249057244032
163.592885648879 44.5262271398554 -82.3025276094497
163.818862468824 45.0868104523352 -83.2801494944963
164.044839288769 45.647393764815 -84.2577713795429
164.270816108714 46.2079770772948 -85.2353932645895
164.496792928659 46.7685603897746 -86.2130151496361
164.722769748603 47.3291437022545 -87.1906370346827
164.948746568548 47.8897270147343 -88.1682589197293
165.174723388493 48.4503103272141 -89.1458808047759
165.400700208438 49.0108936396939 -90.1235026898224
165.194830901642 49.5381203177726 -91.0303100411508
164.588961476483 50.0344502090506 -91.8715249971443
163.983092051325 50.5307801003285 -92.7127399531378
163.377222626166 51.0271099916065 -93.5539549091313
162.771353201007 51.5234398828845 -94.3951698651248
162.165483775848 52.0197697741624 -95.2363848211183
161.55961435069 52.5160996654404 -96.0775997771118
160.953744925531 53.0124295567184 -96.9188147331053
160.347875500372 53.5087594479963 -97.7600296890988
159.742006075213 54.0050893392743 -98.6012446450923
159.136136650055 54.5014192305523 -99.4424596010858
158.530267224896 54.9977491218302 -100.283674557079
157.924397799737 55.4940790131082 -101.124889513073
157.318528374578 55.9904089043861 -101.966104469066
156.71265894942 56.4867387956641 -102.80731942506
156.106789524261 56.9830686869421 -103.648534381053
155.500920099102 57.47939857822 -104.489749337047
154.895050673943 57.975728469498 -105.33096429304
154.289181248785 58.472058360776 -106.172179249034
153.683311823626 58.9683882520539 -107.013394205027
153.077442398467 59.4647181433319 -107.854609161021
152.471572973309 59.9610480346099 -108.695824117014
151.86570354815 60.4573779258878 -109.537039073008
151.259834122991 60.9537078171658 -110.378254029001
150.653964697832 61.4500377084438 -111.219468984995
150.048095272674 61.9463675997217 -112.060683940988
149.442225847515 62.4426974909997 -112.901898896982
148.836356422356 62.9390273822777 -113.743113852975
148.230486997197 63.4353572735556 -114.584328808969
147.624617572039 63.9316871648336 -115.425543764962
147.01874814688 64.4280170561115 -116.266758720956
146.412878721721 64.9243469473895 -117.107973676949
145.807009296562 65.4206768386675 -117.949188632943
145.201139871404 65.9170067299454 -118.790403588936
144.595270446245 66.4133366212234 -119.63161854493
143.989401021086 66.9096665125014 -120.472833500923
143.383531595927 67.4059964037793 -121.314048456917
142.777662170769 67.9023262950573 -122.15526341291
141.792947041751 68.1459096495145 -122.54734338853
140.68013084189 68.3040305011936 -122.787555014179
139.567314642029 68.4621513528728 -123.027766639827
138.454498442168 68.6202722045519 -123.267978265476
137.341682242307 68.778393056231 -123.508189891125
136.228866042446 68.9365139079102 -123.748401516774
135.116049842585 69.0946347595893 -123.988613142422
134.003233642725 69.2527556112685 -124.228824768071
132.890417442864 69.4108764629476 -124.46903639372
131.777601243003 69.5689973146267 -124.709248019368
130.664785043142 69.7271181663059 -124.949459645017
129.551968843281 69.885239017985 -125.189671270666
128.43915264342 70.0433598696642 -125.429882896315
127.326336443559 70.2014807213433 -125.670094521963
126.213520243698 70.3596015730224 -125.910306147612
125.100704043838 70.5177224247016 -126.150517773261
123.987887843977 70.6758432763807 -126.390729398909
122.875071644116 70.8339641280599 -126.630941024558
121.762255444255 70.992084979739 -126.871152650207
120.649439244394 71.1502058314181 -127.111364275856
119.536623044533 71.3083266830973 -127.351575901504
118.423806844672 71.4664475347764 -127.591787527153
117.310990644812 71.6245683864556 -127.831999152802
116.198174444951 71.7826892381347 -128.07221077845
115.08535824509 71.9408100898138 -128.312422404099
113.972542045229 72.098930941493 -128.552634029748
112.859725845368 72.2570517931721 -128.792845655397
111.746909645507 72.4151726448513 -129.033057281045
110.634093445646 72.5732934965304 -129.273268906694
109.521277245786 72.7314143482095 -129.513480532343
108.408461045925 72.8895351998887 -129.753692157991
107.295644846064 73.0476560515678 -129.99390378364
106.182828646203 73.205776903247 -130.234115409289
105.070012446342 73.3638977549261 -130.474327034938
103.957196246481 73.5220186066053 -130.714538660586
102.84438004662 73.6801394582844 -130.954750286235
101.731563846759 73.8382603099635 -131.194961911884
100.635763114024 73.9430135649152 -131.343267437473
99.6682158888296 73.6455103658485 -130.798833844582
98.7006686636352 73.3480071667817 -130.25440025169
97.7331214384408 73.0505039677149 -129.709966658798
96.7655742132464 72.7530007686482 -129.165533065906
95.798026988052 72.4554975695814 -128.621099473015
94.8304797628576 72.1579943705147 -128.076665880123
93.8629325376633 71.8604911714479 -127.532232287231
92.8953853124689 71.5629879723812 -126.98779869434
91.9278380872745 71.2654847733144 -126.443365101448
90.9602908620801 70.9679815742477 -125.898931508556
89.9927436368857 70.6704783751809 -125.354497915664
89.0251964116913 70.3729751761142 -124.810064322773
88.0576491864969 70.0754719770474 -124.265630729881
87.0901019613025 69.7779687779806 -123.721197136989
86.1225547361081 69.4804655789139 -123.176763544097
85.1550075109137 69.1829623798471 -122.632329951206
84.1874602857193 68.8854591807804 -122.087896358314
83.2199130605249 68.5879559817136 -121.543462765422
82.2523658353305 68.2904527826469 -120.999029172531
81.2848186101361 67.9929495835801 -120.454595579639
80.3172713849417 67.6954463845134 -119.910161986747
79.3497241597474 67.3979431854466 -119.365728393855
78.382176934553 67.1004399863799 -118.821294800964
77.4146297093586 66.8029367873131 -118.276861208072
76.4470824841642 66.5054335882463 -117.73242761518
75.4795352589698 66.2079303891796 -117.187994022289
74.5119880337754 65.9104271901128 -116.643560429397
73.544440808581 65.6129239910461 -116.099126836505
72.5768935833866 65.3154207919793 -115.554693243613
71.6093463581922 65.0179175929126 -115.010259650722
70.6417991329978 64.7204143938458 -114.46582605783
69.6742519078034 64.4229111947791 -113.921392464938
68.706704682609 64.1254079957123 -113.376958872047
67.7391574574147 63.8279047966456 -112.832525279155
66.7716102322203 63.5304015975788 -112.288091686263
65.8040630070259 63.2328983985121 -111.743658093371
64.8365157818315 62.9353951994453 -111.19922450048
64.4919815170132 62.4189830599278 -110.294501999224
64.2764324778171 61.8572492002045 -109.315187235705
64.0608834386209 61.2955153404812 -108.335872472185
63.8453343994248 60.7337814807579 -107.356557708666
63.6297853602286 60.1720476210346 -106.377242945146
63.4142363210325 59.6103137613113 -105.397928181627
63.1986872818363 59.048579901588 -104.418613418107
62.9831382426402 58.4868460418648 -103.439298654588
62.767589203444 57.9251121821415 -102.459983891068
62.5520401642479 57.3633783224182 -101.480669127549
62.3364911250518 56.8016444626949 -100.501354364029
62.1209420858556 56.2399106029716 -99.5220396005096
61.9053930466595 55.6781767432483 -98.54272483699
61.6898440074633 55.116442883525 -97.5634100734705
61.4742949682672 54.5547090238017 -96.584095309951
61.258745929071 53.9929751640784 -95.6047805464315
61.0431968898749 53.4312413043552 -94.6254657829119
60.8276478506787 52.8695074446319 -93.6461510193924
60.6120988114826 52.3077735849086 -92.6668362558729
60.3965497722864 51.7460397251853 -91.6875214923534
60.1810007330903 51.184305865462 -90.7082067288339
59.9654516938941 50.6225720057387 -89.7288919653143
59.749902654698 50.0608381460154 -88.7495772017948
59.5343536155019 49.4991042862921 -87.7702624382753
59.3188045763057 48.9373704265688 -86.7909476747558
59.1032555371096 48.3756365668456 -85.8116329112362
58.8877064979134 47.8139027071223 -84.8323181477167
58.6721574587173 47.252168847399 -83.8530033841972
58.4566084195211 46.6904349876757 -82.8736886206776
58.241059380325 46.1287011279524 -81.8943738571581
58.0255103411288 45.5669672682291 -80.9150590936386
57.8099613019327 45.0052334085058 -79.9357443301191
57.5944122627365 44.4434995487825 -78.9564295665995
57.3788632235404 43.8817656890593 -77.97711480308
57.1633141843443 43.320031829336 -76.9978000395605
56.9477651451481 42.7582979696127 -76.018485276041
56.732216105952 42.1965641098894 -75.0391705125214
56.7679320822932 41.6547155878234 -74.1018700006726
57.3718530508165 41.157835316128 -73.2595795621164
57.9757740193398 40.6609550444327 -72.4172891235603
58.5796949878631 40.1640747727374 -71.5749986850041
59.1836159563864 39.667194501042 -70.7327082464479
59.7875369249098 39.1703142293467 -69.8904178078918
60.3914578934331 38.6734339576514 -69.0481273693356
60.9953788619564 38.176553685956 -68.2058369307794
61.5992998304797 37.6796734142607 -67.3635464922232
62.203220799003 37.1827931425654 -66.5212560536671
62.8071417675263 36.68591287087 -65.6789656151109
63.4110627360496 36.1890325991747 -64.8366751765547
64.014983704573 35.6921523274794 -63.9943847379986
64.6189046730963 35.1952720557841 -63.1520942994424
65.2228256416196 34.6983917840887 -62.3098038608862
65.8267466101429 34.2015115123934 -61.46751342233
66.4306675786662 33.7046312406981 -60.6252229837739
67.0345885471895 33.2077509690027 -59.7829325452177
67.6385095157128 32.7108706973074 -58.9406421066615
68.2424304842362 32.2139904256121 -58.0983516681054
68.8463514527595 31.7171101539167 -57.2560612295492
69.4502724212828 31.2202298822214 -56.413770790993
70.0541933898061 30.7233496105261 -55.5714803524368
70.6581143583294 30.2264693388307 -54.7291899138807
71.2620353268527 29.7295890671354 -53.8868994753245
71.865956295376 29.2327087954401 -53.0446090367683
72.4698772638994 28.7358285237448 -52.2023185982122
73.0737982324227 28.2389482520494 -51.360028159656
73.677719200946 27.7420679803541 -50.5177377210998
74.2816401694693 27.2451877086588 -49.6754472825436
74.8855611379926 26.7483074369634 -48.8331568439875
75.4894821065159 26.2514271652681 -47.9908664054313
76.0934030750392 25.7545468935728 -47.1485759668751
76.6973240435625 25.2576666218774 -46.306285528319
77.3012450120859 24.7607863501821 -45.4639950897628
77.9051659806092 24.2639060784868 -44.6217046512066
78.5090869491325 23.7670258067914 -43.7794142126504
