-0.58263824789236096 -1.718778570265332 2.9876054674873771
-0.59994708301872179 -1.7139492814592456 2.9797654490084069
-0.61704015332274664 -1.7089256543368065 2.9715823649701627
-0.63391430179201047 -1.7037150523894482 2.9630688717471396
-0.65056804135599311 -1.6983254953809221 2.9542388126675219
-0.66700050292129542 -1.6927647286167349 2.9451055744319938
-0.6832105243038189 -1.6870395910801697 2.9356809653529283
-0.69919597988866267 -1.6811556876739571 2.9259746275031397
-0.7149534112018372 -1.6751173376985471 2.9159939363302962
-0.73047795506990021 -1.6689277339019086 2.9057442739208641
-0.74576351428533294 -1.6625892283835926 2.8952295292716514
-0.76080307880741649 -1.6561036594373817 2.884452674005447
-0.77558909313644542 -1.649472647632773 2.8734162862112278
-0.79010710221530167 -1.6426942988966033 2.8621166489939198
-0.80435406420158106 -1.6357731981130077 2.8505616102738545
-0.81832557227138014 -1.6287129588920433 2.8387572947142989
-0.83201405160792974 -1.6215155716501046 2.8267069202741397
-0.84541211742655709 -1.6141832305047044 2.8144140634071788
-0.85851260398219609 -1.6067183292339633 2.8018826529416971
-0.87130860013116807 -1.5991234592288255 2.7891169676090439
-0.88379349747948022 -1.5914014111793111 2.7761216404190585
-0.89596104021375567 -1.5835551749907577 2.7629016600211922
-0.90780536650549915 -1.5755879341569021 2.7494623622116792
-0.91932104607919241 -1.5675030571976341 2.7358094162415876
-0.93050313278740993 -1.5593040929802229 2.7219488183036655
-0.94134724706118944 -1.5509947733516927 2.707886898583193
-0.95184967016602295 -1.5425790148738647 2.6936303271117898
-0.96200737844383766 -1.5340608976982981 2.679186078219713
-0.97181790343035768 -1.5254445950152875 2.6645613041325569
-0.98127891256142097 -1.5167342395811245 2.6497630911588441
-0.99038747584095321 -1.5079337406764486 2.6347981205452835
-0.99913908629715942 -1.4990465911369095 2.6196723046977382
-1.0075266008359107 -1.4900757188403388 2.6043904979826791
-1.0155393421586809 -1.4810234369919379 2.5889563834886764
-1.0231626359056558 -1.471891532923935 2.5733726128133787
-1.0303780220719778 -1.4626815055051383 2.5576412235845294
-1.0371643439780369 -1.4533949361943743 2.5417643149426605
-1.0434599034956165 -1.4440279273111654 2.5257332721778574
-1.0492429033127746 -1.4345846912310294 2.5095547311143855
-1.0545452271041709 -1.425076970821884 2.4932499909974388
-1.0593782851820741 -1.415512533882008 2.4768328484613802
-1.0637571179585086 -1.4058990243810634 2.4603169954239776
-1.0676976289471101 -1.3962435608584958 2.4437152399824922
-1.0712141810615805 -1.3865525219400872 2.4270390623304334
-1.0743179162054637 -1.3768315151629338 2.4102985099782575
-1.0770159950652074 -1.3670854895002447 2.3935023696382132
-1.0793116460012195 -1.35731892413153 2.3766584956020314
-1.0812048281050328 -1.3475360334448123 2.35977418479247
-1.082693249343015 -1.3377409426497509 2.3428565116542739
-1.0837734589927048 -1.3279378080590989 2.3259125694713769
-1.0844417820838885 -1.3181308772844982 2.3089496028562064
-1.0846949525574212 -1.3083245010244238 2.2919750473025498
-1.0845304211922915 -1.298523116444096 2.27499650971227
-1.0839464232352158 -1.288731220748365 2.2580217246751211
-1.0829419374927336 -1.2789533453689261 2.2410585085314945
-1.0815166393529676 -1.2691940327466429 2.2241147177456391
-1.0796708843748688 -1.2594578138813115 2.2071982095318465
-1.0774057073296679 -1.2497491856364193 2.190316802523387
-1.07472280891311 -1.2400725889143969 2.1734782385762119
-1.0716245225630538 -1.2304323890882121 2.1566901478786202
-1.0681137814714947 -1.2208328578735135 2.1399600165614543
-1.0641941124503189 -1.211278153572557 2.123295152300376
-1.0598696529546356 -1.2017722982787193 2.1067026453547006
-1.0551451298371619 -1.1923191585863504 2.0901893345197324
-1.0500256907732739 -1.1829224480455172 2.0737618062819476
-1.0445164867300145 -1.173585777240624 2.0574264689205566
-1.0386219789455235 -1.1643127734494256 2.0411897387763029
-1.0323450513428749 -1.1551072756709282 2.0250583511578726
-1.0256861038776053 -1.145973587244137 2.0090397704042591
-1.0186423594238359 -1.1369167429652678 1.9931426315098988
-1.011207626033878 -1.127942726065452 1.9773771086871483
-1.0033727018160348 -1.119058560994485 1.9617550882834882
-0.99512653656783367 -1.1102722067691111 1.9462900192050394
-0.98644999379906095 -1.1015943772583763 1.9309998766076595
-0.97728526670910931 -1.093047770308015 1.9159222198049213
-0.96769075485727618 -1.0846241113006378 1.9010444847221426
-0.95768436273228108 -1.0763248103963496 1.8863696546548967
-0.94728700808647759 -1.06814977516885 1.8718982018978523
-0.93651982916083354 -1.060098162105209 1.8576293047225165
-0.92540217993233709 -1.0521690488495121 1.8435619509262908
-0.91395033199250164 -1.0443619980890062 1.8296958750960408
-0.90217699052336509 -1.0366774153731215 1.8160321636268293
-0.89009148257257031 -1.0291166864725221 1.8025734982844228
-0.87770041250858288 -1.0216821167865489 1.7893240710894662
-0.86500855377233432 -1.0143767253549691 1.776289254556918
-0.85201975350575454 -1.0072039664474668 1.7634751469079182
-0.83873767977843361 -1.0001674520787804 1.7508881141262129
-0.82516631689944964 -0.99327073315334169 1.7385344259302151
-0.81131020021335487 -0.98651716711082693 1.7264200336668896
-0.79717445435152834 -0.97990986519905832 1.7145504801581253
-0.7827647304976908 -0.97345168874336818 1.702930891343571
-0.76808712170401772 -0.96714526130745437 1.6915659947799286
-0.75314809394213267 -0.96099297734954015 1.6804601325466955
-0.73795443480704781 -0.954997004467946 1.6696172635840651
-0.72251320715062251 -0.94915928535466521 1.6590409656741947
-0.7068316991462259 -0.94348154479880886 1.6487344460596793
-0.69091737340739368 -0.93796530080239537 1.6387005591549748
-0.6747778233274917 -0.93261187434083859 1.6289418221290839
-0.65842073843543114 -0.92742239552036299 1.6194604245212116
-0.64185386518748644 -0.9223978158579228 1.6102582483210786
-0.62508493619843652 -0.91753895125733265 1.601336940253189
-0.60811639675229678 -0.91285121033926553 1.5927059406242041
-0.590953916640372 -0.90833772042335548 1.584370836588356
-0.57361145792051538 -0.90399368729203189 1.5763237478867165
-0.55609577511836261 -0.89982045279214518 1.5685672024794959
-0.53841287430417017 -0.89582009854016031 1.5611049867954452
-0.5205679009593065 -0.89199574146766325 1.5539426541525985
-0.50256517870642348 -0.88835173004656953 1.5470878657423586
-0.48440843676651618 -0.8848936566600929 1.5405504189300161
-0.46610122644820329 -0.88162811650864836 1.5343418423323425
-0.44764748435169888 -0.87856217487861965 1.5284744902882845
-0.4290521619579824 -0.8757025476110446 1.5229601426705817
-0.41032184989401854 -0.87305449357327902 1.5178081057974127
-0.3914623844989647 -0.87062586455144841 1.5130321534730578
-0.37248503334946081 -0.86841607738719917 1.5086316164944822
-0.35340753528250535 -0.86641000603704277 1.504580836662645
-0.33424103548203976 -0.86460242069102877 1.5008710942344128
-0.31499573254069946 -0.86298856308553973 1.4974944574494384
-0.29568080898133464 -0.861564675342536 1.4944446962473432
-0.2763030842073067 -0.86033339502629846 1.491726584437552
-0.25686994712795308 -0.85929699224295997 1.4893442767066414
-0.23739132476680355 -0.85844698358620841 1.48728338207055
-0.21787438589103456 -0.85778312961088088 1.4855437026429825
-0.19832611442655354 -0.85730595789410391 1.4841263632433628
-0.17875348188402371 -0.85701644068086325 1.4830332583726231
-0.15916354979822564 -0.85691571424910862 1.4822665693206882
-0.1395635119155246 -0.85700487716426288 1.4818284160689845
-0.11996069587683111 -0.85728487264833453 1.4817206536338325
-0.10036254418017736 -0.85775643503193011 1.4819447787590077
-0.080776587498184366 -0.85842007055595693 1.482501895862272
-0.061210415639821394 -0.85927604884765685 1.4833927013959591
-0.041671646901059858 -0.86032439481239953 1.4846174688788085
-0.0221678958482107 -0.86156488146029653 1.4861760354992624
-0.0027067404700986432 -0.86299702715857118 1.4880677963639619
0.016704310351815535 -0.86462009735943179 1.4902917065062955
0.036057849424605916 -0.86643310683712937 1.4928462837751373
0.055346604735527022 -0.86843482025835805 1.4957296088097765
0.074563471025282713 -0.87062375924541702 1.4989393363166661
0.09370152720636804 -0.87299823904668683 1.502472758046757
0.11275401542476136 -0.87555646732835024 1.5063269745114256
0.1317099553097027 -0.8783044940920991 1.5105127949124781
0.15056325913876062 -0.88123801565352311 1.5150229504639252
0.16930933645636495 -0.88435126608148806 1.519847594849109
0.18794097499168988 -0.8876435310507701 1.5249857091768562
0.206450210250153 -0.8911150943554218 1.5304380258031092
0.2248279581162522 -0.89476746372648064 1.536207430502575
0.24306372232395185 -0.89860341973119173 1.5422990559970433
0.26114548176367158 -0.90262681926792465 1.5487199450650473
0.27905986222981621 -0.90684211659119918 1.555478215880679
0.29679267107216473 -0.91125361273959427 1.5625817460375457
0.3143279243256501 -0.91586631459819889 1.5700396896560653
0.33163566110479176 -0.92069666024390273 1.5778814195764339
0.34872889926728329 -0.92572019940073957 1.5860642002609984
0.36560496574138218 -0.93092927708009909 1.5945748560207063
0.38226258254729517 -0.93631584263008061 1.6033994837853467
0.3987008403752425 -0.94187231614446221 1.6125249845524632
0.41491833346459717 -0.94759215292090593 1.6219400670535924
0.43091255823700059 -0.9534701005849775 1.6316357112167792
0.44667961972240838 -0.95950218910719109 1.6416051597570507
0.4622142285803118 -0.96568552683052344 1.651843565036148
0.47750992183555468 -0.97201799016290746 1.6623474450100713
0.49255940863561737 -0.97849789244050522 1.6731140993241713
0.50734948263408319 -0.98512669787811702 1.68414646307977
0.5218736413001952 -0.99190170489874874 1.6954400544961283
0.53612948989375864 -0.99881815944388697 1.7069867131568834
0.55010922382425109 -1.0058742771202471 1.718783584989851
0.56380519202680723 -1.0130680683031574 1.730827455865404
0.57720994327387476 -1.0203973328234899 1.7431147409944818
0.59031625971473645 -1.0278596628600256 1.7556414889227061
0.60311720154827642 -1.0354524422423435 1.7684033789717386
0.61560616164684212 -1.0431728438216361 1.781395715033824
0.62777691710318284 -1.0510178308915947 1.7946134264731843
0.63962367152108046 -1.0589841644487841 1.8080510794199525
0.65114109906833983 -1.0670684113255344 1.8217028895218608
0.66232441132710662 -1.0752669461851565 1.8355627233775278
0.67316945312225196 -1.0835759474721951 1.8496240886250477
0.68367278831434675 -1.0919914018526837 1.8638801390367745
0.69383167967596915 -1.1005091442106718 1.8783237443922689
0.70364383970294697 -1.1091249584113041 1.892947672511794
0.71310686613846042 -1.1178347429005397 1.9077448931061407
0.72221736810897685 -1.1266347150632743 1.9227089581029215
0.7309698972947074 -1.1355216044535712 1.9378343685975299
0.7393558897765663 -1.1444927761751669 1.9531168205173512
0.74736288993626865 -1.1535462307789988 1.9685532279122604
0.75497432425944655 -1.1626804514522096 1.9841414651598233
0.76217006107320917 -1.17189409728651 1.9998798188488853
0.76892725219545799 -1.1811856807018248 2.0157664036989114
0.7751477713588486 -1.1905643396273506 2.0318200116710781
0.78088390121834361 -1.2000140398505565 2.0480112941494522
0.78614337433165093 -1.2095271485092469 2.0643267988704275
0.79093992826392856 -1.2190957316669389 2.0807523705888493
0.79528961055717984 -1.2287121950126014 2.0972743723574969
0.79920819337855187 -1.2383696065938743 2.1138803226055969
0.80270897263637697 -1.2480618427956289 2.1305592144917624
0.80580147134719671 -1.257783551086364 2.147301490596305
0.8084910621839837 -1.2675299913847078 2.1640987796158475
0.81077933559926663 -1.2772968256564476 2.1809435208599366
0.81266499048761176 -1.2870799120041454 2.1978285807277107
0.8141449560794749 -1.2968751434084491 2.214746939520245
0.81521547225215774 -1.3066783488207649 2.2316914874897753
0.81587292211559748 -1.3164852538433998 2.2486549315723439
0.8161143205278012 -1.326291483955643 2.2656297862044843
0.81593748886998108 -1.3360925885322066 2.2826084096341375
0.81534103898663146 -1.3458840688628284 2.2995830529307617
0.81432430143913026 -1.3556614030669019 2.3165459053019535
0.81288727788152493 -1.3654200682302349 2.3334891338700783
0.81103062811791582 -1.3751555620068663 2.3504049214739031
0.80875566363201212 -1.3848634240584832 2.3672855039933607
0.80606432242897275 -1.3945392558402043 2.3841232053756092
0.80295912834378269 -1.4041787378930157 2.4009104688128198
0.79944316230005941 -1.4137776464784837 2.4176398864196673
0.79552006758582161 -1.4233318728745492 2.434304232490867
0.7911940683641201 -1.4328374451203034 2.4508965005998093
0.78646992048645503 -1.442290542396691 2.4674099299909407
0.78135267988801205 -1.4516874809835019 2.4838379882631898
0.77584720465159807 -1.4610246462166783 2.5001742685887933
0.76995739765233318 -1.4702983527409754 2.5164122705967795
0.76368530352071395 -1.4795046340534124 2.5325450632061113
0.75703025683245206 -1.4886389864724396 2.5485648669839169
0.74998832099076951 -1.4976961170225858 2.5644626344957824
0.74255224599829828 -1.5066697627694865 2.5802277387066948
0.73471210749851956 -1.5155526551893732 2.5958478919571415
0.72645670834040965 -1.5243367005389912 2.6113094159571966
0.71775269683767273 -1.5330072606072704 2.6265879684835909
0.70857432231025497 -1.5415499525604861 2.6416594197880361
0.69897106403501774 -1.5499709586757879 2.6565329804658302
0.68896185264780663 -1.5582693229155959 2.671206422519798
0.67856761353685846 -1.5664453103793834 2.6856795724135321
0.66780883047319706 -1.5744997184210947 2.6999531917205957
0.65670375215329191 -1.5824332394561953 2.71402792785404
0.64526736738284618 -1.5902459692458457 2.7279034934957527
0.63351115261928881 -1.5979371251881436 2.7415781863660524
0.62144342251533147 -1.6055049752095041 2.7550487554808458
0.60907007172367655 -1.6129469463346826 2.768310566748009
0.59639547653680514 -1.6202598533898123 2.781357971778343
0.58342334916638794 -1.6274401748334157 2.7941847597446614
0.57015739842543789 -1.634484307359894 2.8067845783316643
0.55660173061056128 -1.6413887511339225 2.8191512424062388
0.54276100827022766 -1.6481502096742979 2.8312789021967881
0.5286404458957451 -1.6547656207218395 2.8431620968805507
0.51424573651244843 -1.6612321513585513 2.8547957483501092
0.49958297522402828 -1.6675471867361766 2.8661751440046914
0.48465860335392086 -1.6737083258222274 2.8772959310715911
0.46947936695490433 -1.6797133827315944 2.8881541201662957
0.45405227579782625 -1.6855603864086244 2.8987460859814016
0.43838455739020571 -1.6912475748072395 2.9090685585974518
0.42248361200718237 -1.6967733867406287 2.9191186107273288
0.40635697753220945 -1.7021364577688707 2.9288936516569035
0.39001230280564614 -1.7073356206023598 2.9383914287488935
0.37345731052466036 -1.7123698960417704 2.9476100128737643
0.35669743176891772 -1.7172364859054854 2.9565443940855132
0.33973337889794786 -1.7219281334954539 2.9651819838781024
0.3225814616999183 -1.7264511714683102 2.9735332561746746
0.30524892837602463 -1.7308046163578075 2.9815962888293748
0.28774242903127978 -1.7349869993169376 2.9893683372054949
0.27006780778692113 -1.7389960336218782 2.9968452646482215
0.25223000009149033 -1.7428283130482243 3.0040210232429274
0.23423309858830674 -1.7464791288758084 3.0108873349188592
0.21608062186176902 -1.7499424925710996 3.0174337226102139
0.19777597937520028 -1.753211432547001 3.0236480101294365
0.17932308060601165 -1.7562785973224435 3.0295173482984352
0.16072699962715656 -1.7591371531004583 3.035029749270175
0.14199463756454209 -1.7617820018263215 3.0401761759128272
0.1231294042253586 -1.7642003969161819 3.0449344510856666
0.10414916073362582 -1.7664044244906683 3.0493249656055803
0.085069060501884453 -1.7684048290481771 3.0533658687157006
0.065900314063598017 -1.7702070244338823 3.0570661973179645
0.046653101438476889 -1.7718157885003012 3.0604339180595517
0.027336545061896003 -1.7732347777501858 3.0634750876232677
0.0079585956470145276 -1.77446539622369 3.0661918973502496
-0.0114759496561686 -1.7754968656367645 3.0685655369023359
-0.030955811404964818 -1.7763417886550417 3.0706174904910624
-0.050473841357002093 -1.777000246939157 3.0723476836553956
-0.070023046902155925 -1.7774716138174922 3.0737548199710609
-0.089596426959128422 -1.7777548887127208 3.0748369552420893
-0.10918688148746239 -1.7778489736749878 3.0755919736580397
-0.12878718078689372 -1.77775285920833 3.07601790867411
-0.14838997201318233 -1.777465720543004 3.0761131099286256
-0.16798780210475359 -1.7769869505632077 3.0758763009582037
-0.18757314456727434 -1.7763161629658972 3.0753065854767061
-0.20713842605769528 -1.7754531902318886 3.0744034446642452
-0.2266760531623587 -1.7743980855422417 3.0731667412943748
-0.24617843999566491 -1.7731511263130355 3.0715967266887549
-0.26563803591955842 -1.7717128143935483 3.069694041897276
-0.28504735252348545 -1.7700838723535854 3.0674597120831981
-0.30439899059166692 -1.76826524055848 3.0648951422719839
-0.32368566898779516 -1.7662580792514133 3.0620021218295452
-0.34290025466926821 -1.764063770359632 3.0587828284964957
-0.36203578429064642 -1.7616838982576359 3.0552397957268114
-0.38108545537837751 -1.7591201767598843 3.0513757859896908
-0.40004092542207953 -1.7563713462419506 3.0471883659424961
-0.41889108700726546 -1.7534322589180416 3.0426682853512816
-0.43763372912451992 -1.7503133734911063 3.0378335894329611
-0.45626172208942467 -1.7470155483555221 3.0326855493708211
-0.474767265318146 -1.7435387333397803 3.0272238426568685
-0.49314151915829779 -1.7398817188382967 3.0214461075257821
-0.51137428959643993 -1.7360420404134913 3.0153477682230854
-0.52945386810630135 -1.7320161120445197 3.0089222609205599
-0.54736713242249169 -1.7277996328970977 3.0021617411863954
-0.56509999487379414 -1.7233882694984586 2.9950582788902969

-3.8390261618053119 1.1800467129534 -1.934091244273678
-3.8344646126177349 1.1704568764446723 -1.9176213687488393
-3.829452288684883 1.1609181031887368 -1.9012535505822661
-3.824004924053745 1.1514339739926978 -1.8849935154927868
-3.8181398791300589 1.1420073904975576 -1.8688457638430147
-3.8118738318869951 1.1326408568175841 -1.8528141281735666
-3.8052211295378511 1.1233367831595751 -1.836902348838845
-3.7981929114303332 1.1140977490848274 -1.8211145564399385
-3.7907969563138288 1.1049266834211049 -1.8054555880152341
-3.783038093323682 1.0958269429545504 -1.789931110897226
-3.7749189628681177 1.0868022951929219 -1.7745475698622066
-3.7664408965396059 1.077856831164707 -1.7593120095175026
-3.7576047161937258 1.0689948458307628 -1.7442318430431416
-3.7484113194139783 1.0602207240210373 -1.729314636959002
-3.738862008115436 1.0515388581920586 -1.7145679587637777
-3.7289586051633097 1.0429536043054914 -1.6999992970001645
-3.7187034551756177 1.034469263680079 -1.685616029801807
-3.7080994003191066 1.0260900717990034 -1.6714254062416176
-3.6971497768748036 1.0178201810910772 -1.6574345166161637
-3.6858584313313996 1.0096636361268356 -1.6436502490039473
-3.674229732577341 1.0016243476226863 -1.6300792438773946
-3.6622685662643719 0.9937060705844718 -1.6167278564225795
-3.6499803193913372 0.98591238487285449 -1.6036021233484934
-3.6373708847231896 0.97824666681462591 -1.5907077135906402
-3.6244466937247228 0.97071204552965018 -1.5780498516821795
-3.6112147687038068 0.96331134478745872 -1.5656332154873156
-3.5976826789694312 0.95604706057516875 -1.5534618986752178
-3.5838583865244438 0.9489213944380499 -1.5415394731346226
-3.5697497002019709 0.94193649630769727 -1.5298694259768768
-3.5553639448818877 0.93509465884267851 -1.5184555061699674
-3.5407063687261999 0.92839923984406858 -1.5073033699016387
-3.5257819293742219 0.92185386211881692 -1.4964191415391936
-3.5105884251899955 0.91546658420068538 -1.485816842365709
-3.4951327641315659 0.90924052402533018 -1.4755016653153912
-3.4793959898201501 0.90319578387243937 -1.4655089918207655
-3.4634001846109697 0.89732710436353524 -1.455829053397655
-3.4471155990170028 0.89166398780947187 -1.446513833338025
-3.4305520135797223 0.88621341577531099 -1.4375751284550393
-3.4137473033825452 0.88095365275795523 -1.4289741638574265
-3.3966226782446713 0.87596699477396789 -1.4208558167498451
-3.3792987303524731 0.87116200330617566 -1.4130581139446303
-3.3617569614536116 0.86656634829454138 -1.4056295174387294
-3.3440339029102653 0.86215565891533141 -1.3985267249950817
-3.3261351800427401 0.85793423207989805 -1.3917570047052368
-3.3080754839382109 0.85389654978350937 -1.3853103577077348
-3.2898627297767535 0.85004400998603658 -1.3791889650627525
-3.2715053696492147 0.84637733430748252 -1.3733938211319141
-3.2530103631236726 0.84289917565161121 -1.3679293096262219
-3.2343848109346562 0.83961224486352404 -1.3627999104769206
-3.2156358808068446 0.83651943405462381 -1.3580104154444048
-3.1967711485012167 0.83362328199005187 -1.3535649920610575
-3.1777985469933459 0.83092595281540094 -1.3494671482904097
-3.1587263323524386 0.82842918246077779 -1.3457196407579382
-3.1395629921624164 0.82613433589591323 -1.3423245766667165
-3.1203171808827963 0.82404243338306937 -1.3392834612189226
-3.1009976644881068 0.82215416943853603 -1.3365972321255895
-3.0816132745187996 0.82046991743762843 -1.3342662689711775
-3.0621728620399398 0.81898974190440865 -1.3322904158884661
-3.0426852531588975 0.8177134194438137 -1.3306690191534045
-3.0231592092490782 0.81664046041940197 -1.3294009659288037
-3.0036033932182908 0.81577011891197504 -1.3284847025303586
-2.9840263384107049 0.81510139380356994 -1.3279182372440905
-2.964436416927398 0.81463304961868932 -1.3276991773766382
-2.9448418129058487 0.81436370645116185 -1.3278248857970028
-2.9252505205831167 0.81429204406197309 -1.3282928344484779
-2.9056703970290125 0.81441713153281536 -1.3291011736431892
-2.8861106273727382 0.81474829089779344 -1.330265769442218
-2.86657861404721 0.81527642054153804 -1.3317706360295825
-2.8470824175769742 0.81600225513997215 -1.3336168020269519
-2.8276306317963469 0.81692834799166392 -1.3358084293992796
-2.8082326532097226 0.81805887834974089 -1.3383524716534423
-2.7888989087999376 0.81939944248820662 -1.3412583051249327
-2.7696444535489841 0.82096538200554514 -1.3445520430460436
-2.7504858572369417 0.82276985033276107 -1.3482559634382982
-2.7314318409337108 0.82480527536765558 -1.3523566894606567
-2.7124922726945031 0.82706866346252972 -1.3568487384951557
-2.6936744860720636 0.82955302721765645 -1.3617197882277163
-2.6749839730094354 0.83224965115573168 -1.3669545793576066
-2.6564250176626669 0.83514951892873124 -1.3725373680501831
-2.6380013604363066 0.83824433471770921 -1.378453674707538
-2.6197168265470818 0.84152718943047222 -1.3846914186789352
-2.6015758048404747 0.8449928446719035 -1.3912413955632046
-2.5835835192527434 0.84863768771687087 -1.3980971910269377
-2.5657460836931176 0.85245944865446333 -1.4052546893016538
-2.5480703759140324 0.8564567894384858 -1.4127113653217476
-2.5305637986453458 0.86062887286061296 -1.4204655455002673
-2.5132340082911639 0.86497499712207904 -1.428515783087297
-2.4960886813205727 0.86949434550763161 -1.4368604317208529
-2.4791353580392488 0.8741858581306996 -1.4454974280394712
-2.462381364122963 0.87904819657514344 -1.4544242328209724
-2.445833781546582 0.88407975655523885 -1.4636378537853154
-2.4294994351705101 0.88927869149290628 -1.4731348868304752
-2.4133848750575382 0.89464292992874361 -1.4829115467188352
-2.3974963528351165 0.90017018705390583 -1.4929636877621244
-2.3818398002712429 0.90585797722922179 -1.5032868261490915
-2.3664214496838882 0.91170403502240094 -1.5138768503393798
-2.35125449162665 0.91771033047664319 -1.524736773421278
-2.3363366798998508 0.92386905455993062 -1.535853139803802
-2.321672828553309 0.93017717417727719 -1.547220551398435
-2.3072673868922386 0.93663152035439579 -1.5588333858302532
-2.2931244337163728 0.94322880451111035 -1.5706858247937083
-2.279247733892217 0.94996566604088917 -1.5827719347399467
-2.2656409199701835 0.95683877515201332 -1.5950858394862337
-2.2523078442740334 0.96384499896753739 -1.6076219972241665
-2.2392530996015108 0.97098161273946781 -1.6203755505607533
-2.2264826455586468 0.97824651314567146 -1.6333426769747204
-2.2140044203901148 0.98563837563749368 -1.6465208428200018
-2.201828778433621 0.99315669647526017 -1.6599088629041752
-2.1899685827336688 1.0008016736438592 -1.6735066914637173
-2.1784388048566687 1.0085739062051344 -1.6873149136033267
-2.1672555404961713 1.0164739246438741 -1.7013339617065175
-2.1564344393532644 1.0245016011102621 -1.7155631415516794
-2.1459884676209233 1.0326554575898306 -1.7299995018269927
-2.1359248729201421 1.0409318790294659 -1.7446365631486835
-2.1262437536866585 1.0493250115850672 -1.7594641850747466
-2.1169402134788453 1.0578277707947796 -1.774470246937748
-2.1080069011936238 1.0664327889917038 -1.7896422117939224
-2.0994359699416201 1.075133031089607 -1.8049681336352887
-2.0912206011863161 1.0839221723753323 -1.8204372655877545
-2.0833560142296812 1.0927947606211941 -1.8360403101515597
-2.0758399198890021 1.101746196829557 -1.8517693721483302
-2.0686724777843279 1.1107725902429237 -1.8676177089231603
-2.0618558841832626 1.1198705487601126 -1.8835793798471392
-2.0553937567051097 1.1290369607490778 -1.8996488870581274
-2.0492904843098438 1.1382688100456166 -1.9158208747202417
-2.0435506777214867 1.1475630467439251 -1.9320899218671137
-2.0381787950681884 1.1569165167892081 -1.9484504317826865
-2.0331789460750995 1.1663259379768725 -1.9648965963528278
-2.028554822225396 1.1757879029746034 -1.9814224034085206
-2.0243096825268969 1.1852988923447001 -1.9980216597072333
-2.0204463440511438 1.1948552883170009 -2.0146880150699586
-2.0169671609066557 1.2044533874362753 -2.0314149849185048
-2.0138740002083262 1.2140894136636917 -2.0481959736898849
-2.0111682274095815 1.2237595331643565 -2.0650243008877114
-2.0088507007502208 1.2334598702328263 -2.0818932288289029
-2.006921761030946 1.2431865230445778 -2.0987959902301534
-2.005381205540139 1.2529355790607821 -2.115725815672747
-2.004228262061404 1.2627031317536939 -2.1326759633518906
-2.0034616214680749 1.2724853003416197 -2.1496397522680311
-2.0030954699851198 1.2822785239624059 -2.1666105873421055
-2.0031192197008849 1.2920784732800912 -2.1835812910930859
-2.0035265888752289 1.3018812280916412 -2.200545264469961
-2.0043165966156811 1.3116830435552338 -2.2174960519685727
-2.0054897722922842 1.3214801786647832 -2.2344271591014948
-2.0070489839611967 1.3312688087359847 -2.251331875818682
-2.0090000799891428 1.3410448999825186 -2.2682030399203388
-2.0113521242108621 1.3508040668228904 -2.2850327828420336
-2.014117038551515 1.3605414471688821 -2.3018123244789468
-2.0173085348862712 1.3702516410415699 -2.3185318991490487
-2.0209403431201238 1.3799287582494191 -2.3351808916858627
-2.0250523458111389 1.3895637710361728 -2.3517424633611905
-2.0296449477347251 1.3991502512221696 -2.3682054698546096
-2.0346804967718279 1.4086862570615442 -2.3845676859265432
-2.0401430941442098 1.4181684082249375 -2.400823737914235
-2.046015949726455 1.4275939052558548 -2.4169692850156017
-2.052283461449651 1.4369602493956193 -2.4330004712761335
-2.0589326085024342 1.4462649576008375 -2.4489133899790199
-2.0659535896668682 1.4555053297128011 -2.4647036611532727
-2.0733397960208766 1.4646783018404481 -2.4803661784911206
-2.0810872929584536 1.4737803970033534 -2.4958950395195965
-2.0891940296497871 1.4828077617288977 -2.5112836328581709
-2.0976589955380471 1.491756259644287 -2.5265248257781234
-2.1064815009143887 1.500621585053892 -2.541611182623821
-2.1156606845322798 1.5093993627692022 -2.5565351525685025
-2.1251952610828821 1.5180852148123782 -2.5712891927572867
-2.1350834439743163 1.5266747943836552 -2.5858658294633314
-2.1453229472602198 1.53516380206252 -2.6002576860861213
-2.1559109922310853 1.5435480011792442 -2.6144575095722433
-2.1668442924296172 1.5518232407329426 -2.6284582105568219
-2.1781190296116875 1.5599854837031117 -2.6422529131188619
-2.18973084248631 1.5680308340449203 -2.655835001871186
-2.201674833043274 1.5759555596781956 -2.6691981615811904
-2.2139455713340523 1.5837561175766901 -2.6823364204756208
-2.226537072561531 1.5914291921982202 -2.6952442174853166
-2.2394427456001731 1.5989717510596975 -2.7079165000442824
-2.2526553646679655 1.6063810981388051 -2.7203488174258297
-2.2661671635808056 1.6136548766331833 -2.7325373226745082
-2.2799701501156502 1.6207909587591374 -2.7444785722665954
-2.2940566666198112 1.6277871797570531 -2.7561690485320716
-2.3084201241082742 1.6346409172161429 -2.7676044089621326
-2.3230638826949552 1.6413440032478901 -2.7787704069476531
-2.3379744776673541 1.647897219196935 -2.7896688022172809
-2.3531486440982876 1.6542958930764209 -2.8002916024090916
-2.3685864163576671 1.6605330714709194 -2.8106267645509471
-2.3843098399432852 1.666586494429237 -2.8206350731269838
-2.4003160609335343 1.6724481170333072 -2.8303026821133557
-2.4166038742176927 1.6781082210494787 -2.8396127978401777
-2.4331686906069354 1.6835588419224141 -2.8485517658506083
-2.4499999723405885 1.6887961799381941 -2.8571133239894064
-2.4671061750584515 1.6937990401797518 -2.8652605114992817
-2.4844351350062963 1.6985995123983086 -2.8730504765878404
-2.5019643375852132 1.7032074847140726 -2.8805010233233719
-2.5196781424182881 1.7076279278880344 -2.8876212323047352
-2.5375638143628128 1.7118638375318043 -2.8944166758258394
-2.5556110821191922 1.7159161981622708 -2.9008893689586577
-2.5738114796855092 1.7197842451519016 -2.907038243082821
-2.5921576262508919 1.723465931335509 -2.912859975701648
-2.6106425742237516 1.7269584854170852 -2.9183499771799113
-2.6292593280447885 1.7302589303507676 -2.923503303008812
-2.6480005719979647 1.7333644647716999 -2.9283153225895235
-2.6668585863939813 1.7362726645049691 -2.9327820707392327
-2.685825286072578 1.7389815297714954 -2.9369003282806814
-2.7048923055203318 1.7414894486675647 -2.940667556226221
-2.7240510791054291 1.7437951470888462 -2.9440818066336507
-2.743292900184592 1.7458976610077963 -2.9471416728117559
-2.762608965794036 1.7477963304619872 -2.9498462775602587
-2.7819904181677191 1.7494907968949232 -2.9521952673114389
-2.8014283875169435 1.7509809898904254 -2.9541887878653612
-2.8209140330661024 1.7522671056841523 -2.9558274459373179
-2.8404385781063541 1.7533495927882765 -2.9571122832045438
-2.8599933397626565 1.7542291568669102 -2.9580447838512258
-2.8795697592825085 1.7549067744479772 -2.9586268974008574
-2.8991594363768494 1.7553836738863604 -2.9588610047116286
-2.9187541586235555 1.7556612242757137 -2.9587497247053376
-2.9383459003185677 1.7557406877701152 -2.9582954854702228
-2.9579260297664987 1.7556154872437235 -2.9574871572342416
-2.977486449305903 1.7552909376095112 -2.9563341888804486
-2.9970193035142296 1.7547688135036261 -2.9548398908916127
-3.0165163427613479 1.7540476204047315 -2.9530019240923973
-3.0359687190046403 1.7531241884239779 -2.9508150659602901
-3.0553666766500074 1.7519936318121534 -2.9482711498348673
-3.0746993392336091 1.7506496588724356 -2.9453596080714921
-3.0939478229391884 1.7490680107583658 -2.9420389990723943
-3.1130997016842721 1.7472481718457165 -2.9383088050929089
-3.1321448174438906 1.7451943103192458 -2.9341765514012725
-3.1510739846249627 1.7429112345004241 -2.9296508425082508
-3.16988046671222 1.7404071736996698 -2.9247461334904927
-3.1885592252109412 1.7376915815266578 -2.9194789484102315
-3.2071062736154583 1.734773825892957 -2.9138656311516211
-3.2255179833907688 1.7316622245606939 -2.9079206961285444
-3.2437904646146127 1.7283634719376761 -2.901655854304408
-3.2619191295356651 1.7248824635886673 -2.8950797224589717
-3.2798984828479774 1.7212224432417786 -2.8881980841105821
-3.2977221342519463 1.7173853672826507 -2.8810145203742765
-3.3153829830624844 1.7133723670194647 -2.8735312049451434
-3.3328734955842982 1.7091841979714988 -2.86574967380712
-3.3501859897090838 1.7048215944885132 -2.8576714307738285
-3.3673128585044676 1.7002854898021871 -2.8492983218246692
-3.384246702002264 1.6955771075888162 -2.8406326896942868
-3.4009803786096131 1.6906979659552506 -2.8316773792225596
-3.4175070129429517 1.6856498443803953 -2.8224356798664716
-3.4338199957795852 1.6804347497427683 -2.8129112668672334
-3.4499129933111452 1.6750548942782504 -2.8031081627973138
-3.4657799636723299 1.6695126813381214 -2.7930307123963556
-3.4814151705436598 1.6638106903520673 -2.7826835561185623
-3.4968131882950426 1.6579516576528659 -2.7720715967687317
-3.5119689037799833 1.6519384572907707 -2.7611999662215818
-3.5268727682879337 1.6457712960298054 -2.7500693110918712
-3.5415169653750755 1.6394517259537167 -2.7386825555303016
-3.555903480041144 1.632986792838989 -2.7270518416905496
-3.5700282657058224 1.6263797503946995 -2.7151829267575769
-3.5838875552534546 1.6196339082283573 -2.703081656285498
-3.5974776861058166 1.6127525349812823 -2.6907538017293775
-3.6107947609719497 1.6057387002624064 -2.6782047969514866
-3.6238341476241822 1.5985950736003947 -2.6654394051548613
-3.6365898802720453 1.5913237225495456 -2.6524613873252405
-3.6490540797991216 1.5839259661622065 -2.6392732659891913
-3.6612165474424354 1.5764023407981367 -2.625876278280558
-3.6730646956452095 1.5687527217778412 -2.6122705887141793
-3.684583956780239 1.5609766195729138 -2.5984557897879537
-3.6957587541017505 1.5530736370192526 -2.5844316644593315
-3.7065740386155239 1.5450440414778321 -2.5701991305897507
-3.7170174555607121 1.5368894296552567 -2.5557613268336858
-3.7270821115679098 1.5286134308800945 -2.5411247469746536
-3.7367677651016971 1.5202217524443364 -2.5262992824741608
-3.746078921266073 1.5117212711676673 -2.5112967067845555
-3.755022469178253 1.5031191474824481 -2.4961292124870122
-3.763605799319103 1.4944222321259217 -2.4808084406721824
-3.7718353396828492 1.4856367017624774 -2.4653448941345029
-3.7797155865722516 1.4767679018702258 -2.4497476945669576
-3.7872486667784364 1.4678203633578157 -2.4340246245702684
-3.7944343745053168 1.4587979397880939 -2.4181823641866966
-3.8012705610421218 1.4497040066133826 -2.402226824167295
-3.8077537178522198 1.4405416688299513 -2.3861634879740548
-3.8138795919557889 1.4313139370896155 -2.3699976981783792
-3.8196437044827798 1.4220238506820055 -2.3537348537741312
-3.8250417012226166 1.4126745445741149 -2.3373805156841629
-3.8300695324294618 1.4032692724320706 -2.3209404411954644
-3.8347235127901849 1.3938114042389902 -2.3044205780207112
-3.8390003299185902 1.3843044148846682 -2.2878270442802453
-3.8428970513602767 1.3747518726240684 -2.271166108301887
-3.8464111465149564 1.365157429086002 -2.2544441706545988
-3.8495405146415904 1.355524809021001 -2.23766774554666
-3.8522835052591446 1.3458577982643318 -2.220843439362616
-3.8546389296817636 1.3361602302601701 -2.2039779269763775
-3.8566060779811489 1.3264359724904644 -2.1870779277352534
-3.858184757143349 1.3166889131735071 -2.1701501812705142
-3.8593715498411836 1.3069228014698191 -2.1532012838376406
-3.860157852682979 1.2971413702654673 -2.1362379602516381
-3.8605562567408982 1.2873490781084691 -2.1192675514516628
-3.8605682689419214 1.2775497899038122 -2.1022967052939054
-3.8601955215788784 1.2677473213208756 -2.0853319805719659
-3.8594391864662816 1.2579454398380234 -2.0683798665327351
-3.8582991772029089 1.2481478989349111 -2.051446866203074
-3.8567732737155738 1.2383585159411568 -2.0345396576709605
-3.854856368612348 1.2285812924166568 -2.0176653253423491
-3.8525400635290263 1.2188205602532545 -2.0008316251639902
-3.8498128225196115 1.209081120865279 -1.9840472210399334
-3.8466608292948745 1.1993683327536808 -1.9673218105654053
-3.8430695923720188 1.1896880984592226 -1.9506660539138847

2.4154230289556682 0.83015536854819827 -1.5172292546951911
2.4314702451734798 0.82431187592962563 -1.5075945352707911
2.4477693640489693 0.81864920530266849 -1.4982805797324625
2.4643064172255587 0.81316590468029137 -1.4892844512580141
2.4810669320742131 0.80785947960541693 -1.4806013924130901
2.4980370984220315 0.80272723752163722 -1.4722263227099024
2.5152044840664733 0.79776694883812926 -1.4641550050753513
2.5325583345131588 0.79297728244660037 -1.4563848091441898
2.5500895273939741 0.78835800056710148 -1.4489150473165868
2.5677902889136739 0.78390993932510222 -1.4417469325491905
2.585653789824367 0.77963483127430311 -1.4348832587846236
2.6036737276374535 0.77553504282954278 -1.4283279336057257
2.6218466346157383 0.77161665178089278 -1.4220913776592077
2.6401661318971374 0.76788293213879044 -1.4161790679754467
2.6586218541609306 0.76433180991780003 -1.4105870993842298
2.6772073362440212 0.76096606236780029 -1.4053200860039219
2.6959158379183603 0.7577883436373134 -1.4003824204420321
2.7147403377973371 0.75480114465882386 -1.3957782041405236
2.7336735452487417 0.75200677108082514 -1.3915112095189535
2.7527079156270484 0.74940732052510395 -1.3875848410494651
2.77183566738797 0.74700465570503038 -1.3840020892208567
2.791048804564829 0.74480037899895157 -1.380765487184767
2.8103391458290514 0.74279581271842698 -1.3778770774633275
2.8296983573792467 0.74099198120760579 -1.3753383819438063
2.8491179864248144 0.73938958503038144 -1.373150358188945
2.8685894964347125 0.73798896323940555 -1.3713133351609814
2.8881043108325306 0.73679006063938546 -1.369826957850272
2.9076538713604121 0.73579244498249252 -1.3686902188198127
2.9272297059129473 0.7349954344481997 -1.3679016810261784
2.9468234816231611 0.7343983800100754 -1.3674599684267463
2.9664270041216425 0.7340011016001442 -1.3673645213045214
2.9860321242476333 0.73380442123338052 -1.3676165167085959
3.0056305319782566 0.73381068897530932 -1.3682197730890775
3.0252134502493253 0.73402416755168698 -1.3691814071016253
3.0447712811209371 0.73445113987473676 -1.370512009120046
3.0642932924990332 0.73509963302011838 -1.3722251557487055
3.0837674598838993 0.73597868383299192 -1.374336133221483
3.1031742958238402 0.73711762844954953 -1.3768951562116638
3.1224968825952235 0.73852457098301227 -1.3799157476848689
3.1417287882084093 0.74017751081168504 -1.3833596126199605
3.1608613162697328 0.74206764021492677 -1.3872112348600274
3.1798874527574834 0.74418481553352933 -1.3914528355549887
3.1988013824995325 0.74651892653390106 -1.3960667299926013
3.2175978406083932 0.74906102321793744 -1.4010372593855778
3.2362714760817766 0.75180400999090313 -1.4063519737808079
3.2548163639943475 0.75474287209772017 -1.4120020094482695
3.2732257296940124 0.75787452164662328 -1.4179818138858737
3.2914919015364825 0.7611973792828115 -1.4242884199369381
3.3096064546173709 0.76471083124721018 -1.4309205098772766
3.3275604692215559 0.76841469560431441 -1.4378774988508205
3.3453448143913684 0.7723087980168869 -1.4451588087771536
3.3629503801762923 0.77639270781031489 -1.4527634182949534
3.380368220766278 0.78066562787879146 -1.4606896764318105
3.3975896182990275 0.78512638723814898 -1.4689352916372431
3.4146061066743232 0.78977347324459668 -1.4774973882990816
3.4314094927526462 0.79460506091182082 -1.4863725581556411
3.447991889870206 0.79961902784620453 -1.49555688717392
3.4643457568423819 0.80481296385743084 -1.505045973372606
3.4804639290296326 0.81018418670927961 -1.5148349550384899
3.4963396377031861 0.81572976526153451 -1.5249185513888517
3.5119665291763811 0.82144654038877174 -1.535291099376745
3.527338699736307 0.82733113374432277 -1.5459465699244903
3.5424507438996544 0.83337994895969403 -1.5568785714598561
3.5572977738352569 0.83958919266188881 -1.5680803869006461
3.571875329004556 0.84595495738772974 -1.5795451145118635
3.5861790893539101 0.85247339907394271 -1.5912659666074938
3.6002043482454313 0.85914100782965575 -1.6032367225324775
3.6139452768129909 0.86595492924515849 -1.6154522628561856
3.6273940923637999 0.87291326212213483 -1.6279090598322932
3.640540310565024 0.88001524503700379 -1.6406054778760379
3.6533702993078081 0.88726125126932986 -1.6535417512940751
3.6658673424145096 0.89465254161010233 -1.6667195581314056
3.6780123899706991 0.90219075870406285 -1.6801411671724094
3.6897855511847109 0.90987720892277246 -1.6938082394414276
3.7011134658079108 0.91773182821269361 -1.7077530816870921
3.7120324113913492 0.92573256985542951 -1.7219386107922783
3.7225539940435346 0.93386823891549153 -1.736345790598476
3.7326873458260121 0.94212933487456996 -1.7509584445014417
3.7424428611507077 0.95050662933604746 -1.7657609053159511
3.7518301800865861 0.95899177311677397 -1.7807390056521544
3.7608566940639703 0.96757762285814786 -1.7958805983570338
3.7695267638983077 0.9762582896511357 -1.8111756170825586
3.7778416050512305 0.98502898247338433 -1.8266158016870675
3.785799708052227 0.99388573017850645 -1.8421942294952214
3.7933975979503685 1.0028250643305232 -1.8579047889994502
3.8006307086800999 1.0118437317378035 -1.8737417084673877
3.8074941734736902 1.0209384807114672 -1.8896992096845959
3.813983395501725 1.0301059371128047 -1.905771310547056
3.8200943543567827 1.0393425601707129 -1.9219517578113834
3.8258236955286944 1.0486446507477549 -1.9382340441139179
3.8311687012188704 1.0580083817702672 -1.9546114597858504
3.8361272333283574 1.0674298300198906 -1.971077146184935
3.8406976949425773 1.0769050016193771 -1.987624138666281
3.8448790121930303 1.0864298524258034 -2.0042454013499036
3.8486706177923788 1.0960003068487498 -2.020933859211266
3.852072422933178 1.1056122766206162 -2.0376824297371963
3.8550847820233387 1.1152616784913112 -2.0544840525025672
3.8577084659392638 1.1249444493000542 -2.0713317144621897
3.8599446501000516 1.1346565586488695 -2.0882184715373802
3.8617948929933577 1.1443940215543511 -2.1051374698762708
3.8632610448471447 1.1541529132903841 -2.1220819687970143
3.8643260403915778 1.1639300508481811 -2.139045940389535
3.8650049232763934 1.1737207449838098 -2.1560217187824828
3.8653026562988999 1.1835210700224743 -2.1730026557302211
3.8652198717670521 1.1933273231247261 -2.1899823579983799
3.8647555429874751 1.203135829808782 -2.2069544313201979
3.8639063558310238 1.2129428669122788 -2.2239123279922115
3.8626663231053042 1.2227445564269619 -2.2408491513678084
3.8610268205032905 1.2325367495991826 -2.2577574562349536
3.8589771794103154 1.2423149323077343 -2.2746291028706267
3.8565058955546379 1.2520741894578304 -2.2914552319086345
3.8536024084153357 1.2618092650769883 -2.3082264221888207
3.8502594351433199 1.2715147543334968 -2.3249330938223061
3.846450116340514 1.2811831234041211 -2.341561388385581
3.8422069756043427 1.2908115879341546 -2.358107467058256
3.8375543737062099 1.3003976550433178 -2.3745677490753434
3.8325071705915255 1.3099384946496189 -2.3909377825830616
3.827078898904964 1.3194315201333477 -2.407213497228919
3.8212807393628396 1.3288741815356397 -2.4233908150663481
3.815121114611181 1.3382637974853169 -2.4394653472194627
3.8085961655475988 1.3475958189605284 -2.4554290993294599
3.8017028106560624 1.3568655048882134 -2.4712737679551595
3.7944606934616831 1.3660722076717955 -2.4869988253213697
3.7868719887056685 1.3752125112515103 -2.5025984214238988
3.7789380705022628 1.3842828163963452 -2.5180663648529809
3.7706600870453642 1.3932794212000359 -2.533396279560729
3.7620393488766442 1.4021985925450637 -2.5485817403527884
3.7530775301157964 1.4110366158808321 -2.5636163651729462
3.7437767334672731 1.419789823080299 -2.5784938653082583
3.7341394874619636 1.4284546067630191 -2.593208070109442
3.7241687288193548 1.4370274308744788 -2.6077529447784764
3.7138677923094376 1.4455048430258448 -2.6221226114314815
3.703240406001477 1.453883488629081 -2.6363113734335428
3.6922906820169219 1.4621601241741473 -2.6503137381120045
3.681023099610647 1.4703316282868755 -2.6641244353946223
3.669442487855719 1.4783950125580294 -2.677738436039506
3.6575540172387022 1.4863474356485715 -2.6911509758079477
3.6453631963987201 1.4941862201784502 -2.7043575846130761
3.6328758458558905 1.5019088616648355 -2.7173541012047857
3.6200979997388472 1.5095130065286377 -2.7301366321126896
3.6070356879998391 1.5169963702261278 -2.742701403288887
3.593684336155639 1.5243518429904794 -2.7550359641189628
3.5800504050704585 1.5315768598892572 -2.7671360680036527
3.5661478588997264 1.5386727029114573 -2.7790043570093532
3.5519803918584039 1.5456360283834643 -2.7906351523334476
3.5375501063381334 1.5524625632519811 -2.802021117606436
3.5228574027729249 1.5591468841848601 -2.8131528730193676
3.5079011997185523 1.5656823516414993 -2.8240188877990837
3.4926795329695355 1.5720612721536991 -2.8346057793422612
3.4771905171647348 1.5782753387566861 -2.8448991049919994
3.4614335756142829 1.5843163575892079 -2.8548846574957185
3.4453857971461934 1.5901594230501179 -2.8645186139794552
3.4290822772894041 1.5958188182238948 -2.8738267697618416
3.4125385218138828 1.6012968823601623 -2.8828136443582273
3.3957695455114942 1.6065963690715008 -2.8914844600237921
3.3787897993979423 1.6117203614806501 -2.8998449926095056
3.3616123348129952 1.6166715260959059 -2.9079002541943386
3.3442484200401572 1.6214516034766726 -2.9156535994544952
3.3267075458744944 1.6260611633158972 -2.9231063016918304
3.3089977073240631 1.6304996012013864 -2.9302575557361155
3.2911258336423255 1.6347653196243155 -2.9371048044017445
3.2730982466795977 1.6388560140559687 -2.9436442477536491
3.2549210556211992 1.6427689814173874 -2.9498713892306858
3.2365984746060836 1.6464987497123087 -2.9557768798907671
3.2181365911681903 1.6500415364119083 -2.9613543531502455
3.1995456062531944 1.6533993256355599 -2.9666075531949105
3.1808322492410799 1.6565695104726768 -2.9715321687238698
3.1620035330184639 1.659549660032134 -2.976124201821849
3.1430667322670911 1.6623375280921933 -2.9803799822829999
3.1240293622653033 1.6649310638386479 -2.9842961855665195
3.1048991608784071 1.6673284318583252 -2.9878698668767854
3.0856840683561924 1.669528034709556 -2.9910984996399987
3.0663922011041995 1.6715285298363369 -2.9939800040033755
3.0470318210639959 1.6733288413822809 -2.9965127663693236
3.0276113051134161 1.6749281777423877 -2.9986956688668482
3.0081391157470017 1.6763260663512538 -3.0005281487112843
2.9886237675029639 1.6775224009570033 -3.0020102790580281
2.9690737801232681 1.6785174665735263 -3.0031428107995062
2.9494976164985709 1.6793118805393521 -3.003927068618371
2.9299036216048981 1.6799063883363528 -3.0043645955476341
2.9102999980770878 1.6803014898533379 -3.004456505006305
2.8906948611151471 1.680496929486603 -3.0042025994274937
2.8710964034597741 1.6804911387497057 -3.0036004099675102
2.851513172221257 1.6802807585579873 -3.0026443775718117
2.8319544198234166 1.6798603860716099 -3.0013254251641501
2.8124304520316823 1.679222668374091 -2.9996311303888716
2.7929528642709198 1.6783588385448274 -2.9975466611064876
2.7735352928756636 1.6772572767477492 -2.9950523062141832
2.7542044722572232 1.6758738701515374 -2.992072479653006
2.7349642186555179 1.6742420146037404 -2.98866513076893
2.7158238993606911 1.672369482970498 -2.9848440033227033
2.6967909763415796 1.6702661415968216 -2.9806264089553043
2.6778714754113309 1.6679423505522795 -2.9760304709440022
2.6590706079440838 1.6654077154125022 -2.9710729813481427
2.6403934580904194 1.6626701888572237 -2.9657678659367765
2.62184555518275 1.6597356586164624 -2.9601254878936238
2.6034332437203673 1.6566079624494505 -2.9541526849323598
2.585163817874879 1.6532892197821309 -2.9478533476808848
2.5670454373382094 1.6497803484514348 -2.9412293120249604
2.5490868920103247 1.6460816233543516 -2.9342813194564186
2.5312973056199759 1.6421931598446289 -2.9270098452570319
2.5136858661415826 1.6381152483295984 -2.9194156698037923
2.496261639904966 1.6338485235719105 -2.9115001661478037
2.4790334774951734 1.629394005691611 -2.9032653681790497
2.4620099785338025 1.6247530767841876 -2.8947139290706629
2.4451994720241621 1.6199274473061775 -2.885849062472913
2.4286099867157085 1.6149191358253745 -2.8766745065502195
2.4122492113302521 1.6097304588270223 -2.8671945051266596
2.3961244582328742 1.6043640178079186 -2.8574137842387852
2.3802426396921854 1.5988226776908119 -2.8473375140373043
2.3646102504069235 1.5931095429548072 -2.8369712669226823
2.3492333392261262 1.5872279432035372 -2.8263209916984593
2.3341174625707173 1.5811814305381822 -2.8153930076153211
2.319267646543659 1.5749737694857726 -2.8041939857849689
2.304688428654349 1.568608880124172 -2.7927308519455525
2.2903840713164829 1.5620906947329152 -2.7810105446609605
2.2763590124377058 1.5554229152619106 -2.7690396089193463
2.2626185495421409 1.5486087005943077 -2.7568236752039899
2.2491696703800881 1.5416503491581619 -2.7443669349337667
2.2360218684526458 1.5345490624069824 -2.731671755495455
2.2231877300103515 1.5273048753575844 -2.718738577680992
2.2106830735661465 1.5199168165784411 -2.705566196967871
2.1985264493650942 1.5123833257324859 -2.6921524714965548
2.1867378753708127 1.5047029122336706 -2.6784954245443333
2.1753770699653789 1.4968604253418378 -2.6645706221080641
2.164442977760288 1.4888649310600968 -2.6503937327172036
2.1539120374926983 1.4807323614385481 -2.6359916356280348
2.1437757978920913 1.4724721827908807 -2.6213804692319393
2.1340237764238927 1.4640938422733094 -2.6065762773900079
2.1246455985243209 1.455606081395652 -2.5915938851979154
2.1156327315266821 1.447016509443811 -2.5764462126199805
2.1069795260990127 1.4383314679667203 -2.5611440712681155
2.0986835534384358 1.429556127564932 -2.5456963422056624
2.0907453490463785 1.4206947340040281 -2.5301103944252414
2.0831677386316683 1.4117509206079975 -2.5143926054868757
2.075954968994326 1.4027280120507566 -2.498548861368278
2.0691118568879641 1.3936292668450563 -2.4825849506945667
2.0626431179409241 1.3844580330715193 -2.4665068141567508
2.0565529543087191 1.3752178189206459 -2.450320654219448
2.0508448851124181 1.3659123002413303 -2.4340329430709149
2.0455217354342849 1.3565452952635344 -2.417650378515205
2.0405856869726868 1.3471207309994639 -2.4011798273158433
2.0360383274535447 1.3376426134533614 -2.3846282750976471
2.0318806818502044 1.3281150033489415 -2.3680027852543843
2.0281132371781867 1.3185419947200183 -2.3513104626207637
2.0247359756287779 1.3089276943601496 -2.3345584188839346
2.0217484174572147 1.2992762024159281 -2.3177537402702386
2.0191496626809804 1.2895915954586905 -2.3009034594880915
2.0169384240978347 1.279877912336284 -2.2840145322231042
2.0151130672002173 1.2701391412886929 -2.2670938160302656
2.0136717039121712 1.2603792065452157 -2.2501480499543978
2.0126124043315374 1.2506019554357362 -2.2331838386062599
2.0119536808469944 1.2408106550805851 -2.2162073994256861
2.0116802201455202 1.231009831070369 -2.1992261073002606
2.0117868734374103 1.2212033360699288 -2.1822464788414404
2.0122743261627729 1.2113948377668275 -2.1652748865919969
2.0131453363619709 1.2015880408856392 -2.1483178298620196
2.0144051192617751 1.1917867842105727 -2.1313821143752238
2.0160613647032086 1.1819951486222766 -2.1144750398965426
2.0181237552045834 1.1722175486918294 -2.0976045442954323
2.020602918219105 1.1624587734402594 -2.0807792424767779
2.0235088366915273 1.1527239416471533 -2.0640083009579859
2.0268487690099937 1.1430183399310623 -2.0473010946036667
2.030642791021775 1.1333487559228572 -2.0306699850580183
2.0348746659607819 1.1237192632140816 -2.0141215365353915
2.0395160732720834 1.1141320522055478 -1.9976586867746833
2.0445529149368191 1.1045900482950595 -1.9812860761409039
2.0499719765150659 1.0950958990396513 -1.9650078905266786
2.0557620266191674 1.085652172245273 -1.9488282376297521
2.0619143397376214 1.0762615257742765 -1.9327514568274591
2.0684361012090786 1.0669290874774631 -1.9167866458586063
2.0753225347230266 1.0576583160663893 -1.9009396503710028
2.0825576995051511 1.0484504422840164 -1.8852121201990166
2.0901390959197341 1.039308817443328 -1.8696097837770556
2.0980651774820656 1.0302369952365413 -1.8541387488248244
2.1063347833285357 1.0212386599434033 -1.8388053608675317
2.1149467191480569 1.0123175556706301 -1.823616068027498
2.1238995031488948 1.0034774303203122 -1.8085773163104597
2.133191245605782 0.99472199768857616 -1.7936954803266818
2.142819608568217 0.98605491296712877 -1.7789768196458102
2.1527817986735069 0.9774797542990179 -1.7644274466369627
2.1630745679980725 0.96900000541509757 -1.7500532964233499
2.1736942182868915 0.96061903840736085 -1.7358600971760505
2.1846366124786938 0.95234009804994757 -1.7218533433085983
2.1958971947809172 0.94416628859689689 -1.7080382732192705
2.2074710148886236 0.93610056215358139 -1.694419849883986
2.2193527528882897 0.92814570764287718 -1.6810027424999294
2.2315367535275752 0.9203043437392443 -1.6677913152839874
2.2440170972659197 0.91257892779474126 -1.6547896450779758
2.2567877477327629 0.90497180148665357 -1.6420016048583659
2.2698428069047716 0.89748529589263648 -1.6294310534193737
2.2831926097950062 0.89012917071314712 -1.6170952051850143
2.296819652525262 0.88290100511663172 -1.6049893387313396
2.3107159149630401 0.87580216547780843 -1.5931155780032142
2.3248781379193111 0.86883623282875577 -1.5814800262117996
2.3393046120877874 0.86200772503922529 -1.5700904558351638
2.3539951863558182 0.85532226108196963 -1.5589565933464449
2.368950955560579 0.8487865636032178 -1.5480901142271484
2.384173598114502 0.84240823755351746 -1.5375042395751977
2.3996643966676534 0.8361952877623704 -1.5272128710314601
