-0.58263824789236096 -1.718778570265332 2.9876054674873771
-0.59803280477807486 -1.7145064388217119 2.9806724534763411
-0.61353250585630437 -1.709995196731406 2.9733285377220429
-0.629310893232084 -1.705184093455419 2.965473760305616
-0.64541754882039359 -1.700044132883453 2.957059405760412
-0.66181514649646711 -1.694572515145397 2.9480794974457321
-0.67840706731230871 -1.68878802349659 2.9385636433532172
-0.69506555049097507 -1.682724425540066 2.9285664594370928
-0.71165749929506172 -1.6764228002475281 2.9181550618276759
-0.7280644393772191 -1.6699242510063901 2.907397050828461
-0.74419480687275408 -1.663264179493444 2.8963509660698179
-0.75998813232264839 -1.6564689527639891 2.8850606411928439
-0.77541227927000433 -1.649555200690952 2.8735539037409401
-0.79045614798864605 -1.642531332062531 2.861844980159054
-0.8051209225967747 -1.6354002981994069 2.849939017160616
-0.81941273958333904 -1.6281623758112269 2.8378366793678418
-0.83333841873875791 -1.620817008759283 2.8255372097639189
-0.84690416111154554 -1.6133634413739419 2.8130394870898532
-0.86011590437675967 -1.605800539394735 2.8003417264978032
-0.87297989718692592 -1.598126435395854 2.787440882875392
-0.88550275730075778 -1.590338415194674 2.774332455890828
-0.89769115257800258 -1.582433024457627 2.761010664966673
-0.90955171088778486 -1.5744060444837551 2.7474684046203439
-0.92109156860211516 -1.566252010506527 2.7336964268605661
-0.93231922478005558 -1.5579633958190859 2.719681954112668
-0.94324453386925822 -1.549530280346904 2.7054081050490568
-0.95387641327313477 -1.540941803225226 2.6908563408054458
-0.96421770345433233 -1.5321903894300031 2.6760136291031889
-0.97425837392897841 -1.5232784793458569 2.6608838928381688
-0.98396970813525542 -1.5142259973628309 2.6455007680661491
-0.99330214885199963 -1.505076069351559 2.629937440117708
-1.002188415241464 -1.495896675172977 2.6143095995381551
-1.0105520724111849 -1.486776631985129 2.598768745183456
-1.018320333905198 -1.477815351485795 2.5834848332680931
-1.025438483172447 -1.469107380617511 2.568619941608469
-1.031883864751306 -1.4607225459356199 2.554294307505717
-1.0376755147446839 -1.452685595293995 2.5405513633090062
-1.0428730688444201 -1.444964833077282 2.5273380224751971
-1.047590532199572 -1.437433207925503 2.5144377094033001
-1.052057803550327 -1.4297320947072349 2.5012363233211228
-1.056376896758368 -1.421649066818905 2.487369077574785
-1.060549913887207 -1.4131170631451739 2.4727199024742439
-1.0645422933555571 -1.40413193182115 2.457280563300781
-1.068297731500099 -1.3947432983931389 2.441135297241309
-1.0717535565646381 -1.3850376991815709 2.4244320692602672
-1.0748535112818349 -1.375117562218813 2.4073465586830771
-1.0775551575443501 -1.365082888475952 2.3900506594591389
-1.079832341691916 -1.3550173645846679 2.3726885053739579
-1.0816736741790609 -1.344980385024614 2.3553626085134591
-1.0830784874039101 -1.335005579097309 2.3381311861719269
-1.0840520306424919 -1.3251047704642169 2.3210148725478388
-1.0846013736290629 -1.3152752768422129 2.304009236180113
-1.0847328753511249 -1.305507704101841 2.2870982008778178
-1.084451247136452 -1.295791643124824 2.2702638829407942
-1.083759588626688 -1.2861181684592049 2.2534909192962478
-1.082659661789684 -1.276479851000671 2.2367664977416988
-1.081152015896268 -1.266869861189432 2.220078807681773
-1.079235977701698 -1.257281404298783 2.2034160618907368
-1.076909668392201 -1.247707807597882 2.1867666479683652
-1.0741700855553831 -1.238142806160605 2.1701196257671551
-1.071013095458035 -1.2285803987806581 2.1534644776390519
-1.0674331733511131 -1.2190141382457429 2.1367898715156062
-1.063423046379075 -1.2094365842128409 2.1200827026285358
-1.058973913717588 -1.1998402854630461 2.1033298011850432
-1.054077228533723 -1.1902214112478251 2.0865242748250812
-1.048728676053065 -1.1805858382752541 2.0696761700259469
-1.0429339883483739 -1.1709558894532761 2.052824317714109
-1.0367151896957001 -1.1613751587556591 2.0360448775359341
-1.0301152652119581 -1.151909198712219 2.0194526695599619
-1.023199163865657 -1.1426407870724971 2.0031930076435871
-1.0160494404271421 -1.1336596396831231 1.9874237529550529
-1.008755863689224 -1.1250478374148369 1.972289762889579
-1.0013989045238989 -1.116862524936342 1.9578924304810921
-0.99402901056224113 -1.1091190464914731 1.9442598532147399
-0.98664785553953938 -1.1017808360887309 1.9313287584904359
-0.97917097987033086 -1.0947348579798899 1.91890084321268
-0.97132599659215169 -1.087716200610968 1.9065091119004149
-0.96287066063356597 -1.080524201883079 1.893798744323637
-0.95369732926282369 -1.073096473974565 1.880658446058582
-0.94376536625517882 -1.0654322044010509 1.867085581525155
-0.93309224709806193 -1.0575748339575191 1.853155907605466
-0.92174309267730958 -1.0495968685335471 1.838996955087695
-0.90981209851909028 -1.041582095435919 1.824756670349849
-0.89740300741305534 -1.0336106794743789 1.810577015151549
-0.88461167032847654 -1.0257485466639711 1.796575054638107
-0.87151335977561672 -1.018041793021734 1.782832891227506
-0.85815675640152878 -1.0105161488842349 1.769396555141683
-0.84456467726732098 -1.0031804108127269 1.756281969623938
-0.83074006484517204 -0.99603213473741126 1.7434849911012369
-0.81667440538852742 -0.9890635859830007 1.7309919676470711
-0.80235531011573791 -0.98226622957242826 1.7187877442616339
-0.78777106256630902 -0.97563300083533655 1.7068597324754751
-0.7729119524984579 -0.96915872864910535 1.6951986836241599
-0.75776973176472062 -0.96283967452547004 1.6837978742113779
-0.74233677422427147 -0.95667302966920242 1.6726522095423999
-0.72660580848906586 -0.95065672365039366 1.661757884312564
-0.71057016578083421 -0.94478945647673396 1.6511124456418149
-0.69422396654357743 -0.93907069877158755 1.640714799024922
-0.67756183456860219 -0.93350052848181098 1.630564916907568
-0.66057845869883869 -0.92807944861277469 1.6206635097982161
-0.64326914741702657 -0.92280854454883854 1.611012315474561
-0.62563278516502974 -0.91769030040707955 1.601615602081593
-0.60767784374413403 -0.9127300553696448 1.592482871876139
-0.58943052973633392 -0.90793762148165291 1.583631909167432
-0.57094263420907465 -0.9033283091204064 1.575090793492167
-0.55229601157940089 -0.8989226854937149 1.5668976168033879
-0.53360098021234259 -0.89474474218984701 1.5590972617720029
-0.51498701130794611 -0.89081859296851307 1.551735401686666
-0.49658558308228629 -0.88716423676706813 1.5448506446746559
-0.47850663601382548 -0.8837931926402891 1.5384662626853309
-0.46081144998899731 -0.88070490887951214 1.5325831529818861
-0.44348573761028892 -0.87788475619707462 1.527175549372775
-0.4264121181010867 -0.87530340006016782 1.52218910305874
-0.40934670041512461 -0.87291819876696819 1.5175425957921449
-0.39198096055971782 -0.87068673039651334 1.5131532358955171
-0.37408643550265103 -0.86858643022443771 1.508975039857074
-0.35555490272996088 -0.86661509580358853 1.5050009217468301
-0.33637572350665501 -0.86478333971819799 1.5012489382992971
-0.31661234532677901 -0.86310835437483624 1.4977507806944279
-0.29637702546270023 -0.86160891364498593 1.4945423544741081
-0.27580440662879802 -0.86030170854639809 1.491656634975929
-0.25502797422512091 -0.85919925191898161 1.489119326991363
-0.23416240848470521 -0.85830925836385596 1.486947257430671
-0.2132936002263848 -0.85763516302773501 1.485148971876002
-0.19247647216352201 -0.85717729685586075 1.483726703958161
-0.1717391193979389 -0.85693422073487646 1.482678810937897
-0.1510905773715098 -0.85690383388471358 1.4820019280110059
-0.13052908269324801 -0.85708407063817527 1.4816924247045391
-0.1100483317645283 -0.85747321006195854 1.4817471302788039
-0.089640773676838592 -0.85806995348382731 1.4821635675386109
-0.069298529736174466 -0.85887343016465367 1.4829399904558691
-0.049013261622051718 -0.85988321165823534 1.484075405051722
-0.02877605757040649 -0.86109933561110907 1.4855696071713731
-0.0085776454898068618 -0.86252231635819288 1.487423207276666
0.01159138469785804 -0.86415314779407881 1.489637642140911
0.031740724715170601 -0.86599333210341878 1.492215220260229
0.051880665344604199 -0.86804493765650781 1.4951592125187521
0.072021556478514909 -0.87031058115259385 1.498473837590037
0.092170922713162698 -0.87279309579770115 1.5021637745065
0.1123272953804785 -0.87549460608013807 1.506232746872082
0.13247141180694119 -0.87841488180415894 1.5106809385212889
0.15255723130177071 -0.881549164106461 1.515501500320459
0.1725061385246309 -0.88488599084035224 1.5206769595080489
0.19220738625932371 -0.88840575491040019 1.526176709688954
0.21152662395686311 -0.89208075452953428 1.531956840017513
0.23032265501801391 -0.89587732628037908 1.5379633225122831
0.24847075494819451 -0.89976031466560658 1.5441390472504599
0.26588964099655787 -0.90369975397280466 1.5504345783647131
0.28256778001722549 -0.90767909188024898 1.556821599977434
0.29858639029148543 -0.91170434988341542 1.5633080844435281
0.3141507067638134 -0.91581713904056239 1.5699598872595879
0.32959213508515423 -0.92010193362037662 1.5769132781781019
0.34520107571430347 -0.92464459785268194 1.5843081737957589
0.36111773127001717 -0.929497442417758 1.5922309250258551
0.3773672565556479 -0.9346825143588452 1.60071895171839
0.39389379668485258 -0.94019660377082592 1.609768383941651
0.41058837809530629 -0.94601625477547624 1.61934189653637
0.42731743526731059 -0.952104837202705 1.6293800931038209
0.44394785974168349 -0.95842031229435865 1.639814197023725
0.4603654844740856 -0.96492229184054745 1.6505777173450289
0.4764854679396493 -0.97157726122074317 1.6616151799024701
0.49225454840764449 -0.97836125626565529 1.672886694854798
0.50764673020819095 -0.9852599221159245 1.68436818904026
0.5226551204785419 -0.9922665356703978 1.696048228137143
0.53728313490373758 -0.99937909464171593 1.7079232414849179
0.55153779615610676 -1.0065977118349669 1.719993212206826
0.56542632617889432 -1.0139231247436049 1.7322591992111049
0.57895547030380956 -1.0213563681612621 1.7447227906667291
0.59213203372876921 -1.028899072454948 1.7573866043229791
0.6049633009501868 -1.036553761060935 1.770254790022004
0.61745688403798926 -1.0443238581046601 1.7833330474827911
0.62962038042977098 -1.052213572539314 1.796628436003429
0.64146148712225914 -1.0602280650137941 1.810149659985685
0.65298877062700356 -1.0683741158725779 1.8239082024769271
0.66421238902478164 -1.076660906205904 1.837919655937837
0.67514330522284971 -1.0850998026752681 1.852203373399004
0.68578966648607476 -1.0937017840306511 1.866778121250916
0.69615041754878515 -1.1024718970053511 1.8816526712431669
0.70620815945611148 -1.1114016987885731 1.896812928501552
0.71592425653545544 -1.120461959499105 1.912209441827434
0.72523866666565007 -1.129598231164783 1.927749735308012
0.73407553890372867 -1.1387313644060251 1.943299033829611
0.7423542746573657 -1.1477643258044761 1.9586917347373249
0.7500038937687411 -1.156594984246055 1.9737531164680071
0.75697831643387981 -1.165134007272316 1.9883298688650179
0.76327009250720657 -1.1733264311220251 2.0023270324400748
0.76891658271688224 -1.181169814182488 2.0157392491200938
0.77399680755970335 -1.188724586904701 2.0286687812360649
0.77868429365902647 -1.1962172772221691 2.0415026765078861
0.78320478238741675 -1.2040201339605441 2.054878759237496
0.78759904347708565 -1.2122551186779991 2.069007006275708
0.79184986910197219 -1.220958876765627 2.0839513993875429
0.79590966361080073 -1.2301098200135889 2.0996759918341068
0.79971450074594541 -1.2396374413848721 2.1160606143794691
0.80319996639455615 -1.2494431643309201 2.132936502513807
0.8063122905327591 -1.2594212299096801 2.1501221315893071
0.80901382267699773 -1.269475555594723 2.167452246882108
0.81128378474023066 -1.2795315490131109 2.1847982995380111
0.81311536433808562 -1.2895412290899539 2.2020774031231349
0.814510925659231 -1.2994819917670859 2.2192503409409849
0.81547708906107541 -1.309350546780583 2.236311214690287
0.81602101905712898 -1.3191546324681891 2.2532732086375842
0.81614849448402504 -1.3289055311785929 2.2701556863623762
0.81586347475822396 -1.3386135814858069 2.2869764320495229
0.81516837422935218 -1.3482869612498281 2.3037495347318382
0.81406436373895785 -1.3579324103404351 2.320486630764357
0.81255146487618934 -1.3675562360237909 2.3371986420739579
0.81062855036590142 -1.377164666463 2.3538963883290518
0.80829340452473641 -1.3867636034707369 2.370590156934834
0.80554281431356145 -1.396358419800563 2.3872893492343441
0.80237249822146595 -1.4059543538977439 2.4040031662760089
0.79877677086475907 -1.415557358778994 2.4207420890188689
0.79474824885250062 -1.425174385104701 2.437518377440262
0.79027840590540532 -1.434811676985597 2.4543431024775999
0.78535992051810644 -1.444470290894162 2.4712183148291902
0.77999118295360592 -1.454139587829262 2.488125638614048
0.77418226665756107 -1.463790875782798 2.5050150810542751
0.7679607507007381 -1.4733737460880929 2.521798511857428
0.76137535900562969 -1.4828170386819279 2.538351224830548
0.75449543176618061 -1.4920353667198389 2.5545232530278872
0.74740484252538197 -1.5009408623225831 2.5701598936183379
0.74018993441843639 -1.509458671303312 2.5851289059279421
0.7329216820136546 -1.5175444713262229 2.5993513881499131
0.72563548551315038 -1.525199493484396 2.612828402097076
0.71831145831683418 -1.5324806944843909 2.6256591849721231
0.71081579442761134 -1.5395444646613909 2.6381186140620838
0.70285842684313982 -1.546664073366643 2.6506886980209399
0.69425611748639171 -1.5539818494119131 2.6636214568193002
0.68492619426115675 -1.561537534637188 2.6769882130752261
0.67484677089068523 -1.5693171873077729 2.6907654841729922
0.664050690969336 -1.5772671011711059 2.7048592700100298
0.65261195542705253 -1.5853104633247359 2.719134310946302
0.64062690945173184 -1.593364320807271 2.7334440387878862
0.62819561669760715 -1.601353052196572 2.7476544695587091
0.61540605478801103 -1.609217351561238 2.7616602393907832
0.60232372632182551 -1.6169180956094069 2.7753916155657961
0.58898796721906288 -1.624435470611364 2.788813096113536
0.5754145326009541 -1.6317646630049321 2.8019158687382451
0.56160253760941481 -1.6389099465292609 2.8147073612652478
0.54754270941126093 -1.6458791350794939 2.8272013858076219
0.5332239254749328 -1.6526798583926321 2.8394114914690332
0.51863649070940787 -1.659318029543619 2.8513482113401469
0.50377257204001125 -1.665797861869504 2.8630190786734402
0.48862532949975662 -1.6721224437328721 2.8744296485075052
0.47318816367389999 -1.678294164162661 2.8855842575273409
0.45745464101156202 -1.684314798133447 2.8964861740066139
0.44141879241654391 -1.690185439213316 2.9071374721445848
0.4250751387324751 -1.69590654392733 2.9175391081238988
0.40841815869277048 -1.7014781567136299 2.927691325765037
0.39144177300073918 -1.7069000831454619 2.937593972101221
0.37414022513323147 -1.712171597154273 2.9472459637337338
0.35651181240920271 -1.7172903844633249 2.956643344331165
0.3385658816913717 -1.72225084294483 2.9657761297983591
0.32033174516927859 -1.727042343904873 2.974625027752773
0.30186670811900318 -1.7316482806598521 2.9831595472547381
0.28325997297023608 -1.736046569124899 2.9913387477286562
0.26462975587294829 -1.740211856864698 2.9991151516953942
0.24611218080579089 -1.744119226061503 3.0064414931373058
0.2278421463831202 -1.74774875777634 3.0132792000324709
0.20992792129554599 -1.751090081328778 3.0196070406499
0.1924226772085228 -1.7541459526547529 3.0254281808060308
0.17529684111138971 -1.7569340784375951 3.0307741784251649
0.15840739948085161 -1.7594878948923871 3.0357072599188242
0.14147358370877269 -1.761854832546073 3.040318050017969
0.1241712887360346 -1.764078119991904 3.0446912063760192
0.106287054989517 -1.766177036976639 3.0488665686166181
0.087732310503217628 -1.768150528981943 3.0528449875585508
0.068514503256032672 -1.7699855387081751 3.0566036259408982
0.04871257054248259 -1.7716632464464519 3.060107506727487
0.028450069390688369 -1.7731640621352169 3.0633189702930528
0.0078678887478931762 -1.7744711566673439 3.0662046145568311
-0.01289925428720441 -1.775572336507425 3.0687392517379171
-0.033739640732405797 -1.776460417219758 3.0709070637519469
-0.054573128585623527 -1.77713248612548 3.0727005845739388
-0.075351670772521306 -1.7775885777960541 3.0741184221459719
-0.096053614615150523 -1.7778302779144799 3.0751626682959259
-0.11667479620398059 -1.7778596330380849 3.075836741541774
-0.13721976556106741 -1.777678523773808 3.076144036373512
-0.15769561664173501 -1.7772884390173529 3.076087345811644
-0.17810915406173189 -1.776690466326081 3.0756687591054019
-0.19846651469171031 -1.775885327258812 3.0748897114969211
-0.21877372290620331 -1.77487338234695 3.0737510096119269
-0.23903704429037889 -1.7736546162875111 3.0722528165081999
-0.25926286444767671 -1.772228634855449 3.070394642666173
-0.27945750526339858 -1.770594669557507 3.068175348495735
-0.29962748027862263 -1.768751548205246 3.0655931010944659
-0.31978012926424021 -1.7666976100051111 3.062645246383255
-0.33992368597514278 -1.764430647359744 3.0593282103685659
-0.36006524183723371 -1.7619480997179391 3.055637773301163
-0.38020541316131379 -1.759247796222644 3.0515701945911982
-0.40032996853701452 -1.756329430608442 3.0471245139287402
-0.42040054076518241 -1.753196650988357 3.0423058895730768
-0.4403477131610985 -1.7498592979632701 3.037129265257192
-0.46006968887649019 -1.746335084739735 3.031622239517052
-0.47943869678699791 -1.7426499498060071 3.0258258700328291
-0.49831568655847253 -1.738836438527338 3.0197923150609589
-0.51657204299019754 -1.7349297780805659 3.0135786924388608
-0.5341156655101269 -1.730961686864855 3.0072371471911419
-0.55091753891610529 -1.726952437864689 3.000801910266834
-0.5670348215010883 -1.722902031580307 2.9942747100248028

-3.8390261618053119 1.1800467129534 -1.934091244273678
-3.835166792682136 1.1718239642259229 -1.919967677775154
-3.830862081232739 1.1634430392714421 -1.9055836417686469
-3.8260341906293061 1.154796295318582 -1.8907550724287621
-3.8206381536093099 1.1458555230385381 -1.875434475867541
-3.8146589275413021 1.1366456245292771 -1.859665432466252
-3.8081104276859361 1.127229351612316 -1.8435561957510469
-3.8010294148508041 1.1176895513692171 -1.8272491298224129
-3.7934662147003229 1.1081124363261881 -1.810892017049474
-3.7854745865905421 1.0985744490725371 -1.7946156163433109
-3.777102778448608 1.089133998568762 -1.7785196224130639
-3.7683875655829469 1.0798285922690849 -1.7626678793430099
-3.7593521805596999 1.070676743467226 -1.7470917463248801
-3.7500079399468502 1.061683108742929 -1.7317989455591569
-3.740358239026055 1.0528447060624799 -1.716784210064471
-3.7304028555174158 1.044156062978234 -1.702038069282767
-3.720140773010804 1.035612024837343 -1.687551627014098
-3.709570951382239 1.0272083292171821 -1.673317532941224
-3.6986917349291071 1.0189410221508619 -1.6593289895345491
-3.6875000707978161 1.0108058613722271 -1.6455787422115291
-3.6759912973853779 1.0027982495889449 -1.6320589701741679
-3.6641594131173729 0.99491351429939645 -1.6187617628736599
-3.651997067448097 0.98714696894761267 -1.6056792261902939
-3.6394945531528089 0.97949335798135362 -1.59280255184054
-3.6266379586216888 0.97194594492355368 -1.5801204939394069
-3.61340813996192 0.96449624532386447 -1.5676189375961731
-3.5997831167025569 0.95713575069312551 -1.5552838120127881
-3.5857461631583432 0.94986017552667545 -1.543108200959086
-3.5712986558941342 0.94267550846709625 -1.531102433839971
-3.5564751927842631 0.9356031825522747 -1.5193025827110911
-3.541353732080827 0.92868337530225609 -1.5077758706227951
-3.5260623042014649 0.92197178615252995 -1.4966148886968531
-3.5107646421787679 0.91553767782035367 -1.485934636517203
-3.495658922236959 0.90944337150040788 -1.4758370546912709
-3.480910314011556 0.90375740390099768 -1.4664358377241431
-3.4666954681392541 0.89848551945903898 -1.4577356058063959
-3.4529866126231301 0.89366634531646516 -1.4498040723644301
-3.4397980766370702 0.88916828658085301 -1.442412940489485
-3.426734781979254 0.88499349913141001 -1.4355778406515201
-3.4131987841059281 0.88078303198704033 -1.4286952610672401
-3.3987573728936371 0.87656669995625236 -1.4218298690880751
-3.3833665086271751 0.87224290541968708 -1.414807081387085
-3.3669654339429091 0.86788476318751728 -1.4077553337973889
-3.349697259224437 0.86351368917875082 -1.400707400189954
-3.331725509448991 0.85920419870565734 -1.3937873784272941
-3.3132575343340909 0.85500879082592673 -1.387079921916597
-3.2944827571469091 0.8509790967560994 -1.3806687195542631
-3.275558474967164 0.84714884977238536 -1.3746074369447729
-3.2565907924380251 0.84353831926389056 -1.3689279695623919
-3.237634754239163 0.84015447066217175 -1.3636407164886259
-3.2187028627362531 0.83699584325601306 -1.3587427700639829
-3.1997809676178171 0.83405661337151071 -1.354224472395424
-3.180844266512544 0.83133024792151977 -1.3500752589400951
-3.1618685178089061 0.82881136780551956 -1.3462865466835341
-3.1428343444367348 0.82649623325572874 -1.342852444583897
-3.123726595606918 0.82438241509318622 -1.3397692035474651
-3.1045321526043632 0.82246837409647811 -1.337034554291342
-3.0852386493349879 0.82075324353276913 -1.3346473693985961
-3.065834609458947 0.8192368014745619 -1.3326076112314169
-3.0463100171408928 0.81791946938320081 -1.3309163122291561
-3.0266560847615231 0.81680224034550297 -1.3295754576485961
-3.0068639943605411 0.81588657637317674 -1.328587845741892
-2.9869240136490309 0.81517438882592252 -1.327957080567381
-2.966827483924463 0.81466813932734128 -1.3276876866785201
-2.9465736197015291 0.81437090708937776 -1.3277850202286861
-2.9261806704795692 0.81428611573166476 -1.328254458570431
-2.905698163471838 0.81441666142924385 -1.329099520419085
-2.885215551111624 0.81476344510929211 -1.330319062608335
-2.864863104100734 0.81532363937654695 -1.331904251796679
-2.8448025292572039 0.81608926911159685 -1.3338363899074199
-2.8252069666309749 0.81704677673591031 -1.336086765758558
-2.8062323268021481 0.81817814877529815 -1.33861947222194
-2.7879833104964371 0.81946395454529031 -1.3413976954591931
-2.770480312771002 0.82088817728713359 -1.34439308155446
-2.7536313374293022 0.82244444461363253 -1.3475973750304671
-2.7371769710156451 0.82414667912416784 -1.351042526268285
-2.7206633766623618 0.82603972437335238 -1.354819909471684
-2.7037393492378312 0.82817086765973169 -1.3590220293037141
-2.686261741120521 0.8305709840558656 -1.363706680499873
-2.6682168958386629 0.83325691338146091 -1.3689034385642029
-2.6496835764420181 0.83623152544714741 -1.3746148930775011
-2.6308011724621512 0.83948490458023195 -1.38081965983523
-2.6117352624486552 0.84299778837824391 -1.3874793767254869
-2.5926476244619381 0.84674610977148768 -1.394547475874377
-2.5736741829033232 0.85070565600048398 -1.4019779184213721
-2.5549128724794068 0.85485588766738052 -1.409732175027278
-2.5364215661685439 0.85918219820919528 -1.417783201398582
-2.5182241515732748 0.86367635717198399 -1.426116022308977
-2.5003213759859482 0.86833539365268664 -1.4347254702243399
-2.482702385438929 0.87315963999952639 -1.443612448709469
-2.465353472044669 0.87815084625797513 -1.4527804027176461
-2.4482625074562292 0.88331101637903342 -1.4622331691801891
-2.4314197989839261 0.88864206943337198 -1.4719743644322769
-2.4148172866012971 0.89414598778083931 -1.4820076650765599
-2.3984477563159419 0.89982501876577736 -1.49233718104707
-2.3823047212081021 0.9056816967217356 -1.5029674973116769
-2.366382670861122 0.91171873849134599 -1.513903485397964
-2.3506770589422299 0.91793902561505991 -1.525150272923594
-2.3351837867764229 0.92434579855477661 -1.536713595555403
-2.3198987455742839 0.93094287443815749 -1.548600187928626
-2.3048186273206661 0.93773434123751076 -1.5608172295275291
-2.2899441039082942 0.94472306789683091 -1.573369668481517
-2.2752853875896819 0.951907725762137 -1.5862548953040021
-2.2608686462682619 0.95927875610841229 -1.5994555656698539
-2.2467407559363011 0.96681442605923118 -1.612932626520061
-2.2329699929091831 0.97447841832830351 -1.6266211211050741
-2.219641236919967 0.98222026004744256 -1.6404310765789389
-2.206845573622465 0.98997943687546386 -1.654254942934791
-2.1946655504360089 0.99769334468676218 -1.6679818091370631
-2.1831583344348551 1.005308515788351 -1.6815173534164269
-2.1723396173514669 1.0127938667117291 -1.694807271912941
-2.162171420439392 1.0201540138469789 -1.7078607069600511
-2.1525507961994719 1.0274446956153831 -1.720777296334522
-2.1432983903943819 1.0347914908518969 -1.73377993504926
-2.1342194066927642 1.0423521271941201 -1.7471476594648521
-2.1252057605834271 1.050232499147765 -1.7610671219915179
-2.1162319064355128 1.058478639313891 -1.775618813110315
-2.1073260564371008 1.06709121302202 -1.790803032630089
-2.0985499895258108 1.07603604949371 -1.8065587375007539
-2.0899807142254878 1.0852562401691921 -1.82278504758722
-2.0816948389269951 1.0946850807868751 -1.839364130825166
-2.0737575017206109 1.1042576229041079 -1.8561815424528221
-2.066216441953951 1.113919280095 -1.873141308214973
-2.0591009169687 1.123630515012056 -1.89017407406795
-2.052424336373996 1.133367501850375 -1.907238173823756
-2.046188972154479 1.143119538999487 -1.924315006099576
-2.0403910059289072 1.152884676469796 -1.941401309456448
-2.0350245206321138 1.162665304608524 -1.958501402395495
-2.0300837928028721 1.172465067553301 -1.975621768862571
-2.0255640823825938 1.182287528560577 -1.9927687230209921
-2.021461604874689 1.192136104464329 -2.0099482965898878
-2.0177733395757178 1.2020144246090121 -2.0271668662337921
-2.0144969850223982 1.2119265039918341 -2.0444314547547142
-2.0116310410151508 1.221876630980905 -2.061749534166482
-2.0091748713568371 1.231869265503559 -2.0791288474838692
-2.0071286857156689 1.2419092644774701 -2.0965777996697592
-2.00549353472783 1.2520023599944661 -2.1141062858960482
-2.004271460512097 1.2621552239296241 -2.1317257988863569
-2.0034657797776552 1.272374080648405 -2.1494470178688561
-2.003081165434371 1.282661118792144 -2.1672735920897859
-2.00312297976396 1.293008982526995 -2.1851926209774728
-2.0035954448780648 1.303394839525835 -2.203164436422091
-2.004498717305101 1.3137761584340499 -2.22111537862021
-2.0058255228235762 1.324090153811474 -2.238936936487042
-2.007558458919815 1.334258151681289 -2.2564933893387149
-2.009669241262499 1.3441951238740959 -2.2736383410965399
-2.0121209892301128 1.3538235192764869 -2.290238604007742
-2.0148742209642041 1.3630898295135929 -2.306202705766728
-2.0178963824099601 1.3719811029378699 -2.3215092003644662
-2.0211741120736311 1.3805391193026399 -2.336230845110757
-2.024733499498832 1.3888857536952 -2.3505779136031628
-2.0286625002712571 1.397240658718645 -2.3649281404121631
-2.033059218324937 1.4057866015274141 -2.3795950758598821
-2.0379884078415151 1.414602454034386 -2.3947133533264222
-2.043485335855169 1.4236997381545551 -2.4103018611166012
-2.0495564219476852 1.4330420657213521 -2.4262973889074768
-2.0561815486057839 1.4425609828815189 -2.4425819970548859
-2.0633209909829362 1.4521733923049569 -2.4590129788026851
-2.0709246995123358 1.4617969938975901 -2.4754493198946141
-2.0789418555774941 1.4713617857673911 -2.4917713271432311
-2.087328728901034 1.480816541350066 -2.5078916080846509
-2.0960533268923172 1.4901301050362279 -2.5237571742917191
-2.1050962730676068 1.4992884258594461 -2.5393442778264812
-2.114448452339825 1.508289070637002 -2.5546489803034231
-2.124106994525913 1.5171353984811931 -2.5696771857131542
-2.1340715957184462 1.525832294371086 -2.5844373629982762
-2.1443425581687232 1.5343842545521269 -2.5989372895820781
-2.1549206382439432 1.5427953191579029 -2.6131839392765261
-2.1658077813548529 1.5510696907358861 -2.627184531237877
-2.1770076877366362 1.5592120923237749 -2.6409471329889831
-2.1885257783929721 1.5672276204164399 -2.654480406818418
-2.2003689669508302 1.5751214830806131 -2.6677931631424729
-2.212546074052312 1.582899187179349 -2.6808946722211382
-2.2250693264860142 1.590567337610246 -2.6937960029863439
-2.237956151699835 1.5981344295072839 -2.7065113407628791
-2.2512289995955999 1.6056103391033769 -2.7190571109339672
-2.2649104236879141 1.6130033140443489 -2.7314469153818952
-2.2790122426378652 1.6203144670635821 -2.743682324084296
-2.2935208300232088 1.6275314703375721 -2.7557423994059991
-2.308382934711867 1.6346238940098321 -2.7675760517119832
-2.3234970389673202 1.6415422777374391 -2.779100692511705
-2.338713511480925 1.6482216216495471 -2.7902082754334878
-2.3538459139764032 1.654589302677131 -2.800778664104862
-2.3686886696306328 1.660574302753083 -2.810695079760094
-2.3830496445636729 1.6661206021963999 -2.8198663115992559
-2.3968291982102912 1.671214881321512 -2.8282723023560581
-2.4101426734658471 1.675923599282735 -2.8360246610818471
-2.4232410966929931 1.68035235820713 -2.8432986857813689
-2.4364917040306571 1.6846321320389519 -2.8503101028391362
-2.450313332759138 1.688892776168194 -2.8572711429028468
-2.4649945551141048 1.6932079079815829 -2.8643005790012901
-2.4807212982535041 1.6976104920104551 -2.8714498824862731
-2.4974454056779738 1.702064237372046 -2.8786576596394982
-2.514993157663215 1.706503653859718 -2.8858157424358768
-2.5331536218595869 1.7108616911438399 -2.892814385085634
-2.5517186529779941 1.715080300391429 -2.8995593463159861
-2.570507132807176 1.7191151197386829 -2.9059792714289969
-2.58938469813048 1.7229377991251431 -2.9120291225211061
-2.608271042706507 1.7265348944963661 -2.9176880429036038
-2.627135463072237 1.7299043614983629 -2.9229534194554012
-2.6459829354265811 1.7330508546746131 -2.9278331623792502
-2.664836469290802 1.7359813420921431 -2.9323386436841101
-2.6837221478382771 1.738702164458789 -2.9364800560727078
-2.7026611973754351 1.7412178875862661 -2.9402646652039981
-2.721668920198939 1.743531427508024 -2.9436970586072539
-2.7407571558133772 1.745644612099178 -2.9467800439446461
-2.7599367260075209 1.747558594186841 -2.949515290572696
-2.7792181458915168 1.749273969044248 -2.951903511538323
-2.798610989010875 1.7507907423165361 -2.953944427210919
-2.8181234301020028 1.752108338876003 -2.955636794430013
-2.8377631646284671 1.753225709567491 -2.9569785635884029
-2.8575393711614598 1.7541414335034271 -2.9579669965047239
-2.8774635484877571 1.7548536740141021 -2.9585985648486259
-2.8975462561075789 1.7553599863407969 -2.9588687155685829
-2.9177881000955561 1.7556572126402299 -2.9587719613703989
-2.938166435875238 1.7557418353132319 -2.958302894316895
-2.9586221659811049 1.755611035964648 -2.9574584185806052
-2.9790518282583691 1.7552643754963779 -2.9562408990649778
-2.9993090455356328 1.75470565999414 -2.954661348985129
-3.0192174391791839 1.7539443253692339 -2.9527414377083572
-3.038594617227393 1.752995625342864 -2.9505130916513229
-3.0572845899090941 1.7518790521633669 -2.9480147800100571
-3.075194789750094 1.7506146825699 -2.945284068292894
-3.0923288543044438 1.7492178271444649 -2.942347361634706
-3.1088160476491411 1.7476921325319741 -2.939207070293667
-3.1249999024669179 1.746014827307913 -2.935813380355659
-3.1414062085751731 1.744130738704132 -2.9320548588114459
-3.1583327132217969 1.7419956102666989 -2.9278458667002272
-3.175876235440799 1.7395824333461609 -2.923136705001975
-3.1940154116899362 1.736878142399265 -2.9179053918260962
-3.212641736209993 1.733884017003825 -2.9121574209335579
-3.2315944871313751 1.730613725731649 -2.9059213189991571
-3.2506965580734191 1.7270892433628391 -2.899240492528965
-3.269783931083218 1.72333594770847 -2.892163846093597
-3.2887259604317038 1.719377881689597 -2.884736964347526
-3.30743475969782 1.7152341698383959 -2.8769956224763642
-3.325864205494768 1.710917231000386 -2.8689627210114308
-3.3440011304271708 1.7064329123962449 -2.8606487840499839
-3.3618526467862848 1.7017821246129681 -2.852055173703572
-3.379434016963232 1.69696310073878 -2.843178368937084
-3.3967604327304839 1.6919733095157781 -2.8340135271464741
-3.413843642706333 1.686810456138063 -2.8245563192433458
-3.4306920572151278 1.6814726205620949 -2.81480316601627
-3.4473120987797889 1.67595798023253 -2.8047507171445352
-3.463709159562836 1.6702645716355591 -2.7943954093278811
-3.479887716693109 1.664390283441411 -2.7837334509268099
-3.4958510876174178 1.658332974759368 -2.7727610341500148
-3.5116015297736798 1.6520904752280481 -2.7614743321999899
-3.5271408988108579 1.6456603446605831 -2.749869063137468
-3.5424712381118089 1.6390396024052989 -2.7379400033738341
-3.5575940600322382 1.632224987118355 -2.7256814592645631
-3.5725072524947601 1.6252143953252609 -2.7130898518904512
-3.587199655732678 1.6180097744614561 -2.7001688911190351
-3.6016448511409309 1.610621019141413 -2.6869365108786329
-3.6157966264992538 1.603069744726755 -2.6734315412918068
-3.6295884238234608 1.5953915369425371 -2.659717621281525
-3.6429381142626909 1.5876354274373981 -2.6458821460797028
-3.655758161955649 1.57985979983128 -2.6320288701819381
-3.6679699331042812 1.572124600737935 -2.618263985958853
-3.6795199446151088 1.564480428808559 -2.6046767369734809
-3.6903952603153929 1.55695575660228 -2.5913168234520918
-3.7006352123425401 1.5495440358327019 -2.5781717168119989
-3.710341782877407 1.5421891292224941 -2.5651411166640208
-3.7196856426473688 1.5347712026810929 -2.5520123362393079
-3.7288473733404972 1.5271437999952231 -2.5385262847447709
-3.7379295586278638 1.5192063998866721 -2.5245057787548109
-3.7469575652913938 1.5109142431926359 -2.5098725374743962
-3.7559048659203071 1.502266270975156 -2.494625528703053
-3.764712502639278 1.4932949630809269 -2.478822783037316
-3.77330675471674 1.4840546803335859 -2.462560670904995
-3.7816141467068731 1.4746092577659251 -2.4459519628907822
-3.7895720888946638 1.4650209292956069 -2.4291063278405312
-3.7971345728899419 1.4553420946236491 -2.4121159025730141
-3.804273217176426 1.445610851863689 -2.395047523636201
-3.810974751256909 1.4358503874865201 -2.3779417468219162
-3.8172365154372221 1.426071475130996 -2.36081731061378
-3.8230616444730559 1.41627667536341 -2.343678554911226
-3.8284552688659041 1.4064645624046881 -2.326522855707283
-3.8334223507605989 1.3966326691937001 -2.3093457907742021
-3.837966968173335 1.3867787312923641 -2.292143315500569
-3.8420923887095011 1.376900684453344 -2.274911756451913
-3.8458012933884009 1.3669962378632179 -2.2576470655460361
-3.8490958369044042 1.357062640296272 -2.2403444132555999
-3.8519775601766288 1.3470967620790579 -2.222998333198448
-3.8544473086304429 1.337095199247625 -2.2056029049882162
-3.856505236661333 1.327054032715886 -2.1881513370258379
-3.858150815695895 1.316968217189975 -2.1706349079735601
-3.8593826844345309 1.3068311749518911 -2.153042267793015
-3.8601983092447791 1.2966356527223251 -2.135360931931765
-3.860593732916858 1.2863767977934371 -2.1175826161882578
-3.8605639640214231 1.276057502572568 -2.099712480666557
-3.860104518735183 1.265694761576929 -2.081780092267969
-3.8592141962856972 1.255324912653432 -2.0638484175876561
-3.857898558066597 1.2450056157942659 -2.0460171446835158
-3.8561730611813712 1.2348130363969809 -2.028417710307326
-3.8540645353924652 1.2248336431798359 -2.0111990508234938
-3.8516097912634439 1.2151512211126629 -1.994505153165504
-3.8488505276736942 1.2058305210970259 -1.978446893144453
-3.8458243779034271 1.1968998163206099 -1.9630720970463109
-3.8425532572100161 1.1883363912327169 -1.948340763535537

2.4154230289556682 0.83015536854819827 -1.5172292546951911
2.4297864542500922 0.82490177090800332 -1.508565221143169
2.4446006412423169 0.81971180676573296 -1.5000250147408281
2.4600415430957012 0.81453384520153582 -1.4915245395029091
2.4761828228896552 0.80935659728692211 -1.48304647191567
2.4930173758828711 0.80419633038992788 -1.474618769154858
2.510476482525406 0.79908667565200597 -1.4662975965615179
2.5284522379615062 0.79406910401150343 -1.458151511958909
2.5468208761401581 0.78918483618460999 -1.450248160353667
2.5654632150776648 0.78446908383593117 -1.442644918787213
2.5842794889934102 0.77994794827441993 -1.435383973833193
2.6031970011210781 0.77563783325908997 -1.4284915360274031
2.6221706485251821 0.77154678881378913 -1.4219801829628329
2.641177945763213 0.7676769281704362 -1.415852894542835
2.6602113378421501 0.76402700374976207 -1.4101072817147939
2.679270896305217 0.76059441980605569 -1.404738851195557
2.6983595737432768 0.75737636809420994 -1.399742828778175
2.717481442228769 0.75437021504239277 -1.395114776590541
2.736641842414679 0.75157351024964592 -1.390850612318413
2.7558479432890892 0.74898395038565679 -1.386946563606879
2.7751088259425609 0.74659943572025456 -1.38339926849004
2.7944352084064739 0.74441817443414449 -1.380205947718524
2.8138395639503928 0.74243873483273271 -1.3773644987586371
2.833337155069342 0.74066002381293605 -1.374873489755208
2.852947384939573 0.73908129858606053 -1.372732220683262
2.8726934258273591 0.73770237359726187 -1.3709410704573639
2.8925974355245749 0.73652407099138462 -1.3695021324516681
2.9126699236908431 0.73554870374207404 -1.368419729753902
2.9328948487619391 0.73478015996565971 -1.367700110700433
2.9532148916519132 0.73422319323753205 -1.3673497747163039
2.973522250477151 0.73388183264263451 -1.367372440604069
2.9936593380825398 0.73375722384494357 -1.3677653288129681
3.0134319386417521 0.73384553121643692 -1.36851592605717
3.0326345927528631 0.73413669009924765 -1.369600591823315
3.0510853225636412 0.7346147305391646 -1.3709861686608229
3.068666987035972 0.73526020389832825 -1.372635434624575
3.0853646438629232 0.73605467778711853 -1.374516016896616
3.1012849615474551 0.73698626983834015 -1.3766105618816671
3.1167704368953868 0.73806291919628919 -1.378943171063858
3.1325581025664908 0.73933568147280226 -1.38162454016031
3.1489870741505901 0.74084379011671297 -1.3847328634906459
3.1661534427454572 0.74261308719521313 -1.388315798385765
3.184031625981345 0.74465907720139846 -1.39239942183442
3.202496553813623 0.74698423291139826 -1.396984235429428
3.221362435921356 0.74957874565843252 -1.4020476365273411
3.240424428621945 0.7524238632519209 -1.4075509582988039
3.2594925449687819 0.75549635693236339 -1.413448230554937
3.278415414639142 0.75877321527534569 -1.4196950267808279
3.2970915764080169 0.76223546622341365 -1.426255424410944
3.315468565338167 0.76587032026509261 -1.4331056887554201
3.333532694151716 0.76967136965491278 -1.4402343091173071
3.351294094184313 0.77363716235291502 -1.4476390769866101
3.368772378989044 0.77776902805438797 -1.4553228878407281
3.385987147693521 0.78206921573929011 -1.463290228725173
3.402954448970243 0.78653998335762187 -1.471545494901817
3.4196873000131092 0.79118357193544431 -1.4800929606932789
3.4361973422306362 0.79600254469096399 -1.4889374168045479
3.4524956843969572 0.8009999962002613 -1.4980845580376629
3.4685926633348152 0.80617948015285856 -1.5075408509456041
3.4844974280982628 0.81154486556027294 -1.5173132722475799
3.5002183266184441 0.81710044899575951 -1.5274095148903279
3.5157641088498841 0.82285140451601968 -1.537838803580261
3.5311445887419342 0.82880413200279113 -1.5486125180424399
3.5463686350603831 0.83496559435005657 -1.559742984442557
3.5614381095650471 0.84134077160008358 -1.5712388832837489
3.576338623616933 0.84792813335532047 -1.5830971292323039
3.591030296139389 0.85471414910400767 -1.5952930848723419
3.6054424081256999 0.86166858788025968 -1.6077722592015511
3.6194748820561382 0.86874243268157991 -1.6204467406069161
3.6330078083720712 0.87586985136381212 -1.633198897993783
3.6459183417390721 0.88297495959559813 -1.6458936034523051
3.6581023528768402 0.88998308128855708 -1.6583983872796271
3.6694980162124131 0.89683583975333114 -1.670610285457292
3.6801061019263681 0.90350755053715281 -1.682484841711666
3.6899995607836251 0.91001804007958165 -1.6940585962274199
3.699357216202241 0.91646450231050913 -1.705505272470903
3.708538270161553 0.92308963546608491 -1.7172560268269159
3.71777286056638 0.93007458969297863 -1.7296315268747069
3.7271177833442719 0.93748943372529625 -1.7427548325320019
3.736552325358184 0.9453491789883649 -1.756651313996257
3.7460036033134858 0.95362423214031822 -1.7712675191521461
3.7553695362474588 0.96225228781752647 -1.7864924635403601
3.7645421250553381 0.97115436612933037 -1.8021861073585059
3.7734250146332551 0.98024982730246546 -1.818205888280247
3.781944316631296 0.98946849200609011 -1.834428038244273
3.7900525475478379 0.99875833659122626 -1.850761028887675
3.797726579035158 1.0080880007117179 -1.8671498522053009
3.804961615279606 1.0174446250433671 -1.8835720939111611
3.811763614060093 1.0268284970701289 -1.90002843205816
3.8181424753906148 1.036246692555157 -1.916531419618849
3.824107568562074 1.045707903569459 -1.9330963926011451
3.829665894484731 1.0552196694742619 -1.9497366191930401
3.8348220657542118 1.064787818120964 -1.966462331446613
3.8395789509569509 1.074417039346208 -1.983281737917445
3.8439381956307992 1.0841115149611751 -2.0002021304105289
3.8479004067299352 1.0938750999177449 -2.0172302032952261
3.8514651660170558 1.103711171500924 -2.034371792746192
3.8546310934216241 1.113622562606738 -2.0516317631114989
3.8573960118608972 1.1236118409713101 -2.0690144954563312
3.8597570729488999 1.133681703675596 -2.086524574555678
3.8617106745154 1.143834743058082 -2.104166381015717
3.863252199884839 1.1540717125627309 -2.1219410802364251
3.8643759167660079 1.164387938372911 -2.139840405120768
3.8650755403758148 1.174768517497198 -2.15783835726993
3.8653458025946721 1.1851838341954399 -2.175883489877187
3.865184924817441 1.1955872153421201 -2.193894922087043
3.8645973887028262 1.205916212297627 -2.211764642643764
3.863596038025598 1.2160982827086591 -2.2293674129992391
3.862202439922366 1.226060728448974 -2.2465779884810102
3.8604446186751131 1.2357438685798581 -2.263293862370126
3.8583517089181179 1.245115734059965 -2.279460552202198
3.8559457250827212 1.254185952933573 -2.2950953970112309
3.8532303490822191 1.2630196539551519 -2.3103112963924262
3.8501762179026562 1.271752707645907 -2.3253426599223959
3.8467214147323019 1.280559597348256 -2.3404897819855761
3.8428034386857188 1.2895642955891951 -2.355965466079827
3.8383771689911939 1.29882027886643 -2.3718609578755392
3.833417743489846 1.308327965382921 -2.388176230396081
3.8279215022752009 1.318049161071198 -2.404845029757964
3.821903929099058 1.327921477164419 -2.4217597809033111
3.815394488111536 1.3378728170575449 -2.4387965195013321
3.808429797098869 1.347833760118569 -2.4558361315757762
3.8010466961570182 1.3577464132630721 -2.4727794729458861
3.793276681908782 1.367568993692547 -2.489555137285723
3.785142720149119 1.3772762626533299 -2.506120110975449
3.7766587306381472 1.3868567437194801 -2.5224549402342999
3.7678312525177908 1.3963082212171469 -2.5385559857485971
3.7586621707163901 1.4056331858389 -2.5544276179065522
3.7491512282215802 1.414835517032438 -2.5700765473722589
3.7392975021859951 1.4239188591369101 -2.5855090575313362
3.7290997807744271 1.432886319130527 -2.600730492446961
3.7185563366428509 1.4417407341139381 -2.6157457132352619
3.7076646765317571 1.4504848969018329 -2.6305594811719959
3.696421538639306 1.4591215377148381 -2.6451764259081938
3.684823003188459 1.4676532191529661 -2.659600866929722
3.6728643864581518 1.4760823983738289 -2.673836918033996
3.6605397877307322 1.484411704745253 -2.687888954471175
3.6478417132297811 1.4926441041509499 -2.7017618861210129
3.6347618065971679 1.500782331579376 -2.715460196940255
3.621293877142806 1.508827052440801 -2.728984852289515
3.6074397477245381 1.5167737672766379 -2.7423281153019148
3.593217093006444 1.524609254696675 -2.7554676237077018
3.5786671346032519 1.5323088649718499 -2.7683619354709541
3.5638594654114968 1.539835946348699 -2.7809496810619749
3.5488914853098472 1.5471442193462761 -2.7931536581329608
3.5338807554243208 1.5541832420264969 -2.8048900650777568
3.5189498891021982 1.560906376074829 -2.8160818399146019
3.5042049666611641 1.567280108457519 -2.826674151038914
3.4897097475702972 1.573293245762345 -2.8366495405192982
3.4754595073841181 1.578964203121489 -2.8460397563200339
3.4613506777376291 1.5843479905850171 -2.8549369337750208
3.447140142840091 1.589544906788692 -2.8635074211806582
3.432511844890608 1.5946689407793759 -2.8719390715655431
3.4172507857302739 1.599785722178225 -2.8803390441569721
3.4012621212963419 1.604913073592239 -2.8887353379401759
3.384541341209903 1.6100374477714501 -2.89710435597316
3.3671537301434742 1.6151251007853049 -2.9053896341585821
3.3492107273716951 1.620132416087616 -2.9135190058373519
3.330844271204743 1.6250149829538629 -2.9214195483640819
3.312183714079358 1.6297342492455951 -2.9290284066556218
3.2933384747444552 1.634261308316751 -2.9362988270844812
3.2743884680188389 1.6385778771714741 -2.9432015622673942
3.2553826255899279 1.642675023637431 -2.949722622136298
3.2363440242993038 1.6465505459459331 -2.9558588909299819
3.2172786796724711 1.650206027520053 -2.9616132924625092
3.1981844019966479 1.6536444456372921 -2.9669909164623212
3.1790568487671491 1.656868791003927 -2.9719968108654511
3.1598918724879388 1.659881623938614 -2.976635284165313
3.1406852322645702 1.6626851469334729 -2.9809100223575342
3.121431544078118 1.665281359787369 -2.9848243258779812
3.10212382005072 1.6676720799958691 -2.9883811309924471
3.082753753337022 1.6698588506533409 -2.991582858911872
3.0633119204564081 1.6718428692341041 -2.994431298570678
3.043786948941499 1.6736250182963279 -2.996927634649357
3.0241636345465008 1.6752059326505651 -2.9990725070068152
3.004421609092939 1.67658592466824 -3.0008658410807092
2.9845374574369972 1.6777646323063631 -3.0023063023090502
2.964492824578707 1.6787404859912449 -3.003390617846283
2.9442884265077822 1.67951037746883 -3.0041134264186482
2.9239603350710688 1.6800700058530369 -3.0044683696420411
2.9035929631544461 1.680415145268628 -3.0044506796356529
2.8833235241045529 1.6805436696217799 -3.0040608202095571
2.8633345386091711 1.680457791771184 -3.0033081382071818
2.843833086714266 1.6801657439166751 -3.0022131466744231
2.8250192490812172 1.679682107750275 -3.0008071430789771
2.8070461354842342 1.6790261629394569 -2.9991281415359712
2.789977374218664 1.67821794740126 -2.9972127656457008
2.773761489424186 1.677272947298927 -2.9950862785727441
2.7581916119567418 1.676194289983953 -2.992747845632326
2.742628898666982 1.6749436184850739 -2.9901117385746572
2.726514430157287 1.673468544035114 -2.987070344035498
2.7096837523064679 1.671738233064697 -2.9835652960602239
2.692115602514694 1.6697323094773131 -2.979560665170728
2.6738992009052831 1.6674431828494649 -2.975046002016811
2.6552028070310052 1.664876796340691 -2.9700366825563309
2.6362302861821219 1.662049872169119 -2.9645678255093748
2.6171830837375811 1.658985560849062 -2.9586856088799571
2.5982318640762361 1.655708548936117 -2.952437940737525
2.5794997686598231 1.652240616250704 -2.945866259457925
2.561058633969417 1.648597696475312 -2.9390003290474151
2.5429360132282892 1.6447889074883859 -2.9318567720459692
2.525129057387542 1.6408174730970719 -2.9244410851674458
2.5076199311951162 1.6366828227677159 -2.916751741357638
2.4903877298994761 1.632382773312518 -2.908784328053708
2.4734143536916999 1.6279148897900371 -2.900534081459516
2.4566852432323998 1.623276817270134 -2.8919964833136271
2.4401878377441211 1.618466002791606 -2.883166732792076
2.42391029291166 1.6134793877526039 -2.8740391750566241
2.4078413834312951 1.608313383284413 -2.864607255662206
2.3919710055206829 1.6029640342395339 -2.8548638197312282
2.3762901685555682 1.597427036348734 -2.8448011414125429
2.3607900027261808 1.591697384589067 -2.8344102849466339
2.3454606613134721 1.585768892085798 -2.8236802383386141
2.3302921349966579 1.579634376347296 -2.8125982604794082
2.3152788610909161 1.5732875088552269 -2.801153223505163
2.3004281662812738 1.566726786445761 -2.789342745476588
2.2857700223104258 1.559960970309298 -2.7771829043383249
2.271364202372101 1.5530143827733129 -2.7647176270623501
2.2573014096881598 1.545930155178268 -2.752024348401569
2.2436965456335569 1.538769795398188 -2.739213058554153
2.2306740834886649 1.5316080172144251 -2.726416906834662
2.218347680534515 1.5245228240492961 -2.7137744128037689
2.2067968775394271 1.517581426387379 -2.7014043742025859
2.1960445852844819 1.510823433181478 -2.689376077757391
2.186044292938548 1.5042467804916171 -2.677684544008661
2.1766650643501171 1.49778932963252 -2.6662182057780619
2.1675988991932589 1.491250792031712 -2.654620899268854
2.1585286043491889 1.4843936940560061 -2.6424717859931262
2.1493571481858962 1.477119944396551 -2.6295980603756961
2.1400834962953992 1.4693974899846061 -2.6159441817201641
2.1307650494412842 1.461241707146681 -2.601538512731163
2.121496606444806 1.452706059629989 -2.5864765055897032
2.1123862101393458 1.4438665025590021 -2.5708929630875241
2.10353548913029 1.434805672189351 -2.554934064620852
2.0950266039710179 1.425599496513394 -2.5387337841233082
2.08691601521351 1.416307708856049 -2.522397273271261
2.0792346637973549 1.406969472709908 -2.5059932900328561
2.0719928322446961 1.397603984310672 -2.4895553890596109
2.0651873787181958 1.388214888034645 -2.4730897867968911
2.0588089603580482 1.3787965167390299 -2.4565863867023259
2.052847390723894 1.369339690925004 -2.4400289840673599
2.047294391167394 1.3598354484213511 -2.423401808191695
2.0421442123525271 1.350276414044532 -2.406691913133221
2.0373932069705121 1.340656636705654 -2.3898888827025102
2.0330392721516279 1.3309710073793981 -2.3729838056587842
2.0290815525688402 1.321214958959201 -2.3559687469512012
2.0255203554229131 1.31138453313759 -2.338836860974177
2.022357080475043 1.3014765056568429 -2.321582606362862
2.0195940691138041 1.291488281180007 -2.304201559371827
2.0172344503874529 1.2814176457988209 -2.2866899806181382
2.0152821248729871 1.2712629364712591 -2.2690451080259049
2.0137418927853719 1.2610243866809021 -2.251267491105307
2.0126194757050149 1.250707064701255 -2.2333660800847839
2.0119210078907099 1.2403250025481021 -2.21536536104656
2.011651668402576 1.229905271611575 -2.197312372762366
2.011813488290298 1.219490376677824 -2.17928078639649
2.0124028230929158 1.2091375321935469 -2.1613695757738931
2.0134083375772969 1.198913980405077 -2.143694848455481
2.0148104859893561 1.188888327865335 -2.126374826621638
2.016583339941004 1.179118715571881 -2.1095094153825431
2.0186992454712391 1.1696393125097171 -2.0931569530527261
2.0211362272849431 1.1604471637307441 -2.07731165842281
2.023887935463978 1.151489914671145 -2.0618826723271648
2.0269759549680662 1.14265443384416 -2.0466747264191172
2.0304527461677102 1.133785817888709 -2.0314211449180171
2.0343782755896429 1.1247579512063941 -2.0159053334244241
2.0387993193354239 1.11550699607265 -2.0000181516043889
2.043744056345338 1.1060215430064231 -1.9837406922556271
2.0492206060298659 1.096329302616706 -1.9671211900950429
2.0552182603477709 1.086483922161454 -1.9502522279373771
2.0617116988100852 1.0765514986536771 -1.9332475074905859
2.06866705288612 1.0665986027939971 -1.9162212924823681
2.0760484044934939 1.0566832576057239 -1.899272981852695
2.083823346874174 1.0468496789090409 -1.8824781693600541
2.091966586114455 1.037126835498047 -1.865886258933815
2.1004611764014629 1.027530132483109 -1.849523417212964
2.1092976764220839 1.01806497795079 -1.833398724789151
2.118472091137324 1.008730788407602 -1.817511050628783
2.1279836776920731 0.99952423286256098 -1.801854603864707
2.1378334127289782 0.99044115515095987 -1.7864222165555821
2.1480233280083731 0.98147732025775014 -1.7712066160901929
2.1585564196420282 0.9726285258618047 -1.756200615617362
2.169436693285081 0.96389058893090018 -1.7413970921977371
2.1806690982043331 0.95525942876658909 -1.726789128628992
2.1922593951389531 0.94673118979467408 -1.7123702221013981
2.2042141318690751 0.9383022707842682 -1.6981343340616111
2.2165407156911212 0.92996928927250178 -1.6840758307944259
2.22924713056852 0.92172928989690894 -1.6701898356646081
2.2423404361983339 0.91358067508915408 -1.656473795528566
2.2558232139266741 0.90552517933533372 -1.642930792338847
2.2696878267641529 0.89757069440556581 -1.629574262387306
2.2839095056327849 0.8897341404968423 -1.616432759579832
2.2984402626117721 0.88204324197792461 -1.6035528466909541
2.31320601118348 0.87453617320630106 -1.5909983949348641
2.328108988849372 0.86725848628034397 -1.578845336652855
2.3430367426112109 0.86025735117598678 -1.567171961952972
2.3578777158565551 0.85357377988104666 -1.55604592357274
2.3725422824533582 0.84723395036448612 -1.545509847492178
2.3869868361449988 0.84124105413252015 -1.5355679426587161
2.4012382573550699 0.83556887913165023 -1.5261756274110341
