0.25442560005802928 -2.4600734364376549 -0.24525050444162261
0.20451469871667671 -2.4673289473189581 -0.24796051709842434
0.1544493741411842 -2.4732467397461324 -0.25104719261061492
0.10426838343153304 -2.4778237502491991 -0.25451183745332617
0.054010571668677322 -2.4810588573436849 -0.25835518869654589
0.0037147389153790724 -2.4829527829824185 -0.26257746006744792
-0.046580482254274316 -2.4835079862893528 -0.26717838453013842
-0.096836726448852925 -2.4827285057978372 -0.27215726383607997
-0.14701597815236347 -2.4806197832549257 -0.27751301678331691
-0.19708049436118297 -2.4771873411587513 -0.28324454682284811
-0.24699343595295281 -2.4724418928634067 -0.2893492754543473
-0.29671785346174795 -2.466389822205012 -0.29582582456694961
-0.34621775154829143 -2.4590420642955748 -0.30267146395669275
-0.39545751151112196 -2.4504091950376563 -0.30988347475172978
-0.44440220653585227 -2.4405032094351449 -0.31745860487086552
-0.49301760177595588 -2.4293371027090416 -0.32539313976611328
-0.54127010554194543 -2.4169245305920057 -0.33368294694972228
-0.58912671699944719 -2.4032796024081753 -0.34232348380933092
-0.63655559405244933 -2.3884183899035851 -0.35130931292345902
-0.68352564509704838 -2.372357372692016 -0.36063448188709446
-0.73000662109269521 -2.3551136477743864 -0.37029239053067092
-0.77596948313483138 -2.3367056129282484 -0.38027554311041861
-0.82138639560844517 -2.3171526412528065 -0.39057558434507589
-0.86623035151883021 -2.296474167463014 -0.40118348931588038
-0.91047573642723045 -2.2746906842973522 -0.41208921180898522
-0.95409810504796655 -2.2518231159524129 -0.42328180896982343
-0.99707371125333222 -2.2278919750400634 -0.43474961253786953
-1.0393804211626039 -2.2029188025797155 -0.44647980527398812
-1.0809964250933695 -2.1769240697535732 -0.45845888465145374
-1.1219013478907902 -2.149928878737696 -0.47067218620837054
-1.1620753989327082 -2.1219536941731678 -0.48310416734502198
-1.2014993722613871 -2.0930184361157855 -0.4957383275647485
-1.2401553495925512 -2.0631433638689538 -0.50855697198999705
-1.2780255935138543 -2.0323477173694253 -0.52154143722736646
-1.3150932121970205 -2.0006506008802711 -0.53467189942820947
-1.3513422943457822 -1.9680711192507097 -0.54792735027524486
-1.3867571423542073 -1.9346275786901042 -0.56128567402758922
-1.4213229544473618 -1.9003382642067701 -0.574723491872279
-1.4550259629602529 -1.8652215706294122 -0.58821620194530932
-1.487852006826621 -1.8292947150778627 -0.60173803274878945
-1.5197905063227957 -1.7925773665827505 -0.61526197494389734
-1.550828356199786 -1.755086173906389 -0.62875984258584283
-1.5809549907681708 -1.71683937211988 -0.64220226104117351
-1.6101610250352518 -1.6778555180489103 -0.65555881166405916
-1.6384376180758446 -1.6381530142935377 -0.66879802229264018
-1.6657762452700551 -1.5977500238805629 -0.68188730183496193
-1.6921701932770898 -1.5566656384738464 -0.69479326865240332
-1.7176129571301664 -1.5149187362332479 -0.70748157965096059
-1.7420982030695829 -1.4725280911265517 -0.7199168881230138
-1.7656211924786698 -1.4295133905283131 -0.73206327513691782
-1.7881772719723401 -1.3858943017437997 -0.74388393527521424
-1.8097619102138074 -1.3416906406211753 -0.75534118111114135
-1.8303716616072114 -1.2969230467963497 -0.7663968585811648
-1.8500034910108987 -1.2516126463373749 -0.77701217453994098
-1.8686542298875928 -1.2057808849007736 -0.78714745914538897
-1.8863220095401128 -1.1594503926439608 -0.79676293664026454
-1.9030050754165364 -1.1126444386923977 -0.80581822503491152
-1.9187021528430459 -1.0653872264301498 -0.81427254969001539
-1.9334130773895379 -1.0177042511093459 -0.82208522596463618
-1.947138107195854 -0.96962205351623787 -0.82921534446082068
-1.9598779898060306 -0.92116835081374449 -0.83562184156092945
-1.9716365603167247 -0.87237296558849931 -0.84126564531477566
-1.9824157253794785 -0.82326608665281176 -0.84610591429320481
-1.9922204044853136 -0.77388000964214598 -0.85010400130699404
-2.001056697143714 -0.72424842445720838 -0.8532222496615548
-2.0089317340348467 -0.67440636462226189 -0.8554239736699728
-2.0158539848245787 -0.62439024622048023 -0.85667387538800421
-2.0218332442621776 -0.57423780119539769 -0.85693819917655378
-2.0268805876541447 -0.52398799237235605 -0.85618483971463866
-2.0310076306258766 -0.47368091680469993 -0.85438261103054947
-2.0342300910217808 -0.42335777607532676 -0.85150562609261649
-2.036560666731547 -0.37306064077794471 -0.84752499467745235
-2.038016128252643 -0.3228324571790705 -0.84241739684599815
-2.0386137884578943 -0.27271684289873527 -0.83616103862345348
-2.0383722178349366 -0.22275793947861522 -0.82873665962714627
-2.0373112997709999 -0.17300020883300843 -0.82012778877286197
-2.0354522611109211 -0.12348819832856107 -0.81032098839876121
-2.0328176741201993 -0.074266272415130064 -0.79930605171083147
-2.0294313455503867 -0.025378367903668757 -0.78707603245152136
-2.0253184937877378 0.023132415892253386 -0.77362775633703385
-2.0205059123631877 0.071224367529675522 -0.7589624295604982
-2.0150214017774473 0.11885730643182273 -0.74308496939780699
-2.0088935860958266 0.16599285069427247 -0.7260038945651931
-2.0021523562288919 0.21259527387663887 -0.70773247249842541
-1.9948286800929647 0.25863207740998995 -0.68828883142937125
-1.9869527979254216 0.30407271984723189 -0.66769265409812872
-1.9785558617031924 0.34889073418239508 -0.64596879573211408
-1.9696688486368947 0.393063236148747 -0.62314544169883723
-1.9603222206506936 0.43657098859506716 -0.59925367388901152
-1.950545782878651 0.47939872948302337 -0.57432751934990123
-1.9403684201365858 0.52153534644758304 -0.54840376079425812
-1.929817850843351 0.56297396791066334 -0.52152164352123942
-1.9189203956054655 0.60371204314049531 -0.49372263476127909
-1.9077007166481137 0.64375130829132332 -0.46505009420395271
-1.8961815880196216 0.68309782842146893 -0.43554911339159325
-1.8843838763096525 0.72176239343015047 -0.40526676332713452
-1.8723259439791078 0.75975933339136714 -0.37425059478113298
-1.860023988498793 0.79710758126466608 -0.34254976504227919
-1.8474913830906905 0.83382918680612028 -0.31021343580926269
-1.8347388652729761 0.86994985483114751 -0.27729141874791441
-1.8217743371656934 0.90549812323976941 -0.24383341955955437
-1.808602744838423 0.94050475294219049 -0.20988863973251642
-1.795226102011847 0.9750025755627908 -0.175505867231848
-1.7816434375350345 1.0090259492706295 -0.14073322780740821
-1.7678506106692691 1.0426097640291569 -0.10561762462139819
-1.7538408050444845 1.0757900357762995 -0.070205486883321302
-1.7396041083755256 1.1086026945814988 -0.0345421417758459
-1.7251277277737793 1.1410835463543161 0.001327900689541876
-1.7103958640998689 1.1732677299211969 0.037360994447583076
-1.6953910949133661 1.205190701021555 0.073513664905843906
-1.6800919126576523 1.236885472189051 0.10974365422072635
-1.6644753037502182 1.2683846669367269 0.14600875937900717
-1.6485157652732059 1.2997191751752823 0.18226722800594697
-1.6321856092277247 1.3309180521809822 0.21847757782861579
-1.6154551184631349 1.3620082190413247 0.25459853269218635
-1.5982928078227636 1.3930142675382904 0.29058892521358509
-1.5806653776597115 1.4239581838349851 0.32640752990020666
-1.5625384062211296 1.4548590799097911 0.36201325868491446
-1.5438760987008715 1.4857329199607276 0.3973649172317445
-1.5246411702998286 1.5165923681715436 0.43242089515307025
-1.5047974588731312 1.5474465676019125 0.46714047006280263
-1.4843059511356709 1.5783008270014507 0.50148155000499939
-1.4631290386931759 1.6091565506018073 0.53540281892421449
-1.4412288611127571 1.6400110835142598 0.56886267370350718
-1.4185689653974531 1.6708575656201836 0.60182018277575777
-1.3951129927729697 1.7016847817880161 0.63423415544757311
-1.3708264230302165 1.7324771850516669 0.6660641306689743
-1.3456767248961712 1.7632149174196388 0.69727041867982065
-1.3196337466848305 1.7938738613538054 0.72781434319227822
-1.2926696084260021 1.8244256633147002 0.75765814932962738
-1.2647595428476932 1.8548379738453677 0.78676555487174216
-1.2358818038524779 1.8850746194502999 0.81510165274605673
-1.2060179346742343 1.9150958211856024 0.84263311166928667
-1.1751531105296094 1.944858478124412 0.86932848549562758
-1.143275791096978 1.9743163239706654 0.89515791817042045
-1.1103781713715761 2.0034203276091618 0.92009349638936766
-1.0764559784217833 2.0321188983450607 0.94410907982302006
-1.0415085422053814 2.0603581650959115 0.96718036166334309
-1.0055388410965693 2.088082258481355 0.98928492249742472
-0.96855297435606558 2.1152332720722087 1.0104016701396163
-0.93056159003511385 2.1417523632641147 1.030512211291849
-0.89157777402885086 2.1675787037124188 1.0495987240677573
-0.85162083279067857 2.1926525102009076 1.0676479001346373
-0.81071032189772507 2.2169107640381367 1.0846445900654862
-0.76887215583732016 2.2402923286110088 1.1005783295163054
-0.72613493164306919 2.2627352989461329 1.1154393607601711
-0.68253129199062379 2.2841785303165767 1.1292201643991677
-0.63809847384183627 2.304562972331444 1.1419163428713766
-0.59287590608049945 2.3238290331390816 1.1535235482379766
-0.54690755106440103 2.3419200453440072 1.164040637355235
-0.50024055841518678 2.3587810704094831 1.1734680500689199
-0.45292532423883047 2.3743594866724651 1.1818080299245812
-0.40501529734957825 2.3886052485894522 1.189064520821272
-0.35656677895086747 2.4014711524154935 1.1952430691333502
-0.30763870437259871 2.4129130352186974 1.2003506908586439
-0.25829241719541401 2.4228899578294514 1.2043957535338383
-0.20859144575387245 2.4313643629631887 1.2073878539819087
-0.15860120229682712 2.4383016573998457 1.2093373337351707
-0.10838912968058334 2.4436728827241905 1.2102568400172005
-0.058023858137334482 2.4474512067945002 1.2101587830256464
-0.0075753772914798961 2.4496149233319029 1.209057156580587
0.042885398425564165 2.4501460622043369 1.2069664861214777
0.093286943739892839 2.4490324018976253 1.2039028953804527
0.1435574811365852 2.4462657392000815 1.1998829207579549
0.19362527786929182 2.4418425513291879 1.1949237983125192
0.24341929175248492 2.4357655901130517 1.1890442439663271
0.29286928071138874 2.4280416493264285 1.1822631209511181
0.34190645418989868 2.4186831065164114 1.1746002399211459
0.3904639095188322 2.4077075867512434 1.1660761173794003
0.43847707289257903 2.3951377853692226 1.1567118503709726
0.48588359033335754 2.3810000183787916 1.1465283469963115
0.53262455706869005 2.3653263196232812 1.1355474578452229
0.5786441124655699 2.3481521835960901 1.1237908469609021
0.62388990224755547 2.3295168214270534 1.111280196242074
0.6683132975114362 2.3094628015060561 1.098037105042966
0.71186959880567735 2.2880357103993139 1.0840830098270435
0.75451820917493817 2.2652838136197539 1.0694391317476342
0.79622276427769811 2.2412576726372362 1.0541264291970154
0.83695093364501683 2.2160094346800707 1.0381653739201453
0.87667533429641942 2.1895935088727105 1.0215764744607714
0.91537320885563722 2.1620656249928731 1.0043799588406168
0.95302568781314156 2.1334817460138948 0.986595361848289
0.98962007264783314 2.1038999464220209 0.968242794674541
1.0251471707510564 2.0733774263884786 0.94934148399644347
1.0596036925918146 2.0419724016025378 0.92991107796648564
1.0929908507057047 2.0097424836512947 0.90997095440455844
1.1253146178314937 1.9767446436048763 0.88954044810985411
1.1565856557894911 1.9430348934986688 0.86863890814999389
1.1868191107411192 1.9086679173865662 0.84728571373161943
1.2160343632068416 1.8736967237498361 0.82550029539744241
1.2442547890672888 1.8381723354254997 0.80330220238693639
1.2715070334024159 1.8021432954761267 0.7807109790615776
1.2978210212165495 1.7656556383668933 0.75774634542010655
1.3232295402405938 1.7287526494597398 0.73442821580231099
1.347767830023525 1.6914746589932672 0.71077676248388555
1.3714729353695208 1.6538587970128336 0.68681239550386086
1.3943835529223088 1.6159390246126699 0.66255588326819936
1.4165396229315155 1.5777460657367293 0.63802839513659726
1.4379819411350592 1.5393073458899773 0.61325159552402497
1.4587517038083979 1.5006469471154336 0.58824769981258773
1.478889902910256 1.4617855966862208 0.56303939867289843
1.4984370928619435 1.4227407706807664 0.53764994945047084
1.517433205061077 1.3835267730317118 0.51210332696487326
1.5359167770884798 1.3441546993776188 0.48642412735388801
1.553924503449434 1.3046325419400582 0.46063753692627918
1.5714916590070478 1.2649655288218951 0.43476953776175581
1.5886509617091686 1.2251559376597021 0.40884681626294417
1.6054326753518549 1.1852033836198828 0.38289682310495687
1.6218644527738337 1.1451050089039327 0.35694777516424381
1.6379710962610365 1.1048556042078252 0.33102869911520649
1.6537742379280729 1.0644477071007623 0.30516946238101184
1.6692925893419033 1.0238720286284606 0.27940063110482782
1.6845415891286388 0.98311755017380509 0.25375345455107601
1.699533252594791 0.94217174182111729 0.22825978475002043
1.7142761027488336 0.90102084109627878 0.20295194107600137
1.7287749180656051 0.85964987226266154 0.17786288479801557
1.7430317702448448 0.81804395901163174 0.15302497971164061
1.7570438592854727 0.77618661109088583 0.12847191695710777
1.7708053841571345 0.7340616867330868 0.10423687025810459
1.7843067246521855 0.6916527712670042 0.080353387974084853
1.7975348252707728 0.64894384067536037 0.05685479194490739
1.8104727065334452 0.60591894026262638 0.033774832239961791
1.8231004018465433 0.56256324895680687 0.011146613556769727
1.8353943516199001 0.51886256300316835 -0.010996443398907855
1.8473282859070383 0.47480440381205702 -0.032621907769903945
1.8588730627860883 0.43037788553019379 -0.053697912574402887
1.86999715244378 0.38557416548639378 -0.074193545169953176
1.8806669541095755 0.34038673581710943 -0.094079099540915326
1.8908471127861386 0.29481168399747842 -0.11332635490011335
1.9005006622239211 0.2488477272494331 -0.13190847968486033
1.9095898293675888 0.20249667257606546 -0.1498007182901635
1.9180760896104896 0.15576329224198326 -0.16698018029232214
1.9259201113874587 0.10865519146584224 -0.18342559053051988
1.9330830754705781 0.061183402894924924 -0.19911853630943904
1.9395261696043644 0.01336184295289233 -0.21404257020449419
1.9452105053953361 -0.03479283299333405 -0.22818297874680946
1.9501006086081447 -0.083260058166395742 -0.24153008971032255
1.954159322947673 -0.13201767290183308 -0.254073945331802
1.9573531227112899 -0.181040134340471 -0.26580937289155387
1.9596501089139049 -0.23029965574138508 -0.27673376071469097
1.9610207625135592 -0.2797662854742583 -0.28684759925720993
1.9614382177184935 -0.32940820316947089 -0.2961545487467841
1.9608783911320795 -0.37919206206965356 -0.30466136020053991
1.9593199372970034 -0.42908334969148454 -0.31237766932308675
1.9567434090312408 -0.4790467413000935 -0.31931523776406195
1.9531350423024936 -0.52904626737688176 -0.32549062488673086
1.9484792146161296 -0.57904586827166493 -0.33091948695732665
1.9427653099893125 -0.62900937336112994 -0.33562154781942488
1.9359836698172597 -0.6789007742540466 -0.33961756817702304
1.9281268741823032 -0.72868439272329344 -0.3429301775373626
1.9191893623598113 -0.7783250318710726 -0.34558352524954478
1.9091662367078523 -0.82778788820770932 -0.34760250923429048
1.8980551472805181 -0.87703894285421358 -0.34901381626355993
1.8858542179050466 -0.92604468462697087 -0.34984465249636454
1.8725631554228106 -0.97477236524058009 -0.35012331561999449
1.8581829624895077 -1.0231900111682986 -0.34987893900728456
1.8427153926844548 -1.0712662967085467 -0.34914115941620188
1.8261631972744845 -1.1189706134366038 -0.34794018269919852
1.8085326024062165 -1.1662740746060773 -0.34630763515550955
1.7898271150074181 -1.2131472206689349 -0.34427399433166084
1.770053491430879 -1.2595622269356648 -0.34187089952715927
1.7492195426262533 -1.3054921675940392 -0.33913010595765303
1.7273332795330356 -1.350910591634811 -0.33608314070148043
1.7044037143007265 -1.3957918573778909 -0.33276146671722256
1.6804407523185056 -1.4401110802206831 -0.32919632841947272
1.6554539626481148 -1.4838433963399551 -0.32541841206368149
1.6294542485108321 -1.5269648400712725 -0.32145814266185996
1.6024524972521221 -1.5694515207734616 -0.31734530957551432
1.5744595442235854 -1.6112794625084481 -0.31310905645838116
1.5454868791157248 -1.652424979745077 -0.30877794525405045
1.515546386534451 -1.6928644465691756 -0.30437985888017854
1.4846500237792821 -1.7325739652056564 -0.29994193835899219
1.452809804833471 -1.7715292103700695 -0.29549058683400198
1.4200389796215478 -1.8097063104904645 -0.29105145995250647
1.3863507597591158 -1.8470807473754796 -0.28664942731681081
1.3517587279552572 -1.8836275595217649 -0.28230858313057072
1.3162780157591378 -1.9193223908359736 -0.27805211182191453
1.2799234764706591 -1.9541397075555229 -0.27390245336518459
1.2427114232794489 -1.9880544063709371 -0.26988113803536995
1.204660715487355 -2.0210431767331922 -0.26600847405871786
1.1657884643829262 -2.0530797103423342 -0.26230431005871246
1.1261147729271359 -2.0841399532024618 -0.2587872012601547
1.0856608139814505 -2.1142001133375681 -0.25547470560540864
1.0444489668354364 -2.1432368884937918 -0.25238334508197413
1.0025022391124288 -2.1712266923682702 -0.24952878479542265
0.95984556694051915 -2.1981475868179929 -0.24692542407093207
0.91650452868526644 -2.2239775654232687 -0.24458681902669388
0.87250544338818781 -2.2486946286191838 -0.24252571854106597
0.82787622622472257 -2.2722783530874864 -0.24075369865498816
0.78264532243559293 -2.2947081610023456 -0.23928163637349359
0.73684192455354347 -2.3159636311939491 -0.23811970401982016
0.69049630389868755 -2.3360252187887798 -0.2372772292609665
0.64364042726773496 -2.3548760521228815 -0.23676224672933943
0.59630537189496036 -2.3724957146820556 -0.23658323431248032
0.5485244226837398 -2.3888677753000023 -0.2367471349430153
0.50033140670267595 -2.4039760039675424 -0.23726043309667577
0.45176095069380684 -2.4178051023371823 -0.23812900709805868
0.40284852141508232 -2.4303410628010753 -0.23935807699890865
0.35363038689702797 -2.4415713736465525 -0.24095219787348326
0.30414353873195638 -2.4514851794942309 -0.2429152634923431

-2.7942857601885871 0.93652901408728417 0.42933886624506451
-2.7738680396661737 0.86349631712099095 0.45288968729571766
-2.7494532052674172 0.79107609946815505 0.47441941994914305
-2.7211420587722732 0.71947553196358904 0.49382329921017826
-2.6886946166928536 0.64901967242942449 0.51078781229524406
-2.6523060359797941 0.57994382851852944 0.52524686918827046
-2.6124375115273675 0.51235167454614128 0.53733871240748698
-2.5692133431101212 0.44644675868803124 0.54700931495099703
-2.5222875245747107 0.38275408598746902 0.55383691603017238
-2.4723968903048759 0.32114251805287286 0.5582523990438143
-2.4197090363504459 0.26177249790605606 0.56028659503601586
-2.3641792492828944 0.20501619159192333 0.55979366779055129
-2.3060133514419308 0.15104101206460765 0.55686541371774723
-2.2456152482684559 0.099743187369914693 0.5518145655988409
-2.183151472678976 0.051222894933443293 0.5447641786505848
-2.1185467367501341 0.0059631211493163128 0.53562487303310491
-2.0521760264842888 -0.036258186131864718 0.52477403025157188
-1.984251323386885 -0.075498282060108113 0.51245023471588913
-1.9149120408333165 -0.11173114330722088 0.49883641077786733
-1.8441515335042684 -0.14458464976587571 0.48400959957449463
-1.7722225446626558 -0.17432861014756387 0.46827666679136126
-1.6992895886978903 -0.20110388337344628 0.45185277818833641
-1.6254652488501826 -0.22495198935937538 0.43489901304184481
-1.5508435138987593 -0.24586429059613635 0.41755126845739765
-1.4754798031501071 -0.26364036898281895 0.39991337132753541
-1.3995706021368395 -0.27871088040981407 0.38210580982900294
-1.3232185078881027 -0.29116548846554224 0.36417032910132269
-1.2465263672850482 -0.30110558003311438 0.34610828079218281
-1.1695912264344765 -0.30853551279615204 0.32786665760080774
-1.092519156550027 -0.3134673925535435 0.30935654176541005
-1.0154327000416874 -0.31628361618031015 0.29047094419805636
-0.93843647377468853 -0.31712318089921609 0.27103256676892568
-0.86125435784025828 -0.31537895152244699 0.2524243369616489
-0.78331521109585944 -0.30944304649435034 0.2385110119553297
-0.70496826139039059 -0.30024054829387248 0.22963357573542537
-0.62661974437822276 -0.28804949384073969 0.22579676068429652
-0.54860182852979666 -0.273433042623207 0.22700559855170066
-0.4712118286909795 -0.25684848979304403 0.2332964392436849
-0.39487473040005505 -0.23825421634940647 0.24478750986653255
-0.32070346353740231 -0.21734083337026003 0.26363653023101513
-0.25036413909875799 -0.19562281316659069 0.29320604526228017
-0.18241943946645722 -0.17807193398751703 0.33028225351608315
-0.11538476202253364 -0.16606688183733143 0.37103042519005741
-0.048141047193544798 -0.16178056929819978 0.41289979009697148
0.01907349219999753 -0.16462688059720204 0.45503822912103847
0.084562700961431467 -0.17124281627996382 0.49944781811724637
0.14944569790533682 -0.17794757619626009 0.54475000854801869
0.2147457568720568 -0.18292620601073617 0.58967563738992512
0.28053226517907248 -0.18639264247116186 0.63403269342274526
0.34686231050491334 -0.18843959146913414 0.67766287364732669
0.4137282599448584 -0.18931629991891979 0.72050553630798875
0.48116902053809812 -0.18910478879667933 0.76244504997671547
0.54921677939835145 -0.18786778697499723 0.80337358757571942
0.6178989397672775 -0.18564377726318129 0.84318548944417882
0.68723777444602285 -0.18244673944530446 0.88177495863098476
0.75725875174037705 -0.17825347061497987 0.91901523352680881
0.82803645791808156 -0.17292912637571223 0.9546444255523947
0.89950152233216307 -0.16651584300840211 0.98868216720186797
0.97164467036826219 -0.15893702238976104 1.0210032092684644
1.0444450619252628 -0.15010293056414345 1.0514778454875739
1.1178685753131166 -0.13991453689041564 1.0799731153308934
1.1919054577441732 -0.12814550343824616 1.1061793804327185
1.2664717350493633 -0.11467709768323672 1.1299476342947636
1.3414401359020141 -0.099507494888899456 1.1512931717690911
1.4167049403986618 -0.082538908593032992 1.1700886028825324
1.4921435878587057 -0.063656533955668101 1.1861771352107859
1.5675954926981401 -0.042498910002571111 1.1990451330915546
1.6428797161093509 -0.019288995507785598 1.2089969723896983
1.7178229485574608 0.0060211824560169255 1.2159464163474771
1.7922291288213936 0.033498080387103737 1.219772218797156
1.8657667565377791 0.063464437355699913 1.219965201064469
1.9383211120214558 0.09558657364861381 1.2169655089276439
2.0096831974781209 0.12984843342243541 1.2107480473180081
2.079550138894148 0.16633458102655979 1.2011230027544912
2.1475615871088136 0.20512338478764758 1.1878895658753639
2.2136809982710117 0.2459016618050838 1.1714581886867379
2.2777005695552801 0.2885957845793713 1.1518661282314455
2.3391226921750792 0.33332383824867479 1.1288063794214862
2.3978445725429109 0.37986597132375272 1.1025322232514561
2.4538208214650576 0.42800365069177443 1.0733091924731579
2.506847019346981 0.47763027661512458 1.0412029691501901
2.5562228467019885 0.52881533910384004 1.005882691225209
2.6022990715020096 0.58117772794821598 0.96794014707278153
2.6449306759720237 0.63457535880072602 0.92749252332675347
2.6836845857870841 0.68891852441107249 0.88448322975453608
2.7183501455995396 0.74403189866804531 0.83903354893026194
2.7491782891274079 0.79967232691884738 0.7915129707455566
2.7760786532960786 0.8556767606984329 0.74206473350133839
2.7983449426073292 0.91188331468352313 0.69058448064340694
2.8164332655762911 0.96807236635103233 0.63747928135063048
2.8303974983833706 1.0240699770647161 0.58294563768906038
2.8400161696198638 1.0796804351721541 0.5270886916033104
2.8449206722030134 1.1346550133230759 0.4700019308755698
2.8456637900942408 1.1888792847934324 0.41200455980013845
2.8422651421612373 1.2421876151680435 0.3532531629711011
2.834316135226628 1.2942816434033104 0.29385556556094122
2.8220486931959807 1.3450175369124182 0.23402011580730928
2.8058055550062067 1.3943186424106273 0.17393480764692498
2.7856655494839924 1.4420391246087743 0.11374602319688532
2.7611309610754322 1.4877450155211798 0.053624571117276823
2.7328733249155626 1.5315382054342377 -0.0062799680651242674
2.7010648250340643 1.5733236991852004 -0.0658378965466484
2.6657745508977628 1.6129509358429941 -0.12491367852410805
2.626718582310954 1.6500017864879888 -0.18328868405580506
2.5845579830541565 1.6847155774341775 -0.24092973835837153
2.5394415192731752 1.7170133172117303 -0.2977327269721457
2.4914672446303405 1.7467728613582678 -0.35357808673284258
2.4404963937048381 1.7736177635275419 -0.40823422439128881
2.3870851152030337 1.7978647927341578 -0.46175655418996597
2.3313922921266133 1.8194810094490861 -0.51406777550349658
2.2735759313291921 1.8384437574103918 -0.56509580560384165
2.2135307236137023 1.85435565986239 -0.61456931978837692
2.1516891795997628 1.8675701808450862 -0.66259743206115551
2.0882222844536469 1.8781298289504675 -0.70913801113842678
2.0232715465121092 1.8860521812614153 -0.75413396290243706
1.9569026789016091 1.8912135110408821 -0.79743317753003629
1.8892282021572224 1.8935711374540549 -0.83891654724604148
1.8204886300136882 1.893404480305322 -0.87867441649121703
1.7507973012324933 1.890761392672597 -0.9166481891709285
1.6802608309629781 1.8856953494779327 -0.95277653491567238
1.6089323990094457 1.8780979262592585 -0.98685035970769319
1.5369251210495307 1.8680543672314596 -1.0187946355375876
1.4643760432020421 1.855796407032354 -1.0486669092632677
1.3913673597049925 1.841396215351752 -1.0763857906270438
1.3179778407794203 1.8249294685403743 -1.1018641954891075
1.2442715818768526 1.8063698003876691 -1.1248741136855154
1.1703304768566507 1.7857579841977842 -1.1452277720401449
1.0962554102626301 1.763347653421262 -1.1630207502970082
1.0221250137490618 1.7392291048860642 -1.1781474742044638
0.94802138210041043 1.7134965577639978 -1.1905029456838658
0.87404406940142132 1.6861615771377736 -1.1998025018760232
0.80030778680030146 1.6573095077222399 -1.2058603747577226
0.72689907188661707 1.6271779699732423 -1.2088525612260359
0.65391857086104266 1.5958794435848931 -1.2087288033165111
0.5814668963052555 1.5635292232886833 -1.2054696099822637
0.50975138084704075 1.5301164295177314 -1.1986186405392198
0.43877487681098204 1.4959068570180492 -1.188714809194146
0.36859676248168755 1.4610172844911362 -1.1759125109697801
0.29925784451720305 1.4255485745605831 -1.1603937441510501
0.23090984747819898 1.389518221997124 -1.1420257025334604
0.16335956299435736 1.3530859340728836 -1.1216124424716101
0.096470638163844602 1.3163046098077467 -1.0996957858365055
0.030479980958012787 1.2792713195979375 -1.0756037576555739
-0.033021834198935972 1.2423247516893487 -1.0455044548006072
-0.093988131449437656 1.2058889479681663 -1.010046953343535
-0.15213969603351168 1.1703656679085901 -0.96932831615602821
-0.20733394948121822 1.1362446510541901 -0.92357762840078117
-0.25852198053076775 1.1038754509869548 -0.87223904259903395
-0.30599674655664816 1.0734307650721737 -0.81638216451696111
-0.34939395191114891 1.0451616299797035 -0.75622745867231411
-0.38811760042033866 1.0184615574961682 -0.6922759602486559
-0.42136555653389407 0.99292629377733244 -0.62485632448335382
-0.44878724426937017 0.96835188064736211 -0.55452416012267947
-0.47071900883536488 0.94490231845246853 -0.4819261483267786
-0.4885336484075784 0.92268978470710805 -0.4077998162082046
-0.50514685198529508 0.9010458478716713 -0.33321295865566158
-0.52160012194241168 0.87969753051727362 -0.25850553778483937
-0.53779355605351076 0.85875481970112044 -0.18362681788318103
-0.55372874480105561 0.83823386144974577 -0.10857624924319252
-0.56943251910581227 0.81817252348603997 -0.033352921424640136
-0.584948968386658 0.79861011960846062 0.042040446528657814
-0.60034034730786889 0.77959063151788655 0.11759818020869503
-0.6156867163782811 0.76116178704503468 0.19331131541549187
-0.63109744974876969 0.74342137307009082 0.26917570729933843
-0.646744312809171 0.72663530117950215 0.34520854310060772
-0.66242288990757858 0.70982459537725551 0.4212116468710092
-0.67667998882204794 0.68821292706342552 0.49624983648583004
-0.6891125706096739 0.66094325832072665 0.56975096446886231
-0.69945107671215578 0.62829605927124765 0.64135680322538924
-0.70753206517734468 0.59042202512600028 0.71064758851599019
-0.71362639642331982 0.54744032912192719 0.777115015993879
-0.71778618422233964 0.49964069883400813 0.84037799884284925
-0.71947867510402352 0.44701050756437438 0.89979968815472477
-0.71888674620256243 0.39040849185595722 0.95545041503317929
-0.71595833703344991 0.33005856257720462 1.0069357741403091
-0.71077289408349886 0.26632778059552642 1.0539719988490466
-0.70381461100224285 0.19954097164131609 1.0963369023186722
-0.69455932372883489 0.12974700659785904 1.1330268555490739
-0.68404188808953337 0.05733476214820328 1.1638055940939556
-0.67234943043071571 -0.017149504981448061 1.1886123353784661
-0.65936469422881672 -0.093180109307306372 1.2073945015302978
-0.64503498099724121 -0.17028938847828742 1.2196803594894861
-0.62890994907001652 -0.2478046324417362 1.2254479295055249
-0.61117774998929231 -0.32518076384883376 1.2251995348029088
-0.59167238732055316 -0.40189397755170791 1.2190955061154565
-0.57019612844435963 -0.47724487081302491 1.2062989498140839
-0.5466967455591043 -0.55082623250541352 1.1879731015396426
-0.52160494300937754 -0.62229994997049232 1.1642200596304826
-0.49486897244950406 -0.69093501270241564 1.1346129953763948
-0.46611214794437877 -0.75631083660209542 1.0999546805969658
-0.4358113194474838 -0.81826120025509896 1.0606253301338218
-0.40422081890671518 -0.87603065978477834 1.0162680254953287
-0.3712842292914621 -0.92959716244729595 0.96781510876308696
-0.33680758494862101 -0.97842574740846944 0.91557090365077465
-0.30056876308004393 -1.0216214801161221 0.85967944327894474
-0.26348159774641489 -1.0597349230657374 0.80073677509694807
-0.22621009346472742 -1.0927660723925507 0.73890750991272303
-0.18871303627505692 -1.1197187497370973 0.6743327116865232
-0.15110453973249718 -1.1409435538525641 0.60771444275564934
-0.11347442092144519 -1.1563132889435876 0.53953080267557951
-0.075922610669761359 -1.1652863240204416 0.47016536864274722
-0.038632225504943336 -1.1675135573122153 0.40011404414688195
-0.0016730487228479758 -1.163707578276366 0.32996948199565573
0.034864855270080611 -1.1539285237260706 0.26016388131091644
0.070806792284489439 -1.1374023276970819 0.1913334048000602
0.10605260605768842 -1.11462297036711 0.12395253252509633
0.14051122793139831 -1.0859738186347832 0.058430652716261376
0.17404511724954899 -1.0516163330029846 -0.0047976007885336056
0.20639266478763096 -1.0111090517931713 -0.064925966244680333
0.23749627911063409 -0.96522745383932262 -0.1217521009984435
0.26740943958987184 -0.91467006849090216 -0.17514725945522935
0.29586077448758907 -0.85941566289227378 -0.22453715361152823
0.32277075901614249 -0.79957909735054689 -0.26923323512862374
0.3478941339126127 -0.73563852427683563 -0.3090236315073126
0.37136660894519452 -0.66841668863083514 -0.34410326168822969
0.39309623846657371 -0.59829164507484611 -0.37433964651637969
0.41267521874722668 -0.52529591669591857 -0.39865860687472604
0.43022807312852296 -0.45022843034846249 -0.41757776313639539
0.44562764761435136 -0.37353669543883106 -0.43112835745437872
0.45873695978060219 -0.29564802229789761 -0.43918001089863701
0.46930347525468818 -0.21699218588368741 -0.44126465676340415
0.4775024523563412 -0.13808451088307289 -0.43810995781315515
0.48478930580369733 -0.059205845023153632 -0.43239975360072797
0.49198930001113289 0.019608864192424101 -0.42577019640925234
0.49866132552768444 0.098342354977195498 -0.41777960902227529
0.50449547776459513 0.17697212792940847 -0.40827249116558845
0.509290107710337 0.25546041384135065 -0.39715546443478983
0.51291795203625323 0.33376683196371881 -0.38442490026587323
0.51522075467486916 0.41183469365578629 -0.37002648796464449
0.51616926335076985 0.48962283782136784 -0.35404853969112676
0.51587294857206345 0.56712068586241293 -0.33669687183457403
0.51438599825782272 0.64431003112016361 -0.31807674351491688
0.51178801267365281 0.72118042051505638 -0.29829212161628871
0.50820613225248845 0.79772612419623801 -0.2774272995198806
0.50377037684608117 0.87391944023904411 -0.25546359629256343
0.49811739260772803 0.9497891910235039 -0.23270183597355068
0.48850015070220776 1.0253704612215904 -0.21041775119513434
0.47307362949360965 1.1004787102773301 -0.1898917895107978
0.45195635643966714 1.1747916552501705 -0.17164098247379359
0.42543256970455967 1.24795146697421 -0.15588740755288985
0.39297033878719323 1.3193796170396543 -0.14372066687703913
0.35620551076144025 1.389303983207685 -0.13599253430796021
0.31568062979897366 1.4574964542253424 -0.13316385915835993
0.27166068140120059 1.5235294904343395 -0.13493726439478729
0.22416808298220123 1.586880373429425 -0.14082585534003544
0.17278979337505129 1.6465429470764761 -0.15103074690663837
0.11850456939569645 1.7030704681513655 -0.16385706024073232
0.063054740418620372 1.7584128858169372 -0.17689688843599433
0.0068418773299581542 1.8130679318558265 -0.18956037998405217
-0.050450630816025965 1.8665917970663357 -0.20221377779594524
-0.10917212962642141 1.9184924644860988 -0.21506928622302818
-0.16927363255689609 1.9687198106875681 -0.2281761833728892
-0.23083263920648428 2.017073473966593 -0.24155460788468489
-0.29390029384157124 2.063369873721955 -0.25518498516770427
-0.35858835247315912 2.1073118105604949 -0.26901547120224872
-0.42494731188102969 2.14865473912104 -0.28293698265580125
-0.49281442998775593 2.1874855030604095 -0.29680566608933151
-0.56214942517748112 2.2237055547123252 -0.31047332804553773
-0.63289816752563588 2.2572316775077335 -0.32377705943063595
-0.70509890650770346 2.2877598801704684 -0.33648515645621402
-0.77863720641060141 2.3152627162503885 -0.3483967509958581
-0.8533345257671463 2.3398712031546514 -0.35937302249065545
-0.92909023833767057 2.3615385600522423 -0.36924213955817997
-1.0057937721880259 2.380221719632865 -0.37783937248820609
-1.0834303483082057 2.3954149607987034 -0.38477040733685131
-1.1617301441018288 2.4075173232256564 -0.3900850709733461
-1.2405448118576652 2.4165076133859347 -0.393663152867824
-1.3197201439149373 2.4223524145679289 -0.39539186864034925
-1.3990947833698932 2.4246422455884065 -0.39493359201506806
-1.4784512992231733 2.4235701656082766 -0.39233443431469839
-1.5575985961591567 2.4192596460974221 -0.38762501149034029
-1.6363464931787226 2.4116917993296481 -0.3807618675136788
-1.7143998690841626 2.4004483643427328 -0.37144784511246087
-1.7915674644229556 2.3857688364358922 -0.35983977204544759
-1.8676727950896723 2.367805748547017 -0.34605070861782661
-1.9425077789747818 2.3465658317026263 -0.33010734227542288
-2.0155974568449011 2.32155379000758 -0.31172827346170717
-2.0869101757635753 2.2932523077924931 -0.2912764245872666
-2.156264355137266 2.2617500239165507 -0.26886271058464417
-2.2233702918019604 2.2269783335399134 -0.24451241553098246
-2.2877399052936251 2.1886719285244345 -0.21816034335451989
-2.349492730633723 2.1473391044831449 -0.19018358548857264
-2.4084419514610453 2.1030539059829176 -0.16070881177714508
-2.4640790503090551 2.0556119665035975 -0.12974656977860335
-2.5162850231934279 2.005210824326471 -0.097513033192759765
-2.5651273175278511 1.9521699489548567 -0.064263093846592165
-2.6104514338731009 1.8966008680457542 -0.03015727911148772
-2.6514494235936588 1.8382265453535589 0.0047281551890752289
-2.6886335620870674 1.777627438045231 0.04007623104819083
-2.7218934499056164 1.7149482207766704 0.075710351571005252
-2.7507769823140231 1.65019050032128 0.1114439524131707
-2.7751455975522807 1.5835365099301102 0.14705475754922726
-2.7953179305436717 1.5153363711116676 0.18235560807200762
-2.8112416122186237 1.4457667525176028 0.21716632666420516
-2.8221194689150626 1.3748346630688666 0.25115970482346728
-2.8286564540886183 1.3029560646253295 0.28425134521064299
-2.8308730561810491 1.2303323855810355 0.31627478285787175
-2.8284065757160959 1.157133714629311 0.346942309259965
-2.8212498858072541 1.0836056748761269 0.37604658143548625
-2.8098575389293292 1.010001658335645 0.40355931593941652
