0.25442560005802928 -2.4600734364376549 -0.24525050444162261
0.19039092512521119 -2.469135830762021 -0.24879389926876291
0.12609043121159461 -2.475999420490671 -0.25295944982522678
0.06157234822334251 -2.4806582461690052 -0.25775291233646652
-0.003104391680249648 -2.4831066750777571 -0.26317893258303471
-0.067868282244957126 -2.4833408285638661 -0.26924051317085718
-0.13263604160379691 -2.4813602289487098 -0.27593862612730069
-0.19731534549494911 -2.4771691798534241 -0.28327203796462758
-0.26180844454177921 -2.470777603269863 -0.29123733087607001
-0.32601583888896241 -2.462201273781631 -0.29982906600366849
-0.38983968435411748 -2.451461496761516 -0.30904005249716993
-0.4531869901102305 -2.438584269185863 -0.31886172523040229
-0.51597267212348319 -2.4235989378089058 -0.32928464157102327
-0.57812217668229837 -2.4065364416488282 -0.34029905248776449
-0.6395729821123135 -2.3874274172676948 -0.35189540488320142
-0.70027419160363402 -2.3663006545121812 -0.36406455445414571
-0.76018383506528509 -2.3431824510246209 -0.37679748120103462
-0.81926427734162688 -2.3180972138677358 -0.39008442927133791
-0.87747690419192159 -2.291069232771723 -0.40391359640096669
-0.93477761003444471 -2.2621250893674039 -0.41826968028857631
-0.99111433212921651 -2.2312959093673839 -0.43313265308898252
-1.0464270862206611 -2.1986187564367921 -0.4484770410856343
-1.1006500511632999 -2.1641368613047418 -0.46427178103964539
-1.1537146691975639 -2.1278988534329062 -0.4804805187844618
-1.205552716480758 -2.0899574468149891 -0.49706211927228749
-1.256098760157045 -2.0503679875923622 -0.51397120867054125
-1.3052919963765119 -2.0091869863539951 -0.53115870812402322
-1.353077777712673 -1.9664704878950701 -0.54857242748187207
-1.3994090288514649 -1.922272119919368 -0.56615777320422744
-1.4442473656448409 -1.8766409616876301 -0.58385848963725584
-1.4875634120390191 -1.829619792110788 -0.60161719661695134
-1.5293358367392651 -1.7812444993769549 -0.61937543912899495
-1.569549045066319 -1.731545238609604 -0.63707309408565582
-1.608190033920309 -1.680549342857333 -0.65464723745342679
-1.645245313163376 -1.628285308856356 -0.67203082479299692
-1.680698787356923 -1.574786756979337 -0.68915163961767067
-1.71453109088358 -1.5200953286540251 -0.70593186185916446
-1.746720306189002 -1.464261983136588 -0.72228836553181963
-1.777243562728934 -1.4073467966867379 -0.73813360751449208
-1.806078896289393 -1.349417798919921 -0.75337684214043765
-1.833206926447827 -1.2905494069506971 -0.76792542487302318
-1.858612205026495 -1.230820710280103 -0.7816860877652172
-1.88228429365081 -1.1703134994471009 -0.79456616883286468
-1.9042186411162101 -1.109109818074183 -0.80647478190459854
-1.9244172002714151 -1.0472890700006889 -0.81732383440168299
-1.9428885957546049 -0.98492518963193776 -0.82702872239426672
-1.959647661380483 -0.92208476741051315 -0.83550854767264726
-1.9747143394107169 -0.85882701555495045 -0.842685840598973
-1.988112184648934 -0.79520597128605408 -0.84848597597241682
-1.999866898164786 -0.73127455108388617 -0.85283662319289633
-2.010005318874112 -0.66708935949079351 -0.85566758115542008
-2.018555119337047 -0.60271487091393305 -0.85691119822455375
-2.0255451809814771 -0.53822587626936302 -0.85650334575814469
-2.0310063999195629 -0.47370775214199101 -0.8543847191508982
-2.0349725906900158 -0.40925479856220581 -0.8505021660705897
-2.037481211122147 -0.34496726001986111 -0.84480978337737511
-2.0385737497812788 -0.28094760239203209 -0.83726960879671264
-2.0382957137852609 -0.21729638051344149 -0.82785179272386844
-2.036696204029401 -0.15410793748892199 -0.81653417449007681
-2.033827107963357 -0.091466400682346807 -0.80330127736248591
-2.029742026106339 -0.029442810964127319 -0.78814292928883234
-2.024495166206699 0.031905665075643422 -0.7710529540238219
-2.0181405063183542 0.092533946466440933 -0.75202849466754462
-2.0107314581267102 0.15240511991044661 -0.73107037596271807
-2.002321050055119 0.211485775470929 -0.70818449024100805
-1.992962400626265 0.26974233644353729 -0.68338371245000851
-1.982709112605102 0.32713966377122922 -0.65668959295937634
-1.971615264436736 0.38364222076869042 -0.62813318632236992
-1.9597348548544999 0.43921716082828582 -0.59775473921979583
-1.947120736058541 0.49383832823675172 -0.56560231147496365
-1.9338231552766769 0.54749034884024406 -0.53172955371183594
-1.9198880364314681 0.6001723201422684 -0.49619288286704888
-1.9053551754798821 0.65190065817041953 -0.45904842682366692
-1.890256652737289 0.70271037796823088 -0.42034948700552321
-1.874615907215136 0.75265387028916608 -0.38014569348935928
-1.858447903549987 0.80179656544003497 -0.33848504820010028
-1.8417605388676821 0.8502098528916322 -0.29541932857347047
-1.824556953476965 0.89796282831811813 -0.25101198715399908
-1.8068379651263331 0.94511517348901708 -0.20534636201679429
-1.788603706205282 0.99171324210455725 -0.15853148083043289
-1.7698538208750609 1.037790260561259 -0.11070340748755821
-1.7505861565420571 1.083370008958584 -0.062021691006572663
-1.730794477229094 1.128472165494419 -0.01266223649750319
-1.710466054750059 1.17311718224998 0.037191032073694487
-1.689579938739795 1.2173291295291959 0.087353420640763513
-1.6681063562154439 1.26113599008765 0.13764430028449651
-1.6460072541592929 1.3045678635717619 0.18788944289997439
-1.623237668207961 1.347654087640114 0.23792167114139259
-1.5997474642792131 1.3904203279651119 0.28758092690885179
-1.5754830332408229 1.4328863975988639 0.33671463899006931
-1.5503886393994 1.47506516868618 0.38517881426280759
-1.524407256702335 1.5169626008936441 0.43283984231368128
-1.497480842061748 1.558578679854955 0.47957670477158609
-1.469550106499091 1.599908902091028 0.52528311006280426
-1.4405539760977391 1.6409458197814439 0.56986899252899104
-1.4104290802731381 1.6816800823732381 0.61326082874236354
-1.379109709283932 1.722100452123615 0.65540038763617758
-1.3465286637302289 1.762192495042668 0.69624187596849441
-1.3126192243192969 1.8019360438113341 0.73574789848626077
-1.277318135089214 1.8413019664884569 0.77388504945004111
-1.240569145091587 1.8802490616296801 0.81062009669335611
-1.2023264516905721 1.918721892580264 0.84591752355801242
-1.162557428108012 1.956650072168105 0.87973874265804419
-1.1212442639505771 1.9939490675322731 0.91204280166311591
-1.0783844554110349 2.030522225132636 0.94278807756050065
-1.033990294857928 2.0662635555395998 0.97193439062509757
-0.98808756532110775 2.1010608558729649 0.99944509640344092
-0.94071360838197127 2.134798863023978 1.0252888880237501
-0.89191492776400461 2.167362201175151 1.049441151968691
-0.8417445867587019 2.1986378833530842 1.071884757450531
-0.79025981053487304 2.2285171167701869 1.092610187317298
-0.73752028680161852 2.256896235079525 1.111615000032004
-0.68358756094706341 2.283676763198347 1.128902749374636
-0.62852564035060021 2.3087648479649459 1.1444816217384819
-0.57240256634865694 2.3320704524595728 1.1583631087933921
-0.51529243528009994 2.3535067353079731 1.170560984412004
-0.45727725982733503 2.3729899163583621 1.181090724826652
-0.39844816829903651 2.3904397318277781 1.1899693608251161
-0.33890566639936232 2.4057803920130172 1.197215638105825
-0.27875892655678552 2.418941834332581 1.202850314150534
-0.21812424430445959 2.4298610290931739 1.2068964307491701
-0.15712288554321879 2.4384831232614421 1.209379445058226
-0.095878567250256855 2.4447622646097522 1.210327153046272
-0.034514810999118642 2.448662010236748 1.20976938333482
0.026847584139052659 2.4501552826460449 1.2077374755967369
0.08809268138784121 2.4492238986573769 1.2042635911028829
0.14911087970853701 2.4458577669544588 1.199379937184168
0.20979947872860091 2.440053923833978 1.1931180185785679
0.27006220710597789 2.4318156341383572 1.1855080457605089
0.32980777802219352 2.4211517975328012 1.176578619888252
0.38894776638689738 2.4080768467986462 1.166356767978306
0.44739430194175323 2.3926112032028541 1.1548683250997429
0.50505816324660202 2.3747821923873809 1.142138572540758
0.5618477901109713 2.3546251746674272 1.1281929712576071
0.61766951472175358 2.3321845611767569 1.1130578046792929
0.6724290159893298 2.307514402338374 1.0967605734906809
0.72603373342413402 2.2806783355816371 1.0793300533862431
0.77839582358799864 2.251748817241789 1.0607960048461591
0.82943522587020602 2.2208056867850021 1.04118858424247
0.87908247482620938 2.1879341980618001 1.020537541316807
0.92728097480459759 2.1532227204292451 0.99887131545225805
0.97398849709301827 2.1167603912595392 0.97621618203666372
1.0191777001451829 2.0786350831824052 0.95259564677005937
1.062835581453246 2.038932071033698 0.92803030217859717
1.1049619828201851 1.997733664378017 0.90253829796808016
1.145567532934179 1.955119791921889 0.8761364202836931
1.184671588170942 1.911169177347555 0.84884157455767384
1.2223007027680259 1.8659605056122941 0.82067232115008648
1.258487910717796 1.819572987593268 0.79165010775598343
1.293272753193015 1.772085993999313 0.76179998621307954
1.3267017093846569 1.723577804429228 0.73115081648007751
1.3588285909399751 1.6741238246044561 0.69973514400172321
1.3897145176684009 1.623794784622854 0.66758904056423263
1.4194272017149401 1.5726554965123829 0.6347522525058551
1.4480393600572641 1.520764787100201 0.60126903970405665
1.4756261880205379 1.4681771546132421 0.56719005583791293
1.502262057842783 1.41494629299481 0.5325753529444045
1.5280169846719101 1.361129723739245 0.4974979725028279
1.552953782778169 1.3067925907751701 0.46204675744240858
1.577126928849911 1.252007920839328 0.42632648626194031
1.600583704449706 1.1968512093029 0.39045382824648089
1.6233672206661911 1.1413894268638209 0.35454921950948931
1.6455198316595709 1.0856677248786499 0.31872702358245758
1.667084857694763 1.0296995110716229 0.28308798140082192
1.688104963555968 0.97346540017535588 0.2477176856618791
1.7086169631500041 0.91692327255317541 0.21269232093507989
1.728644631782271 0.86002658230022266 0.1780892843143943
1.7481923703628961 0.80274370185152122 0.14399751723572579
1.7672425152815741 0.74506995892946437 0.1105221559907402
1.785757582515543 0.68702711776843961 0.077780824669814091
1.803686461709177 0.62865107825444877 0.045893174490499677
1.820971785412091 0.56997429589324566 0.014968643774941221
1.837555448214103 0.51101155558449951 -0.01490212865274883
1.8533806313039249 0.45175513434690567 -0.043649346523952928
1.8683907283780199 0.39217995136229489 -0.071220347991537147
1.8825269746832261 0.33225450176311139 -0.09757341949547782
1.8957266714599379 0.27195177693870792 -0.1226725352365359
1.9079229632526911 0.21125612680496039 -0.14648477806505311
1.9190460228368571 0.1501651811756439 -0.16898027857062239
1.9290249265684829 0.088688206517087004 -0.19013351459804501
1.9377895558347691 0.026842626183670181 -0.20992490902186409
1.945272155726725 -0.035350378129412011 -0.22834220259687679
1.9514083489980421 -0.097870761489386338 -0.24538138513496241
1.9561374254208579 -0.16070405056037321 -0.2610469221228538
1.9594018417536241 -0.223843459970998 -0.27535097741388598
1.961146201525114 -0.28728785503691839 -0.28831162953358791
1.961316345981587 -0.35103525811077407 -0.29995061096253067
1.9598592423331089 -0.41507386565027282 -0.31029144906267059
1.956723971402909 -0.47937400996326351 -0.31935873589262742
1.951863524837139 -0.54388410455258052 -0.3271786785604972
1.945236729496856 -0.60853160971315157 -0.33378047470126632
1.9368096613410251 -0.67322779157416757 -0.33919779379796589
1.926556276626648 -0.73787391988430673 -0.34346980485453432
1.914458338303249 -0.80236699786171695 -0.34664155756043041
1.9005048066949519 -0.86660442908398327 -0.34876380980397759
1.8846907421691701 -0.93048802984720569 -0.34989247011527519
1.8670156841584189 -0.99392780040642825 -0.35008776552673959
1.847481618460902 -1.056845099625209 -0.349413204546004
1.826090969162085 -1.119174145362327 -0.34793445238579118
1.8028452941673361 -1.180860798211181 -0.34571831716538132
1.777745278623184 -1.241858468275147 -0.34283205765385438
1.7507921768394941 -1.3021221886246841 -0.33934311635138492
1.721990265204437 -1.361602704026895 -0.33531920417790351
1.6913494556762569 -1.4202423831462321 -0.3308285183512763
1.65888720569129 -1.477973931892165 -0.3259398451166089
1.624629241319143 -1.534721733637497 -0.32072239095859351
1.5886091586600171 -1.59040475802399 -0.31524533410010092
1.550867368013056 -1.64493975310262 -0.30957720216141521
1.511449881295452 -1.6982438657597549 -0.30378520609801801
1.470407135258939 -1.7502365661206509 -0.29793460543229738
1.4277926387031199 -1.8008412975218331 -0.29208810737297558
1.383661053579281 -1.849987311501478 -0.28630527770989889
1.338065553002872 -1.897611700710603 -0.28064198473441809
1.2910548530011221 -1.943661053413644 -0.27514997086503951
1.2426708547700771 -1.9880918575345159 -0.26987668315041008
1.1929479808175409 -2.0308690306529491 -0.26486544820053598
1.1419148632018521 -2.0719626510745881 -0.26015596113297712
1.089598199043418 -2.1113437378958868 -0.25578493446182032
1.03602773948711 -2.1489803520036901 -0.25178669310195573
0.98124095758462349 -2.18483514709756 -0.24819353943977299
0.92528615244733126 -2.2188648903881552 -0.24503582359696119
0.86822344759311842 -2.251021735832774 -0.24234177519186489
0.81012392651763687 -2.2812555355653452 -0.24013722351276889
0.75106760058664057 -2.3095164016710461 -0.23844533186725711
0.69114084898002293 -2.335756998813459 -0.237286424128692
0.63043357583959603 -2.3599343995099931 -0.23667793340672011
0.56903597873342127 -2.38201152368512 -0.23663448468286249
0.50703484093707629 -2.401958141702548 -0.23716812925958869
0.4445096861703508 -2.4197512701985291 -0.23828874711645151
0.38152968505752582 -2.435374736262454 -0.24000459696135951
0.31815245777808743 -2.448817848138737 -0.24232292752300291

-2.7942857601885871 0.93652901408728417 0.42933886624506451
-2.779008171309167 0.8797601038326095 0.44790204944587192
-2.7611764636020451 0.8233391576399417 0.46520473865007972
-2.7408404069766328 0.7673732001251734 0.48118922652316309
-2.7180548263541602 0.71196874853350778 0.49580337989346701
-2.6928794139971619 0.65723154291849406 0.50900109062583387
-2.665378421772405 0.60326606501156976 0.52074278685749265
-2.6356201873154008 0.55017487013466515 0.53099596788652081
-2.6036764768223399 0.49805779698705682 0.53973571805866349
-2.569621660749859 0.44701114425364158 0.54694515782021824
-2.5335317696430981 0.39712690800516148 0.55261580154997658
-2.4954834992870261 0.34849216066704641 0.55674780806492052
-2.455553242583163 0.30118862418027947 0.55935012632084091
-2.4138162177093552 0.25529245250735738 0.56044055130626369
-2.3703457400906132 0.21087420022358541 0.56004570987644531
-2.3252126565517162 0.16799892461084359 0.55820099188809857
-2.2784849347680982 0.1267263569340282 0.55495043022414303
-2.2302273909572188 0.087111087484751243 0.55034651881956809
-2.1805015502105372 0.049202734068364187 0.54444994646603506
-2.1293656658704689 0.0130460943592358 0.53732922047470033
-2.0768749684649248 -0.021318693445377099 0.52906015938412077
-2.0230822579064101 -0.053855949762078158 0.51972524519936003
-1.968038980188209 -0.08453419435985017 0.50941283764596557
-1.9117969263632351 -0.1133258447945788 0.49821625872735142
-1.8544106416481629 -0.14020693801508091 0.48623274880293138
-1.795940522557725 -0.16515699447441501 0.47356227118252803
-1.736456404910907 -0.18815918581326471 0.46030610259894622
-1.6760412180723401 -0.20920097527364939 0.44656510388797388
-1.614794039908612 -0.22827535349723491 0.43243754181618121
-1.552831699936486 -0.24538268110511061 0.41801635471994042
-1.490288030874013 -0.26053298598226399 0.40338583185235338
-1.4273100423538541 -0.27374839126812139 0.38861778646933648
-1.3640507407230751 -0.28506525977728658 0.37376733918991473
-1.300659079521113 -0.29453580800381379 0.35886807040521151
-1.237268311052381 -0.30222917640156949 0.34392603562332319
-1.1739830656490351 -0.30822960642597991 0.32891802406013548
-1.1108641068160101 -0.31262605416515238 0.31380791801509827
-1.0479273340879709 -0.31551246825566831 0.29853639907982449
-0.98516174647846899 -0.31700199272777202 0.28295742643249278
-0.92243251630396284 -0.31716468927850461 0.26694816156684198
-0.85853109154432594 -0.31529946172467332 0.25177782776574331
-0.79538629531650751 -0.31073155733120922 0.2401048597800873
-0.73042428848980567 -0.30379727965985248 0.2315273739983611
-0.66464309569033952 -0.2946062919692865 0.2266335895845186
-0.59779917019632545 -0.28307963504769612 0.22516246916174151
-0.53120414230549273 -0.27002171220473459 0.22765738553268541
-0.46304484972514381 -0.25505516955139018 0.23406410480399109
-0.38901251030362538 -0.2368094354619012 0.2457096581813977
-0.32753169066129362 -0.21950510771629869 0.26094832664773387
-0.26437734105174532 -0.19948770990267589 0.28581155188026452
-0.19919260492947599 -0.18150950087330939 0.32020826588478962
-0.13244991651923091 -0.16783095843874829 0.36029402185056159
-0.070380375764695566 -0.1614146423997134 0.39934456925503659
-0.0071139204060203737 -0.162455631461661 0.43790646969773872
0.051490570091606021 -0.16731464335589269 0.47624542465427661
0.1094718151392276 -0.17420141934853989 0.51692328923950714
0.16566168640718529 -0.17946725935349031 0.55603832304554246
0.22240944611628599 -0.18346626497574131 0.5949275637624597
0.27971458253073139 -0.18636556886756561 0.63349314921321476
0.33757167677405681 -0.18828122653494189 0.67166989203951888
0.39598989171670879 -0.18927700325298169 0.70935292829457097
0.45495778241297807 -0.18940763767616889 0.7464276897300629
0.51443846433375862 -0.18872038826868209 0.78277559155346577
0.57437540939422072 -0.18725101527567889 0.81827417604924946
0.63469945716563503 -0.18502336733869171 0.85280150520669007
0.69533665044944282 -0.18204954762615791 0.88624126853242158
0.7562156752304493 -0.17832994334661961 0.91848642200544095
0.81727339346892447 -0.17385352147636751 0.94944103038328087
0.87845773646990499 -0.16859865125106219 0.97902055360369933
0.93972807171625916 -0.1625344211682743 1.0071509626496411
1.0010536657374709 -0.1556222617797092 1.03376712127262
1.0624110138297429 -0.14781768399741399 1.0588108664869971
1.123780715238424 -0.13907200955424939 1.082229149908555
1.185144377099995 -0.12933402943207839 1.1039724804264579
1.246481829072372 -0.1185515584187532 1.123993780314132
1.3077687733503229 -0.10667287027094401 1.1422476689302179
1.3689748968954401 -0.093648008262247742 1.1586901328618111
1.430062428750928 -0.079429972196910004 1.173278521000356
1.4909851201269171 -0.063975783681455275 1.1859718024174799
1.5516876398807069 -0.04724742582200208 1.196731029972754
1.6121053943431241 -0.02921264349582418 1.2055199542629751
1.6721647831199311 -0.0098455803603540275 1.212305727968833
1.7317838844971789 0.01087277596897001 1.217059632718386
1.7908735282594219 0.032954364850755258 1.219757755344242
1.8493386701182339 0.056404049702774309 1.2203815436858121
1.9070799421438649 0.081219828830217569 1.2189181868503971
1.963995226620693 0.10739322027326791 1.215360790635704
2.0199810929148678 0.1349097533427617 1.209708352460243
2.0749339537674558 0.1637494779483632 1.201965576239735
2.1287508432471181 0.19388739547866141 1.1921425984151111
2.1813297919798629 0.22529372954936511 1.180254712347967
2.2325698635752418 0.25793399386323851 1.166322171529075
2.2823709954109179 0.29176887077492331 1.150370120648109
2.3306338301414811 0.32675397174061172 1.132428655158201
2.3772597146393561 0.36283959025567231 1.1125329601344089
2.4221509834990669 0.39997056554907429 1.0907234450864409
2.4652115566529131 0.43808634987394279 1.067045783729945
2.5063477949518131 0.47712132431921112 1.04155078674646
2.5454694976308341 0.51700535360795163 1.014294072692596
2.5824909010170498 0.55766452259201005 0.98533554597883122
2.6173315453543502 0.59902196272851882 0.95473873206048732
2.6499169075256588 0.6409986577006056 0.92257005284798843
2.680178744123769 0.68351411546975704 0.88889814488263219
2.708055145852871 0.72648681339074628 0.85379332283704112
2.7334903625861551 0.76983436634007629 0.81732726577135872
2.7564345056037052 0.81347343062757882 0.77957295353565526
2.776843254537253 0.85731942390068516 0.74060481617422436
2.7946776818392398 0.90128619187194181 0.70049899949158867
2.8099042601066162 0.94528576815067111 0.65933361563374349
2.8224950532309698 0.98922834796333659 0.6171888505378661
2.8324280330685241 1.033022539849175 0.57414683806696165
2.8396874271327568 1.0765758912395269 0.53029126923571457
2.8442639970542971 1.119795623824726 0.4857067660495365
2.8461551688515199 1.1625894746323471 0.44047809945676403
2.8453649751310581 1.204866521805585 0.39468936336942351
2.8419038159103271 1.246537878835732 0.34842322952383492
2.8357880891716092 1.2875171663534699 0.30176039885092032
2.827039774613568 1.3277207156930579 0.25477933100881878
2.8156860643813708 1.36706751844621 0.20755627565748161
2.801759116344837 1.405478998358729 0.1601655572121366
2.7852959609907249 1.4428787272954411 0.11267999937611189
2.766338535401081 1.4791922186245261 0.065171339522242938
2.7449337672088769 1.5143469036121611 0.017710490070692829
2.7211336059246141 1.548272339023322 -0.029632448026388661
2.6949949064171288 1.580900627662094 -0.076788443428702155
2.6665791049424019 1.6121669792505839 -0.1236900170220241
2.6359516793446982 1.6420103096842029 -0.17027184935705469
2.603181438282907 1.6703737743312941 -0.21647138667162649
2.5683397288279868 1.6972051507129939 -0.26222931787980902
2.531499679018296 1.7224570210431609 -0.30748981600495101
2.4927355938079709 1.746086749616361 -0.35220047936359811
2.4521225931165209 1.7680562964414159 -0.39631196697791221
2.4097365208349801 1.7883319460803739 -0.43977738904651359
2.3656540777221671 1.8068840473118279 -0.48255156884120481
2.3199530639518842 1.823686847577243 -0.52459031754107976
2.2727125840254319 1.8387184690537339 -0.56584984756221313
2.2240130808197178 1.8519610241222599 -0.60628639822472152
2.1739361203349041 1.863400825016013 -0.64585607970857317
2.1225639226039141 1.87302861944456 -0.6845148810952516
2.0699787023527159 1.88083978512751 -0.72221875273144465
2.0162619285822712 1.8868344362444061 -0.75892366643764231
1.961493630171443 1.891017424153729 -0.7945855734322127
1.9057518671385141 1.893398244196272 -0.829160210256493
1.849112458027496 1.893990883418333 -0.86260274027641604
1.7916490066596999 1.89281365629308 -0.89486725724188554
1.7334332133203301 1.889889074477987 -0.9259062118867406
1.6745353999483159 1.885243782666032 -0.95566984482625539
1.615025143306948 1.878908570162638 -0.98410571234503208
1.554971906615144 1.8709184448881579 -1.011158375259672
1.4944455876245251 1.861312741022892 -1.036769292162081
1.4335169446049889 1.850135227331174 -1.060876929276773
1.3722579006226689 1.837434188389045 -1.0834170805457839
1.3107417466416671 1.823262459877294 -1.1043233869617279
1.2490432641735221 1.807677406627834 -1.123528049612277
1.187238777486568 1.7907408363707451 -1.1409627390827639
1.1254061337851271 1.7725188441214179 -1.156559709411173
1.063624600242919 1.7530815829698589 -1.170253126450985
1.001974654530686 1.7325029557111931 -1.1819806194588369
0.9405376243054433 1.710860215752021 -1.1916850616602459
0.87939510093964635 1.6882334535790371 -1.1993165796776479
0.81862802197816087 1.66470492858244 -1.2048347816143909
0.75831529824251143 1.640358190076094 -1.2082111747293489
0.6985318674232297 1.6152769225879029 -1.20943169958866
0.63934609940117615 1.589543457882274 -1.208499209525995
0.58081657657186325 1.5632369322894919 -1.205435569977181
0.52298843171673692 1.5364311417680101 -1.2002829374878721
0.46588960353406461 1.5091922444221431 -1.193103890851918
0.40952747036571679 1.4815765217298249 -1.1839805090303519
0.35388632981730578 1.453628326648343 -1.1730128850326309
0.29892630104669138 1.4253781569038031 -1.160317157847407
0.24458386810522309 1.396841397836267 -1.1460234864458489
0.19076831724926879 1.3680202666892489 -1.130289786072231
0.13733779823560011 1.3389073367328581 -1.1133742061838079
0.084122477132801826 1.309475113671438 -1.095562801386345
0.030953054889984861 1.279545168953192 -1.075819254076223
-0.019714771871481549 1.250214971804221 -1.0527388546476439
-0.069377813534137522 1.2207680269677199 -1.0257394845262271
-0.1170951615479404 1.191918737284015 -0.99531297909711836
-0.1631272912586072 1.1636080834340961 -0.96118128374003797
-0.20728446805994449 1.1362758488575539 -0.92362598527220918
-0.2491072748064507 1.109906765928742 -0.8827536732702832
-0.2888184136508542 1.0844667370971439 -0.83840306150287258
-0.32569461889939799 1.0607761513027141 -0.79113147109518989
-0.36009818706230601 1.0381090471947201 -0.74046242610755308
-0.39100896167146132 1.01643410639752 -0.68730353350892837
-0.41853996785803521 0.9953695395031551 -0.63173558444492905
-0.44241020485924709 0.97472929026027577 -0.57362041464731672
-0.46205450987818619 0.95508384484121212 -0.51479489633457531
-0.47871873067643828 0.93550196195983892 -0.45157923010032353
-0.49302518057733757 0.91682663762104344 -0.38776534915956301
-0.50725831620935913 0.89829700475739571 -0.32371052149088719
-0.52145623642714367 0.87988369633614882 -0.25916934102018729
-0.53555779789818458 0.86163843562462838 -0.19411302099728819
-0.54953508612447555 0.84361093528843378 -0.12855642983552179
-0.56338874757870705 0.82584788723886338 -0.062552331965957775
-0.57712745495796125 0.80840024280749245 0.0038237967931683521
-0.59077016458481335 0.79132377682260258 0.070483358271319782
-0.60434909589702579 0.774675863320897 0.13733358980696941
-0.6179096053992279 0.75851217535345283 0.20428648184291651
-0.63152389653262386 0.74293339156765947 0.27127398816839071
-0.64529152342151119 0.72809977056208564 0.33825445130516002
-0.65955226650853027 0.71372437533878419 0.40651659400856482
-0.67264182676680873 0.69594203411722955 0.47352356538813462
-0.68427517611525202 0.67367561655437802 0.53899460083702244
-0.69436172209170488 0.64712712710194986 0.60312529685505178
-0.70264704404185863 0.61647069396294241 0.66536508215999823
-0.70914317404407146 0.58183102005853682 0.72558202697067475
-0.7141078763551969 0.54374690815623783 0.78264945036839551
-0.71770410452536548 0.5017194660032509 0.83797846858644032
-0.71946080056186679 0.45722902340125893 0.88933398580071088
-0.71954444583176869 0.40941070684370778 0.93830903033261082
-0.71781232081177648 0.35936626321937709 0.98345277072516768
-0.71451007177480175 0.30716444389768188 1.025279849429664
-0.70952741869989655 0.25271829689084369 1.063534125340287
-0.70351880177112602 0.1967874492881356 1.0980354303892841
-0.6958773368121991 0.13894694078163861 1.1288854790613381
-0.6874811283419372 0.080340113357331572 1.1552675087875659
-0.6784863539005842 0.020173352711404701 1.1775974845542569
-0.66854534045544101 -0.040284795733416527 1.195440102386683
-0.6578893166976757 -0.10168066092678341 1.209315635561542
-0.64655060298816125 -0.1628046277020995 1.2189754813106251
-0.6341212018280501 -0.2241860901195388 1.224756087363162
-0.62078742339931758 -0.28461770316082519 1.2265262701315389
-0.60646789842572513 -0.345061355691339 1.224549281022643
-0.59114844726934657 -0.40390653978062069 1.2189023765179841
-0.57487534759670378 -0.46200815846313797 1.2096864841013339
-0.5574225340987542 -0.51883890100941576 1.1970514691109231
-0.53904483709158868 -0.57364638524501277 1.181496483300051
-0.51971764524980235 -0.62756510601266136 1.1623504521929979
-0.49990948132130081 -0.6790614620801364 1.1405146653861979
-0.4786967258054734 -0.7290307673351093 1.115677751844883
-0.45688707394115358 -0.77630838126182278 1.0884289466851089
-0.43387576803569777 -0.82211405582215491 1.0580719065168991
-0.41056416879613311 -0.86522424323355684 1.025488877096032
-0.38645923150705319 -0.90628897997800451 0.99044933908195287
-0.36150588557509472 -0.94461629828336025 0.95323024869724127
-0.33562803275144171 -0.98004043380345962 0.91377235224978159
-0.30839422948030848 -1.0131692832138059 0.87191734134329646
-0.2806762843629011 -1.043107119232372 0.82857048256837929
-0.25270528910371098 -1.0701559531289939 0.78329274549216954
-0.22436007876111569 -1.0943448134465119 0.73580833149697922
-0.19603495130911011 -1.115233479824872 0.68721523382326233
-0.16693303893841069 -1.133060773823428 0.63601195864274707
-0.138130306277678 -1.1474048757404149 0.58451966146055989
-0.1089805060745947 -1.1579369844538969 0.53133089026052704
-0.079769659474311902 -1.164899032068714 0.47737371900517928
-0.050621267842779462 -1.167833473002071 0.42275735460321651
-0.021318112307493111 -1.167051547394182 0.36741344727195718
0.0075664370381874103 -1.162134839409104 0.31235879916348103
0.036682498829493281 -1.15338211269518 0.25668852404065717
0.065251982203191186 -1.140686467347618 0.2019655639579109
0.093451602151634894 -1.124014161967722 0.14799020870819879
0.12127440344175799 -1.1032785713965789 0.094915430467911524
0.148526193826751 -1.078763844697141 0.043229378226468183
0.1752510047332024 -1.050333487170426 -0.0070670982870109714
0.2012444968980171 -1.0183719183177089 -0.055467577345577217
0.2265361186928212 -0.98269132723688324 -0.1019342039112917
0.25104874923806908 -0.94363300508060854 -0.1462573498290807
0.27470976345754361 -0.90174648074997288 -0.18803826174447039
0.29708569905463922 -0.85696414609888916 -0.22665092440265289
0.31891230935684939 -0.80910350099465456 -0.26302230928860121
0.33909490663226088 -0.75928369770280546 -0.29551012849202341
0.35866027888038121 -0.70670787425709425 -0.32555784841631868
0.37666605003887899 -0.65244654763822596 -0.35183801473582188
0.39373448495957269 -0.59618794572946798 -0.37521374407368391
0.40927748150432092 -0.53913392250657788 -0.39480426167965138
0.42377071165589703 -0.48010716772397 -0.41124517750163669
0.43672872622059289 -0.42014937912442551 -0.42395280386501227
0.44829846714739402 -0.35954690268008832 -0.43328194527012409
0.45850851306478257 -0.29726830229407503 -0.43911376020189269
0.46717880198576839 -0.23577345589477261 -0.44162818760317563
0.47431957660997259 -0.17265183702408909 -0.44040640360761779
0.4801199641903845 -0.10965726695167741 -0.43622142224901861
0.48595850556603443 -0.046572845467024407 -0.43144281053565581
0.49174591859559708 0.016797768581858621 -0.42604539316625473
0.49726590864684472 0.080554566812585424 -0.41980381815756251
0.50230265771889371 0.14475948418321991 -0.41249744711978659
0.50670541902090216 0.20943628317505819 -0.40401454738786452
0.51036330882868397 0.27457031620750921 -0.39430747135687522
0.51319172151886017 0.34011065306667859 -0.38336583011220421
0.515130691295974 0.40597517714800813 -0.37120835150602599
0.51614642805447819 0.47205893257697001 -0.3578792686174655
0.51623247809910255 0.53824484103884151 -0.34344396675646471
0.51540859767514335 0.60441532631537775 -0.3279826513242694
0.5137156287457777 0.67046317900991714 -0.31158288240758558
0.51121337445239434 0.73629964776528634 -0.29433003640091471
0.50800381090125935 0.80185877693473007 -0.27629011656689229
0.50421976729917162 0.86710255476195419 -0.25750818527649633
0.4999262752510385 0.93223131614894772 -0.2379741108789481
0.49318046765705731 0.99770933159730624 -0.218312386429375
0.48256367794501148 1.060455594137149 -0.2004042654743626
0.46750646413520808 1.123957547804022 -0.1837248355363171
0.44836570521287028 1.186529680081791 -0.16885071872302709
0.42544395579396171 1.2479258784356999 -0.15589195592800509
0.39849069310651669 1.3084993181740121 -0.1451249976727455
0.3685034442627671 1.3676024500936981 -0.13749649874064271
0.33565551099890151 1.425567514823874 -0.1334793910444064
0.30037638055796262 1.4819596007997999 -0.1329221066002742
0.26282662558442188 1.5363179906663591 -0.13555720460028819
0.22270506132380899 1.588793892566539 -0.1410252459436096
0.18077410959735971 1.6380985614097809 -0.14916018142431511
0.13573985995269039 1.6857277586536581 -0.15971080474159799
0.090198800744315535 1.7315526524932481 -0.17066651602216601
0.044334781244623062 1.776937103092844 -0.18119367807712469
-0.002096962080646996 1.8216820332553729 -0.19155512023977231
-0.049311594851569787 1.865575900962039 -0.20196423714105979
-0.09743723061878358 1.9084987299317631 -0.21250762913295621
-0.14656969683199919 1.950341171440221 -0.2232329477186456
-0.1967817036909805 1.9909873559224369 -0.23416540390527299
-0.24812078027982021 2.0303177646733119 -0.2453062111484943
-0.30060902774331533 2.0682134770555658 -0.25663266473033108
-0.35424498134387322 2.1045602537208912 -0.26809990489009478
-0.4090068160289061 2.1392522697360241 -0.27964349385289272
-0.46485628757621622 2.172194968085206 -0.29118263359457891
-0.52174281278905266 2.2033066703786188 -0.30262383648555902
-0.57960715812498498 2.232518920992614 -0.31386471176537262
-0.63838437560509842 2.2597758087971171 -0.32479751677342639
-0.69800584607527949 2.2850326211603469 -0.33531224174242302
-0.75840048767664658 2.3082541673518122 -0.34529915281462581
-0.81949531269623299 2.329413035754786 -0.3546508279231918
-0.88121556174118865 2.3484879679974728 -0.36326376534971588
-0.94348462863207505 2.3654624573809442 -0.37103964625275171
-1.0062239372753909 2.3803236134958472 -0.37788631591678179
-1.0693528655660729 2.3930612853580451 -0.38371852968828257
-1.132788748160884 2.4036674059020982 -0.38845849550752698
-1.1964469402981159 2.4121355107991671 -0.39203623770559187
-1.2602408939146601 2.4184603899773012 -0.39438980595564532
-1.324082187447533 2.4226378448767201 -0.39546535714353392
-1.3878804626055541 2.4246645419721302 -0.39521714355234422
-1.4515432527682079 2.4245379672086451 -0.39360744445444501
-1.5149757308095471 2.42225649152194 -0.39060647640308438
-1.5780804457414741 2.4178195519905858 -0.38619230828334339
-1.640757142586081 2.4112279379587269 -0.38035079157124058
-1.7029027580123191 2.4024841522355711 -0.37307549836161308
-1.7644116548498441 2.3915928016431311 -0.36436764513102671
-1.825176110708429 2.3785609649083641 -0.35423597354520248
-1.8850870237501871 2.3633984918460098 -0.34269656282580507
-1.944034755366671 2.3461182048027172 -0.32977256014834128
-2.001910003643304 2.3267359976171749 -0.31549383297474448
-2.0586045969083968 2.3052708537139268 -0.29989656576492929
-2.1140121141801052 2.2817448274796739 -0.28302283837607828
-2.168028277211242 2.2561830455581831 -0.26492022999373621
-2.2205511113131409 2.2286137819154068 -0.24564148723940721
-2.2714809279553929 2.1990686406156321 -0.22524427772618949
-2.3207202260395681 2.1675828469458138 -0.20379102461689519
-2.3681736267199489 2.1341956102105519 -0.18134879130080911
-2.4137479423392949 2.0989504922047839 -0.1579891669003356
-2.4573524382643939 2.061895703836429 -0.13378809918046489
-2.4988992911891721 2.0230842621995802 -0.1088256327061899
-2.5383041958912398 1.9825739681311001 -0.083185532786885563
-2.5754870378534571 1.940427201794126 -0.056954802963989033
-2.6103725376812452 1.8967105719031701 -0.030223128552593771
-2.6428907841034341 1.8514944849792301 -0.003082295740700874
-2.6729776005723211 1.8048527185052721 0.024374358314166789
-2.7005747290862452 1.75686208164942 0.052052415605122547
-2.7256298555552378 1.707602227183092 0.079856737573723774
-2.7480965345189632 1.657155640359508 0.10769171301668259
-2.7679340885086612 1.6056077826437889 0.13546142065556779
-2.7851075535168772 1.5530473230586319 0.16306975675657809
-2.79958771793217 1.499566361188541 0.19042058789664851
-2.8113512657396278 1.445260542629782 0.21741798197835471
-2.8203809976278209 1.390228990536392 0.24396654947694971
-2.8266660770788792 1.3345740182978061 0.26997189865266302
-2.8302022391395871 1.278400636236638 0.29534118141626242
-2.8309919079869381 1.2218159078483111 0.31998368734496307
-2.8290441914406128 1.1649282402586001 0.34381143548651749
-2.824374749533384 1.107846704749188 0.36673971758786611
-2.8170055626676751 1.0506804746003069 0.3886875607060582
-2.8069646455605661 0.99353843967145894 0.40957809870669493
