4.17984807656539 -39.8137243222305 -3.59811825271649
3.11732046512563 -39.8830860494654 -3.67594446191909
2.05479285368588 -39.9524477767004 -3.75377067112169
0.992265242246116 -40.0218095039353 -3.83159688032429
-0.0702623691936433 -40.0911712311703 -3.9094230895269
-1.1327899806334 -40.1605329584052 -3.9872492987295
-2.18799632179487 -40.0988998050503 -4.10123536936178
-3.23941529339835 -39.9695016322193 -4.23392731386488
-4.29083426500183 -39.8401034593882 -4.36661925836798
-5.34225323660531 -39.7107052865572 -4.49931120287108
-6.39367220820879 -39.5813071137262 -4.63200314737418
-7.42941243043037 -39.391932065069 -4.7819118410503
-8.43205046256627 -39.0759291906851 -4.96816986909622
-9.43468849470216 -38.7599263163013 -5.15442789714213
-10.4373265268381 -38.4439234419175 -5.34068592518804
-11.439964558974 -38.1279205675336 -5.52694395323395
-12.4426025911099 -37.8119176931498 -5.71320198127986
-13.366132433665 -37.3313560549729 -5.94892226280261
-14.2887293960839 -36.8488538642084 -6.18522582595535
-15.2113263585027 -36.3663516734439 -6.42152938910809
-16.1339233209216 -35.8838494826794 -6.65783295226082
-17.0565202833404 -35.4013472919149 -6.89413651541356
-17.9106440082349 -34.8241017183236 -7.15795632139965
-18.7291960501174 -34.1976371841101 -7.43607074968107
-19.5477480919999 -33.5711726498965 -7.71418517796249
-20.3663001338825 -32.9447081156829 -7.9922996062439
-21.184852175765 -32.3182435814694 -8.27041403452532
-21.9631709319117 -31.6509715747157 -8.55676265349442
-22.6598010738024 -30.9008451397907 -8.85982975852536
-23.3564312156931 -30.1507187048658 -9.1628968635563
-24.0530613575838 -29.4005922699408 -9.46596396858724
-24.7496914994746 -28.6504658350159 -9.76903107361819
-25.4461414207304 -27.900197327444 -10.0720957648074
-26.0079139945845 -27.0437591393797 -10.3733566125891
-26.5696865684386 -26.1873209513154 -10.6746174603708
-27.1314591422927 -25.330882763251 -10.9758783081525
-27.6932317161468 -24.4744445751867 -11.2771391559342
-28.2550042900009 -23.6180063871223 -11.5784000037159
-28.7207564865816 -22.7012435086657 -11.8536911381789
-29.1391959612234 -21.7547564676548 -12.1161860531312
-29.5576354358651 -20.808269426644 -12.3786809680835
-29.9760749105068 -19.8617823856331 -12.6411758830358
-30.3945143851485 -18.9152953446223 -12.9036707979882
-30.7639925102451 -17.9454272627785 -13.1385848950605
-31.0344786979615 -16.9282864943867 -13.317735035015
-31.3049648856779 -15.9111457259949 -13.4968851749696
-31.5754510733943 -14.8940049576031 -13.6760353149241
-31.8459372611107 -13.8768641892113 -13.8551854548786
-32.116423448827 -12.8597234208194 -14.0343355948331
-32.2434003325669 -11.8013114459233 -14.0871943171582
-32.3678264992538 -10.7421659215825 -14.1378083510647
-32.4922526659408 -9.68302039724179 -14.1884223849713
-32.6166788326277 -8.62387487290104 -14.2390364188778
-32.7411049993146 -7.56472934856028 -14.2896504527844
-32.7802477981012 -6.5043871555087 -14.2354329362272
-32.7678609131297 -5.44332191455516 -14.1178743864035
-32.7554740281582 -4.38225667360162 -14.0003158365798
-32.7430871431867 -3.32119143264808 -13.8827572867561
-32.7307002582153 -2.26012619169454 -13.7651987369324
-32.6891211133225 -1.21087385814956 -13.5998222358857
-32.5600599933584 -0.197021883268908 -13.2911471745996
-32.4309988733942 0.816830091611747 -12.9824721133136
-32.3019377534301 1.8306820664924 -12.6737970520275
-32.172876633466 2.84453404137306 -12.3651219907415
-32.0438155135019 3.85838601625371 -12.0564469294554
-31.8405146881184 4.79084486197412 -11.5845432680082
-31.6250975315601 5.71001989813885 -11.0859997948109
-31.4096803750018 6.62919493430359 -10.5874563216136
-31.1942632184435 7.54836997046832 -10.0889128484163
-30.9788460618852 8.46754500663305 -9.59036937521894
-30.7412833916946 9.33268366962946 -9.02084819631937
-30.4759933328523 10.1301658517223 -8.36245906591121
-30.21070327401 10.9276480338152 -7.70406993550305
-29.9454132151677 11.725130215908 -7.0456808050949
-29.6801231563253 12.5226123980009 -6.38729167468674
-29.414833097483 13.3200945800937 -5.72890254427858
-29.1320970858956 14.0085867052041 -4.9636216251169
-28.849200759199 14.6960772941335 -4.197358451272
-28.5663044325024 15.3835678830629 -3.43109527742711
-28.2834081058058 16.0710584719922 -2.66483210358222
-28.0005117791092 16.7585490609216 -1.89856892973732
-27.7142670114162 17.4172906249329 -1.1095500599953
-27.4245501427423 18.0462214448599 -0.296935112515595
-27.1348332740683 18.6751522647869 0.515679834964105
-26.8451164053944 19.304083084714 1.32829478244381
-26.5553995367204 19.933013904641 2.14090972992351
-26.2656826680465 20.561944724568 2.95352467740321
-25.9414209507946 21.1907656942013 3.75303368642954
-25.61572279271 21.8195820960495 4.55199772548435
-25.2900246346254 22.4483984978976 5.35096176453917
-24.9643264765409 23.0772148997458 6.14992580359398
-24.6386283184563 23.706031301594 6.94888984264879
-24.2713913901147 24.346847354804 7.71764282519325
-23.8542337850809 25.0020844106664 8.45008860905917
-23.4370761800472 25.6573214665289 9.18253439292509
-23.0199185750134 26.3125585223913 9.91498017679101
-22.6027609699796 26.9677955782537 10.6474259606569
-22.1848410858546 27.6230952374768 11.3792620696344
-21.6281769795864 28.2897894825938 12.0001298087192
-21.0715128733181 28.9564837277107 12.620997547804
-20.5148487670499 29.6231779728276 13.2418652868888
-19.9581846607816 30.2898722179445 13.8627330259737
-19.4015205545134 30.9565664630615 14.4836007650585
-18.7481203067754 31.6018884692156 15.0176713803852
-18.0321056546646 32.233376865796 15.4955608195474
-17.3160910025538 32.8648652623763 15.9734502587096
-16.600076350443 33.4963536589567 16.4513396978718
-15.8840616983323 34.1278420555371 16.9292291370341
-15.1308110616183 34.7351171026113 17.3684345519238
-14.2620506222768 35.2672798825543 17.6876381981971
-13.3932901829352 35.7994426624973 18.0068418444703
-12.5245297435936 36.3316054424403 18.3260454907435
-11.6557693042521 36.8637682223833 18.6452491370168
-10.7870088649105 37.3959310023263 18.96445278329
-9.80911100537864 37.7789884950883 19.1399872990644
-8.8192538478931 38.1457070039091 19.2997785259156
-7.82939669040757 38.5124255127299 19.4595697527668
-6.83953953292203 38.8791440215508 19.6193609796181
-5.84968237543649 39.2458625303716 19.7791522064693
-4.82114768193817 39.486882046653 19.8532149811226
-3.76377839327996 39.6341913648318 19.8633661040099
-2.70640910462175 39.7815006830106 19.8735172268972
-1.64903981596354 39.9288100011894 19.8836683497845
-0.591670527305326 40.0761193193681 19.8938194726718
0.465268584293815 40.1605329584052 19.8701440161806
1.52094031276226 40.059644008527 19.7468090470086
2.5766120412307 39.9587550586487 19.6234740778366
3.63228376969914 39.8578661087705 19.5001391086646
4.68795549816758 39.7569771588922 19.3768041394926
5.74362722663602 39.656088209014 19.2534691703206
6.73046266957323 39.3265510719902 19.0234517908513
7.71278348803034 38.9820180545953 18.7864376506269
8.69510430648746 38.6374850372004 18.5494235104026
9.67742512494457 38.2929520198055 18.3124093701783
10.6597459434017 37.9484190024107 18.075395229954
11.5599061188623 37.4739827667528 17.7786117601937
12.4106012590842 36.9213379505065 17.4458440054539
13.2612963993062 36.3686931342601 17.1130762507142
14.1119915395281 35.8160483180138 16.7803084959744
14.9626866797501 35.2634035017674 16.4475407412346
15.7631577001174 34.6639908908668 16.0900847716263
16.4502411263973 33.9589937972122 15.6768918912597
17.1373245526773 33.2539967035575 15.263699010893
17.8244079789572 32.5489996099029 14.8505061305264
18.5114914052372 31.8440025162482 14.4373132501598
19.1985748315171 31.1390054225936 14.0241203697931
19.7255172962733 30.3450156929956 13.5435624143322
20.2490600997344 29.5491367227117 13.0615743535674
20.7726029031954 28.7532577524279 12.5795862928026
21.2961457066565 27.957378782144 12.0975982320378
21.8196885101175 27.1614998118602 11.615610171273
22.2613879163673 26.341581421656 11.0984318227804
22.6550755118194 25.5075607810537 10.5606097877611
23.0487631072715 24.6735401404514 10.0227877527418
23.4424507027236 23.8395194998492 9.48496571772258
23.8361382981757 23.0054988592469 8.94714368270332
24.2122642487741 22.1697324811043 8.4006364822165
24.5345282498266 21.3286118876761 7.82749168894668
24.8567922508792 20.4874912942479 7.25434689567687
25.1790562519318 19.6463707008196 6.68120210240705
25.5013202529843 18.8052501073914 6.10805730913723
25.8235842540369 17.9641295139632 5.53491251586741
26.132261006317 17.1183129109979 4.96124252692062
26.4377485398774 16.2713940538695 4.38744926328351
26.7432360734378 15.4244751967412 3.81365599964641
27.0487236069982 14.5775563396128 3.23986273600931
27.3542111405586 13.7306374824844 2.66606947237221
27.6582353700462 12.873129102571 2.10806310389909
27.9593997287503 11.9949246367316 1.58091052793845
28.2605640874544 11.1167201708923 1.05375795197782
28.5617284461585 10.2385157050529 0.526605376017183
28.8628928048625 9.3603112392136 -0.000547199943451837
29.1640571635666 8.48210677337425 -0.527699775904087
29.4287208976983 7.54997110680249 -0.974230713177408
29.6882217970212 6.61020713568306 -1.40935811400638
29.9477226963441 5.67044316456363 -1.84448551483534
30.207223595667 4.73067919344419 -2.27961291566431
30.4667244949899 3.79091522232476 -2.71474031649328
30.6820200439668 2.82004465554125 -3.09375688369222
30.8446091638249 1.81208542038037 -3.40587200904405
31.0071982836831 0.804126185219495 -3.71798713439588
31.1697874035413 -0.203833049941382 -4.0301022597477
31.3323765233994 -1.21179228510226 -4.34221738509953
31.4847070845586 -2.22297069232713 -4.64468411085105
31.506262170674 -3.27518690693521 -4.8241536322026
31.5278172567893 -4.32740312154329 -5.00362315355414
31.5493723429046 -5.37961933615136 -5.18309267490569
31.57092742902 -6.43183555075944 -5.36256219625723
31.5924825151353 -7.48405176536752 -5.54203171760878
31.4987277091164 -8.53951270011704 -5.63524670838387
31.3585298473883 -9.59628050208758 -5.69372119342624
31.2183319856602 -10.6530483040581 -5.75219567846861
31.0781341239321 -11.7098161060287 -5.81067016351098
30.937936262204 -12.7665839079992 -5.86914464855335
30.7375346143732 -13.8108509929555 -5.89353669254192
30.4325778949896 -14.833408257874 -5.8587382388266
30.127621175606 -15.8559655227925 -5.82393978511128
29.8226644562224 -16.8785227877109 -5.78914133139596
29.5177077368389 -17.9010800526294 -5.75434287768063
29.2088832966865 -18.9220465664527 -5.71813337726051
28.7458710387828 -19.879597323398 -5.62567208795352
28.282858780879 -20.8371480803431 -5.53321079864652
27.8198465229753 -21.7946988372883 -5.44074950933953
27.3568342650716 -22.7522495942335 -5.34828822003254
26.8938220071679 -23.7098003511787 -5.25582693072554
26.3289066232237 -24.6056005506567 -5.14783400857721
25.7175302788732 -25.4732466559763 -5.03275970819714
25.1061539345227 -26.340892761296 -4.91768540781708
24.4947775901721 -27.2085388666156 -4.80261110743701
23.8834012458216 -28.0761849719352 -4.68753680705694
23.2242805430544 -28.9042329871588 -4.5753622142537
22.4766761814162 -29.6588946586929 -4.46856159116253
21.729071819778 -30.413556330227 -4.36176096807136
20.9814674581398 -31.1682180017611 -4.25496034498019
20.2338630965016 -31.9228796732952 -4.14815972188902
19.4847832444974 -32.6758536444885 -4.04173958121652
18.6166347470435 -33.2926341181672 -3.9660234879933
17.7484862495895 -33.9094145918459 -3.89030739477007
16.8803377521356 -34.5261950655245 -3.81459130154684
16.0121892546817 -35.1429755392032 -3.73887520832361
15.1440407572278 -35.7597560128818 -3.66315911510038
14.210070131642 -36.2667397474533 -3.61808696479256
13.24393189685 -36.7200652565015 -3.58799066543666
12.277793662058 -37.1733907655497 -3.55789436608077
11.311655427266 -37.6267162745979 -3.52779806672487
10.345517192474 -38.080041783646 -3.49770176736898
9.35717285772399 -38.471978491573 -3.48502992985159
8.32391631673627 -38.7397553289302 -3.50759935600286
7.29065977574855 -39.0075321662874 -3.53016878215413
6.25740323476083 -39.2753090036447 -3.55273820830539
5.22414669377311 -39.5430858410019 -3.57530763445666

-45.9989668303628 14.6003045886945 7.68542654348824
-45.6240950725341 13.6394761106259 7.97272912356893
-45.2492233147053 12.6786476325574 8.26003170364962
-44.8743515568766 11.7178191544889 8.54733428373031
-44.4994797990479 10.7569906764203 8.834636863811
-44.1246080412192 9.79616219835181 9.12193944389169
-43.6202712277462 8.88217585304317 9.31816082672038
-43.0302608301069 7.99918731933369 9.45410916845771
-42.4402504324675 7.11619878562422 9.59005751019504
-41.8502400348282 6.23321025191474 9.72600585193238
-41.2602296371888 5.35022171820527 9.86195419366971
-40.6354801280619 4.49372308399271 9.96429260202527
-39.8748000424885 3.74087670668695 9.93511879192516
-39.1141199569151 2.98803032938119 9.90594498182504
-38.3534398713417 2.23518395207543 9.87677117172493
-37.5927597857683 1.48233757476967 9.84759736162481
-36.832079700195 0.729491197463911 9.8184235515247
-35.976225308818 0.113532351210109 9.66450204145886
-35.0969296102973 -0.468711275032899 9.4798553359142
-34.2176339117767 -1.05095490127591 9.29520863036955
-33.338338213256 -1.63319852751891 9.11056192482489
-32.4590425147353 -2.21544215376192 8.92591521928023
-31.5514521928123 -2.72287616824581 8.69772665529551
-30.5995637210194 -3.11318802329003 8.40136882312988
-29.6476752492266 -3.50349987833425 8.10501099096426
-28.6957867774337 -3.89381173337847 7.80865315879863
-27.7438983056409 -4.28412358842269 7.51229532663301
-26.792009833848 -4.67443544346691 7.21593749446738
-25.7924587508195 -4.88239680069078 6.89625170536547
-24.7906430830769 -5.08169417289063 6.57545753941811
-23.7888274153343 -5.28099154509048 6.25466337347076
-22.7870117475918 -5.48028891729033 5.93386920752341
-21.7851960798492 -5.67958628949018 5.61307504157606
-20.7606632066005 -5.79420096679123 5.34453218963566
-19.7113934896211 -5.81660436441576 5.13288597442982
-18.6621237726417 -5.83900776204029 4.92123975922398
-17.6128540556623 -5.86141115966482 4.70959354401814
-16.5635843386829 -5.88381455728935 4.4979473288123
-15.5143146217035 -5.90621795491387 4.28630111360645
-14.4520274396194 -5.79167137409202 4.30499204503277
-13.3889556202997 -5.6688700330957 4.33756671653917
-12.3258838009799 -5.54606869209937 4.37014138804556
-11.2628119816601 -5.42326735110305 4.40271605955196
-10.1997401623404 -5.30046601010672 4.43529073105835
-9.15271133041661 -5.15977600416916 4.54987924976772
-8.14317661511526 -4.97727834277635 4.85614259036476
-7.1336418998139 -4.79478068138355 5.1624059309618
-6.12410718451254 -4.61228301999074 5.46866927155884
-5.11457246921118 -4.42978535859794 5.77493261215588
-4.10503775390983 -4.24728769720513 6.08119595275292
-3.12900102069034 -4.09205656689516 6.48052760665078
-2.18495241642742 -3.96286298446925 6.96873270971229
-1.24090381216451 -3.83366940204334 7.4569378127738
-0.296855207901601 -3.70447581961743 7.94514291583531
0.647193396361311 -3.57528223719152 8.43334801889682
1.59124200062422 -3.44608865476561 8.92155312195833
2.50947204335624 -3.38030960585429 9.46566215090373
3.41866425443054 -3.33672892294689 10.029340444796
4.32785646550484 -3.29314824003948 10.5930187386882
5.23704867657914 -3.24956755713207 11.1566970325804
6.14624088765344 -3.20598687422466 11.7203753264726
7.05630624353461 -3.16757362531337 12.2828739624417
7.97132568837184 -3.15847959984583 12.8386794013109
8.88634513320906 -3.14938557437828 13.3944848401802
9.80136457804629 -3.14029154891074 13.9502902790495
10.7163840228835 -3.1311975234432 14.5060957179187
11.6314034677208 -3.12210349797565 15.061901156788
12.5751075943966 -3.0864268113924 15.5643891150102
13.531398535072 -3.0390856757154 16.0434814080614
14.4876894757474 -2.9917445400384 16.5225737011126
15.4439804164227 -2.9444034043614 17.0016659941639
16.4002713570981 -2.8970622686844 17.4807582872151
17.3708776341822 -2.82074288327341 17.91903716381
18.3746176922585 -2.67735144640536 18.2628507226641
19.3783577503349 -2.53396000953731 18.6066642815182
20.3820978084112 -2.39056857266926 18.9504778403722
21.3858378664876 -2.24717713580122 19.2942913992263
22.3895779245639 -2.10378569893317 19.6381049580804
23.4101360929921 -1.84008575073763 19.8169734760903
24.4319736939202 -1.56723337006429 19.9832938515605
25.4538112948483 -1.29438098939094 20.1496142270307
26.4756488957763 -1.0215286087176 20.3159346025009
27.4974864967044 -0.74867622804425 20.4822549779711
28.4998104682436 -0.397026687870095 20.5364399243558
29.4868443651726 0.0163650543219786 20.5027601766346
30.4738782621016 0.429756796514052 20.4690804289133
31.4609121590307 0.843148538706126 20.435400681192
32.4479460559597 1.2565402808982 20.4017209334707
33.4167941676567 1.69486033062751 20.3299309754954
34.3076055649131 2.24014981785727 20.0946069409368
35.1984169621695 2.78543930508703 19.8592829063782
36.0892283594259 3.33072879231679 19.6239588718197
36.9800397566823 3.87601827954655 19.3886348372611
37.8708511539387 4.42130776677631 19.1533108027025
38.6356798279574 5.05512791882652 18.7673783877194
39.3716463984595 5.70923006785839 18.3469422363939
40.1076129689615 6.36333221689026 17.9265060850684
40.8435795394636 7.01743436592212 17.5060699337429
41.5795461099657 7.67153651495399 17.0856337824174
42.2277481770678 8.35759390100161 16.5978454492347
42.7602230459831 9.0857877990098 16.0212458199568
43.2926979148984 9.813981697018 15.444646190679
43.8251727838136 10.5421755950262 14.8680465614011
44.3576476527289 11.2703694930344 14.2914469321232
44.8802424768232 11.9998540980943 13.709926484826
45.1753241309085 12.759060516992 13.0150916824932
45.4704057849938 13.5182669358897 12.3202568801604
45.7654874390791 14.2774733547874 11.6254220778276
46.0605690931644 15.0366797736851 10.9305872754947
46.3556507472497 15.7958861925828 10.2357524731619
46.4859742996745 16.5441685738067 9.49198575365715
46.5265091966376 17.2864976535233 8.72155247871285
46.5670440936006 18.0288267332399 7.95111920376854
46.6075789905637 18.7711558129565 7.18068592882424
46.6481138875267 19.5134848926731 6.41025265387994
46.6259188148632 20.239573130922 5.63200964569584
46.4136986333226 20.9164637099579 4.83010895972193
46.201478451782 21.5933542889938 4.02820827374802
45.9892582702415 22.2702448680297 3.2263075877741
45.7770380887009 22.9471354470656 2.42440690180019
45.5648179071603 23.6240260261015 1.62250621582627
45.1566606837964 24.2083868512409 0.829075858811556
44.7124144646314 24.7757049269911 0.0372056236778162
44.2681682454664 25.3430230027413 -0.754664611455924
43.8239220263014 25.9103410784915 -1.54653484658966
43.3796758071364 26.4776591542417 -2.3384050817234
42.849866290019 26.9820211162247 -3.11057358319713
42.2105460365223 27.4058068201249 -3.8575262338015
41.5712257830256 27.829592524025 -4.60447888440586
40.931905529529 28.2533782279251 -5.35143153501023
40.2925852760323 28.6771639318252 -6.09838418561459
39.6488292365404 29.0960342011794 -6.84325373748633
38.8616072301833 29.3559253019082 -7.52074993679303
38.0743852238261 29.6158164026371 -8.19824613609973
37.2871632174689 29.875707503366 -8.87574233540643
36.4999412111118 30.1355986040949 -9.55323853471313
35.7127192047546 30.3954897048237 -10.2307347340198
34.8638824901898 30.5513464239187 -10.855811369204
33.9769889115566 30.6429453961956 -11.4485106015834
33.0900953329234 30.7345443684724 -12.0412098339628
32.2032017542903 30.8261433407492 -12.6339090663422
31.3163081756571 30.917742313026 -13.2266082987216
30.4177699650554 30.9769433440929 -13.8004781868617
29.4733975962479 30.9086236113453 -14.3002343421577
28.5290252274404 30.8403038785976 -14.7999904974538
27.5846528586329 30.7719841458499 -15.2997466527498
26.6402804898254 30.7036644131022 -15.7995028080458
25.6959081210179 30.6353446803545 -16.2992589633419
24.7297487274348 30.4565255631302 -16.7179937087042
23.7573824133886 30.246226200313 -17.1136462089023
22.7850160993424 30.0359268374959 -17.5092987091004
21.8126497852962 29.8256274746787 -17.9049512092985
20.84028347125 29.6153281118615 -18.3006037094966
19.8644457359424 29.3645229997931 -18.6530904752194
18.8818414247024 29.0347631290373 -18.9214375765227
17.8992371134625 28.7050032582815 -19.189784677826
16.9166328022225 28.3752433875257 -19.4581317791293
15.9340284909826 28.0454835167699 -19.7264788804326
14.9514241797426 27.7157236460141 -19.9948259817359
13.97272638536 27.3039006930295 -20.1163446763512
12.9945873042755 26.880341009599 -20.2168638498141
12.0164482231911 26.4567813261684 -20.3173830232769
11.0383091421067 26.0332216427379 -20.4179021967398
10.0601700610223 25.6096619593073 -20.5184213702026
9.09355549350244 25.1634446479759 -20.5364399243558
8.14624710982726 24.6792706517665 -20.4162511594087
7.19893872615209 24.1950966555572 -20.2960623944616
6.25163034247692 23.7109226593479 -20.1758736295145
5.30432195880175 23.2267486631386 -20.0556848645673
4.35701357512657 22.7425746669292 -19.9354960996202
3.47893204338323 22.2443543502111 -19.5952447256707
2.61541886501049 21.743178074136 -19.2086825667853
1.75190568663776 21.2420017980608 -18.8221204078999
0.888392508265024 20.7408255219857 -18.4355582490145
0.0248793298922891 20.2396492459105 -18.0489960901291
-0.802858894632019 19.7464852813442 -17.6013200343505
-1.50741675620392 19.2809093171407 -16.9432165372778
-2.21197461777582 18.8153333529371 -16.2851130402052
-2.91653247934772 18.3497573887336 -15.6270095431325
-3.62109034091962 17.88418142453 -14.9689060460599
-4.32564820249152 17.4186054603264 -14.3108025489872
-4.90340043628482 16.9992216896697 -13.5288491098797
-5.38617220670024 16.6144369823539 -12.6541290870655
-5.86894397711566 16.2296522750382 -11.7794090642514
-6.35171574753108 15.8448675677225 -10.9046890414372
-6.8344875179465 15.4600828604067 -10.0299690186231
-7.31725928836192 15.075298153091 -9.15524899580891
-7.61147862557538 14.7698289774278 -8.17625119061455
-7.87726377133489 14.4763207877565 -7.18152802787249
-8.14304891709441 14.1828125980852 -6.18680486513042
-8.40883406285392 13.8893044084139 -5.19208170238835
-8.67461920861344 13.5957962187427 -4.19735853964629
-8.92336967361354 13.3080378716964 -3.19770552340435
-9.0606046321848 13.0579201838013 -2.16577980904598
-9.19783959075606 12.8078024959062 -1.1338540946876
-9.33507454932731 12.557684808011 -0.101928380329233
-9.47230950789857 12.3075671201159 0.92999733402914
-9.60954446646983 12.0574494322208 1.96192304838751
-9.73264608573825 11.7816175008581 2.98836222648899
-9.83277588550165 11.4639905664187 4.00588378661639
-9.93290568526506 11.1463636319793 5.02340534674378
-10.0330354850285 10.82873669754 6.04092690687117
-10.1331652847919 10.5111097631006 7.05844846699856
-10.2332950845553 10.1934828286612 8.07597002712595
-10.3190848842861 9.75133899552278 9.04156941435712
-10.3962814879645 9.23457883603053 9.97605461678044
-10.473478091643 8.71781867653829 10.9105398192038
-10.5506746953214 8.20105851704604 11.8450250216271
-10.6278712989999 7.6842983575538 12.7795102240504
-10.7050679026783 7.16753819806155 13.7139954264737
-10.7282619497832 6.42022401746081 14.4725121878664
-10.7440732391576 5.64139050537551 15.206972081385
-10.7598845285319 4.8625569932902 15.9414319749036
-10.7756958179063 4.0837234812049 16.6758918684221
-10.7915071072807 3.3048899691196 17.4103517619407
-10.7915955480212 2.4933587324669 18.0935457649333
-10.7082735528153 1.50836456144804 18.5047718581957
-10.6249515576093 0.52337039042919 18.9159979514581
-10.5416295624034 -0.461623780589665 19.3272240447205
-10.4583075671975 -1.44661795160852 19.738450137983
-10.3749855719916 -2.43161212262737 20.1496762312454
-10.2351090377754 -3.4474141968771 20.3756866317265
-10.030867341287 -4.49827898625845 20.3909016065911
-9.82662564479867 -5.54914377563981 20.4061165814558
-9.62238394831031 -6.60000856502117 20.4213315563204
-9.41814225182196 -7.65087335440252 20.4365465311851
-9.21390055533361 -8.70173814378388 20.4517615060498
-8.91174540112049 -9.66789777084104 20.1461083738735
-8.58662707216795 -10.6141919014794 19.7652035798573
-8.26150874321541 -11.5604860321178 19.3842987858411
-7.93639041426288 -12.5067801627562 19.0033939918248
-7.61127208531034 -13.4530742933946 18.6224891978086
-7.26833585065438 -14.3503620237897 18.1803994595382
-6.84795693785744 -15.0346512714195 17.4723791442506
-6.42757802506049 -15.7189405190493 16.7643588289629
-6.00719911226354 -16.403229766679 16.0563385136752
-5.5868201994666 -17.0875190143088 15.3483181983876
-5.16644128666965 -17.7718082619386 14.6402978830999
-4.71925093437115 -18.2382821921996 13.8122765981842
-4.25360423349168 -18.5548173090896 12.9016495387677
-3.78795753261221 -18.8713524259795 11.9910224793512
-3.32231083173274 -19.1878875428695 11.0803954199346
-2.85666413085327 -19.5044226597595 10.1697683605181
-2.3911664993071 -19.8151749898248 9.25830329592768
-1.93543962020553 -19.7468944413486 8.29191116538738
-1.47971274110396 -19.6786138928725 7.32551903484707
-1.02398586200239 -19.6103333443963 6.35912690430677
-0.568258982900814 -19.5420527959201 5.39273477376647
-0.112532103799242 -19.4737722474439 4.42634264322616
0.327541084100322 -19.2602761353701 3.48902499184004
0.747531069085826 -18.8604729349313 2.58900900029495
1.16752105407133 -18.4606697344926 1.68899300874986
1.58751103905683 -18.0608665340538 0.788977017204767
2.00750102404234 -17.6610633336151 -0.111038974340324
2.42749100902784 -17.2612601331763 -1.01105496588542
2.8161442460044 -16.6155581749215 -1.7634868540417
3.20023158143351 -15.9340276897722 -2.49441509140921
3.58431891686263 -15.2524972046228 -3.22534332877673
3.96840625229174 -14.5709667194735 -3.95627156614424
4.35249358772086 -13.8894362343242 -4.68719980351175
4.72025634759975 -13.1302300416955 -5.32497467756338
5.05765056171878 -12.2265240261001 -5.7894567044081
5.3950447758378 -11.3228180105047 -6.25393873125281
5.73243898995683 -10.4191119949093 -6.71842075809752
6.06983320407586 -9.51540597931392 -7.18290278494223
6.40722741819488 -8.61169996371851 -7.64738481178694
6.6825568344691 -7.60201998417878 -7.83885008982859
6.94795258394517 -6.57537853721055 -7.98661817546652
7.21334833342124 -5.54873709024231 -8.13438626110445
7.4787440828973 -4.52209564327408 -8.28215434674238
7.74413983237338 -3.49545419630585 -8.42992243238032
7.9713607093814 -2.46030790220722 -8.46568425959782
8.1393819184361 -1.41197271988022 -8.32775242712503
8.3074031274908 -0.363637537553214 -8.18982059465224
8.47542433654549 0.684697644773788 -8.05188876217944
8.64344554560019 1.73303282710079 -7.91395692970665
8.81146675465488 2.78136800942779 -7.77602509723386
8.86934000934294 3.80452058940588 -7.47233632153623
8.91668739258188 4.8252666895124 -7.15280761230361
8.96403477582082 5.84601278961891 -6.833278903071
9.01138215905976 6.86675888972542 -6.51375019383838
9.0587295422987 7.88750498983194 -6.19422148460576
9.0457420955995 8.90099061011473 -5.85819193121966
8.94107457641944 9.90344377506175 -5.49708899004846
8.83640705723938 10.9058969400088 -5.13598604887725
8.73173953805932 11.9083501049558 -4.77488310770605
8.62707201887926 12.9108032699028 -4.41378016653484
8.5224044996992 13.9132564348498 -4.05267722536364
8.26712398546348 14.9097516426388 -3.766458339611
7.97903371522664 15.904948960292 -3.49655230644953
7.6909434449898 16.9001462779451 -3.22664627328805
7.40285317475296 17.8953435955982 -2.95674024012658
7.11476290451612 18.8905409132514 -2.6868342069651
6.78754585086262 19.8770487252381 -2.45289834829418
6.30831060807294 20.8297954457027 -2.35871639504235
5.82907536528326 21.7825421661673 -2.26453444179052
5.34984012249357 22.7352888866319 -2.1703524885387
4.87060487970389 23.6880356070966 -2.07617053528687
4.39136963691421 24.6407823275612 -1.98198858203504
3.81232056303996 25.531155894431 -2.00007528330291
3.16584381786928 26.3793942536586 -2.09400331689508
2.5193670726986 27.2276326128862 -2.18793135048725
1.87289032752793 28.0758709721138 -2.28185938407941
1.22641358235725 28.9241093313414 -2.37578741767158
0.575166823649868 29.7669746984816 -2.47444432232439
-0.204086496029918 30.4656521646979 -2.70000370159225
-0.983339815709704 31.1643296309142 -2.92556308086011
-1.76259313538949 31.8630070971305 -3.15112246012796
-2.54184645506928 32.5616845633468 -3.37668183939582
-3.32109977474906 33.2603620295631 -3.60224121866368
-4.15834152555753 33.8711154191014 -3.85123846294714
-5.04673449070131 34.4043115579287 -4.12091009406328
-5.93512745584508 34.937507696756 -4.39058172517943
-6.82352042098886 35.4707038355832 -4.66025335629557
-7.71191338613263 36.0038999744105 -4.92992498741172
-8.60688534491129 36.5249810291736 -5.19680484358842
-9.58624566486765 36.8906626191491 -5.42787476818717
-10.565605984824 37.2563442091246 -5.65894469278593
-11.5449663047804 37.6220257991 -5.89001461738469
-12.5243266247367 37.9877073890755 -6.12108454198345
-13.5036869446931 38.353388979051 -6.3521544665822
-14.5250753423153 38.6081185878177 -6.5196148433087
-15.5698829325882 38.801022722587 -6.65163024280166
-16.614690522861 38.9939268573563 -6.78364564229461
-17.6594981131338 39.1868309921256 -6.91566104178757
-18.7043057034067 39.3797351268949 -7.04767644128053
-19.7549552952273 39.5315223533143 -7.14889527584085
-20.8255224517454 39.5431266859914 -7.14511712101573
-21.8960896082636 39.5547310186686 -7.14133896619061
-22.9666567647817 39.5663353513457 -7.13756081136549
-24.0372239212999 39.5779396840229 -7.13378265654037
-25.107791077818 39.5895440167001 -7.13000450171525
-26.1569393786195 39.4446044704909 -7.0042232683231
-27.2013994320033 39.2653999548715 -6.85173749825543
-28.2458594853872 39.0861954392522 -6.69925172818777
-29.290319538771 38.9069909236329 -6.5467659581201
-30.3347795921549 38.7277864080135 -6.39428018805243
-31.3440056242053 38.4680538803226 -6.18329982470686
-32.3034452685791 38.0945336362119 -5.88966541315166
-33.262884912953 37.7210133921012 -5.59603100159645
-34.2223245573268 37.3474931479906 -5.30239659004124
-35.1817642017007 36.9739729038799 -5.00876217848604
-36.14000149333 36.5988933346987 -4.7141606501737
-36.9559488314615 36.0392786590093 -4.30510768568714
-37.771896169593 35.4796639833199 -3.89605472120058
-38.5878435077245 34.9200493076305 -3.48700175671402
-39.403790845856 34.3604346319411 -3.07794879222745
-40.2197381839875 33.8008199562517 -2.66889582774089
-40.9183155820717 33.1413824622304 -2.21470435055049
-41.539011992679 32.4157073978291 -1.73056115027676
-42.1597084032864 31.6900323334277 -1.24641795000302
-42.7804048138937 30.9643572690263 -0.762274749729287
-43.4011012245011 30.2386822046249 -0.278131549455551
-43.9762240379961 29.4872152832733 0.211101478619132
-44.3629127910861 28.6291062568769 0.721379519158633
-44.749601544176 27.7709972304805 1.23165755969813
-45.136290297266 26.9128882040841 1.74193560023764
-45.5229790503559 26.0547791776877 2.25221364077714
-45.9096678034459 25.1966701512913 2.76249168131664
-46.09463963066 24.2692403157716 3.2519411818936
-46.2253206109569 23.3231532187458 3.73578481142279
-46.3560015912539 22.3770661217199 4.21962844095197
-46.4866825715508 21.4309790246941 4.70347207048116
-46.6173635518478 20.4848919276683 5.18731570001035
-46.6481138875267 19.5251488595376 5.64176524452528
-46.5187249928407 18.5435220468259 6.04911065827575
-46.3893360981547 17.5618952341142 6.45645607202623
-46.2599472034687 16.5802684214025 6.8638014857767
-46.1305583087828 15.5986416086908 7.27114689952717
