-16.8157477919714 -12.1285973183046 1.69986564385955
-15.8994820309508 -12.5039283706702 2.12993247469516
-14.9832162699303 -12.8792594230358 2.55999930553077
-13.9624780023881 -13.0819839673328 2.80999124835381
-12.9133497518743 -13.2378033880905 3.01104856546052
-11.8494383251429 -13.2750579755735 3.04833609013958
-10.7744878964383 -13.2237769595295 2.96333223202319
-9.73017659817789 -13.117159218104 2.77340649405584
-8.74169240518435 -12.909713249891 2.39230415458845
-7.77214662372008 -12.6928439022935 1.98148519896551
-6.93853578314005 -12.4083360139673 1.35736818219617
-6.10492494256003 -12.1238281256411 0.733251165426839
-5.37771302831397 -11.8144805433065 0.000551941227620136
-4.66840437426727 -11.5009532993868 -0.750417913885078
-3.95723807983783 -11.1463576474049 -1.47983628967406
-3.24449647315602 -10.7569352512335 -2.19097862573503
-2.50858199359637 -10.331871009033 -2.8423098980207
-1.69136767423835 -9.78176071028308 -3.2837996919219
-0.874153354880325 -9.23165041153317 -3.7252894858231
-0.0342345471049575 -8.56496331506015 -3.73902138598543
0.80744110272251 -7.889255666493 -3.71965396930675
1.54153942446223 -7.20362140680924 -3.40571896947719
2.2124474475979 -6.51215631332679 -2.91875667970423
2.77690522432449 -5.83071786075549 -2.33735928234849
3.10921486822311 -5.17114564189036 -1.5500165289388
3.44152451212173 -4.51157342302523 -0.762673775529121
3.36645944054995 -3.85652067033991 0.0908036104464138
3.28608230376399 -3.20152685037223 0.945143375621649
2.9343528623287 -2.52465090689351 1.67913379259034
2.44553892807752 -1.83672033166172 2.35232491256785
1.85941886683663 -1.13739520840698 2.87819768585725
1.09846651184521 -0.417597222561431 3.13937998939089
0.33737460361744 0.302248451455664 3.37015127049256
-0.425932368997826 1.02285105790421 3.11822236820082
-1.18923934161309 1.74345366435275 2.86629346590908
-1.74791304485678 2.440081161605 2.29845673389531
-2.2410897970568 3.12903494793958 1.62950741290146
-2.55333479978116 3.80260339096099 0.878737789235104
-2.63511415484582 4.45657442710708 0.0237478222526543
-2.67608313075614 5.11017336642206 -0.825095576074499
-2.33447282171531 5.76028406224283 -1.61631760724521
-1.99286251267449 6.4103947580636 -2.40753963841592
-1.38410478086863 7.06854988433264 -2.97271099795376
-0.68333884112388 7.72947559181028 -3.46002827608198
0.0913093295193507 8.37315358882083 -3.75684277687932
0.976434270796125 8.99104092777935 -3.76879674517388
1.85983600969867 9.59815617854913 -3.74692368278696
2.72153827169186 10.0696235899169 -3.2990827351645
3.58324053368506 10.5410910012848 -2.85124178754203
4.3732792334227 10.8916029591406 -2.21885377350248
5.13876665050067 11.2006766820702 -1.52324161808599
5.91718369429811 11.4844062667561 -0.83215622237868
6.71646323430829 11.727242019037 -0.148374943745874
7.5206448449171 11.9688278313045 0.528486371996888
8.46898372618698 12.173656127089 1.00184940201851
9.41732260745687 12.3784844228734 1.47521243204012
10.4512051961271 12.4974075646435 1.71370357783602
11.516237970687 12.5850489020849 1.86666765125863
12.5784570614698 12.5791835775178 1.86792780146634
13.6373962941595 12.4643193012447 1.69234955059166
14.6685119743156 12.3009864728651 1.46410110078231
15.5892331051229 11.9453466426781 1.02687492002128
16.5099542359303 11.5897068124911 0.589648739260258
17.2072793334684 11.0160389063471 0.00412789775558541
17.8911707256852 10.4292600918251 -0.590310500359258
18.37545266104 9.71205927624987 -1.21458441004642
18.7672655100462 8.93444046512113 -1.85267962128514
19.0315975454361 8.10165090200739 -2.46446343072986
19.1193566613839 7.19244465728128 -3.03980347348071
19.1649142366579 6.27336532727554 -3.59211607243092
18.9732053790885 5.2987773194335 -4.01496326891373
18.7814965215191 4.32418931159146 -4.43781046539653
18.393725128306 3.34905476502785 -4.66945615212778
17.9786089616623 2.37384399289946 -4.87443503101334
17.477818203609 1.43002889313778 -4.92653576482155
16.9200480612472 0.507094033969938 -4.87696221647177
16.3459626303364 -0.388481220557932 -4.74559400930205
15.7369663393569 -1.22551338979238 -4.43920457098318
15.1290741323051 -2.05974147779425 -4.12596442395152
14.5563656491325 -2.80461221048798 -3.59441347855505
13.9836571659599 -3.54948294318171 -3.06286253315859
13.4825724413906 -4.24645606916294 -2.4141812064782
13.007669277307 -4.92592056237036 -1.72268369391056
12.577932457036 -5.6018793171122 -1.00174301500758
12.2104618594147 -6.2730050684842 -0.240212051485632
11.8483984598235 -6.94959365184521 0.518658757081052
11.5375737320487 -7.6779480950683 1.25232190615854
11.2267490042738 -8.40630253829139 1.98598505523603
10.8933533238603 -9.20600333408478 2.62657356031988
10.5530797659862 -10.0274449698902 3.23880012577617
10.1650426661913 -10.8799353168466 3.76219637430097
9.71645468670153 -11.7717867894228 4.17298050032635
9.25046547640415 -12.6631109897258 4.55329830636633
8.65548158103406 -13.5505265400271 4.70777040095659
8.06049768566398 -14.4379420903284 4.86224249554686
7.35919685898129 -15.2462662927307 4.80032402757884
6.63093178363411 -16.0345312369732 4.68352428279595
5.86207608141876 -16.7389805340276 4.45105578393809
5.04914645172803 -17.3524215111692 4.09299237138681
4.23113788771551 -17.9309629687372 3.70466194524622
3.38790924409511 -18.3362065243918 3.16603690140595
2.54468060047471 -18.7414500800465 2.62741185756567
1.70441131696602 -18.9696764033075 1.99424557027277
0.86460740916617 -19.1700657899025 1.34621215071971
0.0320666274104067 -19.2624455798981 0.672177988490236
-0.794969710000283 -19.2729690438978 -0.0215611382578501
-1.61945247351976 -19.2307683189519 -0.711885432970229
-2.4372972177826 -19.0515109837723 -1.39333286655509
-3.25514196204545 -18.8722536485927 -2.07478030013996
-4.05997494622089 -18.489813049357 -2.68356465239826
-4.86460231267816 -18.1041616562822 -3.29120074977965
-5.64217942132689 -17.5684452613043 -3.79960388261999
-6.40726715705046 -16.9634423632164 -4.2621901692996
-7.13960112556973 -16.2839850280384 -4.64339448859044
-7.81730519896432 -15.4803453945484 -4.88886210572549
-8.48720430193849 -14.6692278482033 -5.11893030238948
-9.02996817149431 -13.7363025120629 -5.09815720041433
-9.57273204105012 -12.8033771759226 -5.07738409843918
-10.0044931170844 -11.848981688371 -4.85581091177298
-10.3965574080056 -10.8869080518298 -4.56242766015425
-10.7426517433441 -9.94989504951697 -4.17405132180663
-11.0232470160185 -9.04858902213854 -3.65032662252512
-11.3013176470262 -8.15554440953804 -3.11371004997985
-11.5525036476301 -7.3504746909008 -2.43980934222875
-11.8036896482339 -6.54540497226355 -1.76590863447766
-12.0966703019206 -5.78980475410694 -1.05400925137353
-12.4030222961699 -5.05003128625447 -0.329952972791244
-12.7519723750313 -4.30980419650096 0.371974621057477
-13.1558073058615 -3.56899264453244 1.04539084879835
-13.5709238223953 -2.82034589261342 1.70054166311014
-14.0585642576632 -2.02133038762977 2.23827287046275
-14.546204692931 -1.22231488264611 2.77600407781535
-15.0570939209126 -0.350601537735702 3.14842336189622
-15.5720403804077 0.53379857206376 3.49199346000377
-16.0598024902345 1.46513943874169 3.70650717481178
-16.5280758403976 2.43013265099362 3.82849894710894
-16.9576560039478 3.41187275609534 3.87906701160754
-17.3058786002864 4.42882542909038 3.77945723818682
-17.6413410139681 5.44632414286446 3.66615553045294
-17.8058175971714 6.47113977666963 3.36938256510785
-17.9702941803747 7.4959554104748 3.07260959976277
-17.9467934625 8.4834161324086 2.65028259769929
-17.8825323898768 9.46277694307258 2.20073088793238
-17.6714501122364 10.3832867266254 1.69744507656985
-17.3541830964935 11.2612339872775 1.15529742979037
-16.9494611616742 12.0854917315598 0.605657072905042
-16.378961486284 12.8079767361253 0.0418136893036062
-15.7818190662527 13.5067712616611 -0.515407449739173
-14.9823517013335 14.0256603409443 -1.02233927799927
-14.1828843364142 14.5445494202276 -1.52927110625936
-13.2260750972717 14.848726925342 -1.91277328188347
-12.2504562177523 15.1272364541799 -2.28151989806492
-11.2125833811492 15.2342944814592 -2.50641035714168
-10.1445366849734 15.2582517104292 -2.66157520058715
-9.08312280794191 15.1762752047891 -2.69675786603212
-8.02967411108222 14.9670856297007 -2.58785705137785
-7.0025004502819 14.7195695091665 -2.41746574808498
-6.06374795766508 14.3430762898728 -2.04014567691867
-5.12499546504825 13.966583070579 -1.66282560575237
-4.33997935704739 13.5089435925021 -1.08086823126707
-3.55712816295178 13.0501614137923 -0.496029156756117
-2.84224373197712 12.5563944931401 0.141791163636322
-2.15637960274282 12.0476898629242 0.802233301980076
-1.46448544974755 11.494236138041 1.41253534793661
-0.762159060161228 10.8633642865782 1.93609257708738
-0.0587193185230108 10.2265333664164 2.4443207048381
0.672159318101362 9.44283941225489 2.57475853451304
1.40303795472573 8.65914545809343 2.70519636418797
2.04711678768981 7.85435853345176 2.47969939754916
2.65767588765483 7.0414260749628 2.11675005389577
3.15250515874535 6.25833035263665 1.61374182034346
3.46209352785265 5.52299227389112 0.886550803942855
3.75850508257772 4.79005210883525 0.155473732682346
3.65929730270333 4.12910666046999 -0.692277854382563
3.56008952282894 3.46816121210472 -1.54002944144747
3.16886913304049 2.82845533401094 -2.28835317308239
2.64598455786908 2.19832606536049 -2.99184634896351
2.0111692470191 1.57008302930118 -3.54892183587945
1.18735140156028 0.945025023148281 -3.85876126061617
0.361174729913309 0.320003640998859 -4.1306763487318
-0.494762762782903 -0.304555663690626 -3.92410794312206
-1.35070025547911 -0.929114968380111 -3.71753953751233
-2.00955900924609 -1.55158458609065 -3.16959454243545
-2.61315992160233 -2.17346828777438 -2.52593281228809
-3.02024725577276 -2.79845649147385 -1.78010875694846
-3.21589922920583 -3.4267849300297 -0.924364927717338
-3.34222974633846 -4.0620720642514 -0.0751523775547403
-3.11940471009234 -4.7324084799751 0.741163686019937
-2.89657967384623 -5.4027448956988 1.55747974959461
-2.38279647422099 -6.13169818327033 2.14338057701314
-1.81388979578311 -6.87175673029168 2.68562808588973
-1.14583121322024 -7.6234794488147 2.99200783220826
-0.386910691616037 -8.38589111223804 3.08224042076417
0.373299346346099 -9.12602745630532 3.06938377663538
1.13808633382079 -9.78710081567936 2.69062699453273
1.90287332129548 -10.4481741750534 2.31187021243009
2.58944230354278 -10.9606598924593 1.66142487821433
3.26966549088214 -11.4610907549882 0.988937562417265
3.94580486815432 -11.910047542049 0.278995484743927
4.61930533615445 -12.3257423965545 -0.455149412544586
5.3263753292326 -12.7318918107577 -1.15893707724789
6.11426961721553 -13.1150589670888 -1.78963458314625
6.90666157976995 -13.4960181253911 -2.4143435736186
7.85379896675484 -13.8010096727223 -2.83301378859143
8.80093635373973 -14.1060012200535 -3.25168400356426
9.8368749409259 -14.2837725761785 -3.45992800225758
10.8952079213588 -14.4294608187381 -3.61510551732106
11.9614228145109 -14.4476743372415 -3.61784039809022
13.0332616511953 -14.3749314248067 -3.51180361419479
14.0714966080756 -14.2137749217569 -3.32394562711188
15.0534849001481 -13.9046304594378 -2.99913411511866
16.007045024481 -13.5590740350354 -2.64902207004354
16.8160183741081 -13.0283249451557 -2.17023052264685
17.6249917237351 -12.4975758552761 -1.69143897525016
18.2167583946218 -11.7897115915117 -1.13486179180027
18.7973923313544 -11.0727694478362 -0.574297775108373
19.1878008595472 -10.2521871956282 -0.00638230506685371
19.5090859822712 -9.39394458406079 0.564204508905905
19.6942816271308 -8.48934855952787 1.10455168415419
19.7482810826144 -7.54006582415528 1.61574652939859
19.7318916631517 -6.58015392841459 2.09254655318525
19.5315384682658 -5.59246235197316 2.47945451355711
19.3231937626146 -4.60528225937682 2.85970144213205
18.9046266185184 -3.63155711720177 3.06472513845228
18.4860594744223 -2.65783197502671 3.26974883477252
17.9436740386321 -1.73200628639113 3.29721938082301
17.3678238969648 -0.819126513116189 3.27670215487286
16.7532499598788 0.0445950792164301 3.12552997789593
16.1039785210411 0.864269696016061 2.8572876546926
15.4607477087795 1.65901077377861 2.52936037233386
14.8353766633548 2.38003314239412 2.02496804271942
14.21000561793 3.10105551100963 1.52057571310498
13.6921082553528 3.76062443734396 0.842236619347276
13.1788815653798 4.4175226734991 0.156338015536848
12.7623158517501 5.08300548317039 -0.579937554464172
12.4013600278314 5.75342707170061 -1.34519542569793
12.0723484883952 6.45261367038803 -2.09551485045288
11.8248409759452 7.22519255824682 -2.80771967772459
11.5773334634952 7.9977714461056 -3.5199245049963
11.3395646916087 8.89873790993069 -4.06113723340466
11.1026861295429 9.81144017061977 -4.58671972249663
10.8132630405164 10.7717912352562 -4.95452578336383
10.4816061905479 11.7704410212151 -5.19551574487021
10.120821390416 12.7624689277698 -5.37209165024277
9.64500443529974 13.7283456958605 -5.29428344527643
9.16918748018352 14.6942224639511 -5.21647524031009
8.58133868830684 15.5307762122415 -4.89225580821905
7.97498200485106 16.3459655296846 -4.52732873080707
7.32347494414971 17.0454263922721 -4.05131168939461
6.63120362500351 17.6404012033365 -3.47499648261983
5.92953097983734 18.1875839452737 -2.87331269363788
5.19170916208197 18.5510007214728 -2.17408380786827
4.4538873443266 18.914417497672 -1.47485492209865
3.69114620116458 19.0873513023475 -0.733650249760527
2.92562786351536 19.2390562715794 0.0122325156299471
2.14332868588655 19.2729690438978 0.748978172322338
1.34990804870181 19.2288153335149 1.47966823317045
0.547379911882303 19.124082135842 2.18719176130272
-0.275878813677322 18.8814572568667 2.84198337820507
-1.09920088266963 18.6379090886996 3.49613387097664
-1.93681645253521 18.1860199085387 4.00561414404487
-2.7744320224008 17.7341307283778 4.51509441711309
-3.59266625212531 17.1430094565006 4.87253079367898
-4.40245636696481 16.4912271689469 5.16372427268027
-5.17973682936612 15.7829798586272 5.35135651607067
-5.90405365681224 14.9827416277893 5.37027026919633
-6.62057042032013 14.1788721426848 5.37209165024277
-7.21421894803847 13.3178023821754 5.10467041745168
-7.80786747575681 12.4567326216659 4.83724918466058
-8.30408865138049 11.6207315238458 4.3851332255127
-8.76543877303491 10.793702964751 3.8669116026866
-9.19402259250533 10.0058023364148 3.27572404193197
-9.57549592336345 9.27415877138927 2.57962806128404
-9.95740029716193 8.55006438363399 1.87676051249891
-10.3442723469748 7.91297261984744 1.09585211565434
-10.7311443967877 7.2758808560609 0.314943718809779
-11.1792433507147 6.66927319936471 -0.45643099665785
-11.6477476023319 6.07282508427852 -1.22462838984543
-12.1645780657332 5.46496371420859 -1.94777427457532
-12.7440257502049 4.84231396565694 -2.61254603560488
-13.3358263110409 4.20884974289911 -3.25163740182587
-13.9998433687014 3.51216271930204 -3.74059789200966
-14.6638604263619 2.81547569570498 -4.22955838219346
-15.3479509739434 2.03839669419646 -4.52489939006824
-16.0348998981631 1.24987022877095 -4.79266983561899
-16.6896537683385 0.409421463695462 -4.91394906298024
-17.3244603822707 -0.463197069271485 -4.94446596819742
-17.9131153561713 -1.35730464466972 -4.89082734500213
-18.4227970819595 -2.28818359977336 -4.69318440428276
-18.9086976663117 -3.22172036906459 -4.47064431676933
-19.2298825732041 -4.17366599672163 -4.07565874710559
-19.5510674800965 -5.12561162437867 -3.68067317744185
-19.6626784288573 -6.05679674302731 -3.15329133264632
-19.7482810826144 -6.98540546598476 -2.60947900473299
-19.6600654023078 -7.86732115202555 -2.00841114827253
-19.4815376608973 -8.72497619590879 -1.37759461874753
-19.1856944798635 -9.53133735986064 -0.740427951205351
-18.7352970776813 -10.2701227154796 -0.0948954569776044
-18.2311114902234 -10.9744885003228 0.536805909208919
-17.5254276939559 -11.5499136670026 1.11669389831573
