1.1595538145861151 -4.9314760455566237e-05 -2.4681935219476571e-05
1.1580765085989499 0.046340244478639665 0.028711406576825242
1.153644587035684 0.092702435550582871 0.057186396888843749
1.1462308255107925 0.13877227446026408 0.085515524157801337
1.1358584587163534 0.18447034525866582 0.11351598477348726
1.1225708565487511 0.22961719070069267 0.14117696311029862
1.1064230628531484 0.27393653264886686 0.16865366884953104
1.0874644851614383 0.31736437052707317 0.19575578845078781
1.0657191701373196 0.35984705960269342 0.22225642121747241
1.0412784559478485 0.40130897789496217 0.24801465584297536
1.0141793249846263 0.44159388156958823 0.27296836727426138
0.98455860114107296 0.48050446962212107 0.29722710190012108
0.95248227392378415 0.5178521238762348 0.32081096028491263
0.91803963175399572 0.55374299740963862 0.3432926542896515
0.88136103005484601 0.58811697363013837 0.3645775399726181
0.84254500488437789 0.62066485255477744 0.38492086840923806
0.80169617279408534 0.65139366244393548 0.40407906865390031
0.758914774768088 0.68028890521113228 0.42181980632300675
0.71435994653377954 0.70719676027733247 0.43827426486706272
0.66814097195054178 0.73196291737385266 0.45345185154765022
0.62041268173506381 0.75467136148984859 0.46709927851857935
0.57130547392459485 0.7751812435551102 0.47925396106221591
0.52097703769246828 0.79349413830225579 0.48981804249171479
0.46956898719859286 0.80954815611600828 0.4987283674313574
0.41724386602941782 0.82326552822760735 0.50606509681022394
0.36415215211516483 0.83466848331742838 0.51164697209439458
0.31046038289596806 0.84375129865023002 0.51546783497424753
0.25632471070258556 0.85045525053658966 0.51754307439184588
0.20191161442713274 0.8548214133521933 0.5177540585111573
0.14738670543672133 0.8568828650432263 0.51610895062189832
0.092910763090145287 0.85655127695379663 0.51262350084779162
0.038659889696249963 0.85398900879766693 0.50713146436655976
-0.01519992233258835 0.8491547469757118 0.49967065792078397
-0.068507835739696488 0.84204163549423516 0.49031224533267659
-0.12109511993449718 0.83275029814647827 0.47899215168518922
-0.17278286300356693 0.82134743073121974 0.46564138992438048
-0.22341276910035596 0.80797351510638205 0.4502259921955728
-0.2727982776062422 0.79270820842404133 0.43267759085180246
-0.32079927555723098 0.77565389897138071 0.41305744284308177
-0.36724558126513002 0.75688456136118076 0.39136999773760806
-0.41198328925114752 0.73663207647932516 0.36753180989892753
-0.45484368842374961 0.71504545236187389 0.34151413397063146
-0.49567814164062945 0.69228104917486466 0.31333235044728341
-0.53424677277646704 0.66847321641802027 0.28291004528109709
-0.57035682793573717 0.64388367370547706 0.25017941423415219
-0.60379290416330655 0.61885560982731391 0.21502890298138161
-0.63442476382192192 0.5939151245491967 0.1773564093835017
-0.66215083236973149 0.56990776145288058 0.13692315497091331
-0.68628029059604934 0.54779090871585312 0.093262940166922756
-0.70826285938685518 0.52949818758482969 0.046766923099474424
-0.7315894340090231 0.51362367290347832 3.5700962906150269e-05
-0.7569942762826346 0.50135346939986414 -0.04669712720462138
-0.78383667229667719 0.49145756082717673 -0.093186577215182698
-0.81504643527845066 0.48162126667477595 -0.13685364366700337
-0.84970149101052173 0.46960788197520886 -0.17728435133600909
-0.88660275452096549 0.45556016083287931 -0.21497361088307587
-0.92500136007009981 0.43911930950580147 -0.25011876591008086
-0.96435135158349572 0.42015364398236532 -0.28285630564736031
-1.0042490927369512 0.39866053503088483 -0.31328847898876083
-1.0443753394576851 0.37467931885225669 -0.34147890784479662
-1.0844956917832889 0.34835896907203479 -0.36750836324803005
-1.1243981941333825 0.31974248814497241 -0.39135776993277693
-1.1638717567303485 0.2889038883839406 -0.41305392768222376
-1.2026458631583439 0.25586787476570139 -0.43267824985364423
-1.2405606781336327 0.22073423889410551 -0.45022849551075189
-1.2774675892977201 0.18358299344726584 -0.4656419482498183
-1.3131879441984224 0.14452155630457328 -0.47898969912971512
-1.347532103947098 0.10363149919713242 -0.49032132821716673
-1.3803521988881966 0.061024478883496651 -0.49967050524466128
-1.4114681479348921 0.016799992614405554 -0.50714857934918356
-1.4408146754079802 -0.028900794541521696 -0.51263774346098667
-1.4683482762336699 -0.075907942766970687 -0.51612077092795206
-1.4938301407286279 -0.12415613903369063 -0.51777078947876232
-1.5172582492572613 -0.17346113262822557 -0.51755547637436128
-1.5385305766866795 -0.22369181358305237 -0.51548119800136183
-1.5575161216246829 -0.27472981306429539 -0.51166085314171972
-1.5741928967396368 -0.3264083612358325 -0.50608022763643556
-1.588477409312997 -0.37858204852864458 -0.4987461729921745
-1.6002871517389636 -0.4311276439443224 -0.48983433656322922
-1.6095971330510106 -0.48386855594383432 -0.47926776034106572
-1.6163971741543171 -0.53665027742822557 -0.4671114788106257
-1.6205958764989679 -0.58934126021860256 -0.45347462965468499
-1.6222539958531454 -0.64175418124489436 -0.43830655995091261
-1.6212353432959778 -0.6937940651692841 -0.42185230168727583
-1.6176065882473667 -0.74529242867258561 -0.40411291048145748
-1.6114206790262504 -0.79603452948608255 -0.38495801151303799
-1.6026457761947677 -0.84592794512024261 -0.36462194504820955
-1.5912160101874719 -0.8948766765842755 -0.34333066609579088
-1.5773719883925201 -0.94265392622078004 -0.32084617598429366
-1.5610609458625537 -0.98910697836559591 -0.29726651821820238
-1.5421777712986424 -1.0342230479795402 -0.27302030349331174
-1.520845318446846 -1.0778364253343744 -0.24806562069869253
-1.4971605115933584 -1.1197354087848126 -0.22230835989294487
-1.4712456797778426 -1.1598164920559459 -0.19581573559954166
-1.4431142499957093 -1.197950024175622 -0.16871612026457564
-1.4128109313842827 -1.2341012278100933 -0.14124384397715337
-1.3803636108562367 -1.2681822475673994 -0.11357460664840066
-1.3459685718013661 -1.3000253194662172 -0.085593806162962333
-1.3097785518567575 -1.3294835485313077 -0.057266672063899751
-1.2718614961221049 -1.3565048639666848 -0.028769853651368849
-1.2324217309835728 -1.3809803632164184 -4.0390352516024575e-05
-1.1915054452213019 -1.4029015031299736 0.028686783540743284
-1.1491321329557114 -1.422247557230236 0.057149944193851276
-1.1055307052966916 -1.4388543792256443 0.08548821417466522
-1.060774650603997 -1.4527215648812901 0.11349743166007213
-1.0150298767526629 -1.4637884676407611 0.14115361595447026
-0.96857232237020885 -1.471961136854337 0.16862769188485477
-0.92147998997375569 -1.477262005989725 0.19572261936700722
-0.87381135707160584 -1.4796726568694549 0.22221433814331992
-0.82568902101891439 -1.4792314184832864 0.24798185145687707
-0.77725450752335634 -1.4759085718048104 0.27294135057083813
-0.72873948911378283 -1.4697123510077177 0.2971863095441688
-0.68036128837780951 -1.4606039022930681 0.32077677608859756
-0.63206185462172482 -1.4487206784815121 0.34326775977324442
-0.58395208395478726 -1.4341444787791673 0.36454969556304695
-0.53635596368302307 -1.4168019788445845 0.38489036408606325
-0.48932049055483845 -1.396789673278034 0.40404991915514088
-0.442909188840728 -1.3741862989351983 0.42179804913391705
-0.39733637132870758 -1.3490497533944512 0.43826562049850509
-0.35277212747792941 -1.321412048120316 0.45343466447570707
-0.30923810767192333 -1.2914327274490021 0.46707059490983249
-0.26692838184910644 -1.2591574876250127 0.47924035469473641
-0.2259141196817317 -1.2247221470214509 0.48982095001498732
-0.18631744789801313 -1.1882224428140278 0.49875303556890971
-0.14826959611429635 -1.1497693797841786 0.50607657955915808
-0.11185064163050157 -1.109490741653206 0.51166188819071889
-0.077142078283359033 -1.067531805688035 0.51549203708393887
-0.044268141370650486 -1.0240007157824424 0.51755565544456295
-0.013278150523962817 -0.97906226770388383 0.51778045177172827
0.015763175964371517 -0.93286909806529361 0.51613525352815171
0.042718557929876028 -0.88552831658000408 0.51264992965979794
0.067621824303867262 -0.83726327626032138 0.50715522288513215
0.090371659655672149 -0.78820665601200413 0.49968520337920092
0.11086838937440852 -0.73848552976902815 0.49032524426684448
0.12911266545931796 -0.6883007634913747 0.47898830012214028
0.14509214992068442 -0.63783917310046323 0.4656403529150388
0.15881675064678594 -0.58730580645075159 0.45021629031762805
0.17029923361823698 -0.53690595301909716 0.43266930108174628
0.17952453786738393 -0.48680831722254264 0.41304706786674678
0.18649533167955126 -0.43720089689308389 0.39135872588189508
0.19132387084822389 -0.38832547232924897 0.36753090029212332
0.19405438236771855 -0.3404158333004263 0.34150928659132651
0.19476224623053612 -0.29366761052229534 0.31333171357784745
0.19342141071206295 -0.24836151318521485 0.28291085901740204
0.19018350245843088 -0.20478990877951161 0.25018631368616839
0.18521899931186012 -0.16332335465957801 0.21503221779634088
0.17894145613209256 -0.12432953719843569 0.17735460516524834
0.17201780585384605 -0.088316327714363624 0.13691887552140214
0.16492438588795394 -0.056350203117572502 0.093267520284598185
0.16008185542466247 -0.028169100677733584 0.046769340899289552
0.15799624654214792 -3.1075049456565779e-05 3.778655235225914e-05
0.16007168814102393 0.028104838371593818 -0.046695046584681106
0.1649126374242236 0.056293880976129376 -0.093188403693220748
0.17200963314041887 0.088248515740151121 -0.13684798957005698
0.17893693108369071 0.12426734962206114 -0.17727808444184356
0.18522249192888568 0.16325297683421036 -0.21496299117832998
0.19018412030138038 0.2047292885317033 -0.25010604503275491
0.19342990631963888 0.24828557171216367 -0.28285018174065418
0.19477252651146956 0.29357648262553271 -0.31329456282002155
0.19405557892197292 0.34031501409336645 -0.34148867455819304
0.19132550078978153 0.38822143718408653 -0.36751669258481595
0.18649035799826982 0.43708363787898924 -0.3913705160349335
0.1795190399623891 0.48668297285877626 -0.41307793834518436
0.17029505664016353 0.53677928921651963 -0.43270457643724131
0.15882241253973658 0.58718364125424083 -0.4502458198164826
0.1451107186808186 0.6377222463149762 -0.46566503213324778
0.1291251351677847 0.68817976243247014 -0.47902187321705164
0.11089537293406052 0.73837244379655653 -0.49034833768850355
0.090393299300690483 0.7880895022705886 -0.49971868475535663
0.067653322184319978 0.8371496815304037 -0.50719708580886735
0.042755710646668325 0.88541842554321559 -0.51268780203286202
0.01580195091178653 0.93276040729135312 -0.51617249131567489
-0.013228138501159659 0.9789609181343969 -0.51781658753501525
-0.04421498322393453 1.023901752607383 -0.51758342965031512
-0.077076766123791982 1.0674420297708638 -0.51551407453322629
-0.11177636972736751 1.1094079130099912 -0.51167661229117523
-0.14818829911899495 1.1496925690620581 -0.50608673175377972
-0.18623150361102175 1.1881499384780765 -0.4987603008259569
-0.22582183249015653 1.2246552185823061 -0.48982154520407112
-0.26682994882731548 1.2590974163379094 -0.47923840509257104
-0.30913684488825993 1.2913761093004446 -0.46706704892095813
-0.35266927218967864 1.3213605845745608 -0.45343652982492572
-0.39723462766744905 1.3489993400788647 -0.43827197406009571
-0.44280675677043652 1.3741426716151148 -0.42181210374209993
-0.48922061308341813 1.3967459261781325 -0.40407001984837709
-0.53625790441712795 1.4167635340171509 -0.38491995398059659
-0.58385713849922793 1.434108326282006 -0.36458795807382849
-0.63196909937427515 1.4486829886403256 -0.34330992103447128
-0.68026593357821274 1.4605805649591279 -0.32082065710236923
-0.72864258715744268 1.46968909867441 -0.2972267929766671
-0.77715833031091186 1.4758930347945345 -0.2729851111136265
-0.82559230753510038 1.4792216823969315 -0.24802505388495849
-0.87371843898900881 1.4796656413575329 -0.2222643980352112
-0.92139088603244501 1.4772569944882823 -0.19577911213166713
-0.9684832390555419 1.4719655450324867 -0.16868225190577438
-1.0149417579072921 1.4637988287008363 -0.14120785422738061
-1.0606873781377699 1.4527321936971787 -0.11355286906522973
-1.1054561374497971 1.4388723156629548 -0.085560209440916246
-1.1490616770027182 1.4222591996653702 -0.057231896127455564
-1.191441828133984 1.4029228653006292 -0.028772206509019588
-1.2323610788012871 1.3810002319387715 -5.0313925474814586e-05
-1.2717984573409551 1.3565359122043978 0.02869184412394923
-1.3097344754257894 1.3295133830505843 0.0571623550863102
-1.3459254685265001 1.3000569228510974 0.085490049523605741
-1.3803097108819269 1.2682284210635351 0.11350057855277591
-1.4127636288347007 1.2341449444320038 0.14115894478608634
-1.443078154290887 1.1980066624021477 0.16863581532324126
-1.4712134546531699 1.1598582270099875 0.19571022620523301
-1.4971401599109631 1.1197917420973178 0.2222131380351387
-1.5208111731252252 1.0778916956066649 0.24798115432101081
-1.5421709264853933 1.0342808473698946 0.27291648492949749
-1.5610511408432828 0.98916764729051965 0.29717056908668632
-1.5773493787996453 0.94272361187585685 0.32077644527968274
-1.5911975022998159 0.89495310342556933 0.34327349652748274
-1.6026282612227836 0.84600104233443085 0.36455637405832081
-1.6114135593700438 0.7961116532400403 0.38489775645630209
-1.6175943975818783 0.74536662139873655 0.40404607649106555
-1.6212375707566569 0.69387214265086883 0.42179318487500217
-1.6222424083665319 0.6418371520709435 0.43826328911504386
-1.6206003287663211 0.58942371442151265 0.45343054478855904
-1.6164051735126466 0.53673068214731623 0.46705987410980448
-1.609606303716564 0.48395342255939899 0.47923547501381902
-1.6002912876167907 0.43121691309170307 0.4898185801112015
-1.5884810651417764 0.37867489875143368 0.49874979925046253
-1.5742013486876607 0.32649926862278528 0.50607828545527778
-1.5575286084644491 0.27482022746713658 0.51166424544625588
-1.5385487312904065 0.22378079435510179 0.51549211196389311
-1.517277525342116 0.17354965523012236 0.51756007712594365
-1.4938616473633799 0.1242389244692364 0.51779004935714867
-1.4683723773674024 0.075994877548976325 0.51614029751648571
-1.440853675663168 0.028978845311464149 0.51266113139634939
-1.4115070241916097 -0.016721957741465163 0.50717403775851588
-1.3803908172196848 -0.060946632994296639 0.49969971892255149
-1.3475798234137275 -0.10355964257777621 0.49034649160382388
-1.3132349369690361 -0.1444487957440925 0.4790150567724672
-1.277524234644603 -0.18352119201322017 0.46567425326642686
-1.2406166927424407 -0.22067137914766077 0.45026023198822607
-1.2027060243606118 -0.25581370564438077 0.43271907180486752
-1.1639310041866489 -0.28885077555885302 0.41309880594483517
-1.1244627369410611 -0.31969378587280317 0.39139976537476601
-1.0845624043595612 -0.34831470085879562 0.36755244162917639
-1.0444431383522648 -0.37464194909163379 0.34152870531695834
-1.0043220763578378 -0.39863130884420195 0.31333814256257558
-0.96442779863501837 -0.42012479516000556 0.2829018483224422
-0.92507867230332452 -0.43909956614265455 0.25016842867751715
-0.88668083169532219 -0.45554002195463222 0.21502225290139049
-0.84977221650256918 -0.46959621585448541 0.17734335916977612
-0.81511772564469787 -0.48161123907810949 0.13691265422085352
-0.78388815070734807 -0.49145244453889964 0.09326092738931166
-0.75704732081117587 -0.50134761539698747 0.046770481096629728
-0.73163674523321742 -0.51361084515728206 3.8775938437221602e-05
-0.70830912585187644 -0.52947799981216814 -0.046694323530482244
-0.68631620302864116 -0.54776948391160452 -0.093185458029868787
-0.66218836583007912 -0.56988082418569252 -0.1368488737700729
-0.63447153180313842 -0.59388534701334783 -0.17729014498759199
-0.6038454865647499 -0.6188214820643354 -0.21497047266865713
-0.57041303413605549 -0.64385896425723799 -0.25011776320992818
-0.53430834133903649 -0.6684529987969634 -0.28285091247116273
-0.49574467485042578 -0.69225715883101613 -0.31328296184439719
-0.45491945799749572 -0.71502102521724065 -0.34147889327796316
-0.41206006752174146 -0.73659931519924404 -0.36750554254076195
-0.36732961990081309 -0.75685475884823949 -0.39135505596228692
-0.32088551136099569 -0.7756137944580942 -0.41305632026101008
-0.27289139487990816 -0.79267600780860625 -0.43268703638667089
-0.22350603619796461 -0.80793444647787971 -0.45024237759984581
-0.17287928986264067 -0.82131655218804678 -0.46566150280808966
-0.12119459794086049 -0.8327155936522288 -0.47902795458585451
-0.068608328424702672 -0.84199952650499332 -0.49035943498326262
-0.015303979003625063 -0.84912551681021609 -0.49972923429935773
0.038554722069603205 -0.85393947017564997 -0.50721241797053573
0.092805029372931933 -0.85651506052223159 -0.51270459651907252
0.14728133220005418 -0.85685487995795828 -0.5161868381920881
0.20180695722986552 -0.85480634918296816 -0.51782806205687337
0.25622088670262599 -0.8504495325661886 -0.51759887024627604
0.31035769602034363 -0.8437526796075463 -0.51552842140209276
0.36405187310169779 -0.83469477619039345 -0.5116798620473415
0.41714404748035927 -0.82329965836300822 -0.50608581530150887
0.46947260906860128 -0.80958318139212548 -0.49877097011902116
0.52088103681920017 -0.79354891855069853 -0.48982636620274805
0.57121270365020194 -0.77525946425173131 -0.47923657366042954
0.62032152976349098 -0.75476670507496946 -0.46705885713503353
0.66805292304889119 -0.73205726909626379 -0.45342353325871687
0.71427402835841636 -0.7072858126885585 -0.43826055182917178
0.75883098305912544 -0.68038684122616966 -0.42179695067314593
0.80161699854745616 -0.65149655634813108 -0.40405879061401134
0.84246856712487206 -0.62076667528202523 -0.38490785066560124
0.88128931054474879 -0.58821810256232177 -0.36457423217483298
0.9179667803342757 -0.55383791408687966 -0.34329743089784204
0.95241731640879779 -0.51795632813133707 -0.320812609834566
0.98449611392600167 -0.48061135856969561 -0.29722786008732793
1.0141258367065702 -0.44169032197153385 -0.27299645628716318
1.0412242513801531 -0.40140455173337575 -0.2480431938550661
1.0656769922110179 -0.35995084920994236 -0.22228294472376695
1.0874212801715415 -0.317462652237813 -0.19579007573916096
1.1063872566621913 -0.27403161139328819 -0.16869814245142978
1.1225424267421589 -0.2297010000300504 -0.14124386143847284
1.1358316885247777 -0.18456905011668079 -0.11355923654251682
1.146213396340994 -0.13885892560578225 -0.085581805660316215
1.1536269060925319 -0.092782254765374522 -0.057263744653552093
1.1580764354098596 -0.046444080692398755 -0.028752258691508725
