36.5302903255511 -3.23770413465823e-15 0
36.4753529823916 1.67832834779666 0.629453587834973
36.3108885508922 3.34875308131413 1.25642300992875
36.0379364475632 5.00343733396143 1.87843390440741
35.6582178114188 6.63467703867605 2.4930314784402
35.1741187977177 8.23496559562978 3.09779019618533
34.5886674407682 9.79705648255352 3.69032335127183
33.9055043340677 11.3140231567887 4.26829248603923
33.1288474423051 12.7793156275963 4.82941662036159
32.2634514225842 14.1868131134265 5.37148125363396
31.3145618909298 15.5308722413727 5.8923471043946
30.287865124086 16.8063702944469 6.38995855309151
29.1894337352104 18.0087430660759 6.86235175467376
28.0256689047891 19.1340169397556 7.3076623889906
26.8032397844634 20.1788348744634 7.72413301841148
25.529020721098 21.1404760425352 8.11012002362939
24.2100269709824 22.0168689355392 8.46410009027544
22.8533495893206 22.8065978244733 8.78467622074468
21.4660901879516 23.5089025325966 9.07058324750745
20.0552962544697 24.123671551599 9.32069282614762
18.6278977185941 24.6514286038161 9.53401788842248
17.1906454368296 25.0933128240295 9.7097165377702
15.7500522443566 25.451052803277 9.84709537189087
14.3123371939061 25.7269348032782 9.94561221928863
12.8833735654582 25.9237655128428 10.0048782789749
11.4686411883308 26.0448297762782 10.0246596548881
10.0731835690699 26.0938437777106 10.0048782789749
8.70157026504283 26.074904213798 9.94561221928863
7.35786488536082 25.9924340300041 9.84709537189087
6.04559903834729 25.8511253319596 9.7097165377702
4.76775247892527 25.6558801130701 9.53401788842248
3.52673964072713 25.4117494621006 9.32069282614762
2.3244026671955 25.1238719297486 9.07058324750746
1.1620109842154 24.7974117410342 8.78467622074469
0.0402673846820244 24.437497540604 8.46410009027545
-1.04067947634321 24.0491623507733 8.1101200236294
-2.08121634781582 23.6372854073905 7.72413301841149
-3.08224065079376 23.2065365165678 7.30766238899062
-4.04513005492653 22.7613235462319 6.86235175467377
-4.97170673236668 22.3057436306147 6.38995855309153
-5.86419671653524 21.8435386236395 5.89234710439461
-6.72518484683895 21.3780552891144 5.37148125363398
-7.55756582877049 20.9122106622556 4.82941662036161
-8.36449198129255 20.4484629589205 4.26829248603926
-9.14931827954855 19.9887883466601 3.69032335127186
-9.91554533036002 19.5346638260087 3.09779019618535
-10.6667609403426 19.0870564020144 2.49303147844023
-11.4065809515534 18.6464186556479 1.87843390440744
-12.1385900272094 18.2126907531734 1.25642300992878
-12.8662830701026 17.7853088596097 0.629453587835006
-13.5930079488895 17.3632198508521 3.68423716720688e-14
-14.3219101925251 16.9449021486393 -0.629453587834937
-15.0558802909154 16.5283924341185 -1.25642300992872
-15.7975042106165 16.1113179300369 -1.87843390440738
-16.5490176984416 15.6909338792834 -2.49303147844016
-17.3122649035344 15.2641657893163 -3.09779019618529
-18.0886618003057 14.8276559585724 -3.69032335127179
-18.879164841126 14.3778137528548 -4.26829248603919
-19.6842452094219 13.9108690574603 -4.82941662036155
-20.5038689814638 13.4229282949099 -5.37148125363392
-21.3374834393528 12.9100323689726 -5.89234710439456
-22.1840097092339 12.368215873547 -6.38995855309148
-23.0418418283324 11.7935668901383 -6.86235175467372
-23.908852272804 11.1822866902924 -7.30766238899056
-24.7824039063974 10.5307486595192 -7.72413301841144
-25.6593682383364 9.83555576694101 -8.11012002362936
-26.5361498084257 9.09359592006742 -8.46410009027541
-27.4087164489478 8.30209456655404 -8.78467622074465
-28.2726351071888 7.45866393430275 -9.07058324750743
-29.1231128501502 6.56134833749107 -9.32069282614759
-29.9550426148313 5.60866501867362 -9.53401788842246
-30.7630532140681 4.59964004552033 -9.70971653777018
-31.541563059857 3.53383883451015 -9.84709537189085
-32.2848370239184 2.41139093240072 -9.94561221928863
-32.9870458194168 1.23300874890086 -10.0048782789749
-33.6423272586657 1.20644940437013e-13 -10.0246596548881
-34.2448487196039 -1.28572630986618 -10.0048782789749
-34.7888701391 -2.62166046796836 -9.94561221928864
-35.2688068438774 -4.00469922506234 -9.84709537189087
-35.6792915301362 -5.43115951588665 -9.70971653777021
-36.0152347107821 -6.89679861364857 -9.5340178884225
-36.2718829644736 -8.39684053315012 -9.32069282614763
-36.4448743432988 -9.92600842855161 -9.07058324750747
-36.5302903255511 -11.4785626658377 -8.78467622074469
-36.5247037364626 -13.0483441875636 -8.46410009027545
-36.4252221024829 -14.6288227290986 -8.11012002362941
-36.2295259532905 -16.2131493919953 -7.72413301841149
-35.9359016396668 -17.7942130318772 -7.30766238899061
-35.5432682940559 -19.3646998758928 -6.86235175467376
-35.0511986234442 -20.9171557487877 -6.38995855309152
-34.4599332904263 -22.444050257395 -5.8923471043946
-33.7703887072637 -23.9378422611659 -5.37148125363397
-32.9841581386325 -25.3910459414933 -4.82941662036158
-32.1035060808203 -26.7962967751878 -4.26829248603923
-31.1313559575885 -28.1464167176363 -3.69032335127181
-30.0712712449671 -29.4344779088965 -3.09779019618531
-28.9274302081102 -30.6538642311855 -2.49303147844019
-27.7045945022377 -31.7983300687343 -1.87843390440739
-26.4080719558676 -32.8620556505572 -1.25642300992872
-25.0436739172813 -33.8396983930134 -0.629453587834936
-23.6176676037776 -34.7264397017043 3.3159493099584e-14
-22.1367239471143 -35.5180267408101 0.629453587835002
-20.6078614770286 -36.2108087318714 1.25642300992879
-19.0383868273295 -36.8017674026957 1.87843390440746
-17.4358324853126 -37.2885412698615 2.49303147844025
-15.8078924347545 -37.6694435045262 3.09779019618538
-14.1623563651836 -37.9434732001898 3.69032335127189
-12.5070431352513 -38.1103199319764 4.26829248603929
-10.8497341856765 -38.1703615690896 4.82941662036165
-9.19810759732445 -38.1246553745924 5.37148125363402
-7.55967348250747 -37.9749224987677 5.89234710439467
-5.94171138264566 -37.7235260432346 6.38995855309158
-4.35121032315847 -37.3734429419687 6.86235175467381
-2.79481214712625 -36.9282299716328 7.30766238899066
-1.27875871317682 -36.3919842664587 7.72413301841154
0.191156499380936 -35.7692987716338 8.11012002362945
1.60963188347635 -35.0652131231027 8.46410009027549
2.97189585422659 -34.2851604903109 8.78467622074473
4.27373927334334 -33.4349109611481 9.07058324750749
5.51154182800002 -32.5205120847491 9.32069282614766
6.68229211018419 -31.5482272174646 9.53401788842252
7.78360121130273 -30.5244723399161 9.70971653777023
8.8137097175169 -29.4557520283393 9.84709537189089
9.77148806319004 -28.3485952712464 9.94561221928865
10.6564302721419 -27.2094918227089 10.0048782789749
11.468641188331 -26.0448297762779 10.0246596548881
12.208817368343 -24.8608350288096 10.0048782789749
12.8782218768717 -23.6635132813972 9.94561221928861
13.4786532924923 -22.4585951954937 9.84709537189084
14.0124092937169 -21.2514852864391 9.70971653777016
14.4822452539021 -20.0472150943963 9.53401788842243
14.8913283274192 -18.8504011246093 9.32069282614755
15.2431875579894 -17.6652079954456 9.07058324750738
15.5416605827284 -16.4953171744799 8.7846762207446
15.7908375417398 -15.3439016205363 8.46410009027536
15.9950028326756 -14.2136065838321 8.11012002362928
16.1585753722093 -13.106536747871 7.72413301841136
16.2860480415938 -12.0242498262751 7.30766238899047
16.3819270012549 -10.9677566560933 6.86235175467362
16.4506715595966 -9.93752775706739 6.38995855309138
16.496635273884 -8.93350625466666 5.89234710439443
16.5240089462987 -7.9551269942042 5.37148125363379
16.5367661561884 -7.00134160479509 4.82941662036141
16.5386119404145 -6.0706492060654 4.26829248603905
16.5329351978502 -5.16113238808737 3.69032335127163
16.5227653518904 -4.27049803669211 3.09779019618511
16.5107337567801 -3.39612252273066 2.49303147843998
16.4990402801658 -2.53510072561078 1.8784339044072
16.4894254361208 -1.68429831905463 1.25642300992852
16.4831483806237 -0.840406710970065 0.629453587834742
16.4809710157749 2.94577127692573e-13 -2.27812967055579e-13
16.4831483806237 0.840406710970673 -0.629453587835197
16.4894254361208 1.68429831905522 -1.25642300992895
16.4990402801659 2.53510072561136 -1.87843390440763
16.5107337567801 3.39612252273123 -2.49303147844039
16.5227653518904 4.2704980366927 -3.09779019618551
16.5329351978502 5.16113238808795 -3.69032335127201
16.5386119404145 6.07064920606594 -4.2682924860394
16.5367661561884 7.00134160479566 -4.82941662036175
16.5240089462987 7.95512699420475 -5.3714812536341
16.496635273884 8.93350625466723 -5.89234710439474
16.4506715595965 9.93752775706793 -6.38995855309163
16.3819270012549 10.9677566560939 -6.86235175467386
16.2860480415937 12.0242498262757 -7.3076623889907
16.1585753722092 13.1065367478715 -7.72413301841157
15.9950028326755 14.2136065838326 -8.11012002362946
15.7908375417397 15.3439016205368 -8.46410009027551
15.5416605827283 16.4953171744804 -8.78467622074474
15.2431875579892 17.6652079954461 -9.0705832475075
14.891328327419 18.8504011246098 -9.32069282614766
14.482245253902 20.0472150943968 -9.53401788842251
14.0124092937167 21.2514852864395 -9.70971653777022
13.4786532924921 22.4585951954942 -9.84709537189088
12.8782218768715 23.6635132813976 -9.94561221928864
12.2088173683428 24.86083502881 -10.0048782789749
11.4686411883307 26.0448297762783 -10.0246596548881
10.6564302721416 27.2094918227092 -10.0048782789749
9.77148806318978 28.3485952712467 -9.94561221928863
8.81370971751663 29.4557520283396 -9.84709537189086
7.78360121130247 30.5244723399163 -9.70971653777019
6.68229211018391 31.5482272174648 -9.53401788842247
5.51154182799975 32.5205120847493 -9.32069282614761
4.27373927334308 33.4349109611483 -9.07058324750744
2.97189585422635 34.285160490311 -8.78467622074467
1.6096318834761 35.0652131231028 -8.46410009027543
0.191156499380708 35.7692987716339 -8.1101200236294
-1.27875871317706 36.3919842664588 -7.72413301841147
-2.79481214712643 36.9282299716328 -7.30766238899061
-4.35121032315861 37.3734429419687 -6.86235175467378
-5.94171138264581 37.7235260432346 -6.38995855309153
-7.55967348250759 37.9749224987677 -5.89234710439463
-9.19810759732453 38.1246553745924 -5.371481253634
-10.8497341856766 38.1703615690896 -4.82941662036163
-12.5070431352513 38.1103199319764 -4.26829248603928
-14.1623563651837 37.9434732001898 -3.69032335127188
-15.8078924347545 37.6694435045262 -3.09779019618538
-17.4358324853125 37.2885412698616 -2.49303147844026
-19.0383868273294 36.8017674026957 -1.8784339044075
-20.6078614770285 36.2108087318714 -1.25642300992886
-22.1367239471142 35.5180267408101 -0.629453587835045
-23.6176676037774 34.7264397017044 -9.39473684664146e-14
-25.0436739172811 33.8396983930135 0.629453587834858
-26.4080719558674 32.8620556505574 1.25642300992863
-27.7045945022375 31.7983300687344 1.87843390440731
-28.92743020811 30.6538642311857 2.49303147844008
-30.0712712449669 29.4344779088967 3.0977901961852
-31.1313559575883 28.1464167176366 3.69032335127171
-32.1035060808201 26.796296775188 4.26829248603911
-32.9841581386323 25.3910459414936 4.82941662036147
-33.7703887072635 23.9378422611663 5.37148125363384
-34.4599332904261 22.4440502573954 5.89234710439446
-35.0511986234441 20.9171557487882 6.38995855309137
-35.5432682940557 19.3646998758932 6.86235175467364
-35.9359016396666 17.7942130318776 7.30766238899048
-36.2295259532904 16.2131493919959 7.72413301841135
-36.4252221024828 14.6288227290992 8.11012002362927
-36.5247037364626 13.0483441875641 8.46410009027534
-36.5302903255511 11.4785626658383 8.78467622074458
-36.4448743432989 9.92600842855221 9.07058324750736
-36.2718829644737 8.39684053315076 9.32069282614754
-36.0152347107823 6.89679861364923 9.53401788842241
-35.6792915301364 5.43115951588728 9.70971653777014
-35.2688068438776 4.00469922506298 9.84709537189082
-34.7888701391002 2.621660467969 9.9456122192886
-34.2448487196042 1.28572630986684 10.0048782789749
-33.642327258666 4.88609995579548e-13 10.0246596548881
-32.9870458194171 -1.23300874890025 10.0048782789749
-32.2848370239188 -2.41139093240011 9.94561221928867
-31.5415630598575 -3.53383883450956 9.84709537189092
-30.7630532140685 -4.59964004551975 9.70971653777027
-29.9550426148318 -5.6086650186731 9.53401788842257
-29.1231128501507 -6.56134833749055 9.32069282614772
-28.2726351071893 -7.45866393430226 9.07058324750758
-27.4087164489483 -8.30209456655356 8.78467622074483
-26.5361498084262 -9.09359592006699 8.4641000902756
-25.6593682383369 -9.83555576694059 8.11012002362957
-24.782403906398 -10.5307486595188 7.72413301841169
-23.9088522728045 -11.182286690292 7.30766238899084
-23.0418418283329 -11.7935668901379 6.86235175467399
-22.1840097092344 -12.3682158735467 6.38995855309178
-21.3374834393533 -12.9100323689723 5.89234710439489
-20.5038689814644 -13.4229282949096 5.37148125363427
-19.6842452094224 -13.9108690574599 4.82941662036191
-18.8791648411265 -14.3778137528545 4.26829248603957
-18.0886618003062 -14.8276559585721 3.69032335127218
-17.3122649035349 -15.264165789316 3.09779019618569
-16.5490176984421 -15.6909338792831 2.49303147844059
-15.797504210617 -16.1113179300366 1.87843390440779
-15.0558802909159 -16.5283924341182 1.25642300992914
-14.3219101925256 -16.944902148639 0.629453587835384
-13.59300794889 -17.3632198508518 4.33515076729028e-13
-12.8662830701031 -17.7853088596094 -0.629453587834537
-12.1385900272099 -18.2126907531731 -1.25642300992833
-11.4065809515539 -18.6464186556476 -1.87843390440698
-10.6667609403431 -19.087056402014 -2.49303147843977
-9.91554533036061 -19.5346638260084 -3.0977901961849
-9.14931827954913 -19.9887883466598 -3.69032335127141
-8.36449198129316 -20.4484629589202 -4.26829248603882
-7.55756582877113 -20.9122106622553 -4.82941662036118
-6.72518484683964 -21.378055289114 -5.37148125363357
-5.86419671653596 -21.8435386236392 -5.89234710439419
-4.97170673236741 -22.3057436306143 -6.38995855309115
-4.0451300549273 -22.7613235462315 -6.86235175467338
-3.08224065079458 -23.2065365165674 -7.30766238899025
-2.08121634781669 -23.6372854073901 -7.72413301841115
-1.04067947634409 -24.049162350773 -8.1101200236291
0.0402673846810882 -24.4374975406036 -8.46410009027516
1.16201098421441 -24.7974117410339 -8.78467622074442
2.32440266719445 -25.1238719297484 -9.07058324750722
3.52673964072608 -25.4117494621004 -9.32069282614742
4.76775247892416 -25.65588011307 -9.53401788842231
6.04559903834613 -25.8511253319595 -9.70971653777006
7.35786488535962 -25.992434030004 -9.84709537189076
8.70157026504156 -26.074904213798 -9.94561221928856
10.0731835690686 -26.0938437777106 -10.0048782789749
11.4686411883295 -26.0448297762783 -10.0246596548881
12.8833735654568 -25.923765512843 -10.0048782789749
14.3123371939047 -25.7269348032784 -9.94561221928871
15.7500522443553 -25.4510528032774 -9.84709537189097
17.1906454368282 -25.0933128240299 -9.70971653777035
18.6278977185927 -24.6514286038165 -9.53401788842267
20.0552962544683 -24.1236715515996 -9.32069282614784
21.4660901879501 -23.5089025325973 -9.07058324750773
22.8533495893193 -22.806597824474 -8.78467622074498
24.210026970981 -22.01686893554 -8.46410009027578
25.5290207210967 -21.1404760425362 -8.11012002362976
26.8032397844621 -20.1788348744645 -7.7241330184119
28.0256689047879 -19.1340169397567 -7.30766238899104
29.1894337352092 -18.0087430660771 -6.86235175467425
30.2878651240848 -16.8063702944482 -6.38995855309204
31.3145618909288 -15.5308722413741 -5.89234710439515
32.2634514225832 -14.186813113428 -5.37148125363454
33.1288474423042 -12.7793156275979 -4.82941662036219
33.9055043340669 -11.3140231567903 -4.26829248603986
34.5886674407675 -9.79705648255526 -3.69032335127248
35.1741187977171 -8.23496559563159 -3.09779019618603
35.6582178114183 -6.63467703867787 -2.49303147844088
36.0379364475628 -5.00343733396331 -1.87843390440811
36.310888550892 -3.34875308131607 -1.25642300992946
36.4753529823915 -1.67832834779864 -0.629453587835723
