0.27014521014792381 -2.8766467036369598 0.14661936542828821
0.3521777967425378 -2.9036809231943486 0.10225903492593764
0.43545898016510026 -2.9224173273588336 0.056026483638061189
0.51948626037311618 -2.9326744892322627 0.0084926260582086077
0.60372103965462387 -2.9336657808645583 -0.039768083477936575
0.68752376961455286 -2.9251503652856456 -0.088040977376795032
0.77036617650325012 -2.9080612427472086 -0.13567592948095705
0.85173839654735128 -2.882525091535439 -0.18208330581445498
0.9307511631833163 -2.8474659520692471 -0.22629500045006415
1.0071379316573372 -2.8043638981810726 -0.26790746444411689
1.0805781393942349 -2.7539176337780495 -0.30647539802177531
1.1506401987978385 -2.6964845053219682 -0.34139358478849208
1.2162827882064102 -2.631604125359698 -0.37150078317211693
1.2777098085411149 -2.5608397078444307 -0.39689611966022853
1.3350660135316792 -2.4852487126319383 -0.41750513752327917
1.3869593657238066 -2.4044211344375781 -0.43170465469961183
1.4341128829286167 -2.3199807091431182 -0.44017004130290333
1.4763514715719201 -2.2326004306066385 -0.44264125238014695
1.5136710210792468 -2.1430321453951113 -0.43897807232997343
1.5453551978494595 -2.0518597020333211 -0.42835558679969393
1.572263554089123 -1.9600600815609273 -0.41177305710384349
1.5945119517162762 -1.8682197731564141 -0.389434983390402
1.6117128235614615 -1.7769841980294685 -0.36098515864817199
1.6240048676188468 -1.6869637531590382 -0.32670450068216222
1.6317460480840131 -1.5986616965367559 -0.28707288991069363
1.6351441049421738 -1.5125838645967455 -0.24228177515095367
1.6344516912731009 -1.4294138347422474 -0.19217620554998163
1.6301317843682526 -1.3498013257340482 -0.1367270898790871
1.6229294050606036 -1.2748752246528832 -0.07537588697455759
1.6143701860359498 -1.2050942867027918 -0.0083826101027214689
1.604634735586709 -1.1376988584826342 0.060890494720800881
1.5932878051124735 -1.0695615075597433 0.12918668214347473
1.5804496555531822 -1.0008584566261181 0.19664845924475907
1.5662411156515903 -0.93174675902262238 0.26341597390457305
1.5487466277200543 -0.86001267495550315 0.3264880851908204
1.5264936168896996 -0.78378631722695591 0.38236345618290946
1.5003724597226475 -0.70394607557998956 0.43101735875444475
1.471025262210051 -0.62112636988426095 0.47227200114199624
1.4386078929902215 -0.53598092223381366 0.50577585307086859
1.4037442955527848 -0.4490487229738378 0.53134570267258019
1.3669544009635219 -0.36077321708476656 0.54811445147249049
1.3283986511173214 -0.27196903068230799 0.55526595708394366
1.2885678741016759 -0.18353599922342262 0.55233235606994391
1.2478035242447192 -0.096708156600670753 0.53784820354902885
1.2054993309618245 -0.013082422475608063 0.51259009839458047
1.162135230832922 0.066738087413075936 0.47831178195791096
1.1180488660819758 0.14209947503974182 0.43583224470372633
1.0736496908340585 0.21282636846124436 0.38633243486888702
1.0289348362361552 0.27810270894261119 0.33011073541649522
0.98423317000936494 0.33745488909997207 0.26763413838722949
0.93967914398490082 0.39022148201975121 0.19939402247260601
0.89531159846946706 0.43523751383006887 0.12567566645844738
0.85051332380417333 0.47596646964696038 0.049712075762966504
0.80446592974244868 0.51553585104261113 -0.026116155685392644
0.7570661008319769 0.5540100061270441 -0.10167364640388851
0.7082793477488718 0.59150456691084441 -0.17684003639620369
0.65559211080279423 0.62969343319507032 -0.24889980107579962
0.59639375269698092 0.67002437610166443 -0.31445630156434667
0.53142118870697297 0.71268924123527555 -0.37265733617899782
0.46189356441562057 0.75720680224634185 -0.42372923751570046
0.38844848682415373 0.80349808517307519 -0.46714814072049338
0.31178918529924193 0.85149015078996759 -0.5024122729381828
0.23247077451911252 0.90108250775992071 -0.5283617215962394
0.15139183022359765 0.9525441048428589 -0.54255917001651899
0.069782445748030275 1.0049120372082208 -0.54687215782623699
-0.011785748522597991 1.0573085966456601 -0.54190804871337805
-0.09243833850564491 1.1094920079264889 -0.52783243842054695
-0.17142243571234422 1.1606453374101926 -0.50391385159926838
-0.24839468816403204 1.210332727067839 -0.47182019527398711
-0.32280536464139359 1.2579293108869487 -0.43155919179077668
-0.39399546790244805 1.3033124475479632 -0.38358883146799511
-0.46057943522301248 1.3452980317474146 -0.32673234023961739
-0.52422624819398167 1.3851177115542384 -0.26509220434483693
-0.58718993895859106 1.4240638337722804 -0.20220457810039533
-0.64969949360092782 1.4621331470230676 -0.13833343311917648
-0.71207741789503443 1.4993416273127043 -0.073828325455225399
-0.77471405303576846 1.5357155605548005 -0.0090977447527901614
-0.838160693685577 1.5712148153061218 0.055327798496945566
-0.90289484043130486 1.6059303206108733 0.11889031859164949
-0.96939076792185319 1.6398853800091062 0.18102283699960578
-1.0381122226790023 1.6730585625514569 0.24111553131703592
-1.1094711971812601 1.7053853998924544 0.29853106302170429
-1.1838017333489383 1.7367494493980513 0.35261771154478649
-1.2618240171430783 1.7667775724901154 0.40205103842342987
-1.3432068144299028 1.7953491668794956 0.44666626366269296
-1.4278749063622167 1.822171179621503 0.48591676039582526
-1.5156489090256196 1.8469035568122092 0.51929603976750027
-1.6065736538009581 1.8687755887302215 0.54543737093059075
-1.6998585677762148 1.8876143192225896 0.56466648755061921
-1.7949065132314792 1.9031202509155549 0.5769801231059638
-1.8911555205256332 1.9148588123309662 0.58214645670119625
-1.9879557878172796 1.9218734672968996 0.57917681395496556
-2.0844987776926462 1.9244785399959152 0.56928718201502448
-2.1801296986358105 1.9224292446832667 0.55265217660790378
-2.2740264342649721 1.9151506872338284 0.52904943153851125
-2.3653532223654725 1.9023356686779977 0.4986869129566403
-2.4536660005449229 1.884391896082668 0.46257892179390264
-2.5383711616939344 1.861278514580827 0.42112830245338617
-2.6183086851609199 1.8323568744657974 0.37421711164139532
-2.6931826745885625 1.7980933802621011 0.32278038588317759
-2.7627190990469574 1.7588468266088122 0.26755666964501296
-2.8264734111252263 1.7147623590137928 0.20906956624635437
-2.8829215113718392 1.6652617479005378 0.14748964218291324
-2.9327137313554581 1.6113820906346625 0.083904216161699643
-2.975569294132272 1.5533950249053516 0.018890871578035845
-3.0109449153333716 1.4914510862156192 -0.046980526242042721
-3.0379099858795291 1.4255971627923238 -0.11304055008952238
-3.0573028046174051 1.3566806131120717 -0.17861160926739111
-3.0690407232098624 1.2850673377172166 -0.24311190861851514
-3.0724700637668851 1.2109880291901471 -0.30578074655568638
-3.0675439607791328 1.1349102693941113 -0.3659024138898419
-3.0550705025112004 1.0574555734027824 -0.42308813042591153
-3.0352015039989726 0.97904814286589137 -0.4767998160557172
-3.0072646781362669 0.90010795778328645 -0.52594379088623255
-2.9721549742875006 0.82118264102449268 -0.57025909482019865
-2.930552926652517 0.74272059453054562 -0.60947844508753213
-2.882833624271071 0.66514652393114715 -0.64314849665311413
-2.828585945681874 0.58915468516949365 -0.66981336940963199
-2.7693590988993653 0.51495560294602816 -0.69010576968755422
-2.7057229304104098 0.44290977807498572 -0.70373421552794591
-2.6381039589106021 0.37352042272199765 -0.71003160013129962
-2.5671170144460338 0.30729806068419968 -0.70840285737980535
-2.4938690474326553 0.24419527064755286 -0.6995683296295242
-2.419057140925883 0.18442052560015401 -0.68351656001113925
-2.343358532572926 0.12855319953745092 -0.65951108403986181
-2.2676169247717946 0.076520560702102058 -0.62815655650758861
-2.1924946489025676 0.028154172990721878 -0.5901523385041777
-2.1185448344054603 -0.016558024472008021 -0.54585526081349467
-2.0465171653879692 -0.057197121685702672 -0.49495017637635197
-1.9766014183240692 -0.0943369547211583 -0.43871366679318569
-1.908948509918498 -0.12825829423533194 -0.37786178210519789
-1.8436240346784694 -0.15919279537926917 -0.3129909899177965
-1.7806657332473774 -0.18728822337520493 -0.2445731900625478
-1.7199081369179523 -0.21280374273993211 -0.17321202917038872
-1.6608315614752469 -0.23627782043261947 -0.099768463062827453
-1.6030326878960657 -0.25801269155953416 -0.024785778906034311
-1.5460458615736763 -0.27830239907921761 0.051219776054779557
-1.4893650009555626 -0.29742592515973271 0.12775672655016709
-1.4324650749835013 -0.31564186862457738 0.20435331343422944
-1.3746920486317582 -0.33313813304210038 0.2804616317491434
-1.3155562203178728 -0.35019498948869859 0.35561429133079187
-1.2546716603691925 -0.36698331528662936 0.42941565634229362
-1.1897950797217174 -0.38374384731738492 0.49965218308920584
-1.118485538028221 -0.40064909397500714 0.56331171001047986
-1.0413930935535183 -0.41777994590983092 0.61978533919005807
-0.95884100000647232 -0.43492544874705713 0.66793100563051855
-0.87226027525163052 -0.45205143564936157 0.70834319021195613
-0.78226164067830573 -0.46894141451603588 0.74058254609174279
-0.68952184694347363 -0.48551357981792409 0.7640515370294928
-0.59481002183716203 -0.50172958498663445 0.77791094610019407
-0.49915190134374959 -0.51749052913158089 0.78277737649744161
-0.40340820919352577 -0.53292215038707669 0.77844350522885497
-0.30869143520427333 -0.54770198273596049 0.76318336152568633
-0.21614141509157325 -0.5614333056647135 0.73735460315732759
-0.12628867740951064 -0.57323636219314855 0.70257877883218933
-0.039727343884577243 -0.58324478102261412 0.65977574953460116
0.0426937345731934 -0.59088770446317684 0.60902552240905317
0.12012435679857879 -0.59596612809062266 0.55067095982356551
0.1920422714331452 -0.59898276514418658 0.4855431174399315
0.25799104678196538 -0.59943547499282468 0.4143328356919217
0.31731037941745682 -0.5970689133445497 0.33752880142815445
0.37323830018061865 -0.59271340731103228 0.25822849435288175
0.42820556347980065 -0.58691016804460616 0.17834593038697924
0.4825718034864932 -0.57966626877583682 0.09817014373070436
0.53674731162899625 -0.57104057187449475 0.018004414008915535
0.59326110969171686 -0.55967024182441061 -0.060102324244889357
0.65534187593956839 -0.54370366790860858 -0.13297440009621714
0.72244738002425701 -0.52338329340558487 -0.20012008412236496
0.7939499793253415 -0.49907020229000543 -0.26115145998581563
0.86982103778489706 -0.47110763298120556 -0.31491576877388749
0.9491204321585387 -0.43994697680617922 -0.36146495463734263
1.0312159269804502 -0.40561891160767255 -0.40022887260164264
1.1155797836026078 -0.36780809551806898 -0.42963688448477561
1.2021606293889495 -0.3277448784612263 -0.44734392146487839
1.289814103494912 -0.2864889295896238 -0.45362198645454493
1.377412869307721 -0.2448095522362847 -0.44964011829142292
1.4640969012936136 -0.20301218388105471 -0.43691029972597784
1.5490799132856412 -0.16116224396430701 -0.41571285682374565
1.6318878059550326 -0.11981649512927338 -0.38640675746858572
1.711652812339103 -0.078969592406826356 -0.34902128871897886
1.7871078330868078 -0.038792924790569283 -0.30296486208493295
1.8576434918193347 0.00072519964110339015 -0.24922321033411649
1.923937340689361 0.03989938213854325 -0.19002009061411562
1.9886264871694226 0.079449139836932858 -0.12929628792998452
2.0524056273063711 0.11966932053669815 -0.068052549632685116
2.1151797553993448 0.16056315373605592 -0.0062191359526025947
2.1767596549487815 0.20208025199139384 0.056394674760342947
2.2388450940100437 0.24589210938346598 0.11687169171947903
2.3028974444455383 0.29389739291739669 0.17183370000462442
2.3679107737463831 0.34641434850077779 0.22125707622024787
2.4329742729538002 0.40335366860467803 0.26545046816572615
2.4974448045229147 0.46460700202061511 0.30446117732150557
2.5606860323147687 0.53037540690964091 0.33773605239731691
2.6227684249132301 0.5991197599203576 0.3669556423009781
2.6835985241831692 0.67053702604890053 0.39204254954744966
2.7425713966903804 0.74518168788776329 0.41153582736675781
2.7986869826330194 0.823451744204859 0.42389459138657315
2.8513861126325701 0.90481778821560466 0.42923875808526768
2.900195806318262 0.98872933688047049 0.42786042972468796
2.9444365301843476 1.0747770053252528 0.41971690379152454
2.9827446845516796 1.162620634834822 0.40410172657223803
3.0153828475337812 1.2514277332933941 0.3823596803388935
3.0419226327924425 1.3406690076397394 0.35483405096675519
3.0613957991218506 1.4297472607919992 0.32148648225347842
3.0734436892842458 1.518003729791453 0.28286327386150978
3.0784366721949703 1.6049284395818539 0.23992271930754633
3.0762257792414314 1.6900025176779774 0.19317626104889518
3.0656444863698389 1.7723014336757552 0.14275358368960042
3.0475539994203356 1.8515553636997959 0.089678511997227081
3.0222135806670942 1.927380349627611 0.034598058892611881
2.9895799986447549 1.9992562954800943 -0.021942483436020389
2.9489441971461057 2.0661658067253863 -0.079388875029344511
2.9016171187023332 2.1283617668424899 -0.13698273617585252
2.847872317386233 2.1855266625933449 -0.19416629930021517
2.7876642808036745 2.2370265040591666 -0.25029078220004791
2.7211641098890427 2.2823204018323753 -0.30463717432232346
2.6494392217920621 2.3218126314300753 -0.35680238454970248
2.572928688656162 2.3553597877983496 -0.40627880726062032
2.4917234398945087 2.3822544089892612 -0.45220997577806216
2.4065421730175354 2.4026072573473058 -0.49412227311202417
2.3182181714401833 2.416871923082466 -0.53181720308257585
2.2272959195890412 2.4251097091787548 -0.56488425728026925
2.1341405798818567 2.426665256065085 -0.59222745411340294
2.0396077226894 2.4222979722498392 -0.61392652442572293
1.9443470608751607 2.412465480508625 -0.62988524604089746
1.8489311511595108 2.3974439792055802 -0.63985557506959834
1.7540826807488583 2.3768150230419343 -0.64260313604240993
1.6603516921642332 2.3517588639981128 -0.63895978947888221
1.5682496938030168 2.3227163143733365 -0.62892595364278514
1.4782992364999237 2.2900625298245161 -0.61242613937994772
1.3913404299376166 2.2538903718656531 -0.58876175916701445
1.3073776739603029 2.2151552065672395 -0.55913028022144728
1.2266809171221875 2.1742643341841457 -0.52384570946029785
1.1494398308750911 2.1315851178251548 -0.48329523624933868
1.0762756572120706 2.0872547546019908 -0.43730706084452592
1.0065969726960506 2.0417683078728008 -0.38722816008190303
0.94026366508816539 1.9952877448285087 -0.33363754984127875
0.87705062476338291 1.9479079237614554 -0.27713078041894906
0.81666224212712202 1.8996650024410728 -0.2183002279788166
0.75895738906900256 1.850461460357125 -0.15759614994684804
0.7033164914545702 1.8003286139102219 -0.095736075875162793
0.64931606933604857 1.7492462839974212 -0.033201985530416638
0.59660535671832904 1.6971913969092169 0.029630884717255428
0.54487458908626496 1.6441624257499194 0.092464665124485368
0.49387208291635254 1.5901827261492545 0.15508477800435083
0.44340384184902448 1.5352061896745242 0.21726420663287985
0.39233468956812323 1.4762266450162667 0.27505828804215088
0.34020577280744563 1.4118666771769406 0.32569137682753135
0.28742198706205874 1.3428127642081475 0.36891006572160706
0.23425172961853685 1.2698190782652616 0.40455334674366239
0.18091130188090129 1.1934932976194139 0.43206133762699539
0.12758182785925173 1.1143948962497048 0.4500927445801356
0.074716190512211469 1.0334536367711662 0.45855266729927646
0.022519717748652579 0.95172080419790439 0.45591688603194935
-0.027634604028868748 0.86969877060838385 0.44254861111314953
-0.075032273355114559 0.78800811670781534 0.42001460037863608
-0.1193792955430297 0.7073489722387003 0.38911601502741699
-0.16036471836045957 0.62819568320560848 0.35066459325671362
-0.19720927880999883 0.55096024147489386 0.30484380765629099
-0.23057438448093664 0.47514721266955967 0.25412667463347699
-0.26235482196608884 0.39920701854480839 0.20255671291328259
-0.29281504344219422 0.32276975144013925 0.15092468072795098
-0.32189072534725277 0.2459908595366298 0.099003018798273501
-0.34959432433665782 0.16903324241270484 0.046599064589876921
-0.37595318822317719 0.092078176254282967 -0.0064971192866988756
-0.40093334078151643 0.014422188311544501 -0.05923280903715758
-0.42405104388551512 -0.066742539881858312 -0.10723584758365166
-0.44506883986398776 -0.15241317947785218 -0.14783493884010993
-0.46397360371365615 -0.24193004056905851 -0.18035894225971394
-0.48112352053035973 -0.33423297008157526 -0.20501186171726296
-0.49637452580747349 -0.42889844455501619 -0.21963724064836068
-0.51115798457153527 -0.52475828998852569 -0.22212007618696275
-0.52521559192850897 -0.62053551644351757 -0.2147694221095767
-0.53799655549898129 -0.71537546244357475 -0.19832839613998207
-0.54901444079715023 -0.80845921742136839 -0.17300960989765962
-0.55790705137418661 -0.89920306477425094 -0.13971373976749077
-0.5639563592853758 -0.98702846032940661 -0.098785681783146562
-0.56789898775194292 -1.0736321369624826 -0.054963821827134954
-0.57031484670418275 -1.1604942823314024 -0.011543877142133868
-0.57093095714455389 -1.2477065907291782 0.031231934208457861
-0.56939492027910654 -1.3352675663123721 0.073262431788578358
-0.56554373266811853 -1.4231882996729266 0.11437670218446407
-0.55912825698390345 -1.5114938594482574 0.15432410974106836
-0.55005753944302771 -1.600133648585621 0.19299781565066454
-0.53861220518462471 -1.6888783581249656 0.23080173437528725
-0.52395737320044378 -1.7780921573775539 0.26628561232953063
-0.50409480501220327 -1.8683140386125181 0.29620389480155729
-0.47915815186178606 -1.9588773364352152 0.32076550942186882
-0.44926626297081229 -2.0492139745492772 0.34011256657706829
-0.41441806928031993 -2.1387537080189789 0.35419434117512832
-0.37398113657427667 -2.2266979611321376 0.36196854445567139
-0.32868704730489195 -2.3125514880630917 0.36416552867326379
-0.27872296494802912 -2.3957304481666299 0.36081711129165767
-0.22411904762008478 -2.4755124265872546 0.35178113148932677
-0.16453502572162307 -2.5506560532037268 0.33660007404930997
-0.10086149688175769 -2.6210730863976113 0.3162530754868802
-0.033467680548795758 -2.6862928165604427 0.29113141967844708
0.037887267919518651 -2.7447957877450597 0.26093392658805881
0.11268050783330068 -2.796091948222259 0.22629102003007784
0.19024380311651787 -2.8401772535289154 0.1880178482007816

2.4892609303912918 -1.609353764878827 0.50630981171213174
2.4412496919341078 -1.6411335477768711 0.53252106333789517
2.3914637255719571 -1.6715885768250471 0.55693174840712401
2.3399751304445844 -1.7006632110195761 0.57941717978388041
2.2868736324648564 -1.728308126790671 0.59986148238897397
2.2322635688416135 -1.7544803810162166 0.61815666593190688
2.1762711785898028 -1.7791551080513937 0.63421806868891395
2.1190365703959575 -1.8023241016020988 0.64797945821707459
2.0607179035382366 -1.8240093280012566 0.65941173260773811
2.0014945505087725 -1.844287170333861 0.66854963607398143
1.9415367768233389 -1.8632508257502267 0.67544749697824069
1.88102635835467 -1.8810760183125677 0.68025604205842582
1.820192450702109 -1.8981587510477904 0.68338070559423136
1.7588738746990162 -1.9136897678654847 0.68387426457412182
1.6970832243408847 -1.9268843789651982 0.68088729934552394
1.6351023347503342 -1.9378061529999455 0.67450757113760385
1.5732039239867037 -1.9469095117571826 0.66515889919920101
1.5116089641480679 -1.9541358485087847 0.65269075936908616
1.4505185461289354 -1.9596014956678354 0.63720514692196628
1.3901846621457743 -1.9633141321231806 0.61856333072508662
1.3308036563376713 -1.9653959965883605 0.59685139541505738
1.2724212716482564 -1.9661846863992547 0.57250386401545073
1.2152263734670907 -1.9657650933019843 0.54547734194447584
1.1593899082608672 -1.9641753072338606 0.51578487470138656
1.1050127414298438 -1.9615973636433186 0.48355969043073727
1.0521507905263527 -1.9582528549239 0.44896951840447596
1.0008740517738517 -1.9543025263317826 0.41212989330519195
0.95128624334213774 -1.9499789223614359 0.37308555197280946
0.90332108568868719 -1.9455026215426723 0.33207875195472847
0.85691254493533342 -1.94111167873776 0.28930916239051296
0.81204192057707458 -1.9370830165154598 0.24489385310394177
0.76857143783237503 -1.9336927292136494 0.19905474344534532
0.7262828489574028 -1.9311276072302634 0.1520699389641075
0.68496158303848842 -1.9297608393923653 0.10418346120638958
0.64427058271453508 -1.929883755967305 0.055739842493123429
0.60351928428442525 -1.9310750277527213 0.0073603437814360002
0.5619980015650955 -1.9323253324651786 -0.040357413163235462
0.51965662956519854 -1.9335574805131392 -0.087350515014425908
0.47697419458442791 -1.9353042393166979 -0.13401815616138615
0.43429821508152833 -1.9373129915926879 -0.18068129355324411
0.39167943876967021 -1.9396770577359608 -0.22737984764954533
0.34861368303220969 -1.9428788519756808 -0.27361367444207424
0.30450851536286999 -1.9472459523374579 -0.31875902805782047
0.25932111873559005 -1.952435661316271 -0.36273164010130687
0.21275378961832375 -1.9583450587449251 -0.4051437416339122
0.16462570962755155 -1.9648395479105731 -0.44568629873476645
0.11489541614346001 -1.9716916560736792 -0.48418372406676957
0.063535071293133447 -1.9787063098113018 -0.5204466084148307
0.01063442945034071 -1.9857152583759965 -0.55442370984944911
-0.043934043340769918 -1.9924882876301169 -0.58569914339730167
-0.099968813234180887 -1.9989625834655962 -0.61434145466952406
-0.15694504036045137 -2.0052991143361449 -0.64110014879838417
-0.21462122214025339 -2.0115878174434241 -0.66632587177952052
-0.27320955639822819 -2.0175977425096709 -0.68942174793962963
-0.33277760467382844 -2.0231395805610584 -0.70998871997302837
-0.39325349463264569 -2.0280908622666876 -0.72788162806793799
-0.45453579825905205 -2.0323339950337855 -0.74299626221390036
-0.51649468449169567 -2.0357699273615038 -0.75529498285229324
-0.57899147366915216 -2.0383081506134038 -0.76476477945326238
-0.64188252418515823 -2.0398684823548447 -0.77141734545122986
-0.70502351294292209 -2.040380237500798 -0.77528296742543223
-0.76827210868058127 -2.0397814965115919 -0.77640680120429872
-0.83148997778429568 -2.0380200829475905 -0.7748501198032467
-0.89454467742667187 -2.035051989632354 -0.77068561429444737
-0.95731076798563597 -2.0308406509864274 -0.76399573416549993
-1.0196710394939428 -2.0253571552664531 -0.75487295515716268
-1.0815169197096712 -2.018578396024902 -0.74341606484317913
-1.1427486204980597 -2.0104861009283117 -0.72972866979248574
-1.2032759115718488 -2.0010673479201957 -0.71392010442255593
-1.2630173346229072 -1.9903122683237788 -0.69610177663798312
-1.3219001111601951 -1.9782137447802377 -0.67638702135706652
-1.3798597007998481 -1.9647666823482635 -0.65489019816244398
-1.4368392622257213 -1.9499673572653224 -0.63172593470243743
-1.4927890045593133 -1.933812824280797 -0.60700849034957571
-1.5476654405035495 -1.9163003407402026 -0.58085118919087952
-1.6014302168505319 -1.8974264528580862 -0.55336560563531745
-1.6540504245719023 -1.8771879791183175 -0.5246625664325556
-1.7054969776272444 -1.8555807000058562 -0.49485085667964457
-1.7557433872633548 -1.8325987180815646 -0.46403691745175857
-1.804766277881612 -1.808235826200836 -0.43232593212282244
-1.8525438818759541 -1.7824845894128514 -0.39982112073303089
-1.8990546868429901 -1.7553356964698037 -0.36662358752433066
-1.944278835801714 -1.7267803682910825 -0.33283355539686554
-1.9881945667929124 -1.6968073040672347 -0.298549132833554
-2.0307807512827973 -1.66540630494699 -0.26386787520791771
-2.072014303736188 -1.6325663086868982 -0.22888614556395903
-2.1118701577640153 -1.59827624601437 -0.19369964127893086
-2.150321620876563 -1.5625261948128717 -0.15840375483982574
-2.1873388999581538 -1.5253066150649224 -0.1230937649401195
-2.2228907133422844 -1.486610735344007 -0.087865118042537368
-2.2569419863724507 -1.446432918933019 -0.052813701441886261
-2.2894551764101028 -1.404770653728489 -0.018036107211820723
-2.3203904908902553 -1.3616252804655025 0.016370276815628072
-2.3497050954165104 -1.3170017525702242 0.050306882908387564
-2.377353766128107 -1.2709097250253649 0.08367387298759886
-2.4032892445836511 -1.2233642492335599 0.11637002796896773
-2.4274626381404643 -1.1743863814398381 0.14829264532952716
-2.4498240894347991 -1.1240039321258821 0.17933759749719494
-2.4703229069191259 -1.0722517082734364 0.20939912806445396
-2.488908923406377 -1.0191725544078838 0.23837027156009888
-2.5055329590935838 -0.96481757332507756 0.26614282195417255
-2.5201477824641265 -0.90924658884720622 0.29260759032175526
-2.5327079229865292 -0.85252789000809848 0.31765385658500422
-2.5431745028516644 -0.79474048079097459 0.34117241470045601
-2.5515111716134857 -0.73597142175147823 0.36305229343530315
-2.5576895272905142 -0.67631798215238759 0.38318438505288677
-2.5616885117752379 -0.61588651265522487 0.40146077919738526
-2.5634966013312468 -0.55479240656909967 0.41777634050556756
-2.5631131800852174 -0.49315938951098487 0.43202981387933675
-2.5605477486605843 -0.43111829719204381 0.44412282817866666
-2.5558250670862561 -0.36880674721253609 0.45396506525591557
-2.5489832888616526 -0.30636706863797053 0.46147287142318949
-2.5400752496778742 -0.2439448239336568 0.46657103758645657
-2.5291716354898592 -0.18168656091219668 0.46919754543943432
-2.5163563977457839 -0.11973783760960252 0.46929916564908797
-2.5017315151616546 -0.05824022624762875 0.46683921330073641
-2.4854138058574327 0.0026712582777673878 0.4617958892082531
-2.4675342897487593 0.062871052454880103 0.45416414677107347
-2.4482365398276333 0.12224587689776624 0.44395664656410955
-2.4276746097342166 0.18069750494977119 0.43120453381324297
-2.4060103541123343 0.23814519849045651 0.41595768733701316
-2.3834102979440761 0.29452763258204789 0.39828425055783406
-2.3600423536402322 0.34980421055506844 0.37826963310775469
-2.3360724494006937 0.40395546591612563 0.3560145926427053
-2.3116619416434996 0.45698462845178101 0.33163645293534699
-2.2869637124199427 0.50891568534561915 0.30526449681304885
-2.2621198603485517 0.55979287086005403 0.27703914571812027
-2.2372594515761461 0.60967924901766812 0.24711021770091501
-2.2124966422985439 0.65865482769440054 0.21563514779458609
-2.1879290423271147 0.70681417216102149 0.18277721378825409
-2.1636368903929815 0.75426380327172371 0.14870374199675418
-2.139682493679298 0.80112020304866294 0.11358563875361613
-2.1161101499342179 0.84750699720319034 0.077595926397897752
-2.0929459837073474 0.89355237948605892 0.04090914083670108
-2.070198187969567 0.93938669132321684 0.0037009477496111904
-2.047857926068152 0.98514007371129819 -0.033852345645596651
-2.0259000682680481 1.0309401967790279 -0.071573911334191498
-2.0042836779103719 1.0769098488666593 -0.10928647051592238
-1.9829531030013132 1.12316471685701 -0.14681246428220968
-1.9618394426418688 1.169811439843379 -0.18397411595906596
-1.9408617388137777 1.2169455799661031 -0.22059349853566154
-1.9199280504117178 1.2646493889849355 -0.25649293936817741
-1.8989371976048741 1.3129899163985495 -0.29149560156045456
-1.8777806345051229 1.3620176869993739 -0.32542563920332573
-1.8563443125100243 1.4117646899730678 -0.35810967007240141
-1.8345105140128319 1.462243193125621 -0.38937760957329109
-1.8121603050175084 1.5134444777148006 -0.41906470535058371
-1.7891757946651849 1.5653386962339726 -0.4470124608486637
-1.7654422485884165 1.6178747448168038 -0.47307013074574084
-1.7408523194096743 1.6709794532332547 -0.49710121066581059
-1.7153045214986431 1.724561188479323 -0.5189764801340655
-1.6887093399213509 1.778509017513493 -0.53858517207790146
-1.6609890106891689 1.832696304651565 -0.55583195877434577
-1.6320786098236519 1.886983152426966 -0.57063791367766958
-1.6019305425260713 1.9412196664759995 -0.58294863709080469
-1.5705076669731022 1.9952489639748465 -0.59271989331368879
-1.5377911680385392 2.0489110219146061 -0.59993346980765483
-1.5037756152868502 2.102045672953945 -0.6045877876317548
-1.4684690300500489 2.1544956255374594 -0.6066989429491928
-1.4318913318898305 2.206108827864921 -0.60629875487554941
-1.3940741704973816 2.2567416376601024 -0.60343569835600452
-1.3550580320069656 2.3062598094668094 -0.59817070678881612
-1.3148902655265091 2.3545391776137898 -0.59057482349512203
-1.2736251080189156 2.4014683375031738 -0.58073087032621795
-1.2313200853468591 2.4469468158723235 -0.56872767514739597
-1.1880362658577992 2.4908874138986872 -0.55466204158379928
-1.1438351376366656 2.5332133363846512 -0.53863368656098887
-1.0987791272446479 2.5738606278712926 -0.52074768149790818
-1.0529288772405438 2.6127744072224854 -0.50110971814051575
-1.006344725921938 2.6499134614437172 -0.47983037184968014
-0.95908210618728729 2.6852399854219642 -0.45701562194178097
-0.91119482192774381 2.7187280356323891 -0.43277487495610173
-0.86273264592894328 2.7503577796254763 -0.40721602156005365
-0.81374142468621957 2.7801154831758019 -0.3804459065551356
-0.76426290218943349 2.8079925702390471 -0.35257003002159976
-0.71433459937246691 2.8339844453907439 -0.32369222792766539
-0.66398979876317343 2.8580892832336482 -0.29391445968653079
-0.61325798394067821 2.8803086352407825 -0.26333742324079878
-0.56216487757765621 2.9006461219693018 -0.23206015590104298
-0.51073224158460628 2.9191040217702109 -0.20017929979272581
-0.45897909463102915 2.9356874097305568 -0.16779083609978335
-0.40692129640430297 2.9503991104457206 -0.13498886487678471
-0.35457265585777709 2.963243287009198 -0.10186680277356915
-0.30194472467318861 2.9742208585334633 -0.068516804254890901
-0.24904794245086015 2.9833333413402428 -0.035030627047790225
-0.19589160791941221 2.9905789305258494 -0.0014994921878821899
-0.14248485870237043 2.995955452785088 0.031985458292014476
-0.088836893703543043 2.9994579460663635 0.065332945609956977
-0.034957762850571741 3.001080357109513 0.098451342734430097
0.019141219671452957 3.0008145805330995 0.1312483444430885
0.073446814302746799 2.9986515949595534 0.16363088033202514
0.12794344156600487 2.9945805835496371 0.19550466699864272
0.18261246302419862 2.9885912340949528 0.22677457711755913
0.23743197522640652 2.9806710574344488 0.25734349956361402
0.29237606517297121 2.9708089609415467 0.28711318190282398
0.34741440480740998 2.9589977894593087 0.31598545187763422
0.40251228780950049 2.9452255618896666 0.34385772783610447
0.45762980647359036 2.9294870490640168 0.37062809142632014
0.5127219067672909 2.9117794505363892 0.39619317152340267
0.56773818215946659 2.8921035490795077 0.42044842400389132
0.62262281192123303 2.8704649957675397 0.44328865317009469
0.67731461376821112 2.8468752408552125 0.46460841013327842
0.7317472129037611 2.821352414240478 0.48430246062584187
0.78584920800785585 2.7939216759009278 0.50226582525281804
0.839544808360002 2.7646174105525092 0.51839562773297521
0.89275435953134297 2.7334833240120515 0.53259127829375907
0.94539472841660777 2.700572317875392 0.54475426783737513
0.99738075646640723 2.6659490630009053 0.55479130532736576
1.0486253257456208 2.629688054625873 0.56261230575760668
1.0990432226464877 2.5918792302253104 0.56813912490491747
1.1485474845681198 2.5526187103659543 0.57129284408873482
1.1970564948689475 2.5120187816064732 0.57201045006498419
1.2444923217774528 2.4702015027991528 0.57023723352981048
1.2907829061316534 2.4272991694839625 0.56592966592654281
1.3358653179832274 2.3834543771119883 0.55905985405715586
1.3796858264240046 2.3388168409415222 0.54961290138885766
1.4222029369507505 2.2935424592357978 0.53759082333331043
1.4633883906880705 2.2477904633282879 0.52301211187192331
1.5032283588219824 2.2017208020160748 0.50591194794574157
1.5417252663355658 2.1554914101114231 0.48634374236596606
1.5788983043601303 2.1092549034671269 0.46437850782889262
1.6147827277879605 2.0631555423941879 0.44010258038862832
1.6494310776182239 2.0173261670028517 0.41361916691817541
1.6829107948288038 1.9718858287177925 0.38504389947032086
1.7153047474531566 1.9269370681363038 0.35450614802386315
1.7467083763665219 1.8825643940300354 0.32214498926092083
1.7772283450473942 1.8388327863380109 0.28810828071432976
1.806980349015582 1.795787031988461 0.25255054426212947
1.8360866437595749 1.7534519039463434 0.21563062424044621
1.8646744468135454 1.711831527010319 0.17751177998292184
1.8928727259434068 1.6709109785360214 0.13835861813958161
1.9208108485419597 1.6306563593929109 0.0983378039268889
1.9486161062488097 1.5910169772959737 0.057616137127142322
1.9764119570714784 1.5519262955739506 0.016360855168472771
2.0043159567342967 1.5133033758230987 -0.025260543400796514
2.0324382751714047 1.4750549612711976 -0.067080465038026504
2.0608801947800912 1.4370775522315324 -0.10893122553347906
2.0897324592972648 1.3992595761169753 -0.1506451737739723
2.1190736574049511 1.3614841733600993 -0.19205538394751756
2.1489687269785644 1.3236348768279476 -0.23299911232971507
2.1794683154371093 1.2855994345219413 -0.27331945344962566
2.210606897038415 1.2472787543937558 -0.3128737453513169
2.2423967320611715 1.2086122411159319 -0.35156378294112883
2.2748423788714893 1.1695460637907533 -0.38929584212324547
2.3078921298770161 1.1301938749284404 -0.4261983101641249
2.3414618583244624 1.0907718005195464 -0.46255244995014766
2.3756643733496463 1.0508247967101156 -0.49772105921699866
2.4105810126545109 1.0097393332842211 -0.53080890845450868
2.4460974311251982 0.96714686446088705 -0.5612448763955713
2.4819643088515027 0.92297728031453818 -0.58889379874572312
2.5179736585233536 0.87723712694417455 -0.6136514790820754
2.5538193995374288 0.82984618568575974 -0.63535083345833998
2.5893262060980065 0.78092868449074559 -0.65401005491544506
2.6243311822322126 0.73062050171797199 -0.66967807615250996
2.6585053721421801 0.67887564064915262 -0.68217350213205963
2.6915382740990639 0.62569312389748033 -0.6912222756566202
2.7232684907159452 0.5712681805118669 -0.69695228129483233
2.7540836191932003 0.51611066381344173 -0.70018367723105601
2.7843265978909653 0.46055949678932545 -0.70152204200730983
2.81377282662213 0.40457228122021277 -0.70077183562590339
2.8421144199461721 0.34810037132791838 -0.69764791358668377
2.8691540583857971 0.29118331253060897 -0.69204931369614586
2.8947393092138349 0.23389610553951465 -0.68395152306215012
2.918743687383865 0.17633005995582968 -0.67337149802705276
2.9410726774014107 0.11858642449488811 -0.66036791089442592
2.9616539602716339 0.060767808795688508 -0.64502378391813631
2.9804319201311169 0.0029739811899428177 -0.62743655788058883
2.9973659145104019 -0.054700654694368397 -0.6077146947360943
3.0124262148065521 -0.11216845267069159 -0.5859720055409986
3.0255912954009587 -0.16934900217178042 -0.56232462109740189
3.0368486248132336 -0.22616979473351564 -0.536891755054967
3.0461910823400489 -0.28256596117238286 -0.50979233253177036
3.0536165451422241 -0.33848026749817833 -0.48114504488709431
3.0591267407749192 -0.39386285158219503 -0.45106770456719836
3.0627262167946552 -0.44867084932670537 -0.41967678930898183
3.0644213846719204 -0.50286793772884519 -0.38708712456120908
3.0642195860646746 -0.55642375713100212 -0.35341164386060092
3.0621279101785173 -0.60931313786634278 -0.31876108886603105
3.0581531968885609 -0.6615156601422425 -0.28324439130339313
3.0523017665691321 -0.71301509758593506 -0.24696878771520819
3.0445774711670635 -0.76379813819810471 -0.2100393919975721
3.0349824306203996 -0.81385404384601667 -0.17255990247335631
3.0235176015815965 -0.86317425043329132 -0.13463297033270391
3.0101797518901972 -0.9117505116717245 -0.096359877106705918
2.9949656567604137 -0.9595758774790204 -0.057841725404348829
2.9778680281970855 -1.0066423482760023 -0.01917908238258817
2.9588786322987102 -1.052941403432508 0.019527223334837345
2.9379874460669733 -1.0984629443681855 0.058175894269068766
2.915182253759387 -1.1431943974821692 0.096664647123818476
2.8904516581208282 -1.1871212303215017 0.13489008100524272
2.8637826701796723 -1.2302252616758946 0.1727470176628326
2.8351632812009044 -1.2724850523194617 0.21012835810396938
2.8045833347637168 -1.3138756498567181 0.24692497601845403
2.7720342857157116 -1.3543678595686801 0.28302520246614427
2.7375107472093707 -1.3939283752333509 0.31831479351728192
2.7010114629984314 -1.4325197209369547 0.3526768497978986
2.662540322328574 -1.4701002851781344 0.38599181438045527
2.6221075713330761 -1.506624558630745 0.41813767153927978
2.5797309203220453 -1.5420434447395994 0.44899018677425717
2.5354366730882645 -1.5763047311789053 0.47842331012183908
