3.26169166085587 -38.8242280173945 2.27542305873044
4.18034392340159 -38.9919363359032 1.73236755117829
5.09899618594731 -39.159644654412 1.18931204362613
6.01764844849303 -39.3273529729207 0.646256536073972
6.93630071103875 -39.4950612914295 0.103201028521816
7.85495297358447 -39.6627696099382 -0.439854479030341
8.75837307538757 -39.4911081522568 -0.98432351297487
9.65850994499225 -39.2462968772132 -1.52909722696074
10.5586468145969 -39.0014856021696 -2.0738709409466
11.4587836842016 -38.7566743271261 -2.61864465493247
12.3589205538063 -38.5118630520825 -3.16341836891834
13.1777726065591 -38.0235138269157 -3.63073473551179
13.9519017005907 -37.4011698643281 -4.05543401955235
14.7260307946224 -36.7788259017405 -4.48013330359292
15.5001598886541 -36.1564819391528 -4.90483258763348
16.2742889826858 -35.5341379765652 -5.32953187167404
16.950382029338 -34.7828905941575 -5.64847873565755
17.5118115602356 -33.8808770425249 -5.84373697073967
18.0732410911333 -32.9788634908924 -6.03899520582179
18.634670622031 -32.0768499392599 -6.2342534409039
19.1961001529287 -31.1748363876273 -6.42951167598602
19.6913627750344 -30.2396246478168 -6.54520397789416
19.998019131084 -29.2097827306807 -6.43409660251386
20.3046754871337 -28.1799408135446 -6.32298922713355
20.6113318431833 -27.1500988964084 -6.21188185175324
20.917988199233 -26.1202569792723 -6.10077447637294
21.2185455746334 -25.0916053553419 -5.98101201271235
21.2958595794934 -24.1065224984665 -5.5444439726512
21.3731735843534 -23.1214396415911 -5.10787593259005
21.4504875892134 -22.1363567847157 -4.6713078925289
21.5278015940734 -21.1512739278403 -4.23473985246775
21.6051155989334 -20.1661910709649 -3.79817181240661
21.5768211102289 -19.2935198690897 -3.17902058370834
21.5092355189625 -18.4626708513656 -2.49194020889022
21.4416499276961 -17.6318218336415 -1.8048598340721
21.3740643364296 -16.8009728159174 -1.11777945925398
21.3064787451632 -15.9701237981933 -0.430699084435865
21.2061857713065 -15.1598219576332 0.273900660342858
21.0359140817134 -14.3934816008751 1.0159837777813
20.8656423921202 -13.6271412441171 1.75806689521973
20.6953707025271 -12.860800887359 2.50015001265817
20.5250990129339 -12.0944605306009 3.24223313009661
20.3548273233408 -11.3281201738429 3.98431624753505
20.061314490167 -10.4474615493721 4.52402476898122
19.7429394778681 -9.54374081133639 5.0229070427173
19.4245644655693 -8.6400200733007 5.52178931645339
19.1061894532705 -7.736299335265 6.02067159018948
18.7878144409717 -6.83257859722931 6.51955386392557
18.4228128005091 -5.89788413475556 6.83332051573495
17.9809820628942 -4.91215267094296 6.84206262123856
17.5391513252792 -3.92642120713036 6.85080472674218
17.0973205876643 -2.94068974331776 6.85954683224579
16.6554898500493 -1.95495827950516 6.8682889377494
16.2136591124344 -0.969226815692561 6.87703104325301
15.743219497251 -0.121807592433663 6.42503790263961
15.2699184766314 0.711777904001522 5.92696290038241
14.7966174560118 1.54536340043671 5.42888789812521
14.3233164353922 2.37894889687189 4.93081289586802
13.8500154147727 3.21253439330708 4.43273789361082
13.3764917536367 3.92524750200397 3.80528864954572
12.9026763308914 4.47956211728722 3.00829956786882
12.4288609081461 5.03387673257048 2.21131048619191
11.9550454854008 5.58819134785374 1.41432140451501
11.4812300626555 6.142505963137 0.617332322838103
11.0074146399102 6.69682057842026 -0.179656758838803
10.4145019908154 7.12782847329169 -0.972045523594767
9.8144451973025 7.55143971380474 -1.76415833458204
9.2143884037896 7.97505095431779 -2.5562711455693
8.6143316102767 8.39866219483084 -3.34838395655657
8.0142748167638 8.82227343534388 -4.14049676754384
7.30982749900897 9.2819523844042 -4.79239498999728
6.49254591904736 9.78061641676564 -5.29273721862147
5.67526433908575 10.2792804491271 -5.79307944724566
4.85798275912414 10.7779444814885 -6.29342167586986
4.04070117916253 11.27660851385 -6.79376390449405
3.21444030314635 11.7820012366988 -7.25031137259423
2.29858823603889 12.3545296672454 -7.26989532651073
1.38273616893144 12.927058097792 -7.28947928042723
0.466884101823979 13.4995865283386 -7.30906323434373
-0.448967965283477 14.0721149588851 -7.32864718826023
-1.36482003239093 14.6446433894317 -7.34823114217673
-2.2110106676358 15.1849179345375 -7.01080660844614
-3.03360600681603 15.7142676399455 -6.55245833343735
-3.85620134599626 16.2436173453535 -6.09411005842856
-4.67879668517649 16.7729670507615 -5.63576178341977
-5.50139202435672 17.3023167561696 -5.17741350841098
-6.25138072473177 17.7839469192556 -4.59280448837069
-6.906359151796 18.2031331125767 -3.84297548168346
-7.56133757886023 18.6223193058978 -3.09314647499622
-8.21631600592446 19.0415054992189 -2.34331746830899
-8.87129443298869 19.46069169254 -1.59348846162175
-9.52429936566432 19.8744681883672 -0.839240177736492
-10.1608075651983 20.2430242181777 -0.048050498407641
-10.7973157647322 20.6115802479883 0.74313918092121
-11.4338239642662 20.9801362777988 1.53432886025006
-12.0703321638001 21.3486923076093 2.32551853957891
-12.7068403633341 21.7172483374198 3.11670821890776
-13.4731409616049 22.0820575984525 3.77883337977308
-14.271369884487 22.4459451718444 4.40920927117886
-15.0695988073691 22.8098327452362 5.03958516258464
-15.8678277302511 23.1737203186281 5.66996105399043
-16.6660566531332 23.53760789202 6.30033694539621
-17.5699504092965 23.862299983511 6.76355264499013
-18.5516805377246 24.1581193268453 7.10363236344716
-19.5334106661528 24.4539386701796 7.44371208190419
-20.5151407945809 24.7497580135139 7.78379180036122
-21.4968709230091 25.0455773568482 8.12387151881825
-22.5155405046188 25.2746106351542 8.32506276103498
-23.5876529344307 25.4070199185731 8.32531448971068
-24.6597653642427 25.539429201992 8.32556621838638
-25.7318777940546 25.6718384854109 8.32581794706208
-26.8039902238666 25.8042477688298 8.32606967573778
-27.8638807802268 25.8737089128034 8.23841142193758
-28.891688389426 25.7779284643435 7.91998565660906
-29.9194959986253 25.6821480158836 7.60155989128055
-30.9473036078245 25.5863675674237 7.28313412595203
-31.9751112170238 25.4905871189637 6.96470836062352
-32.9745140334943 25.354389234798 6.60592460792455
-33.8281941552275 25.0108412142784 6.04009570161561
-34.6818742769607 24.6672931937589 5.47426679530667
-35.5355543986939 24.3237451732393 4.90843788899773
-36.3892345204272 23.9801971527197 4.34260898268878
-37.2265169313398 23.6231711999907 3.76805260360554
-37.8043745328688 23.0529136545975 3.05542067326746
-38.3822321343978 22.4826561092043 2.34278874292937
-38.9600897359269 21.9123985638111 1.63015681259128
-39.5379473374559 21.3421410184179 0.917524882253198
-40.1158049389849 20.7718834730248 0.204892951915112
-40.3672815140853 20.0333855483379 -0.538448262435349
-40.6048599702112 19.2877235282582 -1.28309715477032
-40.8424384263371 18.5420615081786 -2.0277460471053
-41.080016882463 17.7963994880989 -2.77239493944027
-41.317595338589 17.0507374680193 -3.51704383177524
-41.2454314447833 16.2180293081921 -4.18807789740919
-41.1219166808195 15.3708901381367 -4.8469076732246
-40.9984019168556 14.5237509680813 -5.50573744904
-40.8748871528917 13.6766117980259 -6.1645672248554
-40.7513723889279 12.8294726279705 -6.8233970006708
-40.3750862257856 11.9713681605013 -7.33408445506156
-39.9158136739343 11.1096637191566 -7.79613588373919
-39.456541122083 10.2479592778119 -8.25818731241683
-38.9972685702318 9.38625483646728 -8.72023874109446
-38.5379960183806 8.5245503951226 -9.18229016977209
-37.9129285952213 7.71048783158782 -9.46084726870038
-37.1938749516467 6.92343261751757 -9.6353846329726
-36.4748213080722 6.13637740344732 -9.80992199724482
-35.7557676644976 5.34932218937707 -9.98445936151703
-35.036714020923 4.56226697530682 -10.1589967257893
-34.2483857246362 3.85083755795332 -10.1599709322211
-33.3929633869385 3.21265340619112 -9.99284536126496
-32.5375410492408 2.57446925442892 -9.82571979030879
-31.682118711543 1.93628510266672 -9.65859421935261
-30.8266963738453 1.29810095090452 -9.49146864839643
-29.9767585451467 0.724729839758553 -9.20536764581504
-29.1369493940812 0.271054109718189 -8.69954528013785
-28.2971402430158 -0.182621620322176 -8.19372291446066
-27.4573310919504 -0.63629735036254 -7.68790054878348
-26.617521940885 -1.0899730804029 -7.18207818310629
-25.7989052255252 -1.51966195253565 -6.63680409938782
-25.1023694697728 -1.81117234098678 -5.86426479408125
-24.4058337140203 -2.10268272943791 -5.09172548877467
-23.7092979582679 -2.39419311788904 -4.3191861834681
-23.0127622025154 -2.68570350634018 -3.54664687816152
-22.316226446763 -2.97721389479131 -2.77410757285495
-21.7434416902119 -3.18537869572858 -1.88497766482518
-21.1878813090152 -3.38194297874893 -0.979620006578757
-20.6323209278185 -3.57850726176927 -0.0742623483323336
-20.0767605466219 -3.77507154478962 0.831095309914089
-19.5212001654252 -3.97163582780997 1.73645296816051
-18.9300219179169 -4.15735756520152 2.62042371626117
-18.3085352125867 -4.33385301054073 3.48619561273992
-17.6870485072564 -4.51034845587994 4.35196750921867
-17.0655618019262 -4.68684390121915 5.21773940569742
-16.4440750965959 -4.86333934655836 6.08351130217617
-15.7715449862395 -5.04254395150695 6.89687408336937
-14.8991331828678 -5.23235739826564 7.50500716471548
-14.0267213794961 -5.42217084502433 8.11314024606159
-13.1543095761245 -5.61198429178302 8.7212733274077
-12.2818977727528 -5.80179773854171 9.32940640875382
-11.4094859693811 -5.9916111853004 9.93753949009992
-10.3754761829472 -6.17617959099965 10.1402601794638
-9.32227834803792 -6.36012520364049 10.2948424423295
-8.26908051312862 -6.54407081628133 10.4494247051952
-7.21588267821932 -6.72801642892217 10.6040069680609
-6.16268484331002 -6.91196204156301 10.7585892309266
-5.13342077014062 -7.06953520589685 10.6233628815544
-4.12225140059955 -7.20716994010614 10.2690317794744
-3.11108203105848 -7.34480467431542 9.91470067739448
-2.09991266151741 -7.48243940852471 9.56036957531454
-1.08874329197633 -7.62007414273399 9.20603847323459
-0.124773522269249 -7.73915150052057 8.77106472943628
0.660610202194194 -7.7880145243491 8.0309686855944
1.44599392665764 -7.83687754817763 7.29087264175253
2.23137765112108 -7.88574057200616 6.55077659791065
3.01676137558452 -7.93460359583468 5.81068055406877
3.80214510004797 -7.98346661966322 5.07058451022689
4.45987934380926 -7.92815607385356 4.22158258802411
5.08331972319805 -7.84485862007749 3.34332239229501
5.70676010258684 -7.76156116630142 2.4650621965659
6.33020048197562 -7.67826371252535 1.5868020008368
6.95364086136441 -7.59496625874928 0.708541805107692
7.61096562387918 -7.46328517040927 -0.130989640920617
8.35473958383279 -7.20816295694458 -0.871712461246777
9.09851354378641 -6.9530407434799 -1.61243528157294
9.84228750374002 -6.69791853001522 -2.3531581018991
10.5860614636936 -6.44279631655054 -3.09388092222526
11.3298354236472 -6.18767410308586 -3.83460374255142
12.2270925717201 -5.81234746801964 -4.26070719951134
13.168551928731 -5.40240270295481 -4.59620222563336
14.110011285742 -4.99245793788999 -4.93169725175538
15.0514706427529 -4.58251317282516 -5.2671922778774
15.9929299997639 -4.17256840776033 -5.60268730399942
16.9384822833242 -3.74680693963452 -5.7826975621517
17.8939496659898 -3.28272956808873 -5.58604655721828
18.8494170486555 -2.81865219654294 -5.38939555228486
19.8048844313212 -2.35457482499716 -5.19274454735143
20.7603518139868 -1.89049745345137 -4.99609354241801
21.7158191966525 -1.42642008190558 -4.79944253748458
22.5278560181307 -0.99305268887366 -4.25619839500857
23.3149497944904 -0.56502586185023 -3.65268056890553
24.1020435708502 -0.136999034826799 -3.04916274280249
24.8891373472099 0.291027792196631 -2.44564491669946
25.6762311235697 0.719054619220062 -1.84212709059642
26.4212105417242 1.15324739462741 -1.19535333582482
27.1076008838021 1.59601817607229 -0.488402363507057
27.79399122588 2.03878895751717 0.218548608810709
28.4803815679579 2.48155973896205 0.925499581128475
29.1667719100358 2.92433052040692 1.63245055344624
29.8536413762294 3.36911753748002 2.33720370716024
30.5749116729606 3.95866909027321 2.88415477399579
31.2961819696918 4.54822064306641 3.43110584083133
32.0174522664231 5.1377721958596 3.97805690766688
32.7387225631543 5.7273237486528 4.52500797450243
33.4599928598855 6.31687530144599 5.07195904133797
34.1651512617353 7.05092938663271 5.39702126380563
34.8645384481361 7.83674369329027 5.64260380148054
35.5639256345368 8.62255799994783 5.88818633915546
36.2633128209376 9.40837230660539 6.13376887683037
36.9627000073384 10.194186613263 6.37935141450529
37.5723672973517 11.0612835115153 6.44262847740841
38.1082191563247 11.9952542000443 6.35591698991044
38.6440710152977 12.9292248885732 6.26920550241246
39.1799228742707 13.8631955771021 6.18249401491448
39.7157747332437 14.7971662656311 6.09578252741651
40.1374441796068 15.7503093338136 5.89230399409464
40.393298432787 16.731294446698 5.51925687469962
40.6491526859672 17.7122795595824 5.1462097553046
40.9050069391474 18.6932646724668 4.77316263590958
41.1608611923276 19.6742497853512 4.40011551651456
41.317595338589 20.6358602041256 3.96992954527553
41.2340772983589 21.5505092871303 3.40124761679973
41.1505592581288 22.465158370135 2.83256568832394
41.0670412178987 23.3798074531397 2.26388375984814
40.9835231776686 24.2944565361443 1.69520183137234
40.8361618142292 25.1779435442345 1.11071595455169
40.4107467127109 25.9257118744629 0.457399905791388
39.9853316111925 26.6734802046913 -0.195916142968913
39.5599165096742 27.4212485349196 -0.849232191729214
39.1345014081559 28.169016865148 -1.50254824048952
38.6840720548661 28.8964033017396 -2.15338357222663
37.9615213849211 29.4020622294278 -2.77723204907928
37.2389707149762 29.9077211571161 -3.40108052593193
36.5164200450312 30.4133800848044 -4.02492900278458
35.7938693750862 30.9190390124927 -4.64877747963723
35.0713187051413 31.4246979401809 -5.27262595648989
34.1372047683301 31.652565561125 -5.76194376508016
33.1985084111537 31.8744162748803 -6.24834766482834
32.2598120539774 32.0962669886355 -6.73475156457652
31.321115696801 32.3181177023908 -7.2211554643247
30.3824193396246 32.5399684161461 -7.70755936407289
29.3501020175662 32.5134048545344 -7.99656749870652
28.3032017382245 32.4481468106476 -8.25482809710007
27.2563014588829 32.3828887667609 -8.51308869549362
26.2094011795412 32.3176307228741 -8.77134929388716
25.1625009001996 32.2523726789874 -9.02960989228071
24.1249013545568 32.0066650114915 -9.073275755588
23.0906186077343 31.6966059585997 -9.0404135096909
22.0563358609118 31.386546905708 -9.0075512637938
21.0220531140894 31.0764878528163 -8.9746890178967
19.9877703672669 30.7664287999246 -8.9418267719996
19.0262294478109 30.3631216887806 -8.72645214278461
18.1159852350619 29.894057110876 -8.3823718632389
17.2057410223129 29.4249925329715 -8.03829158369318
16.2954968095639 28.9559279550669 -7.69421130414746
15.3852525968148 28.4868633771623 -7.35013102460174
14.5497985359584 27.9975896675402 -6.89939178676226
13.828044901051 27.4775928369429 -6.28650327281634
13.1062912661435 26.9575960063457 -5.67361475887042
12.3845376312361 26.4375991757484 -5.06072624492451
11.6627839963287 25.9176023451511 -4.44783773097859
10.9629307527273 25.3971118292757 -3.81478233161603
10.398773622649 24.8735624103599 -3.05677172325036
9.83461649257077 24.3500129914441 -2.2987611148847
9.27045936249249 23.8264635725282 -1.54075050651903
8.70630223241422 23.3029141536124 -0.782739898153366
8.14214510233595 22.7793647346966 -0.0247292897877003
7.59767709914722 22.1726304596031 0.682239328592828
7.05833529247993 21.5442384480966 1.37591882181422
6.51899348581263 20.9158464365902 2.06959831503562
5.97965167914534 20.2874544250838 2.76327780825701
5.44030987247805 19.6590624135773 3.4569573014784
4.87822524434576 18.9520488054195 4.0199813259693
4.2834618312114 18.1320651219594 4.3952686627076
3.68869841807704 17.3120814384994 4.77055599944591
3.09393500494267 16.4920977550393 5.14584333618421
2.49917159180831 15.6721140715792 5.52113067292251
1.90457862134759 14.8511022967985 5.89089879071059
1.32418253320264 13.9444565010493 5.80094810546304
0.743786445057689 13.0378107053001 5.71099742021548
0.163390356912739 12.131164909551 5.62104673496792
-0.417005731232211 11.2245191138018 5.53109604972037
-0.997401819377161 10.3178733180526 5.44114536447281
-1.50151695626992 9.44099181815249 5.12248548093141
-1.95087666174515 8.58547550619647 4.63965524271871
-2.40023636722038 7.72995919424046 4.15682500450602
-2.84959607269562 6.87444288228444 3.67399476629333
-3.29895577817085 6.01892657032842 3.19116452808064
-3.72550846581004 5.16355001997895 2.69258332805516
-4.01081783566703 4.30903900992715 2.09645679699636
-4.29612720552401 3.45452799987535 1.50033026593756
-4.581436575381 2.60001698982355 0.904203734878755
-4.86674594523798 1.74550597977175 0.308077203819954
-5.15205531509497 0.89099496971995 -0.288049327238848
-5.37850890303825 -0.0589544961527692 -0.729886313176381
-5.57575572935945 -1.056264614422 -1.09515821377121
-5.77300255568066 -2.05357473269124 -1.46043011436604
-5.97024938200187 -3.05088485096047 -1.82570201496086
-6.16749620832308 -4.0481949692297 -2.19097391555569
-6.35702007037057 -5.05844847532764 -2.47666394298529
-6.51263218997674 -6.12553674315812 -2.41290783935302
-6.66824430958291 -7.19262501098859 -2.34915173572075
-6.82385642918908 -8.25971327881907 -2.28539563208848
-6.97946854879525 -9.32680154664954 -2.22163952845621
-7.13508066840142 -10.39388981448 -2.15788342482394
-7.24429947375031 -11.402903425397 -1.8309173654347
-7.3349041864355 -12.3886161132713 -1.39834525946522
-7.4255088991207 -13.3743288011457 -0.965773153495751
-7.51611361180589 -14.3600414890201 -0.533201047526277
-7.60671832449109 -15.3457541768944 -0.100628941556803
-7.66647076874187 -16.3186835926335 0.35974885684121
-7.64702508859413 -17.2587982032329 0.891504184338058
-7.62757940844639 -18.1989128138323 1.42325951183491
-7.60813372829865 -19.1390274244317 1.95501483933175
-7.58868804815091 -20.0791420350311 2.4867701668286
-7.56924236800317 -21.0192566456305 3.01852549432545
-7.39736023758303 -22.0102614987369 3.40586846080423
-7.2082081767341 -23.0070318426169 3.77685056724341
-7.01905611588518 -24.003802186497 4.1478326736826
-6.82990405503625 -25.000572530377 4.51881478012178
-6.64075199418733 -25.997342874257 4.88979688656096
-6.31543759441051 -26.9922166696724 5.0901593365956
-5.90095120479108 -27.9858484256094 5.1787838832742
-5.48646481517166 -28.9794801815463 5.2674084299528
-5.07197842555223 -29.9731119374833 5.3560329766314
-4.65749203593281 -30.9667436934203 5.44465752331001
-4.15693671719002 -31.9042027736751 5.42677711885102
-3.51001954016108 -32.7461391457761 5.2277830102488
-2.86310236313213 -33.5880755178771 5.02878890164658
-2.21618518610319 -34.4300118899782 4.82979479304436
-1.56926800907425 -35.2719482620792 4.63080068444213
-0.891666935840984 -36.064488089165 4.39397341124358
-0.063558325798492 -36.6147329916548 3.97157073473981
0.764550284244 -37.1649778941447 3.54916805823605
1.59265889428649 -37.7152227966345 3.12676538173228
2.42076750432898 -38.2654676991244 2.70436270522851

33.2149618707392 -21.3694623105158 6.98415860869936
32.3257979738108 -21.854583305051 7.36843732242614
31.4366340768825 -22.3397042995863 7.75271603615292
30.5474701799542 -22.8248252941216 8.1369947498797
29.6583062830259 -23.3099462886569 8.52127346360649
28.7691423860976 -23.7950672831921 8.90555217733327
27.7626219155092 -24.1306294758084 9.06819975973977
26.7265282014126 -24.4285036316149 9.17499745482311
25.690434487316 -24.7263777874215 9.28179514990645
24.6543407732194 -25.024251943228 9.38859284498979
23.6182470591227 -25.3221260990346 9.49539054007314
22.5717961026153 -25.5043147581527 9.41352019535583
21.5171857315345 -25.5953666175168 9.18301755138324
20.4625753604537 -25.6864184768808 8.95251490741063
19.407964989373 -25.7774703362449 8.72201226343804
18.3533546182922 -25.8685221956089 8.49150961946543
17.3338674773149 -25.9170245067576 8.17136970698519
16.4076777733985 -25.8525029364213 7.61312733660863
15.481488069482 -25.7879813660849 7.05488496623207
14.5552983655656 -25.7234597957485 6.49664259585551
13.6291086616491 -25.6589382254121 5.93840022547895
12.7029189577327 -25.5944166550757 5.38015785510239
11.9484149184403 -25.5108258011598 4.61176186396406
11.2099852532198 -25.4254495518341 3.82368986830852
10.4715555879992 -25.3400733025084 3.03561787265299
9.73312592277868 -25.2546970531827 2.24754587699746
8.99469625755814 -25.169320803857 1.45947388134192
8.28838809515185 -25.1349134229774 0.642044653693865
7.62055105924334 -25.1615501905232 -0.210545001912379
6.95271402333482 -25.188186958069 -1.06313465751862
6.28487698742631 -25.2148237256148 -1.91572431312487
5.61703995151779 -25.2414604931607 -2.76831396873111
4.94920291560927 -25.2680972607065 -3.62090362433736
4.16701537282168 -25.4039736201463 -4.35730020720859
3.38166462952626 -25.5428718003195 -5.09048261992253
2.59631388623084 -25.6817699804927 -5.82366503263647
1.81096314293541 -25.8206681606659 -6.55684744535041
1.02561239963999 -25.9595663408391 -7.29002985806435
0.131997671384474 -26.102587758973 -7.86436928540528
-0.83411703967051 -26.2483703416931 -8.3323380326756
-1.80023175072549 -26.3941529244131 -8.80030677994591
-2.76634646178048 -26.5399355071332 -9.26827552721623
-3.73246117283546 -26.6857180898533 -9.73624427448654
-4.73418633644607 -26.80148612304 -10.0949840812478
-5.80681740780865 -26.8574905551577 -10.2362322072314
-6.87944847917123 -26.9134949872754 -10.377480333215
-7.95207955053381 -26.9694994193931 -10.5187284591986
-9.02471062189639 -27.0255038515108 -10.6599765851822
-10.0966934832592 -27.0621495299182 -10.7585892309266
-11.1647124385475 -26.9804133853808 -10.5964792109275
-12.2327313938358 -26.8986772408434 -10.4343691909284
-13.3007503491242 -26.8169410963061 -10.2722591709293
-14.3687693044125 -26.7352049517687 -10.1101491509301
-15.4367882597009 -26.6534688072313 -9.94803913093102
-16.4197381866494 -26.4232011081999 -9.55556790718787
-17.4022982071074 -26.1922526277106 -9.16204084290854
-18.3848582275654 -25.9613041472213 -8.7685137786292
-19.3674182480235 -25.7303556667319 -8.37498671434988
-20.3499782684815 -25.4994071862426 -7.98145965007054
-21.2228481030299 -25.1364472333352 -7.4579511817126
-22.0817040399989 -24.75662163982 -6.91783643204648
-22.940559976968 -24.3767960463048 -6.37772168238036
-23.7994159139371 -23.9969704527896 -5.83760693271423
-24.6582718509062 -23.6171448592744 -5.29749218304811
-25.4066785149611 -23.1158464273749 -4.70193025636125
-26.1274323535025 -22.5841352357004 -4.09248620015998
-26.8481861920439 -22.052424044026 -3.48304214395871
-27.5689400305854 -21.5207128523515 -2.87359808775744
-28.2896938691268 -20.989001660677 -2.26415403155618
-28.8998703043432 -20.3413463665466 -1.65433104982831
-29.4671080576729 -19.648668429613 -1.04436092625992
-30.0343458110026 -18.9559904926794 -0.434390802691534
-30.6015835643323 -18.2633125557458 0.175579320876854
-31.168821317662 -17.5706346188122 0.785549444445241
-31.6194279637181 -16.7739600384419 1.35194387878729
-32.0031786770904 -15.9176719230937 1.8933596139326
-32.3869293904626 -15.0613838077456 2.43477534907791
-32.7706801038348 -14.2050956923974 2.97619108422322
-33.154430817207 -13.3488075770492 3.51760681936853
-33.4195470519284 -12.4186968153356 3.98207632716586
-33.5797563327055 -11.4233056305074 4.37850326908875
-33.7399656134826 -10.4279144456792 4.77493021101164
-33.9001748942597 -9.43252326085101 5.17135715293453
-34.0603841750368 -8.43713207602282 5.56778409485742
-34.1209884877784 -7.41389527367758 5.87580168373053
-34.030600510101 -6.34844698680553 6.04979854075947
-33.9402125324236 -5.28299869993349 6.22379539778842
-33.8498245547462 -4.21755041306144 6.39779225481736
-33.7594365770689 -3.15210212618939 6.57178911184631
-33.6164667067261 -2.0949638536747 6.68148553272294
-33.2953433948248 -1.06598085633401 6.57332475193609
-32.9742200829235 -0.0369978589933088 6.46516397114925
-32.6530967710221 0.991985138347388 6.3570031903624
-32.3319734591208 2.02096813568808 6.24884240957556
-32.0093018594833 3.04843975937693 6.13734582500356
-31.5516185808304 3.94411863577399 5.73496502081333
-31.0939353021775 4.83979751217105 5.3325842166231
-30.6362520235246 5.73547638856811 4.93020341243286
-30.1785687448717 6.63115526496518 4.52782260824263
-29.7208854662189 7.52683414136224 4.1254418040524
-29.2716805926734 8.322671956015 3.55582675293375
-28.8256033709876 9.081678777281 2.92451961506191
-28.3795261493019 9.840685598547 2.29321247719007
-27.9334489276161 10.599692419813 1.66190533931824
-27.4873717059303 11.358699241079 1.0305982014464
-27.0794772475902 12.1124650687605 0.370914652215586
-26.7366219543331 12.8573035738213 -0.337104269867445
-26.3937666610761 13.602142078882 -1.04512319195048
-26.050911367819 14.3469805839427 -1.75314211403351
-25.7080560745619 15.0918190890035 -2.46116103611654
-25.3652007813048 15.8366575940642 -3.16917995819957
-25.0519633283694 16.6842820001183 -3.76622638086617
-24.7394435716529 17.5343971027154 -4.36058373024568
-24.4269238149364 18.3845122053124 -4.9549410796252
-24.1144040582198 19.2346273079094 -5.54929842900471
-23.8018843015033 20.0847424105064 -6.14365577838422
-23.420104688304 20.9917988802053 -6.57514577372095
-23.000385532916 21.9300470027481 -6.91741940096736
-22.580666377528 22.8682951252909 -7.25969302821376
-22.16094722214 23.8065432478337 -7.60196665546017
-21.741228066752 24.7447913703765 -7.94424028270658
-21.2562704676123 25.6723575670632 -8.16816460940934
-20.6721954784084 26.5836946118751 -8.21227971456694
-20.0881204892044 27.495031656687 -8.25639481972454
-19.5040455000004 28.4063687014988 -8.30050992488214
-18.9199705107965 29.3177057463107 -8.34462503003975
-18.3068239191689 30.2005645709605 -8.33336326686547
-17.5822008561612 30.9742222773297 -8.10975621264784
-16.8575777931534 31.7478799836989 -7.88614915843021
-16.1329547301456 32.5215376900682 -7.66254210421258
-15.4083316671378 33.2951953964374 -7.43893504999496
-14.6782482711331 34.0569007060089 -7.20330109668063
-13.8641085684886 34.6346109495521 -6.7825251897583
-13.0499688658441 35.2123211930953 -6.36174928283597
-12.2358291631996 35.7900314366385 -5.94097337591365
-11.4216894605551 36.3677416801817 -5.52019746899132
-10.6075497579106 36.9454519237249 -5.09942156206899
-9.74567421064753 37.3251107328969 -4.56683972276828
-8.88113689903699 37.6937261374493 -4.02802355270376
-8.01659958742644 38.0623415420018 -3.48920738263925
-7.1520622758159 38.4309569465542 -2.95039121257473
-6.28752496420536 38.7995723511066 -2.41157504251022
-5.39574092207527 38.9941953777068 -1.83285677197161
-4.49931669419406 39.159187071021 -1.24734307480644
-3.60289246631285 39.3241787643352 -0.661829377641275
-2.70646823843164 39.4891704576494 -0.0763156804761074
-1.81004401055043 39.6541621509636 0.509198016689061
-0.893338147463736 39.6627696099382 1.07994029437456
0.0293946402805443 39.6249056681382 1.64629307232852
0.952127428024825 39.5870417263382 2.21264585028249
1.8748602157691 39.5491777845382 2.77899862823645
2.79759300351338 39.5113138427382 3.34535140619041
3.7311403578735 39.3278152435222 3.85205873078633
4.66976828066411 39.0758990304401 4.33074525546327
5.60839620345471 38.823982817358 4.80943178014021
6.54702412624531 38.5720666042758 5.28811830481715
7.48565204903592 38.3201503911937 5.76680482949409
8.41507815012167 37.9421244953782 6.15180377646411
9.33756943215678 37.4690578719393 6.46619644355493
10.2600607141919 36.9959912485004 6.78058911064575
11.182551996227 36.5229246250615 7.09498177773657
12.1050432782621 36.0498580016226 7.40937444482739
12.9951926042197 35.4915598396149 7.62043831962973
13.8427337626374 34.8209753438335 7.69537404921553
14.6902749210552 34.150390848052 7.77030977880134
15.537816079473 33.4798063522706 7.84524550838715
16.3853572378908 32.8092218564892 7.92018123797295
17.1965536383153 32.1071807714157 7.9209054132983
17.9021109267129 31.3137084499361 7.70592743164004
18.6076682151106 30.5202361284565 7.49094944998177
19.3132255035083 29.726763806977 7.27597146832351
20.018782791906 28.9332914854974 7.06099348666524
20.7185438415319 28.1396898783975 6.83626877637824
21.2535954290389 27.3424144121246 6.33457507066868
21.788647016546 26.5451389458517 5.83288136495912
22.3236986040531 25.7478634795787 5.33118765924956
22.8587501915601 24.9505880133058 4.82949395354
23.3938017790672 24.1533125470329 4.32780024783044
23.8497311726291 23.4316885464836 3.67004319016823
24.2787319177138 22.7358119579521 2.9591711348632
24.7077326627985 22.0399353694206 2.24829907955818
25.1367334078832 21.344058780889 1.53742702425316
25.5657341529679 20.6481821923575 0.826554968948133
26.0082531996213 19.9878383334139 0.0927925996526714
26.473704109581 19.3877706632855 -0.679799910308107
26.9391550195406 18.787702993157 -1.45239242026889
27.4046059295002 18.1876353230286 -2.22498493022966
27.8700568394599 17.5875676529001 -2.99757744019044
28.3355077494195 16.9874999827717 -3.77016995015122
28.9124283108652 16.3524805812095 -4.43053153297388
29.4955527251039 15.7155159381059 -5.08464689414333
30.0786771393425 15.0785512950023 -5.73876225531277
30.6618015535812 14.4415866518987 -6.39287761648222
31.2449259678199 13.8046220087951 -7.04699297765166
31.8571919657953 13.0826720491359 -7.55112148480102
32.4917642745349 12.295670412855 -7.94044314388912
33.1263365832746 11.5086687765741 -8.32976480297723
33.7609088920142 10.7216671402932 -8.71908646206533
34.3954812007539 9.93466550401223 -9.10840812115343
35.0098639612501 9.11164107684786 -9.41404341077882
35.5654153691205 8.18364800514117 -9.47582072733401
36.1209667769909 7.25565493343449 -9.5375980438892
36.6765181848613 6.3276618617278 -9.59937536044438
37.2320695927317 5.39966879002111 -9.66115267699957
37.787621000602 4.47167571831443 -9.72292999355475
38.1659767057712 3.4861211071594 -9.48005776798916
38.5441002283079 2.50049107211116 -9.23678635479316
38.9222237508446 1.51486103706291 -8.99351494159716
39.3003472733813 0.52923100201467 -8.75024352840116
39.678470795918 -0.456399033033573 -8.50697211520516
39.8882151879585 -1.42243604788834 -8.08329577946717
40.0515159839048 -2.3830687687938 -7.60985880337406
40.2148167798512 -3.34370148969926 -7.13642182728095
40.3781175757976 -4.30433421060472 -6.66298485118784
40.5414183717439 -5.26496693151018 -6.18954787509473
40.576773320948 -6.18336718379761 -5.63072646346241
40.5284815705119 -7.0741572657864 -5.01608357410847
40.4801898200757 -7.96494734777519 -4.40144068475454
40.4318980696396 -8.85573742976398 -3.7867977954006
40.3836063192034 -9.74652751175277 -3.17215490604667
40.243945620308 -10.6006971444525 -2.53037135947753
39.9936185674081 -11.4105119752948 -1.85571496463835
39.7432915145082 -12.2203268061371 -1.18105856979917
39.4929644616083 -13.0301416369794 -0.506402174959985
39.2426374087083 -13.8399564678218 0.168254219879196
38.9283438561369 -14.6237962732013 0.838909706928814
38.4714573996994 -15.3497330460911 1.50064644646615
38.0145709432619 -16.0756698189808 2.16238318600348
37.5576844868244 -16.8016065918706 2.82411992554082
37.1007980303869 -17.5275433647604 3.48585666507815
36.6085740303201 -18.2373326088612 4.1327546627406
35.9311976066647 -18.8625162527086 4.70190449969454
35.2538211830093 -19.487699896556 5.27105433664848
34.5764447593539 -20.1128835404033 5.84020417360241
33.8990683356986 -20.7380671842507 6.40935401055635
