0.27014521014792381 -2.8766467036369598 0.14661936542828821
0.33403856312288788 -2.898922229141474 0.1122486056702216
0.39881615793755859 -2.9159161530121138 0.076574531472030458
0.4642076453703039 -2.9275179193267209 0.039905210442153123
0.52993668012741657 -2.9336493385479079 0.0025540783510545431
0.59572289217427488 -2.9342650450674812 -0.035161515275020747
0.66128395633068471 -2.929352857720223 -0.072921698396708298
0.72633775863885619 -2.918934029313061 -0.1104054478110891
0.79060464832894406 -2.9030633664833481 -0.1472919710310428
0.85380975838588002 -2.8818292042359341 -0.18326212185767179
0.91568538604313487 -2.855353254838958 -0.21799988466480269
0.9759736555454197 -2.8237908713918922 -0.25119420125141312
1.0344371194917359 -2.7873463172550328 -0.2825478979194474
1.090946241401346 -2.7464060529550598 -0.31185201870246942
1.145464462648045 -2.7013965388619319 -0.33896712943323998
1.1974554759603739 -2.6520544561560628 -0.36334122212761277
1.246671189250639 -2.598596075904422 -0.38467079969518508
1.293374150082431 -2.541785102382879 -0.40306590400508402
1.337483662503278 -2.4819702517229971 -0.41834244713666291
1.3783646098706339 -2.4191321779562149 -0.4298701794719052
1.4165019574306219 -2.3538551428402892 -0.43801026169697621
1.4516453742617701 -2.2862571427536769 -0.44232020185106707
1.483476244606116 -2.2171268456446072 -0.44273383730456811
1.512555383045062 -2.1461430805152699 -0.4392997307319319
1.5383016460918919 -2.074350123058641 -0.43187662254245768
1.5612229671626829 -2.0012649343399871 -0.42043461523386583
1.5808580149192799 -1.9279844776477031 -0.40503053312639697
1.5977193488578321 -1.8541806615652821 -0.38577148894276198
1.611231371677259 -1.7802909097263251 -0.36220301120796661
1.621973560669641 -1.7065113210353411 -0.3350301974929627
1.6295786952814271 -1.633325983344039 -0.30385911081509048
1.6341295580621751 -1.5605402271606379 -0.26861252435621558
1.635645058670236 -1.48890440819674 -0.22928041736542959
1.634239856947058 -1.418853679031705 -0.1855898468794302
1.630224575454414 -1.3508030746873281 -0.13752907668012601
1.6241645606301189 -1.285380696760466 -0.085152796756757423
1.616973554774882 -1.224218432425374 -0.02823218106661322
1.608959139027103 -1.1653451532199259 0.032874304442208013
1.5997195548244509 -1.106275671929051 0.09273411000489204
1.5892576597246799 -1.046556349270682 0.15202792629262851
1.577518395768855 -0.98565042625631194 0.21149794969130931
1.5648006502378939 -0.92486155554145111 0.27004754795869013
1.5499117852099771 -0.86408530716710641 0.32342327251419922
1.5307945840950481 -0.79726401499868094 0.37370886980494361
1.5092835961564861 -0.72985624824179252 0.41699418082943912
1.4848833833380031 -0.65890977224453218 0.45539203595174049
1.4586929426735 -0.58750298134675616 0.48729345481310099
1.430304970661211 -0.51468231148645749 0.51341625822833481
1.4004527323937821 -0.4409150026877619 0.53356763033643462
1.3696250007592701 -0.36697640779710877 0.54748103232929479
1.337503653756833 -0.29236588707788058 0.55509964898948028
1.3042783141734109 -0.2179351035835064 0.55570652887000194
1.271722783878193 -0.14665249921280721 0.54871449145335316
1.237943448924572 -0.076119936583955189 0.53336886686265828
1.201367508612144 -0.0050544708462797192 0.50994388128817569
1.1651004651123511 0.061606128193999958 0.48108174599495779
1.12770357187966 0.12632928761574461 0.44614755881438201
1.0900099786191471 0.187898748442277 0.40587483972906802
1.0518030496467561 0.24611336055830019 0.36023656708675061
1.0133128212402189 0.29995566576075389 0.30953080703872288
0.97468951045570751 0.34976177057647162 0.25388405800050179
0.93568146730110535 0.39484139495910192 0.19317204976887281
0.89852214152627807 0.43229181375018139 0.13114519660271401
0.85892470738812365 0.46862279042300692 0.063686403550619747
0.8191094476063816 0.50338407471556956 -0.0024610364736681648
0.7784471661893666 0.5371272608350609 -0.068146831600075175
0.7367701080355209 0.57003596512875798 -0.13349900123875089
0.69290885081500886 0.60308667544518613 -0.20022211680738339
0.64881145997025247 0.63452802308767453 -0.25774479611697432
0.59649952828745734 0.66995464867047139 -0.31435901528206189
0.5423138947320929 0.70567390127276319 -0.36419583319159948
0.48478155612920892 0.74272703694050535 -0.40888721234363667
0.42466560363157407 0.78075854683421886 -0.44787020794140131
0.36284387942174001 0.81957437735211636 -0.48077716323389358
0.29915962475897062 0.85938525622054351 -0.50776421819027129
0.23476316760480309 0.89963355278566437 -0.52790483679481948
0.17015760165235991 0.940468851380729 -0.5407810321362958
0.1049095271279876 0.98245417773881005 -0.54696356896212495
0.039756630546867948 1.024108495090627 -0.54679402170545288
-0.02526598976495454 1.065991652925026 -0.54063018580084077
-0.08892507575947009 1.107218708128441 -0.52881707503295028
-0.15246894840141351 1.148335551154597 -0.51100809574004713
-0.21492709292038939 1.188900455983815 -0.48763016435841061
-0.27636655021826639 1.228245592509976 -0.45860639036533568
-0.33623908930159679 1.2665161558467259 -0.42373503385319772
-0.39511478182421023 1.3040255566896399 -0.3828108013296066
-0.44924110627746039 1.338184612185457 -0.33761170913331778
-0.50406069186927771 1.3725772210434151 -0.2850111454067622
-0.55818575814631433 1.406236341035723 -0.2315480032159197
-0.61228524264156536 1.4394887253431039 -0.1768157498780514
-0.66651601470654587 1.472311097545697 -0.12103685025636329
-0.72101879911621325 1.5046463425835961 -0.06456369821382614
-0.77592989762565523 1.5364190741397981 -0.007841805456189602
-0.83138996382990316 1.56754854417548 0.048617849602565863
-0.88754889822994087 1.597957951182899 0.1042726442583147
-0.94456507240117282 1.627578420092419 0.1585830186121088
-1.0026008128646731 1.656348753275011 0.21104122567019509
-1.061816113163778 1.6842123717407089 0.26119015102900051
-1.122361609742546 1.711112576198504 0.30863155431081929
-1.18437121264459 1.7369870737326949 0.35302541264253318
-1.2479545331584621 1.761762603668596 0.39408332195368129
-1.31318929207233 1.7853503797095249 0.43155927012699669
-1.3801141106088359 1.8076429263415961 0.46524069089734149
-1.4487223227623669 1.8285127101784271 0.49494179072779632
-1.518957545311159 1.8478127414261529 0.5205000359158003
-1.590711622233816 1.8653790654118201 0.54177569381294399
-1.663825252188331 1.8810348247628419 0.55865363940643997
-1.738091214669065 1.8945954000448491 0.57104633620362621
-1.8132597534396151 1.905874062648089 0.57889693458311997
-1.8890454436100981 1.9146876008627829 0.58218168825871142
-1.965134794441826 1.9208614845601539 0.58091123867444217
-2.0411939052863879 1.9242342784556949 0.57513064885436405
-2.1168756481668649 1.9246611620384271 0.5649183163778555
-2.1918260420827989 1.92201653954047 0.55038403753294352
-2.2656896664900952 1.9161958126222041 0.5316665411403565
-2.3381141075043401 1.907116439886045 0.50893078729606089
-2.4087535297485432 1.894718426303744 0.48236526310160838
-2.4772715207500249 1.8789643808856671 0.45217942982113551
-2.543343371315157 1.859839261694197 0.41860140193707279
-2.6066579449543852 1.8373499017313499 0.38187587889037827
-2.6669192629433618 1.8115243834858801 0.34226230924476309
-2.7238478984666639 1.7824113079430639 0.30003324436441009
-2.777182240851551 1.7500789874373679 0.25547283126384812
-2.826679663992036 1.7146145809063149 0.2088753974654948
-2.8721176139683631 1.6761231837637369 0.1605440897027991
-2.913294619694482 1.6347268811119811 0.11078953908065969
-2.950031225751375 1.5905637707587219 0.059928535033240922
-2.9821708461852832 1.543786960315795 0.0082826976397068972
-3.0095805396783608 1.4945635399320569 -0.043822857722047422
-3.0321517082571452 1.443073528900731 -0.096060867260679333
-3.0498007223931092 1.3895087908454551 -0.14810328027416719
-3.062469474498978 1.3340719090095361 -0.19962263791700099
-3.0701258605813471 1.276975010973473 -0.25029347105407762
-3.0727641867452662 1.2184385314237931 -0.29979371742260708
-3.0704054941256369 1.158689902711562 -0.34780615598631109
-3.0630977933910728 1.0979621659287999 -0.39401985373547421
-3.0509161987659281 1.036492499863116 -0.43813161801479272
-3.033962951714487 0.97452067092674077 -0.47984744667984031
-3.012367325700986 0.91228741317553896 -0.51888396991239483
-2.9862854048788061 0.85003275279209189 -0.55496988204388265
-2.9558997297025442 0.78799429477733685 -0.5878473694013977
-2.9214187993953269 0.72640549007173538 -0.61727355035730125
-2.883076412911044 0.66549389828755434 -0.64302195475967505
-2.8411308148275749 0.6054794546959148 -0.66488407896575819
-2.7958635897594668 0.54657274090283103 -0.68267105604438105
-2.7475782192249141 0.48897324844155787 -0.69621547404409867
-2.696598181401721 0.43286761572300891 -0.70537335435232185
-2.643264442354583 0.37842781439846551 -0.71002626400167923
-2.587932165376519 0.32580926452231362 -0.71008347961051776
-2.5309664640176051 0.2751488723321428 -0.70548404987726032
-2.4727370570385792 0.22656301283350919 -0.69619852776844482
-2.4136117624788 0.18014552280012711 -0.68223008046919564
-2.3539489011043542 0.1359658257248848 -0.66361466119184587
-2.294088863198962 0.094067370232849903 -0.64041997413855778
-2.2343453050318121 0.054466611915420182 -0.61274311146453642
-2.1749966383807782 0.017152784344951391 -0.58070700073611603
-2.1162785970901048 -0.01791133273661558 -0.5444561502810441
-2.0583786472544192 -0.050787542740052261 -0.50415254842761659
-2.001432816125146 -0.081559313447821191 -0.45997284721319293
-1.9455251636716679 -0.1103280494331136 -0.41210800771084272
-1.890689685069233 -0.13720895444491371 -0.36076629165105301
-1.8369140325728881 -0.16232696260597421 -0.30617981504687958
-1.7841442063639299 -0.18581318224264409 -0.24861390948361989
-1.732289366575803 -0.20780214666667979 -0.1883774634373942
-1.681226166376498 -0.22842994444301781 -0.1258315267666793
-1.6308024276718229 -0.24783307827191059 -0.061393057847592247
-1.5808404462334309 -0.26614774935753072 0.0044689994045550912
-1.531140478657143 -0.28350923543291118 0.071246979552998815
-1.4814845262265961 -0.30005115239199809 0.1384166557156121
-1.43163886327104 -0.3159046466041418 0.2054646608178938
-1.3813534867337081 -0.33119745999913502 0.27191372671340158
-1.3303157400204659 -0.34606625825323728 0.33740496230941081
-1.2782498609470621 -0.36063082577058991 0.40164043486807932
-1.2264185069434519 -0.37459534065469452 0.46269799233537451
-1.1710603194313609 -0.38842377741520268 0.51855614588071275
-1.1099258022428671 -0.40263950604808502 0.57059839373318944
-1.047245258677828 -0.41655312753488261 0.61622174631347681
-0.98040098808400133 -0.43056602322093812 0.65692561598710097
-0.91205565630191132 -0.44438543642703587 0.69181278771770582
-0.84141225654535279 -0.45799385613061849 0.72115699301788094
-0.7695051688616299 -0.47130237421117899 0.7447718772876688
-0.69587241857959614 -0.48441719338259809 0.76298026127437335
-0.62165849802445583 -0.49722976215139902 0.77549938212498426
-0.54685729019957285 -0.50976649536208662 0.78221812090309195
-0.47040520061059721 -0.52214494014362545 0.783114377276383
-0.39580834787694008 -0.53414467249586861 0.77791366084274294
-0.31982611813246897 -0.54600595363634508 0.7659576811504113
-0.24588563087421131 -0.55726853011368649 0.74753465588914769
-0.17218960565315899 -0.56758742392118977 0.72231195617642663
-0.1000866162375748 -0.57646099907571169 0.69131430249859993
-0.029351111025905149 -0.58441096640556334 0.65435402463927506
0.038969971254566887 -0.59063046038587408 0.61173786062683699
0.10483795677692929 -0.59518073592963316 0.56376052179676561
0.16688429141988451 -0.59836858295559703 0.51063098564903653
0.2262152416221542 -0.59981703043934254 0.45146538258349073
0.2791904586808851 -0.59918091807342233 0.3895596426146325
0.32865384239304052 -0.59644043755070475 0.32204582273399762
0.3773889865504646 -0.59236643138301903 0.25228728236520831
0.42527852788003639 -0.5872885948304204 0.18265480679474341
0.47275458026811129 -0.58115057248801538 0.11276551604432471
0.52058093875881684 -0.57391952152089321 0.041661549775176672
0.56796549750457148 -0.56548115629566253 -0.027678861241846341
0.61865775285715141 -0.55383611849110626 -0.092655286947820478
0.67512019137921342 -0.53824073770997694 -0.1547125274136982
0.73409431748043386 -0.51972696541471852 -0.21129461166487579
0.79680892636641354 -0.4980835522389786 -0.26353282349581503
0.86140156287460945 -0.47437591703049942 -0.309761417814711
0.92909067591442196 -0.44810025841566642 -0.35120027812846488
0.9978547621682452 -0.42010925577871888 -0.38643990322531979
1.069601263912457 -0.38894632998777462 -0.41609445278850821
1.1389863587383511 -0.3570471211177097 -0.43653101563896451
1.210647825613635 -0.32380824602071279 -0.44879658965650882
1.2845329823574581 -0.28899859456636229 -0.45376097459669018
1.358221942163534 -0.25398053745609511 -0.45182163418894472
1.431381715947766 -0.21901884962210769 -0.44350524549285492
1.5037740715712831 -0.18359920500071009 -0.42891191049485611
1.575019845900651 -0.1483159257998781 -0.40815571739415202
1.6451072966971541 -0.1131915351422171 -0.38135100772634323
1.7126728545067009 -0.07844502175303443 -0.34852572299473772
1.7785489619633019 -0.043525074425345422 -0.30919011396695611
1.840539549213938 -0.0092508423935054943 -0.26410157198740758
1.898051607430671 0.024293628814318478 -0.21407303638511321
1.9551434578253239 0.058712639671714341 -0.16102346008819671
2.0119878447147981 0.093917149574671399 -0.1071600049469065
2.0675246034994128 0.12930236902994249 -0.053423724201043458
2.122149994249229 0.1651354848975212 0.00068520160135119473
2.1756739385513 0.2013198618418959 0.05531970868025312
2.229403473879449 0.238949770992573 0.1085172362396889
2.2841491354969539 0.2792037637528284 0.15695915472071681
2.3395617848131529 0.3226323696239714 0.20092247769643121
2.3946906437599562 0.36887999284832212 0.24046615300702839
2.4489345704218288 0.41772561116795709 0.27586633286728651
2.501908767657175 0.4689210772735406 0.3070925052018772
2.5534468132383412 0.52246461264207 0.33423987385053161
2.603633110544274 0.57730664309410329 0.35847733014673988
2.652635342292736 0.63316626396401154 0.380188821738004
2.700273185951283 0.69066237427658717 0.39842616033439071
2.7463319992858888 0.75002883079733385 0.41270136716162681
2.7905640959347799 0.81129073349428338 0.42278063179934089
2.8326955752659431 0.87436700064321538 0.42855847495642901
2.8724368215941172 0.93911378807170331 0.43000494483933088
2.9094917154673872 1.0053445567342829 0.42714227602156257
2.9435659028208341 1.072840723993671 0.42003483483909088
2.9743742984394652 1.141358810826608 0.40878438958161317
3.0016475606555741 1.2106362961892729 0.3935268501548474
3.0251372973761121 1.2803967698164009 0.37442904162589002
3.0446199515147492 1.3503544521949939 0.35168523482115172
3.059899474233041 1.420218071857577 0.32551357148675059
3.0708089819631388 1.4896941335866281 0.29615259416909628
3.077211619249967 1.558489659671823 0.26385804022136972
3.079000835812983 1.6263145112589981 0.22889998163721609
3.0761002515706362 1.6928833984446301 0.1915603244645542
3.068463241206755 1.7579176734032129 0.15213063453590259
3.056072329167721 1.821146978056968 0.1109102308667448
3.0389384520463678 1.882310792855622 0.068204480681727742
3.017100120418668 1.9411599107220749 0.02432323536700632
2.990622496339896 1.9974578429940679 -0.020420640702868559
2.9595963943452692 2.050982153430454 -0.0657126812307504
2.9241372106813088 2.1015257117976591 -0.111238187251831
2.884383785330793 2.1488978589417731 -0.1566835613111047
2.8404972023386601 2.192925478806254 -0.2017376055371346
2.7926595348062859 2.2334539777451718 -0.24609277865207041
2.741072541153871 2.270348176155661 -0.28944640636932151
2.6859563187899398 2.303493120818112 -0.33150184173934438
2.6275479203426779 2.33279482777594 -0.37196957622232613
2.5660999362302692 2.3581809648954128 -0.41056830818271228
2.501879045458772 2.379601480435531 -0.44702598284788658
2.435164533645465 2.3970291790811431 -0.48108082629290078
2.3662467725491791 2.4104602398633439 -0.512482405216242
2.2954256478764812 2.419914660898693 -0.54099275318797524
2.2230089110321001 2.425436603428742 -0.56638761102989421
2.1493104155442762 2.4270945917498752 -0.58845783164133558
2.074648180762654 2.4249815061231579 -0.60701099492607713
1.9993422059119601 2.4192142831618408 -0.62187326326431758
1.9237119399794029 2.4099332140956982 -0.63289147928382872
1.848073302347262 2.3973007087816458 -0.6399354637869078
1.7727351529046811 2.3814993774237978 -0.64290041339449733
1.6979951380540219 2.3627292801872808 -0.6417092300744438
1.6241349007470851 2.3412042172198761 -0.63631455033539819
1.55141474564925 2.3171469892708121 -0.62670020108587465
1.4800679929041309 2.2907836612697441 -0.612881820059621
1.410295418094498 2.2623370093791491 -0.59490647069202007
1.342260324724478 2.232019513681597 -0.57285127240460643
1.276084876585865 2.2000264438777979 -0.5468213467328028
1.2118482784836679 2.1665297301604989 -0.51694769300873555
1.1495872063386261 2.131673369850644 -0.48338585277845281
1.089298568964824 2.09557106194534 -0.44631626919383738
1.030944304896237 2.0583065849986442 -0.40594697751423359
0.97445758645228397 2.019937165471505 -0.36251862317914441
0.91974962410427041 1.9804997589781841 -0.31631085847403601
0.86671628926466726 1.9400198007410641 -0.26764812092487961
0.8152439720272775 1.898521558362378 -0.21690196659820521
0.76521435790751402 1.856038728012295 -0.16448688100805661
0.71650801491744476 1.812623406892564 -0.1108471204176244
0.66900672732750177 1.768351151382678 -0.056433839448521407
0.62259436306819804 1.723319539712052 -0.001674609618110012
0.57715588796065553 1.677637802196954 0.053059069151181727
0.53257472054052268 1.6314075879901411 0.1074790439549102
0.48873339413054812 1.584709152557314 0.16140556301325351
0.4451852502733758 1.5372390518647501 0.21519791974274169
0.40248707941361489 1.4885138432342719 0.26472427735639781
0.35885568707796012 1.435707797139242 0.30913621203315439
0.31501574582821668 1.3796650034129549 0.34805207199036398
0.27103302933148871 1.320924851230334 0.38129840253728892
0.2268535021310466 1.2595396118714599 0.40923086952807508
0.18294787268450641 1.1964927627720821 0.43131112452535852
0.1387766586297054 1.131437319045852 0.44758250749935519
0.095078074341590837 1.064912887877435 0.4573811198148845
0.051859654418032503 0.99814013069130236 0.45986774784817991
0.0094153232822743894 0.93098806806122669 0.45415227241653999
-0.03223782914276465 0.8620839531519644 0.44110692771451993
-0.07181829403917217 0.79379315546527629 0.42211460197524792
-0.109660475069562 0.72567868974928584 0.39738866793177069
-0.14543142435687051 0.65821459806122307 0.36694046196675639
-0.17811802705969901 0.59250797343977757 0.33131517701350333
-0.20826695746812501 0.52689573931178002 0.28951155496688702
-0.23636970605418911 0.46170328869475741 0.24493391742999521
-0.26367373851264642 0.39603491936778862 0.20040578942217929
-0.29013788954049258 0.32977003147432488 0.15565371508646289
-0.31562988832190658 0.2631130006672463 0.1106236038075315
-0.3400568369813558 0.1963101657357163 0.065285347554452575
-0.36337722735857969 0.12961455959909499 0.019594968401192549
-0.3856393087994256 0.06316730900614706 -0.026593484896616119
-0.40714879124402809 -0.0053876880716899993 -0.072497336178394975
-0.42617217055153522 -0.07444218885910911 -0.1115953128243186
-0.4443833438441725 -0.14922766847318239 -0.1466265392221747
-0.46063726427636498 -0.22475989755852299 -0.17527912169158691
-0.4761170763609831 -0.30442522905875757 -0.19884826664706201
-0.48971503722078258 -0.38538578350308761 -0.2155891553266778
-0.50157491294285883 -0.46287743255314279 -0.2227983859158657
-0.51447913070932161 -0.5462039577908453 -0.22188499856011629
-0.52629205346061503 -0.62798816419006653 -0.21405599855488841
-0.53720440818574466 -0.70887213606525667 -0.19998125157445931
-0.54684732331786423 -0.78803799738260194 -0.17986082142971141
-0.55526499985312228 -0.86735959687350661 -0.15324884349003751
-0.56141672126636455 -0.94150354970527794 -0.1217338685788351
-0.56565513370586762 -1.0174802621549119 -0.083435544309474974
-0.56863576875209232 -1.092069893443723 -0.045614985523274497
-0.57048168906384433 -1.167293303476435 -0.0081583856516898486
-0.57099372109008817 -1.2430125618542049 0.028969820998112291
-0.56997659633362974 -1.31908191880146 0.065628627715371923
-0.56723646951311335 -1.3953283561564069 0.1015895223076496
-0.5626044605285726 -1.471564369485288 0.13658039064697669
-0.55598529684802878 -1.547595541523771 0.17036684172102071
-0.54745470563967358 -1.6232027372277189 0.2029349065135948
-0.53736651674623337 -1.6981304200334451 0.23472747749041831
-0.52506410348808974 -1.772807640618085 0.26446951500622551
-0.50946899245556865 -1.8472725997296939 0.29006042881689709
-0.49048288805712409 -1.921608480182837 0.31176426549588171
-0.46818676166909479 -1.994983357531626 0.32948590322426491
-0.44273684308981048 -2.0679288337377502 0.34377980326416502
-0.41419824901235502 -2.1393034755671012 0.35427518247601653
-0.38258454704663358 -2.2096657792072749 0.36117458995582452
-0.34794243730210361 -2.2782468049906761 0.36437149181285322
-0.31037176558365698 -2.3451813093713052 0.36396962129739052
-0.26988317859604011 -2.4098492639907181 0.35993658772161707
-0.22657742938636741 -2.472320803533063 0.35236889611768751
-0.1805861195529925 -2.5320295626728728 0.34137301846239859
-0.1318056252195752 -2.5886368833537872 0.32686767755900409
-0.080728796984464835 -2.642176551796922 0.30934706101737308
-0.027248879127780769 -2.6920978061733032 0.28873453478053301
0.028507314953256799 -2.7380376363626229 0.26519009916667302
0.086344998836983877 -2.779709041827199 0.23894613344084281
0.1460514062885285 -2.8168514598682091 0.21025516119670221
0.20739856828781439 -2.8492319448650978 0.1793856872439894

2.4892609303912918 -1.609353764878827 0.50630981171213174
2.4286023667983341 -1.6491015884698701 0.53898166791703139
2.3654388326752658 -1.6865775586184131 0.56863601961405053
2.299953200473015 -1.7217080210375919 0.59507549548007854
2.2323556996208369 -1.754439639819795 0.61813003651352405
2.1628823305609211 -1.784753503477726 0.63767186019461497
2.0917883770612198 -1.812685011436455 0.65363621339912803
2.019334290254009 -1.8383485513958271 0.66604622336901631
1.945763379332109 -1.8619626296165379 0.67503684905726069
1.871277442840231 -1.8838703395847249 0.68087370998239627
1.795949512798904 -1.9045696639739149 0.68396752563016638
1.719811306457258 -1.922330683367333 0.68240643967603121
1.6435964611092331 -1.936420418280153 0.67555920653946266
1.5669243268117099 -1.947730804148043 0.66403584871301802
1.490462576104701 -1.9562130116818239 0.64768251362027196
1.415143405395606 -1.961990384016252 0.62671251089454161
1.340250398277204 -1.965154672944545 0.60050995333209578
1.267040536642716 -1.966196296946332 0.57010119524639957
1.195016884759575 -1.9653250664710991 0.53512021322015901
1.1250172959165441 -1.9626520758900281 0.49580261222828409
1.0566828540455531 -1.9585704741690191 0.45206571722726119
0.99060979386388193 -1.9534422779778791 0.40433311988072179
0.92687738889515814 -1.9477248701480421 0.35261042677092203
0.8653267777246102 -1.9419002412988731 0.29730153306352358
0.80612757787264144 -1.9365854141858121 0.23881645694697359
0.74897567423715206 -1.932397393392755 0.17755542688402939
0.69354388687780488 -1.929920518926131 0.1142750517340364
0.63926012467227333 -1.9299879095580801 0.049753283245018917
0.5846300638552544 -1.9316972095264819 -0.014606088612549429
0.5284495997990829 -1.933260664018408 -0.077677673569776035
0.47157215113400569 -1.935547609857581 -0.13991526706162241
0.41490987739021479 -1.9383257273511141 -0.20193319210676719
0.35829171726413872 -1.942059368092097 -0.26339902931420939
0.30040376505373267 -1.9476927042838861 -0.32285103377882718
0.24097410699881711 -1.954702683513617 -0.37982308662804221
0.17958329314950441 -1.9627958485399979 -0.43343527400406739
0.1160446736870137 -1.9715333928737431 -0.483334584534102
0.050232736752815872 -1.9804959373989151 -0.52930652140914125
-0.01732433050284745 -1.9892565221988809 -0.57094262348605451
-0.087166178406695452 -1.9975128214209179 -0.60803592659574801
-0.15815179237374821 -2.005432246836393 -0.64164825647833656
-0.22987158816068151 -2.0132004731791899 -0.67261098534859154
-0.30281850780075181 -2.020429417270651 -0.70001152753966889
-0.37711088395214692 -2.026840773048896 -0.72339869117030897
-0.45267370365214399 -2.0322173948843929 -0.74258160502553883
-0.52935014964337934 -2.036370110353146 -0.75748098801775166
-0.6069441068835788 -2.0391280763323532 -0.76807294225470102
-0.68523701231575229 -2.0403368035860439 -0.77437019772829851
-0.76399690882178706 -2.0398582260292359 -0.77641644653650665
-0.84298533438647183 -2.037570951000081 -0.77428425927563993
-0.92196332330298469 -2.0333700964157231 -0.76807337241536322
-1.000696576529571 -2.0271665982533711 -0.75790857094020236
-1.0789596681729099 -2.0188860470002838 -0.74393715795087467
-1.1565392175063991 -2.0084671724038281 -0.72632618408537442
-1.233236048258028 -1.995860111674798 -0.70525961837889672
-1.3088664276073361 -1.9810245900233809 -0.68093560296236633
-1.383262517447422 -1.963928123967484 -0.65356388423883005
-1.4562721828586409 -1.944544334325411 -0.62336346817573263
-1.527758294970146 -1.922851432657962 -0.59056051444614643
-1.5975976465720301 -1.898830925625584 -0.55538646537668657
-1.6656795773499551 -1.872466567604963 -0.51807639909364889
-1.731904387517605 -1.8437435825062309 -0.47886759764012959
-1.7961816070308141 -1.812648169457892 -0.4379983252636877
-1.858428182774863 -1.7791673019100149 -0.39570681542208153
-1.9185666463436439 -1.743288824029553 -0.35223046484002057
-1.9765233274266141 -1.70500184097676 -0.30780522857534359
-2.0322266794612198 -1.664297390534929 -0.26266520250861919
-2.0856057828275021 -1.6211693731598289 -0.21704237091485279
-2.136589085262901 -1.575615706917437 -0.17116648900904349
-2.1851034293147191 -1.5276396643596251 -0.1252650653910915
-2.2310734034838502 -1.4772513414849719 -0.07956340814372255
-2.2744210389037698 -1.42446920556575 -0.034284700957728717
-2.3150658589473121 -1.369321669229433 0.010349918891641829
-2.3529252770246201 -1.311848642424269 0.054121302305269917
-2.3879153295814661 -1.25210302054543 0.096812265776421783
-2.419951727709857 -1.190152073987746 0.13820761759004629
-2.448951211562683 -1.126078709077162 0.1780942473903134
-2.4748331954147682 -1.059982569981234 0.21626129973831171
-2.4975216950563528 -0.99198094367240452 0.25250046188070502
-2.5169475297352042 -0.92220941455893501 0.28660640668326692
-2.533050784405583 -0.85082219330118791 0.31837743997722739
-2.5457835016666199 -0.77799201932525408 0.34761640329927701
-2.5551125453198531 -0.70390951466785545 0.37413187440129958
-2.5610225404624969 -0.62878185568175393 0.39773968657007469
-2.5635187531845598 -0.55283063676673516 0.41826475374396438
-2.562629734097551 -0.47628883323172128 0.4355431448571101
-2.5584095241461018 -0.39939683184458019 0.44942430455134541
-2.5509392188986428 -0.32239758556802989 0.45977327837499932
-2.5403277170019392 -0.24553105480099369 0.46647278083302279
-2.52671154258437 -0.16902820564453369 0.46942495581009891
-2.510253724740287 -0.093104925310663111 0.46855272884880977
-2.4911418246792598 -0.017956262951439171 0.46380073970846858
-2.46958529880837 0.05624860802460882 0.4551359606394616
-2.4458124458755468 0.12937039079248641 0.44254822767742241
-2.420067183984596 0.20130245442345571 0.42605100610083868
-2.3926058276649811 0.27197241030140629 0.40568274155590373
-2.3636938962491989 0.34134263805524101 0.38150908792547072
-2.3336028162623661 0.40941003103463669 0.35362614400874209
-2.3026062340831528 0.47620524640422057 0.32216459298641398
-2.270975586594564 0.54179165555627773 0.28729436831674138
-2.2389746279071141 0.60626401775257399 0.2492292314464859
-2.20685278838641 0.66974669546963927 0.20823050391807069
-2.174837516624204 0.73239106288141853 0.16460919034955401
-2.1431260596351538 0.79437169427072851 0.1187258629329538
-2.1118773906330119 0.85588099602299472 0.070987916762681458
-2.081205128033075 0.91712216316635697 0.021844088340888568
-2.0511722681391582 0.97830065643966002 -0.02822360151123637
-2.0217883831898131 1.039614735176221 -0.078710097540257956
-1.993009655966163 1.101245859496834 -0.12909919574199311
-1.9647417892387491 1.163349915581098 -0.17887636155538331
-1.936845501606941 1.226050170461221 -0.2275416470437652
-1.9091440516869931 1.289432620280013 -0.27462177748840588
-1.8814320596817871 1.353544001286374 -0.31968046530310651
-1.853484843779498 1.4183922761610941 -0.36232613623548782
-1.825067562115704 1.483949006426234 -0.40221654474068202
-1.795943625896784 1.5501527828101991 -0.43906017916625661
-1.765882077174018 1.6169128707545219 -0.47261482240733388
-1.734663844447768 1.684112428870352 -0.50268402283433367
-1.702086946784817 1.751610998783689 -0.52911244493659615
-1.667970783802287 1.8192463329369799 -0.55178106537807359
-1.6321596290383369 1.886835913549882 -0.57060298034506374
-1.5945253695961821 1.9541786502172449 -0.58552026806272439
-1.5549694496200119 2.0210572091712922 -0.59650200144478382
-1.5134239186776699 2.087241257995613 -0.60354321536911715
-1.469851481176965 2.1524916708115018 -0.60666445488691922
-1.424244491150769 2.216565502869325 -0.60591147966424908
-1.3766229221446109 2.2792213681404392 -0.60135475725546694
-1.327031439234686 2.340224770515281 -0.59308850378525446
-1.2755357840571739 2.3993529514824248 -0.58122917991828016
-1.2222187359486869 2.4563989049143369 -0.56591348400505903
-1.1671759252994069 2.5111743407207121 -0.54729597838969535
-1.110511751751492 2.5635115199370908 -0.52554653013645658
-1.0523356100658889 2.6132640070848829 -0.50084774808374644
-0.99275856378666039 2.6603064748611289 -0.47339256662445123
-0.93189054421582496 2.7045337460669412 -0.44338207842230037
-0.86983809944522217 2.7458592718482699 -0.41102366765696241
-0.80670268059232253 2.7842132330445919 -0.37652945271622401
-0.74257943085269396 2.8195404239635948 -0.3401150179927353
-0.67755643497570928 2.8517980455802028 -0.30199839948121249
-0.61171438775725961 2.8809535056457571 -0.26239928567893572
-0.54512664508898068 2.9069823006929831 -0.22153839948217649
-0.47785962568147788 2.929866040388454 -0.17963703363556879
-0.4099735329384227 2.9495906666216198 -0.13691671801584729
-0.34152336348700763 2.9661449152827761 -0.09359899941086465
-0.27256016204286693 2.979519064762072 -0.049905313076580957
-0.2031324732265892 2.9897040092905529 -0.0060569213134096427
-0.1332879318586058 2.996690685966068 0.037725110397734608
-0.063074926357087974 3.0004698715905231 0.081219932338653572
0.0074557330969634147 3.001032350385072 0.12420695719414571
0.078249208038532372 2.9983694381406778 0.16646596310062159
0.14924514650367751 2.9924738345893638 0.20777727454257519
0.22037636830797749 2.9833407656711701 0.24792203352189621
0.29156775779650679 2.9709693720704622 0.28668256500091521
0.36273538966693308 2.9553642998911669 0.32384283522673968
0.4337859055717071 2.9365374523031549 0.35918900103887019
0.50461615691714434 2.9145098649066741 0.39251005329675698
0.57511313358657346 2.8893136691846291 0.4235985671961276
0.64515420859289851 2.8609941045024958 0.45225158389933162
0.71460774246557779 2.8296115273200351 0.47827165775835012
0.78333410442127371 2.7952433459910941 0.5014681071261522
0.85118717495676122 2.757985782509591 0.5216585004849752
0.91801639126051127 2.7179553331557078 0.53867039105229431
0.98366937865113291 2.675289774818439 0.55234328227650009
1.047995176172474 2.630148550829789 0.56253076684361747
1.110848013634796 2.582712377451529 0.5691027392771858
1.1720915354683941 2.533181945903022 0.57194754593416197
1.2316033019061701 2.4817756573431771 0.57097391678894038
1.289279341047181 2.4287264160809898 0.56611253117547511
1.345038488088808 2.3742776090209441 0.55731711203645384
1.3988262407646459 2.318678499611456 0.5445650216631519
1.4506178885761469 2.2621793403711292 0.52785743912804728
1.500420736173975 2.20502653738246 0.50721931819763089
1.54827532768426 2.1474581672932311 0.48269942798657911
1.5942556701464801 2.0897000497356628 0.45437083575198051
1.6384685273814259 2.031962430726058 0.42233217338419832
1.6810518893989459 1.9744371684850639 0.38670991919050562
1.722172705312895 1.9172951773347799 0.34766172693185948
1.7620239038717611 1.860683823847654 0.30538057116944511
1.800820637358822 1.804724014513666 0.26009920046624868
1.8387956082996739 1.7495068708884709 0.2120941599107089
1.876193315177521 1.6950901269293579 0.16168852223775029
1.913263114947559 1.6414946433877149 0.10925249379532891
1.9502511555050119 1.5887016409701991 0.055201244556145883
1.987391458497755 1.5366513489284259 -1.0387344785659899e-05
2.024896680645055 1.485243747921964 -0.055896337493347013
2.0629492814696029 1.4343420575683969 -0.1119507336562918
2.101693915519014 1.3837797944822181 -0.16766233982378659
2.1412318348282779 1.3333727836602931 -0.22253305102423601
2.1816180091053199 1.28293817083756 -0.27610336270601898
2.2228615348970751 1.2323225862939959 -0.32799051097046877
2.2649283613969788 1.181444294495009 -0.37795279391678882
2.3077370984739392 1.130376599583069 -0.42602835966328279
2.351150988692051 1.079453797162812 -0.47274735349942087
2.395444641001871 1.0276220095383941 -0.51685916029331846
2.4404298993116349 0.97401404186867002 -0.55659646265607987
2.4858279474263618 0.91814253999372764 -0.59169331124263813
2.5312012031446738 0.85999031058533626 -0.62200096459556364
2.5758091209276839 0.79977550178444645 -0.64723283107804974
2.619762112355235 0.73732661767168683 -0.66779077377753493
2.662233275824724 0.67304200640403855 -0.68335077385600318
2.7028486130695391 0.60667041045286418 -0.69359485163464529
2.7416282991385819 0.5385744671340742 -0.69910162776720808
2.7792463380528432 0.47000794239035337 -0.70143444490680196
2.815676328071862 0.40086835397480802 -0.70064177506156644
2.8504322270413329 0.33094010681381703 -0.69621848274176457
2.8831916836273148 0.26021773124871972 -0.68797735006973237
2.9136938911642551 0.18879311230154899 -0.67586688982730092
2.9417308021320401 0.1168135075440232 -0.65993224940793194
2.9671379950894701 0.044451724466488263 -0.64028363405258804
2.9897847976586869 -0.02811227465404088 -0.61707211308304455
3.0095667879650509 -0.1007012514567427 -0.59047451617955948
3.0264008933692379 -0.1731458298894844 -0.56068504503328898
3.0402220642151359 -0.245287344844595 -0.52791060955220193
3.050980609499891 -0.31697952521541051 -0.49236790842110378
3.0586397335004611 -0.38808942843826061 -0.45428129793109712
3.0631731363172721 -0.45849777701592548 -0.41388107678566888
3.0645626917982098 -0.528098771208939 -0.37140206272855247
3.0627962670464588 -0.5967994358854567 -0.32708242228955747
3.057865757752674 -0.66451855879704524 -0.28116273893357607
3.0497654104049809 -0.73118528139865402 -0.23388530859039111
3.038490494969555 -0.79673740962729522 -0.18549364794178061
3.024036381449569 -0.86111951972099277 -0.13623219347702281
3.0063980603495448 -0.92428094175436004 -0.086346159688197949
2.9855701300552191 -0.98617370940150761 -0.036081514496504187
2.9615472537576339 -1.046750566889501 0.01431497885498572
2.9343250659623799 -1.1059631218859141 0.064595709457642217
2.9039014858131882 -1.163760225435813 0.1145122118064518
2.8702783739926332 -1.220086647037665 0.1638152536918476
2.833463454589578 -1.2748820954329549 0.21225505598946809
2.793472415449489 -1.32808061555504 0.25958166518023679
2.7503311017114358 -1.379610372150728 0.30554548280809951
2.7040777279171762 -1.4293938145742691 0.34989794405912361
2.6547650536290468 -1.477348210007511 0.39239233679385688
2.6024624944219572 -1.523386540736154 0.43278477165668022
2.5472581714082181 -1.567418795769927 0.47083536635594919
