3.47503944284953 -26.0927607271991 5.01655691578337
2.63573245901878 -26.3166811557171 5.65945433945382
1.79642547518804 -26.5406015842351 6.30235176312428
0.957118491357302 -26.7645220127531 6.94524918679474
0.117811507526561 -26.9884424412711 7.58814661046519
-0.72149547630418 -27.212362869789 8.23104403413565
-1.64987732126472 -27.4212074265215 8.72187284556114
-2.63939107117242 -27.6197054416002 9.10833726246169
-3.62890482108012 -27.8182034566788 9.49480167936225
-4.61841857098781 -28.0167014717575 9.8812660962628
-5.60793232089551 -28.2151994868361 10.2677305131634
-6.61856337361136 -28.3870165144569 10.5852152778285
-7.68702376528533 -28.4857681567177 10.7138005544023
-8.75548415695931 -28.5845197989784 10.842385830976
-9.82394454863328 -28.6832714412392 10.9709711075498
-10.8924049403072 -28.7820230835 11.0995563841235
-11.9608653319812 -28.8807747257608 11.2281416606973
-13.0373726129866 -28.8408973569773 11.1436653805255
-14.113917130836 -28.8003784847934 11.0582031616091
-15.1904616486855 -28.7598596126096 10.9727409426926
-16.2670061665349 -28.7193407404258 10.8872787237762
-17.3435506843843 -28.678821868242 10.8018165048597
-18.3875860141932 -28.5182702781463 10.5954628765937
-19.4213266467905 -28.319707880618 10.3508265187437
-20.4550672793878 -28.1211454830897 10.1061901608938
-21.488807911985 -27.9225830855614 9.86155380304386
-22.5225485445823 -27.7240206880331 9.61691744519392
-23.5113217700995 -27.4339800533336 9.3099374050311
-24.4627377354402 -27.0679426794759 8.95116453731269
-25.414153700781 -26.7019053056182 8.59239166959429
-26.3655696661218 -26.3358679317605 8.23361880187589
-27.3169856314626 -25.9698305579028 7.87484593415748
-28.2262244231501 -25.5452697205306 7.4882160532932
-29.0547477664488 -25.0087111557225 7.04827555172845
-29.8832711097474 -24.4721525909143 6.60833505016369
-30.7117944530461 -23.9355940261061 6.16839454859894
-31.5403177963447 -23.3990354612979 5.72845404703419
-32.344623187936 -22.8392879087478 5.2805600788017
-33.0049423958457 -22.1416718077448 4.78537931578309
-33.6652616037554 -21.4440557067418 4.29019855276447
-34.3255808116651 -20.7464396057388 3.79501778974586
-34.9859000195748 -20.0488235047358 3.29983702672725
-35.6462192274846 -19.3512074037328 2.80465626370863
-36.1057170370875 -18.5277008526382 2.27992417379879
-36.5537795607098 -17.6970257761217 1.75350935546978
-37.0018420843321 -16.8663506996052 1.22709453714076
-37.4499046079544 -16.0356756230887 0.700679718811751
-37.8979671315766 -15.2050005465722 0.174264900482737
-38.1641818215893 -14.3085788316641 -0.35572755676726
-38.3693357507469 -13.3900807483762 -0.886921311554016
-38.5744896799045 -12.4715826650883 -1.41811506634077
-38.7796436090621 -11.5530845818003 -1.94930882112753
-38.9847975382197 -10.6345864985124 -2.48050257591429
-39.0507145398252 -9.69724038501911 -2.99908451354374
-39.0046635887428 -8.74473754987588 -3.50752460610662
-38.9586126376604 -7.79223471473265 -4.01596469866951
-38.912561686578 -6.83973187958942 -4.5244047912324
-38.8665107354956 -5.88722904444619 -5.03284488379529
-38.7336292059212 -4.9403162360712 -5.52254138194583
-38.4496060017136 -4.00313370960462 -5.97961183639917
-38.165582797506 -3.06595118313804 -6.43668229085252
-37.8815595932983 -2.12876865667145 -6.89375274530586
-37.5975363890907 -1.19158613020487 -7.35082319975921
-37.2758009149443 -0.263747696223317 -7.79305424201471
-36.7812274642564 0.621266106932496 -8.16727521801048
-36.2866540135686 1.50627991008831 -8.54149619400624
-35.7920805628807 2.39129371324412 -8.91571717000201
-35.2975071121928 3.27630751639993 -9.28993814599777
-34.8029336615049 4.16132131955574 -9.66415912199353
-34.1343690624553 4.97184806107829 -9.91626855684143
-33.4644248119575 5.78178416231011 -10.1674097161985
-32.7944805614598 6.59172026354194 -10.4185508755555
-32.124536310962 7.40165636477376 -10.6696920349126
-31.4545920604642 8.21159246600559 -10.9208331942697
-30.6813003812059 8.95196229980371 -11.033428403323
-29.8809521878661 9.67411957895016 -11.1097520718042
-29.0806039945264 10.3962768580966 -11.1860757402855
-28.2802558011866 11.1184341372431 -11.2623994087667
-27.4799076078469 11.8405914163895 -11.3387230772479
-26.6425838775847 12.5095786429134 -11.2838736444039
-25.7772178410164 13.138241616538 -11.1295423218394
-24.9118518044481 13.7669045901626 -10.975210999275
-24.0464857678799 14.3955675637872 -10.8208796767106
-23.1811197313116 15.0242305374118 -10.6665483541461
-22.324749266287 15.6274056453403 -10.4333025260466
-21.4894512304959 16.1708745696658 -10.015196811576
-20.6541531947049 16.7143434939913 -9.59709109710546
-19.8188551589139 17.2578124183168 -9.17898538263488
-18.9835571231228 17.8012813426423 -8.76087966816429
-18.1482590873318 18.3447502669678 -8.34277395369371
-17.4393834498823 18.8527256496359 -7.70667062745636
-16.7358222822741 19.3592089758394 -7.0614032468393
-16.0322611146659 19.865692302043 -6.41613586622224
-15.3286999470577 20.3721756282466 -5.77086848560518
-14.6251387794496 20.8786589544502 -5.12560110498812
-14.0060215337687 21.420764503304 -4.43215146087214
-13.4643809855084 21.9955531879328 -3.69449493288647
-12.9227404372481 22.5703418725615 -2.95683840490079
-12.3810998889878 23.1451305571903 -2.21918187691512
-11.8394593407275 23.719919241819 -1.48152534892944
-11.2980688655721 24.2953551414588 -0.74429831330696
-10.816708154609 25.0261542678219 -0.110170430601142
-10.335347443646 25.756953394185 0.523957452104676
-9.85398673268294 26.487752520548 1.15808533481049
-9.37262602171989 27.2185516469111 1.79221321751631
-8.89126531075684 27.9493507732742 2.42634110022213
-8.36071479984089 28.7327164117486 2.92639730959462
-7.78196473873814 29.5675903352958 3.29508086948189
-7.20321467763539 30.4024642588431 3.66376442936916
-6.62446461653264 31.2373381823904 4.03244798925644
-6.04571455542988 32.0722121059377 4.40113154914371
-5.45276622399323 32.9017467506771 4.74453121928965
-4.69233916713573 33.6683007936687 4.78968937635162
-3.93191211027824 34.4348548366602 4.83484753341358
-3.17148505342074 35.2014088796517 4.88000569047555
-2.41105799656325 35.9679629226433 4.92516384753751
-1.65063093970575 36.7345169656348 4.97032200459947
-0.776292391071179 37.321786527132 4.81764582536169
0.145675650279511 37.8340923709899 4.58224972969768
1.0676436916302 38.3463982148478 4.34685363403367
1.98961173298089 38.8587040587057 4.11145753836967
2.91157977433158 39.3710099025636 3.87606144270566
3.85944892733444 39.7455373621069 3.58001481393555
4.85341310021755 39.8748669533372 3.17603121447409
5.84737727310066 40.0041965445675 2.77204761501264
6.84134144598378 40.1335261357978 2.36806401555118
7.83530561886689 40.2628557270282 1.96408041608972
8.82818682095835 40.3820745098019 1.55960167508053
9.77651039662788 40.0852953455336 1.13475088684726
10.7248339722974 39.7885161812654 0.709900098613996
11.6731575479669 39.4917370169971 0.285049310380728
12.6214811236365 39.1949578527288 -0.139801477852541
13.569804699306 38.8981786884605 -0.564652266085808
14.4133022482688 38.3443552698673 -0.896086092511955
15.2081218615665 37.6711685207328 -1.18413999698796
16.0029414748641 36.9979817715982 -1.47219390146397
16.7977610881618 36.3247950224637 -1.76024780593998
17.5925807014594 35.6516082733291 -2.04830171041599
18.3206356638104 34.9033848137212 -2.25045987546914
18.9067855482907 33.995674408673 -2.27005074752054
19.4929354327711 33.0879640036248 -2.28964161957194
20.0790853172515 32.1802535985766 -2.30923249162334
20.6652352017319 31.2725431935285 -2.32882336367474
21.2513850862123 30.3648327884803 -2.34841423572614
21.693879868501 29.4219900079459 -2.07976964962808
22.1213595985469 28.4754751374872 -1.78099825009778
22.5488393285928 27.5289602670286 -1.48222685056749
22.9763190586388 26.5824453965699 -1.18345545103719
23.4037987886847 25.6359305261112 -0.884684051506894
23.8333794950996 24.7286781783895 -0.501530687292806
24.2662186628398 23.8823191437762 0.0124929582481862
24.69905783058 23.0359601091629 0.526516603789179
25.1318969983202 22.1896010745496 1.04054024933017
25.5647361660603 21.3432420399362 1.55456389487116
25.9975753338005 20.4968830053229 2.06858754041216
26.5335050247414 19.6987831294663 2.55825884409034
27.0993480281388 18.9146863961871 3.04086393849371
27.6651910315361 18.1305896629079 3.52346903289707
28.2310340349334 17.3464929296288 4.00607412730043
28.7968770383308 16.5623961963496 4.48867922170379
29.3774256837555 15.7676060146209 4.92188767384739
30.0189911300395 14.9284464668131 5.15013907085112
30.6605565763236 14.0892869190052 5.37839046785486
31.3021220226076 13.2501273711974 5.60664186485859
31.9436874688916 12.4109678233895 5.83489326186233
32.5852529151756 11.5718082755817 6.06314465886606
33.1755446559234 10.6787788818149 6.04998008163055
33.7483404765877 9.76736769742179 5.95443810358184
34.3211362972521 8.8559565130287 5.85889612553313
34.8939321179165 7.9445453286356 5.76335414748441
35.4667279385808 7.03313414424251 5.6678121694357
35.9717638012814 6.11319129957143 5.46364477465493
36.3745104298387 5.18036921143517 5.09549837191867
36.7772570583961 4.24754712329892 4.7273519691824
37.1800036869534 3.31472503516266 4.35920556644613
37.5827503155108 2.38190294702641 3.99105916370987
37.961944130342 1.45137722334958 3.60290496338512
38.1556254056053 0.538938697559062 3.05716036282322
38.3493066808685 -0.373499828231457 2.51141576226132
38.5429879561318 -1.28593835402198 1.96567116169941
38.736669231395 -2.19837687981249 1.41992656113751
38.9303505066583 -3.11081540560301 0.874181960575606
38.9361077883438 -3.99249724344496 0.254630070189619
38.9118887504633 -4.86927298979116 -0.376695042252494
38.8876697125828 -5.74604873613736 -1.00802015469461
38.8634506747023 -6.62282448248356 -1.63934526713672
38.8392316368219 -7.49960022882977 -2.27067037957883
38.6731560632115 -8.35164966700308 -2.90468143033321
38.4225876555574 -9.18897157893155 -3.54029228428947
38.1720192479033 -10.02629349086 -4.17590313824573
37.9214508402493 -10.8636154027885 -4.81151399220198
37.6708824325952 -11.700937314717 -5.44712484615824
37.3277729488224 -12.5170925424045 -6.05410289199703
36.8374721656078 -13.2995810796993 -6.6155389967839
36.3471713823932 -14.082069616994 -7.17697510157076
35.8568705991786 -14.8645581542888 -7.73841120635763
35.366569815964 -15.6470466915836 -8.2998473111445
34.8465021851514 -16.4177902378163 -8.84148831170956
34.1161377325834 -17.1055577724382 -9.24328086206616
33.3857732800154 -17.79332530706 -9.64507341242276
32.6554088274475 -18.4810928416819 -10.0468659627794
31.9250443748795 -19.1688603763038 -10.448658513136
31.1946799223115 -19.8566279109256 -10.8504510634926
30.3012182306858 -20.4158086633409 -11.0491769049434
29.3740342090144 -20.9484025407474 -11.2059162442402
28.4468501873431 -21.480996418154 -11.362655583537
27.5196661656717 -22.0135902955606 -11.5193949228339
26.5924821440004 -22.5461841729672 -11.6761342621307
25.619571506547 -22.9755061562653 -11.6808197127633
24.5995031149204 -23.2983240715914 -11.5286923361159
23.5794347232938 -23.6211419869176 -11.3765649594685
22.5593663316672 -23.9439599022437 -11.2244375828211
21.5392979400405 -24.2667778175698 -11.0723102061737
20.5249741988692 -24.5670113037814 -10.8862026330708
19.5589192859785 -24.6774814720611 -10.4145799915693
18.5928643730878 -24.7879516403407 -9.9429573500678
17.6268094601971 -24.8984218086203 -9.4713347085663
16.6607545473064 -25.0088919768999 -8.9997120670648
15.6946996344157 -25.1193621451796 -8.5280894255633
14.8390413248869 -25.1512502917322 -7.88780461716144
14.0417800505522 -25.1415705190858 -7.15830175135181
13.2445187762174 -25.1318907464393 -6.42879888554218
12.4472575018826 -25.1222109737929 -5.69929601973256
11.6499962275479 -25.1125312011464 -4.96979315392293
10.8683015042312 -25.1070250148025 -4.22605748025374
10.2103137275717 -25.1346862023682 -3.36921407959878
9.55232595091212 -25.1623473899338 -2.51237067894383
8.89433817425258 -25.1900085774994 -1.65552727828888
8.23635039759305 -25.217669765065 -0.798683877633925
7.57836262093351 -25.2453309526307 0.0581595230210279
6.90654535251937 -25.3363475650289 0.897201610104932
6.22164012987128 -25.4873224835888 1.71939689027385
5.53673490722318 -25.6382974021487 2.54159217044277
4.85182968457509 -25.7892723207085 3.36378745061169
4.16692446192699 -25.9402472392684 4.18598273078061

22.2549980910937 -26.6622809532771 5.20167544485891
22.3007931011965 -25.6165909908831 4.93606438626322
22.3465881112992 -24.5709010284891 4.67045332766753
22.3923831214019 -23.5252110660952 4.40484226907184
22.4381781315046 -22.4795211037012 4.13923121047615
22.4839731416073 -21.4338311413073 3.87362015188047
22.4070227950679 -20.4762384682487 3.41719331340139
22.2577918795756 -19.5705232948413 2.8484015471363
22.1085609640833 -18.6648081214339 2.2796097808712
21.9593300485911 -17.7590929480264 1.7108180146061
21.8100991330988 -16.853377774619 1.14202624834101
21.6443710362274 -15.9804256451497 0.538534355451303
21.3984095847134 -15.2668152155169 -0.233720158254232
21.1524481331994 -14.5532047858842 -1.00597467195977
20.9064866816854 -13.8395943562514 -1.7782291856653
20.6605252301714 -13.1259839266186 -2.55048369937084
20.4145637786574 -12.4123734969859 -3.32273821307637
20.1048942264898 -11.7249152388633 -4.09362141878764
19.750122340973 -11.0559714858847 -4.86353380305474
19.3953504554562 -10.3870277329061 -5.63344618732184
19.0405785699394 -9.71808397992746 -6.40335857158894
18.6858066844227 -9.04914022694884 -7.17327095585604
18.3310347989059 -8.38019647397022 -7.94318334012314
17.8016242701823 -7.58768916411314 -8.44358075097029
17.2613391007764 -6.78748762772174 -8.92719563052526
16.7210539313704 -5.98728609133033 -9.41081051008024
16.1807687619645 -5.18708455493893 -9.89442538963521
15.6404835925586 -4.38688301854753 -10.3780402691902
15.059182631161 -3.57286470679153 -10.7087769142121
14.3865881507223 -2.72809282467687 -10.699235063134
13.7139936702836 -1.88332094256222 -10.6896932120559
13.041399189845 -1.03854906044756 -10.6801513609778
12.3688047094063 -0.193777178332907 -10.6706095098997
11.6962102289676 0.650994703781749 -10.6610676588216
11.0123652642625 1.37498816612372 -10.328367297034
10.3225134607769 2.03449582691529 -9.82312671133752
9.63266165729125 2.69400348770686 -9.31788612564102
8.9428098538056 3.35351114849843 -8.81264553994452
8.25295805031996 4.01301880929 -8.30740495424802
7.56310624683431 4.67252647008156 -7.80216436855151
6.95463401352581 4.9885783801409 -6.96818543897008
6.3463247088419 5.30394266340455 -6.13354834805769
5.738015404158 5.6193069466682 -5.29891125714531
5.12970609947409 5.93467122993184 -4.46427416623292
4.52139679479018 6.25003551319549 -3.62963707532053
3.95256045825129 6.43737363423314 -2.74949737290048
3.44839278154633 6.41496618193514 -1.7948106312425
2.94422510484137 6.39255872963715 -0.840123889584513
2.4400574281364 6.37015127733915 0.114562852073472
1.93588975143144 6.34774382504115 1.06924959373146
1.43172207472648 6.32533637274315 2.02393633538944
0.929945922503992 6.09316445766991 2.94583662868311
0.428728406550344 5.81199365603737 3.8600783346125
-0.0724891094033041 5.53082285440484 4.77432004054189
-0.573706625356952 5.2496520527723 5.68856174647128
-1.0749241413106 4.96848125113977 6.60280345240067
-1.61985620328895 4.62849740267051 7.46001125749446
-2.25993903850747 4.16049879957097 8.19307686602184
-2.90002187372599 3.69250019647144 8.92614247454921
-3.54010470894452 3.22450159337191 9.65920808307659
-4.18018754416304 2.75650299027238 10.392273691604
-4.82027037938156 2.28850438717284 11.1253393001313
-5.61782931419665 1.72688626544061 11.5692505577372
-6.43896330396779 1.15125277691698 11.9698737879458
-7.26009729373893 0.575619288393346 12.3704970181544
-8.08123128351007 -1.42001302853515e-05 12.7711202483629
-8.9023652732812 -0.575647688653917 13.1717434785715
-9.7618657935954 -1.15407116349664 13.373875195918
-10.67011614488 -1.73603969074677 13.3237967820872
-11.5783664961646 -2.3180082179969 13.2737183682563
-12.4866168474492 -2.89997674524703 13.2236399544255
-13.3948671987338 -3.48194527249716 13.1735615405946
-14.3029114393648 -4.06371278011403 13.1224914843542
-15.1127589300818 -4.54970903910566 12.5989758753456
-15.9226064207987 -5.0357052980973 12.075460266337
-16.7324539115157 -5.52170155708893 11.5519446573284
-17.5423014022327 -6.00769781608057 11.0284290483198
-18.3521488929497 -6.4936940750722 10.5049134393112
-19.0052766906788 -6.89449211811065 9.78544031355888
-19.5216863320685 -7.22096546853109 8.89501898149465
-20.0380959734583 -7.54743881895152 8.00459764943041
-20.5545056148481 -7.87391216937195 7.11417631736617
-21.0709152562378 -8.20038551979239 6.22375498530193
-21.5845665340511 -8.52576860186024 5.33214323290432
-21.7118841254391 -8.69844977202843 4.2738023807954
-21.839201716827 -8.87113094219663 3.21546152868649
-21.9665193082149 -9.04381211236482 2.15712067657758
-22.0938368996029 -9.21649328253302 1.09877982446866
-22.2211544909909 -9.38917445270121 0.0404389723597513
-22.1926850661626 -9.51013755132307 -1.0132527465104
-21.9307884726783 -9.55360765147412 -2.05997832638522
-21.668891879194 -9.59707775162517 -3.10670390626004
-21.4069952857097 -9.64054785177622 -4.15342948613486
-21.1450986922254 -9.68401795192728 -5.20015506600968
-20.8832020987411 -9.72748805207833 -6.2468806458845
-20.2854745474495 -9.68095978847452 -7.1273402386125
-19.6166094085109 -9.61536756920832 -7.97258044206623
-18.9477442695723 -9.54977534994212 -8.81782064551995
-18.2788791306337 -9.48418313067592 -9.66306084897368
-17.6100139916951 -9.41859091140972 -10.5083010524274
-16.8292387894076 -9.33749106264333 -11.2068438674753
-15.8462006269042 -9.22836317998275 -11.6402501331639
-14.8631624644009 -9.11923529732218 -12.0736563988524
-13.8801243018975 -9.0101074146616 -12.507062664541
-12.8970861393941 -8.90097953200103 -12.9404689302295
-11.9140479768907 -8.79185164934045 -13.373875195918
-10.8455471821076 -8.70793828488265 -13.3152421521712
-9.77228156504633 -8.6254307125806 -13.2291763018183
-8.69901594798503 -8.54292314027854 -13.1431104514655
-7.62575033092373 -8.46041556797647 -13.0570446011127
-6.55248471386243 -8.37790799567441 -12.9709787507599
-5.55808353358222 -8.32230508145554 -12.6303105587467
-4.62756628158697 -8.28849621430872 -12.0834024137246
-3.69704902959172 -8.2546873471619 -11.5364942687024
-2.76653177759647 -8.22087848001507 -10.9895861236803
-1.83601452560122 -8.18706961286825 -10.4426779786581
-0.931266276454794 -8.14996453729936 -9.86443450474748
-0.210082546551953 -8.08937904543833 -9.06297499812879
0.511101183350889 -8.02879355357731 -8.26151549151009
1.23228491325373 -7.96820806171628 -7.46005598489139
1.95346864315657 -7.90762256985526 -6.65859647827269
2.67465237305941 -7.84703707799423 -5.85713697165399
3.38198040374522 -7.67576422411445 -5.06509427923817
4.07920887634628 -7.42381024224216 -4.2799155971134
4.77643734894733 -7.17185626036987 -3.49473691498862
5.47366582154839 -6.91990227849758 -2.70955823286385
6.17089429414945 -6.66794829662529 -1.92437955073907
6.86812276675051 -6.415994314753 -1.1392008686143
7.66599886789849 -5.91338310114528 -0.623353989099979
8.47133998622594 -5.39218068406783 -0.127483402743185
9.27668110455339 -4.87097826699038 0.36838718361361
10.0820222228808 -4.34977584991294 0.864257769970404
10.8873633412083 -3.82857343283549 1.3601283563272
11.703526139275 -3.27122788098113 1.73596935797098
12.5525710180515 -2.60406005536998 1.74709595416462
13.401615896828 -1.93689222975884 1.75822255035827
14.2506607756044 -1.26972440414769 1.76934914655191
15.0997056543809 -0.602556578536547 1.78047574274555
15.9487505331574 0.0646112470745988 1.7916023389392
16.7382463267113 0.698943631997677 1.49849102470247
17.4943364781318 1.31485610372107 1.03470936815423
18.2504266295523 1.93076857544446 0.570927711605987
19.0065167809728 2.54668104716785 0.107146055057746
19.7626069323933 3.16259351889124 -0.356635601490494
20.5059944148617 3.7669639121555 -0.847322277037883
21.1564373791518 4.28688174468537 -1.53487104801567
21.8068803434419 4.80679957721523 -2.22241981899345
22.457323307732 5.3267174097451 -2.90996858997124
23.1077662720221 5.84663524227497 -3.59751736094903
23.7582092363122 6.36655307480484 -4.28506613192681
24.4360431692679 6.91593954646038 -4.91920402341987
25.1304089663819 7.48311186369528 -5.52110569081306
25.824774763496 8.05028418093018 -6.12300735820626
26.51914056061 8.61745649816508 -6.72490902559946
27.213506357724 9.18462881539998 -7.32681069299266
27.9214317723386 9.7795087663671 -7.86738183307655
28.6836076529865 10.4852437648748 -8.16257660554027
29.4457835336345 11.1909787633825 -8.45777137800398
30.2079594142825 11.8967137618903 -8.7529661504677
30.9701352949305 12.602448760398 -9.04816092293142
31.7323111755784 13.3081837589057 -9.34335569539513
32.4436504067564 14.1051760712961 -9.30139293205018
33.1455423758287 14.9191272464812 -9.19677427684634
33.8474343449011 15.7330784216663 -9.09215562164249
34.5493263139734 16.5470295968514 -8.98753696643865
35.2512182830458 17.3609807720365 -8.8829183112348
35.8419051319083 18.1846098254147 -8.58030477278309
36.3308559467552 19.0170926882507 -8.09655556234948
36.8198067616021 19.8495755510866 -7.61280635191587
37.3087575764489 20.6820584139226 -7.12905714148226
37.7977083912958 21.5145412767585 -6.64530793104866
38.2166555436814 22.3286269880932 -6.10132020291172
38.3834673429102 23.0764508478649 -5.34036868458466
38.5502791421389 23.8242747076367 -4.57941716625759
38.7170909413677 24.5720985674084 -3.81846564793053
38.8839027405964 25.3199224271802 -3.05751412960347
39.0507145398252 26.0677462869519 -2.29656261127641
38.8789458920039 26.6557981210755 -1.4152325049706
38.6763923846469 27.2293229516165 -0.522957177361189
38.4738388772899 27.8028477821574 0.36931815024822
38.271285369933 28.3763726126983 1.26159347785763
38.068731862576 28.9498974432393 2.15386880546704
37.6508736646101 29.3805553706912 3.0273964697874
37.0951057945701 29.7197023900457 3.88891564470125
36.53933792453 30.0588494094002 4.7504348196151
35.98357005449 30.3979964287547 5.61195399452894
35.42780218445 30.7371434481092 6.47347316944279
34.7893978501409 31.0015297556873 7.28062442363683
33.9512502651606 31.0852095467803 7.95636123128058
33.1131026801804 31.1688893378733 8.63209803892432
32.2749550952002 31.2525691289664 9.30783484656806
31.43680751022 31.3362489200594 9.9835716542118
30.5986599252398 31.4199287111524 10.6593084618555
29.5990801409735 31.2810483692034 11.0342689596095
28.5926263587677 31.1326911205238 11.3964220017036
27.5861725765619 30.9843338718442 11.7585750437977
26.5797187943562 30.8359766231645 12.1207280858918
25.5732650121504 30.6876193744849 12.4828811279859
24.5497594490507 30.4426161590587 12.6077328721723
23.5151514240218 30.1346864860922 12.5780770817997
22.4805433989929 29.8267568131256 12.5484212914271
21.445935373964 29.518827140159 12.5187655010545
20.4113273489351 29.2108974671924 12.4891097106819
19.40104774393 28.8932595254627 12.369472948103
18.4745402762708 28.5421922684127 11.939996978753
17.5480328086115 28.1911250113628 11.5105210094029
16.6215253409523 27.8400577543129 11.0810450400528
15.695017873293 27.4889904972629 10.6515690707028
14.7685104056337 27.137923240213 10.2220931013527
13.9982079703291 26.8661541634731 9.5324684083871
13.2649178450484 26.6131745507454 8.781202262098
12.5316277197677 26.3601949380178 8.0299361158089
11.798337594487 26.1072153252901 7.27866996951981
11.0650474692063 25.8542357125625 6.52740382323072
10.3896908570608 25.6746656404006 5.71874300172977
9.82900223598023 25.6403953107563 4.79648071281897
9.2683136148997 25.6061249811119 3.87421842390817
8.70762499381917 25.5718546514675 2.95195613499737
8.14693637273864 25.5375843218231 2.02969384608657
7.58624775165811 25.5033139921787 1.10743155717578
7.05867854145613 25.6832190817851 0.188741829805932
6.53916556792262 25.9152219539391 -0.729078878444212
6.01965259438911 26.147224826093 -1.64689958669436
5.5001396208556 26.379227698247 -2.5647202949445
4.98062664732209 26.6112305704009 -3.48254100319465
4.43109419148136 26.9042267508476 -4.35442596234821
3.80085275891945 27.3612066885344 -5.10281021397575
3.17061132635753 27.8181866262213 -5.85119446560328
2.54036989379561 28.2751665639082 -6.59957871723081
1.91012846123369 28.7321465015951 -7.34796296885834
1.27988702867177 29.189126439282 -8.09634722048587
0.503612078388493 29.7246203927338 -8.60255792824779
-0.307430978698112 30.2788072033343 -9.05111121756604
-1.11847403578472 30.8329940139347 -9.4996645068843
-1.92951709287132 31.3871808245352 -9.94821779620256
-2.74056014995793 31.9413676351356 -10.3967710855208
-3.61275916907964 32.4683698236108 -10.6961695749826
-4.57193879292098 32.956707999734 -10.7834288999766
-5.53111841676232 33.4450461758571 -10.8706882249705
-6.49029804060366 33.9333843519803 -10.9579475499645
-7.449477664445 34.4217225281034 -11.0452068749585
-8.41191603756955 34.8967427839548 -11.1101524455179
-9.42169519716797 35.1782897882396 -10.8509396987845
-10.4314743567664 35.4598367925244 -10.5917269520511
-11.4412535163648 35.7413837968093 -10.3325142053177
-12.4510326759632 36.0229308010941 -10.0733014585844
-13.4608118355616 36.3044778053789 -9.81408871185098
-14.4189741940393 36.3649036712623 -9.35261099523869
-15.3595946261236 36.3501817044707 -8.82239369894459
-16.3002150582079 36.3354597376791 -8.2921764026505
-17.2408354902922 36.3207377708875 -7.76195910635641
-18.1814559223765 36.3060158040959 -7.23174181006231
-19.040676468697 36.1439863778555 -6.63107895740847
-19.8001167096786 35.8013868790091 -5.94406366018567
-20.5595569506601 35.4587873801627 -5.25704836296287
-21.3189971916417 35.1161878813163 -4.57003306574006
-22.0784374326233 34.7735883824699 -3.88301776851726
-22.7940886401757 34.3808354330544 -3.19223124908921
-23.2880275721064 33.734145943251 -2.48235030826106
-23.7819665040371 33.0874564534476 -1.77246936743291
-24.2759054359678 32.4407669636441 -1.06258842660476
-24.7698443678985 31.7940774738407 -0.352707485776611
-25.2637832998292 31.1473879840373 0.357173455051538
-25.4827240133445 30.294414662772 0.968983826112986
-25.6665817633137 29.4151246323257 1.56828282075936
-25.850439513283 28.5358346018795 2.16758181540573
-26.0342972632522 27.6565445714332 2.7668808100521
-26.2181550132215 26.7772545409869 3.36617980469847
-26.2166086495257 25.8213950105783 3.82934681534248
-26.0954322119634 24.8161298075807 4.20467608075065
-25.9742557744012 23.810864604583 4.58000534615882
-25.8530793368389 22.8055994015853 4.95533461156699
-25.7319028992767 21.8003341985876 5.33066387697516
-25.5307057795073 20.7932178794046 5.61156277703922
-25.1600755641353 19.7821820691981 5.69251800406984
-24.7894453487632 18.7711462589917 5.77347323110046
-24.4188151333912 17.7601104487852 5.85442845813108
-24.0481849180192 16.7490746385788 5.9353836851617
-23.6751944442927 15.7394331662588 6.01188365717161
-23.1500642562055 14.8196692140701 5.80120268350788
-22.6249340681183 13.8999052618814 5.59052170984415
-22.0998038800311 12.9801413096928 5.37984073618042
-21.5746736919439 12.0603773575041 5.16915976251669
-21.0495435038567 11.1406134053154 4.95847878885297
-20.483926717496 10.2899006453212 4.62389992053889
-19.8987041584136 9.47262615967117 4.22932307593624
-19.3134815993312 8.65535167402111 3.83474623133358
-18.7282590402489 7.83807718837105 3.44016938673092
-18.1430364811665 7.02080270272099 3.04559254212826
-17.5563494320191 6.19998666154407 2.66110075459002
-16.9653931484359 5.36884639135828 2.30600860173518
-16.3744368648526 4.5377061211725 1.95091644888033
-15.7834805812694 3.70656585098671 1.59582429602549
-15.1925242976861 2.87542558080092 1.24073214317065
-14.6015680141029 2.04428531061513 0.885639990315807
-14.0646472570918 1.1359559669196 0.690583464701949
-13.5507899559683 0.194680765104052 0.563833382338266
-13.0369326548447 -0.746594436711491 0.437083299974584
-12.5230753537211 -1.68786963852703 0.310333217610901
-12.0092180525975 -2.62914484034258 0.183583135247219
-11.4953607514739 -3.57042004215812 0.0568330528835365
-11.1809155939991 -4.60069830768793 0.0197882762120736
-10.8821866724469 -5.63799115679111 -0.010186571206477
-10.5834577508946 -6.67528400589429 -0.0401614186250276
-10.2847288293424 -7.71257685499747 -0.0701362660435783
-9.9859999077902 -8.74986970410064 -0.100111113462129
-9.69456717753189 -9.78749090092919 -0.139155612010314
-9.56448143753802 -10.8323731350735 -0.378765152450628
-9.43439569754415 -11.8772553692177 -0.618374692890942
-9.30430995755029 -12.922137603362 -0.857984233331257
-9.17422421755642 -13.9670198375063 -1.09759377377157
-9.04413847756256 -15.0119020716506 -1.33720331421188
-8.91900764200339 -16.0369902443642 -1.63862776426342
-8.80415945157244 -17.0210008721886 -2.06833335223432
-8.68931126114149 -18.005011500013 -2.49803894020522
-8.57446307071054 -18.9890221278374 -2.92774452817612
-8.45961488027959 -19.9730327556619 -3.35745011614701
-8.34476668984864 -20.9570433834863 -3.78715570411791
-8.13205605530279 -21.9394103520208 -4.17811996751741
-7.89311324692677 -22.9213367352358 -4.55869956119239
-7.65417043855075 -23.9032631184508 -4.93927915486736
-7.41522763017473 -24.8851895016658 -5.31985874854234
-7.17628482179871 -25.8671158848808 -5.70043834221732
-6.85800338426477 -26.8435657471857 -6.00066968507767
-6.40800679457048 -27.8109236855105 -6.16750973804317
-5.9580102048762 -28.7782816238354 -6.33434979100866
-5.50801361518191 -29.7456395621602 -6.50118984397416
-5.05801702548762 -30.7129975004851 -6.66802989693965
-4.60065294189735 -31.6761202377324 -6.82624246632418
-3.92749513711868 -32.5151940360327 -6.73175624658023
-3.25433733234001 -33.3542678343331 -6.63727002683628
-2.58117952756134 -34.1933416326334 -6.54278380709233
-1.90802172278267 -35.0324154309338 -6.44829758734838
-1.234863918004 -35.8714892292341 -6.35381136760443
-0.434255105181776 -36.5246242999523 -6.09172540728813
0.41459198908496 -37.1073843708158 -5.76620547669679
1.2634390833517 -37.6901444416793 -5.44068554610546
2.11228617761843 -38.2729045125428 -5.11516561551413
2.96113327188517 -38.8556645834063 -4.7896456849228
3.84905037034636 -39.2852094952546 -4.39600615957272
4.78739220086925 -39.5170110615257 -3.9144497684664
5.72573403139213 -39.7488126277968 -3.43289337736008
6.66407586191501 -39.9806141940679 -2.95133698625377
7.60241769243789 -40.212415760339 -2.46978059514745
8.53831686790614 -40.3820745098019 -1.97957386301644
9.46113085660619 -40.2188371498889 -1.44302766608811
10.3839448453062 -40.055599789976 -0.90648146915977
11.3067588340063 -39.8923624300631 -0.369935272231433
12.2295728227063 -39.7291250701501 0.166610924696904
13.1523868114064 -39.5658877102372 0.703157121625241
13.9668323828455 -39.0667917959542 1.18937136688792
14.7665324340732 -38.5219961360554 1.66873702259543
15.5662324853008 -37.9772004761565 2.14810267830294
16.3659325365285 -37.4324048162576 2.62746833401045
17.1656325877562 -36.8876091563588 3.10683398971796
17.8367084518789 -36.1581122637292 3.48482220043279
18.4218106480062 -35.3051592558969 3.7950487327714
19.0069128441335 -34.4522062480645 4.10527526511
19.5920150402608 -33.5992532402321 4.4155017974486
20.1771172363881 -32.7463002323998 4.72572832978721
20.6795573927425 -31.8387289621454 4.95625503456299
20.9936504551943 -30.8067088998037 5.00518410459317
21.3077435176462 -29.774688837462 5.05411317462335
21.621836580098 -28.7426687751203 5.10304224465353
21.9359296425498 -27.7106487127786 5.15197131468372
