0.2432134966347739 -2.0923417337088899 0.36188588200158123
0.19460300731146027 -2.1023196464788612 0.40375920975985502
0.14496168794201136 -2.1126884397174193 0.44430676389471296
0.094232562077092019 -2.1233804225041499 0.48339739637325357
0.042374816617673693 -2.1343189455830971 0.5209064452936446
-0.010635752953057135 -2.1454196226518016 0.55671744996992012
-0.064806641747520086 -2.1565917370586853 0.5907239694984775
-0.12012938831677307 -2.1677398695249663 0.62283054490307865
-0.17658024183169535 -2.1787655191049158 0.65295418440953068
-0.2341211715037462 -2.1895687828917447 0.68102572183306165
-0.2927021581098454 -2.2000497162483681 0.70698889029651002
-0.35226251441019324 -2.2101096987949891 0.73080106593544558
-0.41273205772356047 -2.2196530652949802 0.75243464521845271
-0.47403398535850094 -2.2285876527604231 0.77187428513257483
-0.53608678982052904 -2.2368250170617685 0.78911512514765769
-0.59880319487973221 -2.244284105708596 0.80417067908377771
-0.66209652385116546 -2.2508861643226652 0.81705604300312362
-0.72587749390698175 -2.256560191550411 0.82780158817874905
-0.7900575602140002 -2.2612403372327412 0.83644442926284701
-0.8545493544686984 -2.2648663858164544 0.84302883418025121
-0.91926741003369472 -2.2673836436812884 0.84760514267377773
-0.98412871335243535 -2.2687426768479897 0.85022861098098446
-1.049053083430894 -2.2688984712807239 0.85095766661739036
-1.1139633062167666 -2.2678107599941977 0.84985412892741508
-1.1787855040400421 -2.2654452725130363 0.84698431229745419
-1.2434486196498793 -2.2617677595978858 0.8424106195451263
-1.3078847871883632 -2.2567501210883982 0.83619983542734933
-1.3720289369902201 -2.2503666853049014 0.82841787452912741
-1.4358183576979531 -2.2425937155924078 0.81912932127168092
-1.4991929347074162 -2.2334111621771378 0.80839913397320873
-1.5620940686253864 -2.2227997145338505 0.79628949585588304
-1.6244652260202985 -2.2107433981618096 0.78286239006727742
-1.6862507473922339 -2.1972269051129434 0.76817700643847875
-1.7473961944239722 -2.1822373542679827 0.75229126141272651
-1.8078477205301726 -2.1657633904733449 0.73526091822256856
-1.8675515469069857 -2.1477947235057395 0.71713933507660887
-1.9264545951114918 -2.128323891708066 0.69797871937706468
-1.9845026716888217 -2.107343351460965 0.67782807650260457
-2.0416423437995164 -2.0848493429845805 0.65673575648200011
-2.0978186953368145 -2.06083833331913 0.63474723751697648
-2.1529766306714393 -2.035309568100792 0.61190678568376022
-2.2070607643343414 -2.0082650037728413 0.58825734663680251
-2.2600139266105872 -1.9797074958662173 0.56383960898347485
-2.3117789257819901 -1.9496434241154375 0.53869351350247785
-2.3622978473788914 -1.9180817414224809 0.51285781295805699
-2.4115118066687233 -1.8850338072983728 0.48637009604171316
-2.4593622898966045 -1.8505149178377593 0.45926748893642161
-2.5057890600296271 -1.8145420340426643 0.43158582522273592
-2.5507336312345581 -1.7771372734133526 0.4033611795304779
-2.5941365786636696 -1.7383250254440856 0.37462880504781981
-2.6359387906029643 -1.6981331472655228 0.3454237060912515
-2.676083008217442 -1.6565940220109667 0.31578106283403251
-2.7145124750379224 -1.6137431108842282 0.28573586080639246
-2.7511710303771042 -1.5696189351965626 0.25532302636330084
-2.7860064317686666 -1.5242651087139383 0.22457806860161014
-2.8189666680814995 -1.4777274230562516 0.19353632341852747
-2.8500032106093505 -1.4300557261623068 0.16223357546829301
-2.8790700433440626 -1.381302885578001 0.13070585657574596
-2.9061236787514071 -1.3315245172357653 0.098989469528689963
-2.93112516539402 -1.280779604478224 0.067121135273312454
-2.954038675343575 -1.2291293551287679 0.035137830572854536
-2.9748321986234556 -1.1766371648343474 0.003076838386079609
-2.9934763088363012 -1.1233678441770047 -0.029024269249098896
-3.0099513417108654 -1.0693895879873767 -0.061127640033380892
-3.0242330957760872 -1.0147689339392891 -0.093195152067075959
-3.0363079229457597 -0.95957528186486396 -0.12518842588146867
-3.0461649868823564 -0.90387799013354153 -0.15706885124530981
-3.0537975606828436 -0.84774648631474003 -0.1887975724479298
-3.0592031942346649 -0.79124996581334128 -0.22033547585977101
-3.0623834268693577 -0.73445703119154948 -0.25164313756650863
-3.0633435552881965 -0.67743539179884538 -0.28268077815754844
-3.062092878891971 -0.62025162655076549 -0.3134082600284171
-3.0586473266265366 -0.56297092289489303 -0.34378553860975558
-3.0530210263639881 -0.50565651473175954 -0.37377120736047137
-3.0452344615549474 -0.4483698802746876 -0.40332374057034792
-3.0353118288384398 -0.39117030034581307 -0.43240113254860768
-3.0232794921878345 -0.33411475017595149 -0.46096050578266001
-3.0091654736279647 -0.27725788925806899 -0.48895777970149829
-2.9930026585249663 -0.22065161061782246 -0.51634850603574889
-2.9748249691336945 -0.16434531416651801 -0.54308680943938337
-2.9546682069394934 -0.10838584739321441 -0.56912545785784396
-2.9325719989096495 -0.052817040076412677 -0.59441651397532769
-2.9085760575196593 0.0023195947602282097 -0.6189098249479934
-2.8827238947740379 0.056985621282500856 -0.64255448837498974
-2.8550586835608769 0.11114461861785629 -0.66529691835476912
-2.8256305061567111 0.16476424655106028 -0.6870845106819764
-2.7944848901054158 0.21781272562875925 -0.70785938719486441
-2.7616732947274758 0.270261887236253 -0.72756400011100186
-2.7272492467717351 0.32208596384122168 -0.74613919613421875
-2.691267223334171 0.37326093574996222 -0.7635232074937095
-2.6537858466040745 0.42376571592146389 -0.77965394609116112
-2.6148645680825449 0.47358051053037092 -0.79446630252278494
-2.5745677595420076 0.52268854409775678 -0.80789580352640145
-2.5329611069828353 0.57107409631398398 -0.81987516287970552
-2.4901152731507197 0.61872426735242814 -0.83033805042386788
-2.4461038205976671 0.6656276802425477 -0.83921691298907697
-2.4010045264436974 0.71177505971048316 -0.84644464853132295
-2.3548997743999935 0.75715945150080033 -0.85195556511113679
-2.3078761757899149 0.80177590924419972 -0.85568506511848674
-2.2600250500520818 0.84562182465162383 -0.8575707114811042
-2.2114428756519637 0.88869752676425751 -0.85755419431896451
-2.162230664574825 0.93100596243246592 -0.85558094143459162
-2.1124941100680341 0.9725532332244009 -0.85160168775763279
-2.0623433232379833 1.0133489546778873 -0.84557352207448688
-2.0118924891303411 1.0534069939593378 -0.8374621463985602
-1.9612588970040248 1.0927454129896392 -0.82724185376332648
-1.9105621701398521 1.1313870693625292 -0.8148971638786684
-1.8599231563125189 1.169360094335917 -0.80042407915988412
-1.8094625572022704 1.2066983185752651 -0.78383127119058871
-1.7592993575086144 1.2434415065056783 -0.76514073133206795
-1.7095489823364243 1.2796357673510814 -0.74438906108170078
-1.6603215482927252 1.3153334870301603 -0.72162717919780739
-1.6117198578855252 1.350593432002879 -0.69692089715693861
-1.5638374391367589 1.3854805098870926 -0.67035071296312032
-1.5167568059616343 1.4200653426330132 -0.64201106318446088
-1.4705485406729666 1.4544236201655429 -0.61200838005508695
-1.4252668616012809 1.4886358853453709 -0.58046518063605168
-1.3809548643136571 1.5227856264401751 -0.54750832899665036
-1.3376369492025877 1.5569591985284685 -0.51327874792863404
-1.2953233232486987 1.591244305339736 -0.47792264450819777
-1.2540075824663031 1.6257288595208024 -0.44159338234022744
-1.213668626354427 1.6604999533748273 -0.40444836549747154
-1.1742700403439383 1.6956424218305461 -0.36664902486209688
-1.1357614326566641 1.7312377913047932 -0.32835927969311224
-1.0980794763448904 1.7673632540025153 -0.28974476195820648
-1.0611484563693951 1.804090262312229 -0.25097242382781587
-1.0248813817814526 1.8414832778017465 -0.21220991059985297
-0.98918105747536744 1.8795988865677979 -0.1736255034380787
-0.95394137304292148 1.918484372564075 -0.13538748001159467
-0.91904855154109399 1.9581758782521279 -0.09766313282412388
-0.88438057904913681 1.9986990162645843 -0.060622065924131822
-0.84982031088072829 2.0400592043979273 -0.024415145551588999
-0.8152554124814283 2.0822454230498355 0.010820999432020926
-0.78059783200329635 2.1252220131520083 0.044995343339245826
-0.74597579786957069 2.1687835096672763 0.07845895659588828
-0.71137456626775353 2.2128578200017017 0.11126540138877225
-0.67646408656593815 2.2576367526454755 0.14275931539792958
-0.64078157878415209 2.3033487741904777 0.17195966611043587
-0.60411560695772171 2.3497563770402028 0.19874583117311609
-0.56634777279960502 2.3966252157863872 0.22308487400985449
-0.52732280441540746 2.4437420163163157 0.24482077221049381
-0.48692170743186997 2.4908405686765662 0.26392425410455217
-0.44521098501781098 2.5377293591639405 0.28057041463611165
-0.40194140130317113 2.5840931490409131 0.29447504990998746
-0.35718634769207935 2.6297662371929591 0.30571783714047035
-0.3110652796315258 2.6746082152249402 0.31451732232377072
-0.26345956632467404 2.7183110878605721 0.3207589618789965
-0.21430055800518158 2.7605739093486585 0.3242751343488337
-0.1636188437230747 2.8011410459392092 0.32519966636893055
-0.11157108929704515 2.8399227583373037 0.32369533842858661
-0.05818125712283502 2.8766610608060916 0.31983210833164444
-0.0034796508073558826 2.911078809349251 0.31364580741495346
0.052393638429886411 2.9430573815842531 0.30524028547523124
0.1093829879697491 2.9723501102433403 0.29479048788114254
0.16736678222690773 2.9987643665616788 0.28233247993644317
0.22622612177468485 3.0221734480483344 0.26809723031127436
0.28586991107416421 3.0422523200389504 0.25215109508174122
0.34609880064554521 3.0591267532837643 0.23474206985531126
0.40678733018042584 3.0727271274048507 0.21612990630450307
0.46783604671444834 3.0823836374693947 0.19626674304366654
0.52903108405330457 3.0888290124862334 0.17555744386743419
0.59025990102143266 3.0915562100674561 0.15414835991250056
0.65134421721323243 3.0904617329238078 0.1321818968125735
0.71214801387784132 3.0857300756459347 0.10992152673334243
0.77251491272886907 3.0772570865240092 0.087584589732992171
0.83227561569259678 3.0650746009184227 0.065328307500883642
0.89136320695353 3.0494746525376515 0.043412012159321549
0.94953524478272344 3.0301664157616872 0.022008243721396328
1.0067516032747601 3.0075197591885887 0.001305411363623649
1.0628713199926454 2.9815785424628154 -0.018508411481241209
1.1177404362613543 2.9523572538082061 -0.037232379776052149
1.1713165154400678 2.9201234339485946 -0.054716957730862721
1.2234916347540432 2.8850108765847837 -0.07084172356009906
1.2742165257902816 2.8471834614339198 -0.085374274579419568
1.3233357923589015 2.8067210874656592 -0.098229402244529376
1.3709670168646 2.7640360311533589 -0.10939437007130655
1.417026637414698 2.7192350731206534 -0.11869476893310391
1.4613108663936718 2.6723131310864905 -0.1259398629635595
1.5039450569170281 2.6236218657916077 -0.13111433810670858
1.5448648019343805 2.5733024583571753 -0.13408582164486199
1.5841485093950138 2.5216152453787553 -0.13488751093150494
1.621840550889365 2.4687701356746699 -0.13344317446075943
1.657966871353002 2.4149496635347609 -0.12973630654546287
1.6926124792365216 2.3603549848212868 -0.12385324686763582
1.7258271536818479 2.3051745007329063 -0.11564399571696546
1.7576766689001704 2.249588804677753 -0.10509065593202808
1.7882725685981193 2.1938000732895739 -0.092165796826184726
1.8177829086538879 2.1380216078876573 -0.076884122754420248
1.8464281317599922 2.0824480314694189 -0.059371372517279537
1.8744181566582498 2.0273016091898906 -0.039595290585214216
1.9020173793569304 1.972806885252963 -0.017588425181131642
1.9295664584104835 1.9191501416928671 0.0064487423960459828
1.957452434838767 1.8664646706363626 0.032186542449331286
1.9860233552451414 1.8148954737003973 0.059391941848328966
2.0157923447655484 1.7645898228682877 0.087656927575837498
2.0469595875545123 1.7153725377254498 0.11633160135357662
2.0789624091635504 1.6664827119495869 0.14464578442011405
2.1108394123179188 1.6170224977435479 0.17209638459748858
2.1423276846461934 1.5670758526321575 0.19911410568137641
2.1737309426410265 1.5172112899586923 0.2263812266576499
2.2053863797547448 1.4675057445670456 0.25364620139164534
2.2380406298409028 1.4177366476183644 0.27957681902874171
2.2718333420790535 1.367701319419762 0.30345646911993895
2.3064180987085723 1.3172430220416578 0.32521671473566494
2.3416012870918679 1.266205568495967 0.34452559443056108
2.3770765257045148 1.2144006051937961 0.36105260781869153
2.4126115284096956 1.1618274494098582 0.37479420043329015
2.4479619206135514 1.108468863714241 0.3856773412847872
2.4828240950151712 1.0542544501788051 0.39348288251750729
2.5174636145843872 0.99965365404945006 0.39938713698431372
2.5521373689871245 0.94497602436802364 0.40430449333204554
2.5867815119303579 0.89019247501915888 0.40811053794155583
2.6211306794843914 0.83512998770261138 0.4101251397600868
2.6550096591020504 0.77974111649784794 0.41007741698548494
2.688243710128464 0.72401112556457192 0.40777436792796629
2.7206699273908543 0.66795418695903575 0.40311017413379896
2.7521394522607316 0.61160389580741181 0.39604754681048576
2.782513389480358 0.55500422107705039 0.38658967096299235
2.8116676196475279 0.49820568745263794 0.37477839927966894
2.8394852621709084 0.4412608439481559 0.36067095733597371
2.8658647022969306 0.38422324851827744 0.34434908158768579
2.8907129372537264 0.32714517283403699 0.325903557098496
2.9139484902580626 0.27007681366115155 0.30543648387406552
2.9355027433998795 0.21306524594938353 0.28306009821811745
2.9553111835420949 0.15615423937582676 0.25888589118841465
2.9733215635265529 0.099383586064787977 0.23303310479912706
2.9894889112409011 0.042789035307419399 0.20562254258953871
3.003774484026116 -0.013597646681501516 0.17677559418381178
3.0161458633174525 -0.069748646183359797 0.14661417112359443
3.0265755883784102 -0.12563981685721082 0.11525959906874042
3.0350401230413504 -0.1812503369003971 0.08283203787098746
3.0415170949110588 -0.2365619894097655 0.049449353432590805
3.0459925187616714 -0.29155993297250105 0.015230354688424479
3.0484466126099776 -0.34623007900720615 -0.019711126666577528
3.0488642438383233 -0.40056026659853666 -0.055261324829318399
3.04723231488056 -0.45453942042630885 -0.09130784513839578
3.0435352899908166 -0.50815627488943205 -0.12774038877636776
3.03776036979602 -0.5613997438171997 -0.16444935272738415
3.0298924378384817 -0.61425749999719848 -0.20132638304186976
3.0199182598259693 -0.66671622035061273 -0.23826356561695575
3.0078232847923481 -0.71876046857635179 -0.27515337416227492
2.9935938251491589 -0.77037257788681179 -0.3118882844434458
2.9772171249492421 -0.82153216989057554 -0.34836060861078116
2.9586796240237536 -0.8722152998491336 -0.3844618428498896
2.9379703510705828 -0.9223947073103127 -0.42008280141396592
2.9150824632887145 -0.97203983289765361 -0.45511406129090165
2.8900066715237527 -1.0211147449468749 -0.48944370825668654
2.8627401568167929 -1.0695799830631885 -0.52295945263085353
2.8332832388001647 -1.117391442405246 -0.55554748684631428
2.8016409595256966 -1.1645005220321918 -0.58709273350629754
2.767824030316929 -1.2108542134969809 -0.61747903332564635
2.7318496755171009 -1.2563952540298513 -0.6465893404283175
2.6937422893211886 -1.3010623100103829 -0.67430587364767491
2.6535334892235283 -1.3447899161658523 -0.70050981225951758
2.6112659755351966 -1.3875103426018998 -0.72508402503585456
2.5669898321064526 -1.4291520521237311 -0.74791016992145976
2.5207676567315866 -1.469642618501346 -0.76887291632676924
2.4726723796467147 -1.5089081323204041 -0.78785839545031944
2.4227885638791662 -1.5468745138521167 -0.80475566029030998
2.3712129693448594 -1.5834687204917199 -0.81945788803353725
2.3180549523398208 -1.6186202006204551 -0.8318638631804971
2.2634366258681138 -1.6522625538432918 -0.84187977647798606
2.207493065872224 -1.6843359552178225 -0.84942215497643325
2.1503722524755022 -1.7147905251760498 -0.85442207708188411
2.0922347049385328 -1.7435914833155608 -0.8568314478893545
2.0332548208577674 -1.7707326039090443 -0.85664104652444384
1.973612881264897 -1.7962393566712018 -0.85388128848172384
1.9134996415723899 -1.8202147226061944 -0.84867884702546181
1.8530807763196311 -1.8427682803449164 -0.84116480052704568
1.7925342464930143 -1.8642466306143499 -0.83174610112610314
1.7319708596599184 -1.8848558561586064 -0.82066027928487884
1.6713754039037103 -1.9035084634028172 -0.80669301376497971
1.6109461301845514 -1.9198186323349755 -0.78945653983585007
1.5509454642360789 -1.9340134597552763 -0.76912175334872879
1.4915791503866389 -1.9463462766064563 -0.74591156258340996
1.4330154955308114 -1.9569311835758418 -0.71995974026554055
1.3754364112917181 -1.9659110308624994 -0.69133752384072411
1.319059018918546 -1.9732979481969766 -0.65999695430695837
1.2639953919423688 -1.979316860106983 -0.62612721491409273
1.2103792400475561 -1.9841998568332477 -0.58983937573903222
1.1583663745970878 -1.9881137917942666 -0.55117682871180174
1.1079734727301178 -1.9913319999212395 -0.5103637129284524
1.0593377789734493 -1.9941431064417174 -0.46744289479511264
1.0122732005669788 -1.9968044828650895 -0.42279233643608644
0.9660117870394771 -1.9995477289331061 -0.3773117282134868
0.91969046328421933 -2.0025371975129573 -0.33190759549797827
0.87365986502800475 -2.0057464208429909 -0.2862240670404565
0.82811747369070965 -2.0091747785789682 -0.24006953800462436
0.78304245680624407 -2.0128606061520919 -0.19347810686120781
0.73841250907829847 -2.0168484311858808 -0.1464847554440884
0.69413824344147101 -2.0211930784347585 -0.099187480451393611
0.65010521219650785 -2.0259487745399176 -0.051704859758198156
0.60618793309869445 -2.0311655361447949 -0.0041634895568652104
0.56225261536659232 -2.036884435756074 0.043303347948973947
0.51816376408037501 -2.0431387861605508 0.090559716092531328
0.47378693877992767 -2.0499502073010185 0.13746807457124596
0.42899076313747525 -2.0573298026979505 0.18388914357344069
0.38364939307793983 -2.0652768946953333 0.22968270304146621
0.33764393215837518 -2.0737792464803384 0.27470741270608423
0.29086481484244364 -2.0828127508077752 0.31882197138358648

1.6850853164683 -2.121322286793065 0.31524902525670712
1.703923592313531 -2.0257578717485254 0.30103829715981278
1.7189499930495908 -1.9302870786314756 0.28236081611489411
1.7296613846547464 -1.8353614274888814 0.2587224022012769
1.7350373917398121 -1.7416637215784205 0.22908944953664437
1.7353055599340739 -1.6498265199998943 0.19368639921077552
1.7311350187678565 -1.5602223365421792 0.1532121300562729
1.7226272417699804 -1.4733927771325879 0.10767912519262671
1.710107625664764 -1.3898618036557771 0.057151115356166453
1.6938243887311553 -1.31069118473007 0.00098677558098754763
1.6746896632670503 -1.2363173884627718 -0.060572293649411191
1.6536732615383221 -1.1658485715631339 -0.12602816666358019
1.6308866014551278 -1.0966334609364004 -0.19223387396125977
1.6062936845803051 -1.0276903421251298 -0.25807629724224718
1.5799109114479901 -0.95938460183590868 -0.32389045064162914
1.5517690269428084 -0.89189406568600527 -0.38981796185004924
1.5219008710893231 -0.82522587624836363 -0.45582430805652174
1.4902124698965129 -0.75929617575127462 -0.5217237456327013
1.4565393190905718 -0.69356438640640239 -0.58681109059160519
1.4185315632164934 -0.62616813797950743 -0.64756635932814632
1.3751738646828195 -0.55598828463207695 -0.70115711799748581
1.3270323326776783 -0.48361839662314199 -0.7472496066629396
1.27464346829699 -0.40955518334005303 -0.78537979411688064
1.2186834401351541 -0.33397813884128819 -0.81437239303596554
1.160432306133677 -0.25718572471617973 -0.83414851606106455
1.1007194837753302 -0.17971121175962176 -0.84456889416114223
1.0408724207549771 -0.10164786125702634 -0.84522186377350372
0.98113692006903364 -0.024083132699649776 -0.83544831881477966
0.92141232083757274 0.051346898166416549 -0.81483353397627734
0.86101856616790384 0.12287850299739085 -0.78458268797611497
0.79951687687580242 0.18920113447700035 -0.7459270959851364
0.73663849286971039 0.24911440464357293 -0.69973016771215035
0.67294232847348745 0.30225299000089578 -0.64679267485968295
0.60980970859795569 0.34782081414885468 -0.5866097937555993
0.54764712312224728 0.38604384354638638 -0.52061236656840193
0.48723359074774331 0.41689916358207202 -0.44936376502502556
0.42907097711016157 0.44013055595816641 -0.37349351921059704
0.37349864016887829 0.45543544690488402 -0.29373814862408348
0.32110719373442387 0.46133369685606984 -0.21065032959609159
0.27113995883738823 0.45967051268467507 -0.12584398299384658
0.22132400429115204 0.45436169182034031 -0.041094275694653182
0.17090400141566753 0.4461122083051835 0.043058373933037498
0.1196869866410986 0.43462465256511162 0.12634385155750161
0.067508991075138525 0.41958837219789308 0.20846150451222117
0.014067135970219462 0.40052743822623349 0.28891276988878406
-0.040879665223544165 0.37742099492406678 0.36725668245544951
-0.097495655110033844 0.35048721414856515 0.44314256707513089
-0.15596890999238058 0.31983322032182804 0.51615045244108393
-0.21640260946141329 0.285661768623726 0.58593354726814884
-0.27877873329102193 0.24824704006553208 0.652269899586851
-0.34283503797371218 0.20796218624286847 0.71525280003550851
-0.40818999032155984 0.16563436323235162 0.77546950101488421
-0.47647993774814756 0.12042694900389236 0.82999664418159236
-0.54844641044214937 0.072180513475454552 0.87664236240677107
-0.62384026608972554 0.020947807351350933 0.91371170279578962
-0.70151933505558106 -0.03245067653322526 0.94190462171278011
-0.78118244509416712 -0.086840536964892204 0.96129834012735693
-0.86233431792016446 -0.14151497714621694 0.97174368914288756
-0.94399783176353191 -0.19641539845018438 0.97153156270985874
-1.0257191300153266 -0.25039352263482539 0.96209800491273911
-1.1071396459025675 -0.30240006427574639 0.94351968249619311
-1.1869083995444787 -0.35254466871159162 0.91517442141696348
-1.2641297418474391 -0.40003974242233098 0.87693880412954128
-1.3383554742312953 -0.44475741735659829 0.83035136999930603
-1.4083964876659796 -0.48708233715600702 0.77572388955406102
-1.4729552157011496 -0.52636183653549484 0.71271045147824352
-1.5317547757448167 -0.56223008897913684 0.64244095196445494
-1.5840729645288842 -0.59525958022567826 0.5659695743157438
-1.6292257434796771 -0.62529616031051916 0.48387647808918588
-1.6662117215629626 -0.6522939572688321 0.3967815504443184
-1.6943753825503212 -0.67570431460603664 0.30544225409391251
-1.7140591901352891 -0.69605438836689304 0.21122897331300453
-1.7248450149284524 -0.71332013481547007 0.11498543498661806
-1.7265416917540897 -0.72752854955352542 0.017648475837874988
-1.718849497402851 -0.73909045822786557 -0.079772519679238887
-1.7012477742433725 -0.74765965932580758 -0.17620373152881882
-1.6747374011038205 -0.75287394260887475 -0.27080394601011121
-1.6395515534435139 -0.75542428936210615 -0.36263260926008906
-1.5959061172794853 -0.75601994972689757 -0.45081628887723096
-1.5435817031561807 -0.7545074031172222 -0.53413200883459844
-1.4831208790681543 -0.75058311265258315 -0.61166170470248615
-1.415892626254738 -0.74502613059459499 -0.68327523294718662
-1.3421804544816311 -0.73865961679040926 -0.74814103202016802
-1.2620985143389132 -0.73095416289147719 -0.80478701118051466
-1.1768983948294516 -0.72216938257338492 -0.85320826851882858
-1.0875878963779424 -0.71331813693568047 -0.89353780322074272
-0.99466928643448715 -0.70399210170517801 -0.92451820687256037
-0.89899902833830903 -0.69472432395927786 -0.94555066607379767
-0.80170846041702237 -0.68609579978948398 -0.95738826664094234
-0.70359604972597956 -0.67899936797148452 -0.95958141480080483
-0.60573153540229774 -0.67298342405487965 -0.95129554459780352
-0.50908856263487223 -0.66687268090674512 -0.93390721796501042
-0.41449384761273139 -0.66063934835616733 -0.90754986469290655
-0.32301178410733761 -0.6548068522599364 -0.87176674344530569
-0.23547882542442455 -0.64865135480502811 -0.82727373579314201
-0.15269904891290981 -0.64179807581299642 -0.77454809105320788
-0.075408858973873866 -0.63424817811446854 -0.71416526386162538
-0.0039759781993384605 -0.62601335131084923 -0.64698584278352422
0.06561730848610195 -0.61704470880878703 -0.5779201728593345
0.13417087867329558 -0.607232983222315 -0.50793587936368123
0.20162872722354258 -0.5966975047705525 -0.43699965364722154
0.26795420867676295 -0.58555650710814877 -0.36509515583718516
0.33321645190033122 -0.57393721973721312 -0.29229854128321364
0.39832763997138831 -0.56060153823386316 -0.21967444727362445
0.46538027955339145 -0.5416913403211161 -0.15021069146560984
0.53523925132688388 -0.51564329231670669 -0.086001387388708356
0.60732516364708455 -0.48296127327787708 -0.02749969633267741
0.68072752387043234 -0.44280744619969425 0.024331643854452294
0.75432850328786316 -0.39590133072897976 0.06972700164633007
0.82706526074148545 -0.34145709834621396 0.10736059335823762
0.90006797371883862 -0.28173808574766618 0.13515217036643354
0.97495906640390695 -0.22019790765852892 0.1517417081205627
1.0513408449757875 -0.15851482709957307 0.15820264008991564
1.1282926384970944 -0.097291122636068789 0.15450717478450851
1.2047876881911941 -0.036888356578886783 0.14096773618162728
1.2800371658037202 0.02239691726803798 0.11856933794663428
1.3533838352556151 0.080150388421358382 0.087516239982476929
1.4241494174799372 0.13585737547138416 0.047911369429043713
1.4916212947711647 0.18924656630898065 0.00012185515440435961
1.5574056408194106 0.24156680598422905 -0.051150707089270143
1.6229340761127022 0.29394044595709323 -0.1026957605046725
1.6882705135663287 0.34651910954709148 -0.15427569636854735
1.753481807570441 0.39945447522899263 -0.20564832773360331
1.8186516949231113 0.45291174744807078 -0.25652987453067183
1.8838752699582975 0.50706475106314497 -0.30659930389243056
1.9492386985761534 0.56207747761704474 -0.35553551953380891
2.0147945456363603 0.61807895807607194 -0.4030733856315622
2.0805528412831098 0.67524735125705226 -0.4489118137134766
2.1464076694176346 0.73354193854866612 -0.49316420920997051
2.2126747751682982 0.79351639920091932 -0.53436199064805312
2.2800750978176043 0.85634654963775714 -0.56889404101086438
2.3479978891257756 0.92222152644204514 -0.59593655589321837
2.4156559478062194 0.99110202750608367 -0.61500618653756867
2.482287219667989 1.0626226248491537 -0.6263734265541373
2.5473356484016216 1.1363623025194129 -0.63017879227822804
2.6103253033709737 1.2119080942586435 -0.62672612451987131
2.6700018738266467 1.2891772592619086 -0.61428398562623088
2.7264341905146079 1.3673608489263036 -0.59464501794913016
2.7790553567959191 1.4460818253589871 -0.56783655307122027
2.8270443729991848 1.5248406754224162 -0.53351853444773467
2.8696069982761983 1.6031407721314874 -0.49181795391896588
2.9063624971804769 1.6805007724714418 -0.4433805084576784
2.9361979549476995 1.7562608427690642 -0.38813997429211683
2.9585662873614109 1.8298291153031492 -0.32674716707599427
2.9737789589681083 1.9009112711742298 -0.26043845298574519
2.9812027673057342 1.9689163803393286 -0.18971232975581609
2.9799176197890809 2.03305812467344 -0.1151001934357781
2.9708885344461868 2.0934060655889892 -0.037916914830037257
2.9540862766773395 2.1496326212646482 0.041080804722582347
2.9281006231658449 2.2005609480706743 0.12117757745337279
2.8945304578318107 2.2467521458457673 0.20130378784106831
2.8535616656704303 2.2880073982922675 0.2806915560367671
2.8045518065804891 2.323494614551715 0.35828792811094035
2.748683384885275 2.3537081463164715 0.43345262784271898
2.6868217842111464 2.3789993828591585 0.50567369826029662
2.6186145047134874 2.3986596105995281 0.57381577694836827
2.5443414879982007 2.4124550130393976 0.63687416486727244
2.4653568606212928 2.4213001686099149 0.69488877941338223
2.3820711111902564 2.4252231192368816 0.74716263484331402
2.2944552187217426 2.4235139480816232 0.79195647996584095
2.2039873464457855 2.4175534171105202 0.83018753162695058
2.1110756075889152 2.4072488352386081 0.86087959892932053
2.0164490861135946 2.3931049928956996 0.88389710242693764
1.9207448464371335 2.3752469565751482 0.89817759609031322
1.8247465201613495 2.354603089151154 0.90473786619364749
1.7290923626365575 2.3315652316316089 0.90312301706151799
1.6344865454809849 2.3065175468255679 0.89274372762278897
1.5415149236005341 2.2802077785237844 0.87412157119251477
1.45054370418752 2.2532314053219351 0.84801646272806264
1.3621577292326552 2.2261792948719328 0.81422672684537811
1.2770065762687177 2.1996776999345919 0.77257592192948588
1.1950731677000508 2.1743725865778516 0.72430067047414071
1.1166521087077073 2.1507944352605906 0.66971859228576058
1.0418378328991917 2.1295711152048131 0.60939571692227557
0.97075839500366601 2.1114034674086835 0.54377397273035599
0.90338562570861058 2.0969540555669663 0.47348175742328968
0.83916742193361149 2.08632289293331 0.39965600808122054
0.77787793357310109 2.0800553403249498 0.32289987016260974
0.71912386101573678 2.0785262548428212 0.24394332062649321
0.66224209049875959 2.0817525569441959 0.16366201516955728
0.60665037251781029 2.0901458048835067 0.082848799771436554
0.55155738308740354 2.1031223230815477 0.0023025322426132797
0.4962964078519751 2.1201938604672161 -0.07735554367319572
0.44031408875557199 2.1411948096721805 -0.15555574774225356
0.38314331504217353 2.1659951331083511 -0.23175817160200446
0.32432892920656486 2.194583884100985 -0.30534211489245322
0.26319057414137281 2.2272675028383491 -0.37523191461935207
0.19962069089001441 2.2632476634378369 -0.44120654112018126
0.13322978014875747 2.3021106518702998 -0.50259717417278393
0.063772067612444305 2.3433170998754727 -0.55884725136412761
-0.0087698007512755222 2.3862067097176887 -0.60971503797742543
-0.08510354266778869 2.4302462733954506 -0.6535630237411314
-0.16439345457016441 2.4746397077067024 -0.69135256593893024
-0.24666284817948275 2.5187171985046595 -0.72255183233181475
-0.33175993996827435 2.5617878998226611 -0.74685068741298166
-0.41963687385397858 2.6029965797075523 -0.76326015755220866
-0.50913985845346332 2.6425024231927248 -0.77393374153158934
-0.60031063706825383 2.6793418482736504 -0.7778042383704592
-0.69285762676818397 2.7126239260086056 -0.77430271741225365
-0.78630435668245091 2.7413336602771832 -0.762970260616879
-0.87999098391013741 2.7654220679448627 -0.74493697915239254
-0.97339902165037062 2.7844281610987727 -0.72047532957524174
-1.0658216753901513 2.7971869876422235 -0.6891794880692621
-1.1566908339372437 2.8037262761449053 -0.65199050429552696
-1.2455234318192054 2.8040610638822185 -0.60966602777552203
-1.3317001323381843 2.7977696811108035 -0.56256459667225611
-1.4142659529861905 2.7839168029392605 -0.51083572118992238
-1.4931471258836753 2.7633933465564939 -0.4557109997406501
-1.5678949316030084 2.7361871765387273 -0.39777474931355022
-1.6375259024031117 2.7015991820590948 -0.33745115367960843
-1.7018030152205457 2.660077675456253 -0.27558411799746724
-1.7607003935894312 2.6122360059079273 -0.21293627306020707
-1.8138395548301953 2.5582151572018739 -0.15014131444167028
-1.860036409366018 2.497464634377244 -0.088006710350060455
-1.9000578088214122 2.4313160371110478 -0.027137681306353873
-1.9337651394895596 2.3601432766347519 0.031870738728935179
-1.9604858472261431 2.2839832163151277 0.088169494612993407
-1.9801996137754279 2.2033987466854907 0.14109758983505438
-1.9935044780848628 2.1192719850470763 0.1903759655807922
-2.0004821759633731 2.0321088500783318 0.23553812606284438
-2.0003283467364654 1.9421262651973068 0.27539807593164112
-1.9941027629077048 1.8502783065707205 0.31016599431172398
-1.9821800671051479 1.7571537704565807 0.33965642631946169
-1.9646943321544061 1.6632782713020766 0.36348524334996635
-1.9414820783170297 1.5692296331713904 0.38089251735890906
-1.9136795718665154 1.4755615811724867 0.39266014197962634
-1.8816876991641982 1.3826939388493129 0.39887226380497703
-1.8457842375729498 1.291047926211059 0.39949300052960912
-1.8062171718097406 1.2010549343484112 0.39447348198995358
-1.7638387103882074 1.1127381011523012 0.38483141216208061
-1.7190387862930416 1.0261855844483989 0.37100413476621424
-1.6721781338001513 0.94140507952053754 0.35347004362858397
-1.6235484527231703 0.85837119558368025 0.33266179498309095
-1.5733763961321017 0.77704702880125054 0.3089522545578271
-1.5220512773940094 0.69712110459509102 0.28305911019156432
-1.4697714231512764 0.6184352312630973 0.25534039357939864
-1.4167066543926892 0.54084343742208929 0.22606958134636332
-1.3630026049479684 0.46422711901137831 0.1954248723768901
-1.3087824219405892 0.38850594821073575 0.16348932270148847
-1.2541442363377935 0.31364163966089464 0.13026999606880416
-1.1991495416991145 0.23964042807346678 0.095729371300055793
-1.1437526353766287 0.16658490353200811 0.0598430458204336
-1.0878053699596999 0.093520959717404525 0.02497351957445889
-1.0313523006470031 0.017495580617675678 -0.0016869936733323885
-0.97459970557844899 -0.060816046047836553 -0.01968009984346792
-0.91773480634645532 -0.14055951386522308 -0.028776365034153102
-0.86301361273012112 -0.22214754505424489 -0.026626886454833004
-0.81500084315118326 -0.30698941926845119 -0.01411470577608942
-0.77701444103550399 -0.39595542081697732 0.0034710381965548341
-0.75015520425461013 -0.48874990426883236 0.021891809022333866
-0.73465210792621172 -0.58458653471618505 0.037700526351834705
-0.72728927422434331 -0.6824556594987472 0.044136185373242244
-0.72253845663923533 -0.78055720485765512 0.037686059695429625
-0.71744565427729678 -0.87758201580649209 0.021910681252238225
-0.71253312186416862 -0.97274902099048988 -0.0026404946429010021
-0.70750762185720872 -1.0650198693090611 -0.036439503913406938
-0.70139026310753583 -1.1549957305142775 -0.075936294549429448
-0.69347873613145161 -1.2447618433030216 -0.11558958087437859
-0.68364143816916323 -1.3348470749345378 -0.15406934244905882
-0.67183273550531508 -1.4252547720540278 -0.19121665485567546
-0.65795709822618043 -1.5159189913029498 -0.22700238914434528
-0.6417670799990004 -1.6067607164433402 -0.26133738590980804
-0.62298438223938468 -1.6976853946189583 -0.29409056836031722
-0.60148546321269614 -1.7885933882716312 -0.32516396471788533
-0.57699343919895074 -1.8793804220601609 -0.35430201432890213
-0.54922110123505052 -1.969915983172154 -0.38118157928578505
-0.51788677699913166 -2.0600301928414986 -0.40542958781516075
-0.48270716367113825 -2.1494967068720912 -0.42662576649467965
-0.4428682738416142 -2.2378544120726915 -0.44382976685633102
-0.39875575614588193 -2.3248334616092272 -0.4571060059348625
-0.3502754004082177 -2.410007892573232 -0.46613292083686814
-0.29739701689733639 -2.4929015993439831 -0.47065304429656274
-0.23959364696282026 -2.5725584688018905 -0.4698508601696188
-0.17739927833929053 -2.6486075582478867 -0.46406153615579998
-0.11115139006863071 -2.720601661011139 -0.4534631028780523
-0.041076750215647856 -2.7879917335361273 -0.43813294253651947
0.033076377675709381 -2.8493305644242857 -0.41750961721649532
0.11041161286266615 -2.9048186343775924 -0.39253147357545293
0.19052864205297976 -2.9540529813517873 -0.36353342016417922
0.27310336037812849 -2.9963716235603202 -0.33073295000000225
0.35785295425108499 -3.0305657766321907 -0.29421289305522336
0.44401009821780696 -3.0572832235519445 -0.25489577927068274
0.5311142836870919 -3.0762619387636359 -0.21322145514938229
0.61868722034587209 -3.0865393945908361 -0.16952490776114493
0.70613226964137765 -3.0880075084021081 -0.12441488889067073
0.79292648587049297 -3.0812720879658086 -0.078547552213967198
0.87857743024210722 -3.0663232953302964 -0.032439171495301684
0.96224150317350121 -3.0418648960553982 0.013248392225981937
1.0436276497081152 -3.0093083490642663 0.057955394608229724
1.1222959673996533 -2.9689588062371484 0.10115549911924691
1.1975413575733247 -2.9205597541776402 0.14213193514217856
1.2687326005225406 -2.8642643924292912 0.18016175750459928
1.3358507612500972 -2.8012971177798427 0.21497910940184489
1.3985578738375979 -2.7321284119976186 0.24610161764099611
1.4557194338850312 -2.6564235454706036 0.27229689072738106
1.5077882714265944 -2.5757277450238432 0.29372636063351198
1.5546519502644436 -2.4907590309992815 0.31007575765577133
1.5957138666320603 -2.4019436363756888 0.32052096192793522
1.6308478604475312 -2.3101177739581749 0.32468485769168204
1.6605959016963687 -2.2163369586904373 0.32293478147212029
