0.2432134966347739 -2.0923417337088899 0.36188588200158123
0.1800051000032426 -2.1053538695294329 0.41591780177476761
0.115516917701184 -2.118888302989141 0.4672862399363491
0.049605890940872213 -2.132796448753949 0.51582459368083167
-0.01784411050103981 -2.1469180998281781 0.56139253287664415
-0.086917992974760966 -2.1610835059030089 0.60386977622709004
-0.1576662015509756 -2.1751152295221239 0.64315213710191821
-0.23010299235724549 -2.1888301068938838 0.67914986592008786
-0.30420645295377952 -2.2020414869248501 0.71178785207027784
-0.37992025276736058 -2.2145617558006712 0.74100699927625502
-0.45715687356858509 -2.226205024658217 0.76676604737984277
-0.53580190848158704 -2.2367897889945558 0.78904322665534454
-0.61571894595998244 -2.246141361281691 0.80783732630558935
-0.69675456813300973 -2.2540939179579871 0.82316797131062269
-0.77874307185939295 -2.260492067136409 0.83507508488420312
-0.86151063989197862 -2.265191913127325 0.84361764269598427
-0.94487882136288182 -2.2680616521823191 0.84887189357414583
-1.028667300053755 -2.2689817715812808 0.85092923698217704
-1.1126960161164461 -2.267844939434656 0.84989392583722323
-1.1967867520846831 -2.2645556696178808 0.84588072302882855
-1.280764298833595 -2.259029832976938 0.83901259834072228
-1.3644572935759409 -2.2511940705801901 0.82941852072214117
-1.447698787387713 -2.240985153075727 0.81723138294571873
-1.5303265702854041 -2.2283493240041881 0.80258608915953933
-1.6121832671849921 -2.2132416626929219 0.78561783482003966
-1.6931162195088709 -2.1956255009915511 0.76646060715535724
-1.7729771796882381 -2.1754719248170309 0.74524592922115329
-1.8516218617438429 -2.1527593849652722 0.72210186127258857
-1.9289094040668999 -2.1274734321914819 0.69715226113103901
-2.004701806995107 -2.0996065803656272 0.67051629268727264
-2.0788634071439351 -2.0691582899868108 0.64230816052891027
-2.1512604436723488 -2.0361350537334602 0.61263704009725495
-2.2217607601356488 -2.000550557079444 0.58160716738813978
-2.2902336706433619 -1.962425881259195 0.54931805028372427
-2.356550002069826 -1.921789713825709 0.5158647651366739
-2.420582306732042 -1.878678534194788 0.4813383068930504
-2.4822052242817918 -1.8331367477972 0.44582596809566849
-2.5412959596923992 -1.7852167518824571 0.40941173041572498
-2.5977348379568248 -1.734978926956483 0.37217666049668929
-2.651405896427542 -1.682491558026274 0.33419930838285039
-2.7021974823611248 -1.62783069685782 0.29555611041234942
-2.7500028344878809 -1.5710799784263909 0.25632179854249632
-2.7947206403561018 -1.5123304009721561 0.2165698148978164
-2.8362555722411811 -1.4516800706083559 0.17637272513024951
-2.87451881044205 -1.389233900976061 0.13580261894015941
-2.909428562211041 -1.325103249670107 0.094931482978552473
-2.9409105779439901 -1.259405469497237 0.05383153192725839
-2.968898656186528 -1.192263356013344 0.012575488285396759
-2.9933351192003972 -1.123804482952383 -0.028763190603258
-3.014171234804635 -1.054160431675615 -0.070110130402081611
-3.0313675601282228 -0.9834659358344624 -0.1113898863294102
-3.0448941889712682 -0.91185797406201963 -0.1525257970807421
-3.054730894957407 -0.83947484866740951 -0.19343982412503971
-3.0608671746123219 -0.76645528578498789 -0.23405235831253571
-3.0633022046991569 -0.69293758312679976 -0.27428198329247061
-3.0620447341005539 -0.61905881819002839 -0.31404519454207142
-3.0571129312754279 -0.54495411639237834 -0.35325608158045091
-3.0485342046300841 -0.47075596904352462 -0.39182598714953648
-3.036345007284686 -0.39659358797533051 -0.42966315959957202
-3.0205906325750682 -0.32259228761236308 -0.46667241344289578
-3.0013250046664521 -0.24887289456187089 -0.50275480924974858
-2.9786104710232228 -0.17555119608627229 -0.53780735973159621
-2.9525176096636252 -0.10273744825107101 -0.57172276607356665
-2.9231250721926161 -0.030535968991971078 -0.60438918889640658
-2.890519490861482 0.040955160797252359 -0.63569006230108671
-2.8547954816903411 0.1116442737020658 -0.66550396695469682
-2.8160557740090608 0.1814461689561121 -0.69370458799018431
-2.774411488650443 0.25028205784557339 -0.72016079395499044
-2.7299825726547118 0.31807943305449959 -0.74473688223500389
-2.6828983789929342 0.38477190714920267 -0.76729304239467888
-2.6332983575744491 0.45029907413941173 -0.78768609010089052
-2.581332801069415 0.51460645097692281 -0.80577051967145619
-2.5271635679660851 0.57764555310775989 -0.8213999124028919
-2.4709646871774029 0.63937415101340245 -0.83442872083038433
-2.4129227340644719 0.69975674482506622 -0.84471442636198235
-2.3532368574578588 0.75876528305299018 -0.85212003971023165
-2.2921183324543271 0.81638013971958467 -0.8565168806676956
-2.2297895174628182 0.87259135093394802 -0.85778753710015232
-2.1664821110656498 0.92740009550503277 -0.85582886525209245
-2.1024346406273091 0.98082038282173012 -0.85055485998386726
-2.037889175080601 1.0328808841400601 -0.84189920311225774
-1.973087340021118 1.083626811538178 -0.82981730211726668
-1.9082658185723831 1.1331217150587369 -0.81428767228419141
-1.843651632091504 1.181449037645389 -0.7953126018178801
-1.779457587196039 1.228713245125187 -0.77291817196173207
-1.715878319898535 1.275040340346093 -0.74715386879345635
-1.653087334165658 1.3205775808623079 -0.71809218821910248
-1.591235302090497 1.3654922497170581 -0.68582875189899606
-1.5304496700591499 1.409969376877467 -0.65048346256678335
-1.470835335490347 1.454208369730815 -0.61220308501442444
-1.412475888935264 1.4984185786528941 -0.57116532848356227
-1.3554347409850691 1.542813893307911 -0.52758406370904987
-1.2997554478320541 1.5876065353204589 -0.481714827992481
-1.2454607479693911 1.63300028367827 -0.43385939139463991
-1.1925501956764191 1.679183439636567 -0.38436801634982809
-1.14099672900474 1.726321901058115 -0.33363823199895842
-1.0907429059800651 1.7745527571888531 -0.28210945905492713
-1.041697756658724 1.8239788142287481 -0.2302535480525201
-0.99373516794752303 1.8746644021921011 -0.1785620354450532
-0.94669451378370284 1.926632673427459 -0.12753140228686691
-0.90038434098442466 1.979864253278282 -0.07764713427484124
-0.85459243381960903 2.0342957223539759 -0.029362541188064029
-0.80911742089391203 2.0898104143634639 0.01695531494793005
-0.7638669630671916 2.1461953467717518 0.061213814673629241
-0.71906246212431202 2.2030278732103699 0.1040649931235211
-0.67423206716713313 2.2605024690649049 0.14468281085478649
-0.62849326498541314 2.318988474400498 0.1812873993378693
-0.58151341815652502 2.3779325911321978 0.2137051367377277
-0.53300578586430702 2.436980213743801 0.24186885958891491
-0.48275162160087348 2.4956104960311851 0.26572545167937017
-0.43083734329610351 2.5534046124395009 0.28557094336051869
-0.37693423397507853 2.6098673683959488 0.30110029282606249
-0.32125106640012491 2.664910952201633 0.31280851089270728
-0.26371230023949938 2.7180882488848899 0.32073550005341428
-0.204123849096256 2.7689593814026869 0.32466655651393689
-0.14295486085214679 2.8168727241651488 0.324883003020006
-0.079507298468059817 2.8623721686912491 0.32164408746819212
-0.01503552930603815 2.904065956467162 0.31513139986539113
0.05163249947458088 2.9426454286385262 0.30536853161133098
0.11907629013094639 2.9770018350847232 0.29283192669003222
0.1883640797386216 3.007508157065621 0.27742249311112971
0.25809770006476279 3.0333718382738581 0.25976805555349508
0.32925127085605932 3.0547000413016079 0.2397121326384066
0.40058500843469369 3.0715754626879108 0.2181010789401705
0.47247650473530911 3.0829785221132728 0.19471994472354059
0.54472240812010364 3.0899143942342802 0.17013633347131721
0.61646196777373963 3.0915331316876382 0.14479150412433381
0.68840289448717329 3.0880175847892342 0.1186452457049727
0.75950960006304036 3.0794156759961462 0.092416418745301945
0.82988373816680694 3.0656303314530771 0.06621839872985949
0.89966634845278881 3.0469668998153612 0.040344016003326537
0.96771653398832036 3.0233487128693519 0.015381773509259631
1.0351737620795021 2.9948826205477381 -0.0087983254230256189
1.1003813074500279 2.9620095199294632 -0.031392901072855112
1.164689882169597 2.92431718853822 -0.052600096849259127
1.2266005844322401 2.882800472571184 -0.071767551999966622
1.287145113909461 2.836910230055341 -0.088878875233993751
1.3454207447970969 2.7873304866534401 -0.10357831228386501
1.4019198636786929 2.7343760383733722 -0.115830780791295
1.456165932026404 2.6779525709046319 -0.1251901084965939
1.508354379711625 2.61837451428429 -0.13153433780184531
1.558274897468261 2.5560299234209589 -0.13459596194943679
1.606296656796077 2.490967254792769 -0.13433008387336401
1.6521350519814171 2.423850414064785 -0.13049300577746881
1.6961151000896739 2.3546693978719522 -0.1231141298508819
1.73826866341884 2.2837734759146149 -0.1118504514704777
1.778565149471441 2.2117430234794009 -0.096583730468368753
1.817350545851413 2.1388519114169542 -0.077130016197640747
1.8550342316238571 2.0655528412273831 -0.053574792139394999
1.892057518720635 1.992434966121595 -0.02580215201411629
1.929008895812194 1.9202217280104119 0.0059454409063604326
1.9667235553850611 1.8494297639427679 0.040955845731354711
2.0060637251150979 1.780604862116389 0.078495142694020012
2.0479103299771308 1.713906665509259 0.1171891000186259
2.0911733989570398 1.647733746824406 0.1552214222042507
2.133913599340413 1.580456860578876 0.19186183279883101
2.1762249430008258 1.513264987993882 0.22855392702108529
2.218972040895709 1.4465761019049941 0.26480822501743828
2.2635102422774338 1.3799367577487409 0.29781959933294971
2.3092905941646968 1.313072244211281 0.32690121994432342
2.3556269186986492 1.2457988312703341 0.35141433972481773
2.401767407648026 1.1779489590493371 0.37088280304767679
2.4473015769432021 1.109482131956868 0.38550469895380141
2.4917937899836859 1.0401431216400361 0.39513925510389009
2.5355325495181988 0.97114285268960432 0.40204618401076042
2.5789681821613342 0.90259771577825554 0.4073914405861912
2.621798953766191 0.83404953125836567 0.41014584329096748
2.6637665696342392 0.76520603016827327 0.40969976554128301
2.7046356483410841 0.69590390854907347 0.40573141635213023
2.7441764368443269 0.6260661415909059 0.39808640004695212
2.7821623465812531 0.55567416100090827 0.38671684923637312
2.8183711280946659 0.48474968314151351 0.37164673005948101
2.852586947012123 0.413342748344325 0.3529511600009651
2.884603106876154 0.34152343386393602 0.33074462981993208
2.9142250027170209 0.26937546108098681 0.30517411128120059
2.9412727372075391 0.19699087097030499 0.27641429339346091
2.9655829779290159 0.1244655647294442 0.2446635203896704
2.9870098858556151 0.051895740610989047 0.2101399218783962
3.0054251576343138 -0.02062473303627008 0.17307768485284961
3.0207173518940911 -0.093006036065686123 0.13372357048694711
3.0327907210286802 -0.16516329960490639 0.092333782165415546
3.0415637692632438 -0.23701682539527039 0.049171244728948037
3.046967728961492 -0.30849176283971191 0.0045033066212143693
3.048945107586241 -0.37951737637241972 -0.041400157047617347
3.047448418251776 -0.4500260190017239 -0.088268280880048178
3.0424391722190012 -0.51995191163115773 -0.13583043370063991
3.0338871825194258 -0.58922981646996364 -0.1838171837721165
3.0217702025038391 -0.65779368691147755 -0.23196106001449471
3.006073899657332 -0.72557537318192844 -0.27999716644696843
2.9867921428362578 -0.79250345910035569 -0.32766370655683102
2.9639275611439122 -0.85850229709537718 -0.37470246922956102
2.9374923172459191 -0.92349129442303224 -0.4208593171258892
2.9075090296944128 -0.98738448367399623 -0.46588470272537691
2.8740117797049969 -1.0500903875667591 -0.50953421942966559
2.8370471479788999 -1.111512165635687 -0.55156917928248017
2.796675244372937 -1.1715480132805021 -0.59175719943090321
2.752970712888549 -1.230091775747471 -0.6298727797474718
2.7060237103263152 -1.287033743231323 -0.66569786505704587
2.6559408626053278 -1.34226160802091 -0.6990224051420113
2.6028461935515201 -1.395661587084033 -0.72964494932982971
2.546881996181845 -1.4471197381507821 -0.75737333412358987
2.4882095810601439 -1.4965235191424 -0.78202553911942152
2.4270098014883139 -1.5437636611121579 -0.80343080660499278
2.363483236703678 -1.588736464062082 -0.82143117828935919
2.2978499211126948 -1.6313467460090449 -0.83588378324185786
2.2303485118827142 -1.6715120205605909 -0.84666467287701186
2.16123465411335 -1.7091692883694889 -0.85367594420221193
2.090777682769652 -1.744287276569386 -0.85685928153673507
2.019253204232871 -1.776888360058914 -0.85621970291285754
1.94692703990231 -1.807083004777682 -0.85186021834374326
1.8740274047712839 -1.835112408243436 -0.84402001212111089
1.800712362498742 -1.8613824342775911 -0.83309959620035834
1.7269813366330511 -1.886478658322249 -0.8196331066533894
1.653093001671047 -1.908681431347059 -0.80183037385823852
1.579544919782323 -1.9274711278312811 -0.77920710157872741
1.5058407072289079 -1.943535736427678 -0.75176911847120809
1.433536550459716 -1.9568445043544229 -0.72020650579567014
1.361806809041461 -1.9678244171228789 -0.68407266453381776
1.291664828493243 -1.9764249292361811 -0.64354997978574058
1.2229705091777261 -1.9831365766315741 -0.5986809114532462
1.1562980397705001 -1.988255394844562 -0.54956835396717174
1.0917427706305209 -1.9922899856089491 -0.49644364691203102
1.029450965427313 -1.9958269380745339 -0.439393431062575
0.96857493068171774 -1.9993897541710119 -0.37983170426239932
0.90728402731388058 -2.003379047966785 -0.31969084492034738
0.8461263190597933 -2.0077862585332671 -0.25843127400373128
0.78539612374674317 -2.012660072622205 -0.19593364306417499
0.72516162227324166 -2.0181056263064239 -0.1323904098730882
0.66534864843662567 -2.0242503916439998 -0.068177178234917951
0.60580824644953912 -2.031212355922313 -0.0037523941177389419
0.54635495643679743 -2.0390798725099142 0.060401255219609408
0.48678645614071792 -2.0479021327765081 0.1238109249654543
0.42689404788765573 -2.057687003100062 0.1860350555550046
0.36646902224842087 -2.0684034053559488 0.24667684752666921
0.3053072964626426 -2.0799861563807678 0.30539120846722578

1.6850853164683 -2.121322286793065 0.31524902525670712
1.7003552445793571 -2.0467531487873569 0.3048277332498569
1.7130844809070289 -1.9718574650980281 0.29130981651858667
1.7237009045877361 -1.8966161520509981 0.27511235967333952
1.7310082696115581 -1.8215197459265191 0.25501877650104388
1.7349732049006059 -1.7466872885529161 0.2309609605915022
1.7359264140930011 -1.6720846086588921 0.20316801170627241
1.7338760043116439 -1.598575875497501 0.17185439203527519
1.728667699166625 -1.525698098114308 0.1364311519528531
1.7204297384389571 -1.45436423185199 0.097219209588492686
1.709234654722118 -1.3844066466760749 0.053762440696509643
1.695368942643662 -1.31689329879999 0.005978106688318512
1.679226602914395 -1.2520741742970289 -0.04618696296925473
1.6613182916690501 -1.1898786312923391 -0.1029690670332174
1.6419427316048989 -1.1289768614278921 -0.1614100361691754
1.620984572175902 -1.0676662459779991 -0.21984014669690119
1.598461312600711 -1.0063773923691191 -0.27846170637359641
1.574428428127759 -0.9454961048622651 -0.3373167011392903
1.548968861354334 -0.88527012252226867 -0.39630587485330321
1.522176487812444 -0.82580300273322971 -0.45524761857803719
1.494126111443749 -0.7670670344308087 -0.51393911137353288
1.4642336382919261 -0.70771305894763437 -0.57339830501207467
1.4338710581910989 -0.65188093239926936 -0.62632654542898314
1.398543461250896 -0.59266312640425756 -0.67524286149784718
1.3593521428892059 -0.53115862436584493 -0.7187016295439842
1.317347369564136 -0.46937247905481261 -0.75580430124665698
1.272245287863341 -0.40619594299150658 -0.78704070485834177
1.225461049582721 -0.3429609585360846 -0.81180533753472905
1.1767004034364239 -0.27833520871640571 -0.83027369070586521
1.127599394543646 -0.21450100717167969 -0.84196884046326681
1.076641244107069 -0.14854752825034809 -0.84689794639005012
1.02783502307857 -0.084553376390577764 -0.84461094751843624
0.97806194365865107 -0.020101288451250351 -0.8348449780941708
0.92860111914623722 0.042655318456104548 -0.8181945536168258
0.87881562688031767 0.10284821243740069 -0.79491806008682198
0.82844875927358552 0.15953526930942091 -0.7656682683836793
0.77724280248929545 0.2120402874362762 -0.73072876438554102
0.72415872629648936 0.26050916379574263 -0.69020272458589793
0.67114099362199642 0.30372116449527919 -0.6452658975227249
0.61840520294706958 0.34231090276367282 -0.59549189431592187
0.56585304366713407 0.37599805663426522 -0.54118744777357763
0.51470338578156216 0.40422176344873162 -0.48338161686171133
0.46459864228972031 0.42734526622851038 -0.4213332565327676
0.41671664519512069 0.44457649160161011 -0.35685780755830082
0.36993638754988628 0.45633049844521117 -0.28853549824233249
0.32632815989646807 0.46142102603667851 -0.2194912221333622
0.28273653920809227 0.46069188503136149 -0.14567560600600199
0.24006738020588331 0.45693378586177191 -0.072705933177687865
0.19706854201194701 0.45103319164596778 -0.00018620400302853761
0.1535256777295598 0.4428437220485491 0.071781151245968108
0.1093327619458746 0.43210971804844561 0.14303936905038811
0.064386529920324481 0.41865355892758371 0.21334576225349261
0.018590147922234221 0.40237740204864858 0.28238787359691131
-0.028143885947996411 0.38326264558709722 0.34980638310765721
-0.075887271244344329 0.36136369678015551 0.41522337466135423
-0.1246870015779144 0.33680057245311412 0.47827524699904889
-0.17455411960234371 0.30975257588965588 0.53865287214112734
-0.22544935468521191 0.28045385320540489 0.59615461434425632
-0.2772612419477431 0.2491962405387938 0.65076602794535032
-0.32976264639468178 0.21635627860513071 0.70279622478068349
-0.38254459551264758 0.18246373849279629 0.75309171335363612
-0.43670119952374242 0.1469243436608913 0.80034795542144865
-0.49278109976975348 0.1095684265184011 0.842146553926863
-0.55112178257970901 0.070383585018066033 0.87830029126326992
-0.61109154041290414 0.02970589258460778 0.90859316348813124
-0.67205838925064498 -0.012176949046756541 0.93307099916761427
-0.73427114730375265 -0.054989033604442128 0.95172498352282131
-0.79743910036484067 -0.097878366536286829 0.96461589400954695
-0.86130006265232739 -0.14081885080862469 0.97172383303120391
-0.92551989378301258 -0.18404330151825149 0.97295675509492718
-0.98932998709954667 -0.22676801791139831 0.96803512048498808
-1.0534591606714649 -0.26840362600031059 0.95757204593743706
-1.1171130748053779 -0.30871634585608487 0.94090885945511349
-1.179655296825155 -0.34804837498095997 0.91853507777760879
-1.241126092046605 -0.38615492908156379 0.89005316776625398
-1.3012945467498249 -0.42247211221509928 0.85575117650535037
-1.358836343954358 -0.45707287901281141 0.81631475075113991
-1.4143132851921829 -0.49066505250763198 0.77087790063774908
-1.466039659404756 -0.52216639562720812 0.72058635287209483
-1.5149302298990051 -0.55182669925137384 0.66490647755929555
-1.55996146991322 -0.57967158398619367 0.60477704022541323
-1.6002000401144729 -0.60568567771939075 0.54001303591004068
-1.635809432249119 -0.62974426316522281 0.47114343177398987
-1.665490280077736 -0.65170942330644677 0.39900250799458947
-1.6900910290917479 -0.67164170276815782 0.32326910426907712
-1.708697725255184 -0.6892853880589046 0.24584813796279911
-1.721045251853657 -0.7048744879069897 0.16611973054257201
-1.7270250195024559 -0.71816558136792308 0.085648606345946107
-1.7264480541637861 -0.72934248591855322 0.0044744580360305264
-1.7193848290392759 -0.73878313430594655 -0.076539923055927855
-1.7061002542966459 -0.74640956124046587 -0.15675874169690779
-1.6863526517128959 -0.75149694746545037 -0.23589187098954639
-1.6607880433566671 -0.75452764759710045 -0.31273167021924753
-1.629073684444458 -0.75586668332604423 -0.38725322708996762
-1.5920154180418129 -0.75603792853933183 -0.45827251124077523
-1.5497448498486941 -0.75486457619541447 -0.5258469651399027
-1.5026897442729561 -0.7521375898454763 -0.58910257549671685
-1.45116928444044 -0.74804499791749057 -0.6484957338601961
-1.396076604317229 -0.74333033671349613 -0.70281198479185847
-1.336935686361443 -0.73820509744114859 -0.75255211412059131
-1.2752739649692519 -0.73231534892168682 -0.79678248387818285
-1.2106119293323221 -0.72563496567989982 -0.83606683507056756
-1.143516439513653 -0.71873788415262396 -0.87018111262598885
-1.075036309308643 -0.71210182724347215 -0.89877955491342276
-1.003981480018157 -0.70491306715117996 -0.92221193195555617
-0.93218561344451956 -0.69781253689630618 -0.93999302775598415
-0.85880722118193742 -0.69098423264148745 -0.95228144379014135
-0.78430317521374415 -0.68460566993646488 -0.95894496781991834
-0.70922159934715212 -0.67934621294592124 -0.95993408690586857
-0.63348436931910834 -0.67467661097243337 -0.9551860338009498
-0.55740734840678574 -0.6700351888776187 -0.94452129126135487
-0.481238587005822 -0.66504987496267054 -0.92778947974154757
-0.40617932573765692 -0.66008992048688775 -0.90502857651955826
-0.33179721987503608 -0.65540060542203205 -0.87597303027401285
-0.25885015263852051 -0.65047056518469615 -0.84104746753324156
-0.188593623233478 -0.64500183821158619 -0.79964226276456141
-0.1217753240186407 -0.63903798549528434 -0.75292907823190847
-0.057460159630997411 -0.63239401880977397 -0.69915959006605943
0.0046961812409589262 -0.62497876193498103 -0.63852616287592256
0.065997575693400659 -0.61699518477071869 -0.57754187272584478
0.12679876243489499 -0.60836650518607316 -0.51564098773892919
0.18690789492103391 -0.59912424425418809 -0.45281677754330729
0.24618876703445361 -0.58935175109444515 -0.38912113319266928
0.30459651211632738 -0.5791671820460409 -0.32464722157701242
0.36305484185977033 -0.56848459977987864 -0.2585726653881471
0.42103003849482168 -0.55552781529767647 -0.19463864357319549
0.48072562249898748 -0.53690387020583363 -0.13483846021750751
0.54366759748212845 -0.51235619670845389 -0.078450692931923846
0.60786755238636181 -0.4827108163970823 -0.027065572810914519
0.67232851826839701 -0.44796612218009108 0.01899964232467247
0.73779292864529267 -0.40775782879589662 0.060558887884784147
0.80139651222444952 -0.36215217056773918 0.095823757869674855
0.86400155478425389 -0.31167772393287752 0.1239616344119449
0.9264205151618512 -0.25986218069882822 0.14332872548949849
0.99213835508762271 -0.20615949943346781 0.1547193218649324
1.057099224474946 -0.15388062835337349 0.15854144793893821
1.1222087542309289 -0.1020974130973374 0.15544137032920399
1.1872490818970689 -0.050715320213348687 0.14545426642107229
1.251008063788231 -0.00044946047541032552 0.1291441562849695
1.313757389648444 0.048935284563696661 0.106285622064011
1.3754412380496539 0.09752575753398951 0.077068575186301266
1.43395849109625 0.14357677017219511 0.042039559374465907
1.4914492382631639 0.1891097940100139 0.00025580097530891472
1.549133457419815 0.23496451557692799 -0.044651306450909208
1.606661814267863 0.28087971114479038 -0.089850961869614623
1.664585678163224 0.3273716022448076 -0.13557419168209309
1.7229125501440401 0.37452473580746082 -0.18162898797392049
1.781563555540373 0.4223556091893787 -0.2277131439025773
1.8403950187602029 0.47082561480370622 -0.27342399530353872
1.8992204079578201 0.51985434016535703 -0.31830760075009928
1.95783149652931 0.56933112192566748 -0.36193101966726787
2.0160203023190562 0.61912793608664207 -0.40395870569102532
2.0736019799651388 0.66911989101844793 -0.44420802600842663
2.130431130572183 0.71921704370339978 -0.48266545562549112
2.1865643205793339 0.76954722172006795 -0.51955257714140179
2.242205226246909 0.82062510466528116 -0.55111116901149404
2.2979562438932661 0.87321326581856507 -0.57729064017207199
2.3532250999315409 0.92734079277137027 -0.59788425628732222
2.407199381324991 0.98215552118227989 -0.61331185733574378
2.4606216302104089 1.0386728427862819 -0.62401535934387453
2.5120047259477469 1.0954732334257511 -0.62960785861361468
2.5624138932697491 1.1538126081837761 -0.63042245072246306
2.6107017801180228 1.212364595112396 -0.62669707964597088
2.6571399024043751 1.271834215437329 -0.61805740435206225
2.70148258528714 1.3316257565072751 -0.60504823923654238
2.7434242649979379 1.391693627372141 -0.58756124506444529
2.782848236332697 1.451871372430857 -0.56573688739006411
2.8197660231951969 1.511958519717318 -0.53999056241785193
2.8535901757346638 1.5718248371300481 -0.50991357145198724
2.8839805143383042 1.631243730354057 -0.47557892469889879
2.9106667145344631 1.6899732583089431 -0.43718851988662127
2.9334106692669009 1.7477709538020381 -0.39499390171352472
2.952001711486075 1.804398046356422 -0.34927858270752798
2.9662567678820881 1.85962192203871 -0.30035133948435572
2.9760210150937931 1.9132179298453831 -0.24854206127691289
2.9811683646504932 1.964970774575495 -0.19419851813572059
2.9816017530197678 2.014675648685083 -0.13768364006579439
2.977253317446797 2.062139240668512 -0.079373132977110947
2.9680845159829472 2.1071807307041239 -0.01965329121720498
2.9540862027472801 2.1496328454693301 0.041081125482588417
2.9352786277973721 2.189343001966936 0.1024290633815413
2.9117113091898479 2.2261745343384312 0.1639854745613008
2.8834627595810671 2.2600079962188451 0.22534379738424981
2.8506404604809519 2.2907428165643759 0.28609878830341767
2.8133853040985199 2.3183028295694421 0.34585169743835781
2.771913662247341 2.3426773026378571 0.40423750706577161
2.72671821430662 2.3641382569540181 0.46107671090207752
2.677682415185783 2.3824037304023959 0.51588985855110103
2.6248853992389489 2.3973617486704861 0.56829051564046151
2.568625421467988 2.409005650984775 0.61786096800566281
2.509100162882294 2.4174607955564951 0.66446649264754609
2.4467802098874998 2.4229306511881288 0.707808338901603
2.3817207278025179 2.4252355323710062 0.7473757283929342
2.3143491418049429 2.424496166245854 0.78289114962984363
2.2447063397267728 2.4210577079325781 0.81462621785759959
2.1734456253049061 2.4149249858930468 0.84185946325967964
2.1007969125850501 2.4059837913237581 0.8640141526883176
2.0268355666988498 2.3949516151158061 0.88210486193444371
1.951959400410521 2.3816393105974969 0.89502512843310289
1.877119900151496 2.3663131079255249 0.90258343294225929
1.801353488439122 2.34937270606898 0.90570016279170229
1.726346746954678 2.3308886232820032 0.90302509647624207
1.651295618445652 2.311184425633027 0.89562641575229673
1.5772800052390861 2.2906346964825319 0.88293303700158898
1.503934411256912 2.2692515916201801 0.8648628365711355
1.431935013326775 2.247647761449826 0.84214486109216669
1.3612880047827149 2.2259117056338602 0.81387874706562058
1.292201796687221 2.2043916351500861 0.78102328698673495
1.2248522952813159 2.183498145113135 0.7435821831968481
1.159537699705649 2.163483046836411 0.70129201864672841
1.0960942801377369 2.1447119657062088 0.65458341351379234
1.0349348429363501 2.1276447609306288 0.60364653443998484
0.97572090318642446 2.112511683020053 0.54884703495170695
0.91873917764742097 2.099786658601051 0.49059587878361399
0.86356845298886342 2.0896081173303869 0.42909880754520779
0.81041896576870531 2.0824523544565792 0.36496751365465502
0.75908205826581454 2.0786708120636121 0.29860137290551653
0.70927697702456438 2.078490631659565 0.23047395671583959
0.66060413066424628 2.081866151405543 0.16133533204556111
0.61271380420013777 2.088817554328966 0.091729701200072414
0.56527830247929267 2.0992087378644002 0.022252540893549621
0.51787066570777185 2.1127307053907591 -0.046677443803494
0.47017824157404747 2.1292288838987399 -0.11449497710554669
0.42188430998845922 2.148579226906068 -0.18089518808872501
0.37276393229742522 2.1706611556658708 -0.24538524478781501
0.3226199896601068 2.1954279533499381 -0.30745758221701303
0.27118882712772219 2.2227876303390151 -0.36670193770449883
0.21840880780415761 2.2523500557193459 -0.42299077317443118
0.16407819182648789 2.2838632585982852 -0.47566629661946008
0.1080088062363274 2.3170293139554392 -0.52461525948968735
0.050116784271134661 2.351431784102215 -0.56941420460083214
-0.0094707812171908184 2.3866206672183798 -0.61019477537341038
-0.070947037229271565 2.422219164748745 -0.64637324259149909
-0.13407940339737889 2.4580168666996931 -0.67843679797799605
-0.1989037016649933 2.4935635508875489 -0.70605618774159662
-0.26522234302840841 2.5284920589754138 -0.72896214016068228
-0.33310198409157582 2.562459467321256 -0.74721149424728983
-0.40233794246134219 2.595158592081896 -0.76075385361247716
-0.47225814015608891 2.6268387942791338 -0.77088403234847391
-0.54313854767121195 2.656941632536538 -0.77674505617493761
-0.61490622189161037 2.6850604471966668 -0.77807463925559672
-0.68736355227852675 2.7108745403103449 -0.77487869439590529
-0.76027947833227039 2.734091931784377 -0.7672344778444794
-0.83340605474174823 2.754440261749278 -0.75525257334813922
-0.90648284527262257 2.7716671882538688 -0.73907071948035219
-0.97923987062525897 2.785542016061719 -0.71885221137058253
-1.0514003682948541 2.795857257728068 -0.69478467946153044
-1.122683490568479 2.8024299837254598 -0.66707876204767624
-1.192806968724043 2.805102951506933 -0.63596662543014315
-1.26148975367979 2.8037455056641201 -0.60170032251715933
-1.328454624931201 2.7982542327728228 -0.56454998538776802
-1.3934307406188959 2.7885533506302331 -0.52480185645526989
-1.4561560865151371 2.7745948148325761 -0.48275617677082661
-1.516379773673143 2.756358135553354 -0.43872496520169357
-1.573864134637553 2.733849912040311 -0.39302973517077022
-1.6283865760068821 2.707103109141956 -0.34599920364885922
-1.6797411591767539 2.6761761163983429 -0.29796704853650702
-1.7277398990732049 2.641151643480744 -0.24926976491126901
-1.772213790225462 2.60213551411477 -0.2002446581741705
-1.8130135883309499 2.5592554226476221 -0.1512279938821938
-1.850010391454274 2.512659712134544 -0.1025533014389238
-1.8830960763357429 2.4625162195881591 -0.054549803629293243
-1.91218365031816 2.4090112125474779 -0.0075409183779052303
-1.9372075766329619 2.3523484114903068 0.03815724431852232
-1.958124118892538 2.2927480556280719 0.082237485417326339
-1.974911728649319 2.2304459271940211 0.1244033238981993
-1.9875714676008911 2.1656922049689689 0.1643711075599873
-1.996127414586625 2.0987499769397422 0.20187250540828519
-2.0006269600552282 2.0298932120219422 0.23665741731476661
-2.001140842716632 1.959403980387852 0.26849727363933612
-1.9977627425706199 1.887568729958693 0.29718861710476802
-1.990608221221998 1.814673480585669 0.32255676961584862
-1.97981280498625 1.7409978923140159 0.34445930118380419
-1.9655290491035731 1.666808301489231 0.36278895433230951
-1.9479225114124299 1.5923499960684111 0.37747565602866218
-1.927166707488333 1.5178392121139499 0.38848729185437769
-1.9034373178396611 1.4434555619332661 0.39582904249321271
-1.876906162425185 1.369335822671131 0.39954129964989349
-1.847735721578871 1.295570176572391 0.39969647500621908
-1.8160752118739241 1.222202036726652 0.39639534334340698
-1.782059336874122 1.149232441713564 0.3897638227632117
-1.745810720785316 1.076629595623612 0.37995114928510859
-1.7074465964408989 1.0043434364849999 0.36713009679025738
-1.6670895036312181 0.9323241613842751 0.35149913382920378
-1.624880606166105 0.86054251700228079 0.33328526535224579
-1.5809929529600959 0.78900856427053945 0.31274510048549381
-1.535640953883344 0.71778483971748863 0.29016099208922003
-1.4890819945718521 0.64698977674875502 0.26582956443768768
-1.4416069290275511 0.57678838865959248 0.24004192391908311
-1.393518389892894 0.50736986940125683 0.2130579025593205
-1.345099231530992 0.43891560328732221 0.1850797108678999
-1.296577161349074 0.37156440011008052 0.1562332802017459
-1.2480943826487021 0.30538333020207931 0.12656829343456799
-1.1996915056510391 0.24035685659337491 0.096080034241435394
-1.151304677979849 0.17639374021190329 0.064772661758540906
-1.100538575265626 0.11045708749939651 0.031634952902275838
-1.051637579695786 0.045415058431351088 0.0060521782727993439
-0.99975854282304 -0.025988229414984659 -0.01374053869167257
-0.94699293875915713 -0.099032574230787887 -0.026197574324995958
-0.89477986264329512 -0.1731401498411255 -0.03079959723216024
-0.84474450038480264 -0.25033222569319558 -0.024227115560129499
-0.80186385867153342 -0.33201339889585751 -0.0096483225959256777
-0.76888217124419145 -0.41688121396355893 0.0077645062776469367
-0.74593806029327558 -0.50493408473428236 0.02507315010617555
-0.7327112889083679 -0.59828418155313945 0.039872026918731068
-0.72702536347275692 -0.6865526159441464 0.044343738714240993
-0.72251833749089323 -0.78097871846142852 0.037656206873259768
-0.71783372410562407 -0.87005779385744719 0.023742000388311112
-0.71326371084552254 -0.95866502783721885 0.002175900360886942
-0.70900849894710105 -1.040695248347834 -0.02587650920274524
-0.70396816473618751 -1.1223836291113609 -0.061349782776177489
-0.69773810464208552 -1.2011978667366281 -0.096601261692467952
-0.69000331308987717 -1.2803077810549359 -0.13108306114987661
-0.68068591093220143 -1.36018431757994 -0.16474804665228049
-0.66972906971690571 -1.4407166241368039 -0.19750604853189169
-0.65705531199813083 -1.521679832558859 -0.22926194216510529
-0.6425765093119622 -1.6027639927770589 -0.25988773437103663
-0.62620103823015472 -1.6836212483410831 -0.2892154674685532
-0.60783719049232132 -1.7639132788070719 -0.3170473558457424
-0.58739372332711171 -1.843347893245094 -0.34317121470579948
-0.56477887874965649 -1.9216986410558179 -0.36737452496130257
-0.53989932371703175 -1.998806442320108 -0.38945437329323201
-0.51266022921941679 -2.074566850569211 -0.40922266196782831
-0.48296721504783258 -2.1489089308829969 -0.42650761994073361
-0.45073025676270778 -2.2217718792830068 -0.4411535163766801
-0.41586906528245271 -2.2930842009575358 -0.45302040560254198
-0.37831908040425882 -2.3627483581261322 -0.46198502077268089
-0.33803714245555272 -2.430631946669132 -0.46794306383359913
-0.29500608153606528 -2.4965650406466211 -0.47081247756671768
-0.2492377799871083 -2.560342486197194 -0.47053697783949799
-0.2007745980641992 -2.62172958920039 -0.46708913598869228
-0.14968931654366041 -2.6804696890856792 -0.4604725082114034
-0.096083905117153298 -2.7362923828109169 -0.45072257895683138
-0.040087476783742977 -2.7889215179289168 -0.43790652484867038
0.018146235500165229 -2.8380824154249802 -0.4221219698878374
0.078441609209529251 -2.8835080610402422 -0.40349498531340439
0.1406038782421708 -2.9249442024748462 -0.38217760375814169
0.2044217775410532 -2.9621534144427129 -0.35834508978535112
0.26967002908105481 -2.9949182587187591 -0.33219315894969792
0.33611165332423992 -3.023043689193107 -0.30393528169942879
0.40350011408472047 -3.0463588484805491 -0.27380015740982389
0.47158131466899761 -3.0647183859232232 -0.24202940292659239
0.54009546425189625 -3.0780034062921171 -0.20887547031180531
0.60877883095156504 -3.086122139646629 -0.17459978838817961
0.67736539625571679 -3.0890104075921521 -0.13947110927743789
0.74558842686976678 -3.086631948827173 -0.10376403153536019
0.81318198525030594 -3.0789786551414591 -0.067757663654157238
0.87988240779212268 -3.066070755410383 -0.031734384802994883
0.94542978733532002 -3.0479569679059599 0.0040213459533133874
1.0095695013137249 -3.0247146201413431 0.039224183931955772
1.0720538257064149 -2.9964497118875419 0.073589147952046213
1.132643666175569 -2.9632968738202492 0.10683297003541389
1.191110421045809 -2.9254191552182709 0.13867558048935669
1.247237967468396 -2.8830075630144032 0.16884174764077231
1.300824735174954 -2.8362802741279749 0.19706287323434821
1.351685805737697 -2.785481454424231 0.22307892626813769
1.399654953698461 -2.7308796395253379 0.2466404829412043
1.4445865333505681 -2.6727656612825612 0.26751083137218112
1.486357114426792 -2.611450133368943 0.28546809953541802
1.5248667843681469 -2.5472605338667149 0.30030737812313307
1.5600400725026109 -2.4805379362049851 0.31184285283240798
1.591826547291928 -2.4116334350526061 0.3199100913999674
1.620201427863093 -2.3409042625409389 0.32436904543973022
1.645167517340709 -2.2687093538179579 0.3251096312536001
1.666762808503248 -2.195403095976161 0.32206546841819528
