55.6166690824615 0 0
55.5770407471752 1.16417304558882 0.873049886544414
55.458341474041 2.32439319170884 1.74265424404519
55.2611272411086 3.47673543243595 2.60538114138771
54.986320619832 4.61733034967462 3.4578257896506
54.6352047166335 5.74239141032544 4.29662397925208
54.2094147499 6.84824167128216 5.11846535694822
53.7109273207224 7.93133970138055 5.92010649028488
53.1420474516485 8.98830453494544 6.69838366794377
52.5053934831605 10.0159394784131 7.4502253854657
51.8038799323995 11.0112545995975 8.1726644670754
51.0406984327411 11.9714877384627 8.8628497757688
50.2192968860782 12.8941238886958 9.51805746544814
49.3433569719983 13.7769128108697 10.1357017306982
48.4167701693631 14.6178847504668 10.7133450117788
47.4436124560356 15.4153641474068 11.2487076145598
46.4281178615728 16.1679812379037 11.7396767074317
45.3746510555616 16.8746814643523 12.1843146596875
44.2876791608469 17.5347326244264 12.5808666884654
43.1717429861623 18.1477297065345 12.9277677840752
42.0314278765648 18.7135973751235 13.2236488863765
40.8713343825868 19.2325900859275 13.4673422878339
39.6960489501253 19.7052898280078 13.6578862419246
38.5101148327819 20.1326015062093 13.7945287587131
37.3180034266529 20.5157459943482 13.8767305726117
36.1240862244632 20.856250905923 13.9041672706154
34.9326075814463 21.1559391453018 13.8767305726117
33.7476584795531 21.4169153180538 13.7945287587131
32.5731514694378 21.6415500942714 13.6578862419246
31.4127969612919 21.8324626332393 13.4673422878339
30.2700810260255 21.9925011915756 13.2236488863766
29.1482448575943 22.1247220498727 12.9277677840752
28.0502660355276 22.2323669048315 12.5808666884654
26.9788417139928 22.3188388848182 12.1843146596875
25.9363738501437 22.3876773566014 11.7396767074317
24.9249565701198 22.4425316996839 11.2487076145598
23.9463657560103 22.4871342320612 10.7133450117789
23.0020509214601 22.5252724773724 10.1357017306982
22.0931294274987 22.5607609682071 9.51805746544816
21.2203830737157 22.5974127837661 8.86284977576882
20.3842570832217 22.6390110221216 8.17266446707543
19.5848614830163 22.6892804079565 7.45022538546572
18.821974864575 22.7518592359001 6.6983836679438
18.0950504927656 22.8302718473971 5.92010649028491
17.4032247147392 22.9279018354886 5.11846535694826
16.7453276043203 23.0479661669533 4.29662397925211
16.119895761765 23.1934904049979 3.45782578965065
15.5251871736653 23.3672852081439 2.60538114138776
14.9591980233703 23.5719242721729 1.74265424404523
14.4196813286552 23.8097238720448 0.87304988654446
13.9041672706154 24.0827241496421 5.11002384130659e-14
13.4099850659561 24.3926722811139 -0.873049886544364
12.9342862240997 24.741007644567 -1.74265424404514
12.4740690208963 25.1288490949744 -2.60538114138766
12.0262040122764 25.5569844385445 -3.45782578965055
11.5874604039857 26.0258621835108 -4.29662397925203
11.1545330876395 26.5355856284776 -5.11846535694816
10.7240701487678 27.0859093331956 -5.92010649028483
10.2927006493297 27.6762380000641 -6.69838366794372
9.85706248537083 28.3056277778697 -7.45022538546564
9.41383012010243 28.9727899824036 -8.17266446707535
8.95974199368692 29.6760972117581 -8.86284977576874
8.49162741342644 30.4135918174149 -9.5180574654481
8.00643273184095 31.1829966758139 -10.1357017306981
7.50124662527057 31.9817281890492 -10.7133450117788
6.97332429210395 32.8069114277895 -11.2487076145597
6.4201103974747 33.6553973145755 -11.7396767074316
5.83926060022819 34.5237817314061 -12.1843146596875
5.22866150807682 35.4084264220943 -12.5808666884654
4.58644891806245 36.305481547342 -12.9277677840752
3.91102421165139 37.2109097389391 -13.2236488863765
3.20106878691383 38.120511489021 -13.4673422878339
2.45555642419371 39.0299517009871 -13.6578862419246
1.67376349635821 39.9347872205611 -13.7945287587131
0.855276950025927 40.8304951586161 -13.8767305726117
9.04030777189034e-14 41.712501811846 -13.9041672706154
-0.891844504632007 42.5762119831702 -13.8767305726117
-1.81971306774475 43.4170385009496 -13.7945287587131
-2.78274289507277 44.230431734683 -13.6578862419246
-3.77975559630732 45.0119089048522 -13.4673422878339
-4.80926321523158 45.7570829860002 -13.2236488863766
-5.86947654620869 46.4616910049364 -12.9277677840752
-6.9583156791023 47.1216215401613 -12.5808666884654
-8.07342269888124 47.7329412341468 -12.1843146596875
-9.21217645085159 48.2919201369719 -11.7396767074317
-10.3717092677756 48.795055707934 -11.2487076145598
-11.5489255411842 49.2390953110944 -10.7133450117789
-12.7405220060627 49.6210570511894 -10.1357017306982
-13.9430095958848 49.9382488078844 -9.51805746544816
-15.1527367137679 50.1882853388857 -8.8628497757688
-16.3659137554101 50.3691033358556 -8.17266446707541
-17.578638710507 50.4789743313214 -7.4502253854657
-18.7869236616106 50.5165153697184 -6.69838366794376
-19.9867219929216 50.4806973712555 -5.92010649028488
-21.1739561163645 50.3708511333413 -5.1184653569482
-22.3445455185014 50.1866709307307 -4.29662397925206
-23.4944349294329 49.9282156922479 -3.45782578965059
-24.6196224138273 49.5959077487823 -2.60538114138768
-25.7161871846171 49.190529164126 -1.74265424404515
-26.7803169417067 48.713215677011 -0.873049886544363
-27.8083345412308 48.1654482992842 4.59920989378045e-14
-28.7967238054687 47.5490426314222 0.873049886544455
-29.742154289424 46.8661359724171 1.74265424404525
-30.6415048272814 46.1191723163463 2.60538114138778
-31.4918856903992 45.3108853425732 3.45782578965068
-32.2906591981322 44.4442795204052 4.29662397925214
-33.0354586335356 43.5226094620591 5.11846535694831
-33.7242053278009 42.5493576698749 5.92010649028496
-34.3551237900379 41.5282108347728 6.69838366794385
-34.9267547726535 40.4630348529082 7.45022538546578
-35.4379661769895 39.357848736258 8.1726644670755
-35.8879617189732 38.2167976004229 8.86284977576889
-36.2762872901935 37.0441249191885 9.51805746544822
-36.6028349659356 35.8441442403195 10.1357017306983
-36.867844628179 34.6212105606275 10.7133450117789
-37.0719031882599 33.379691560527 11.2487076145598
-37.2159414107212 32.1239388990681 11.7396767074318
-37.3012283566803 30.8582597697944 12.1843146596876
-37.3293634817445 29.5868889157347 12.5808666884655
-37.3022664399536 28.3139612984017 12.9277677840753
-37.2221646613331 27.0434856108765 13.2236488863766
-37.0915787862793 25.7793188189245 13.4673422878339
-36.9133060550524 24.525141906675 13.6578862419246
-36.690401765037 23.2844369947401 13.7945287587131
-36.4261589220207 22.0604659888218 13.8767305726117
-36.1240862244631 20.8562509059228 13.9041672706154
-35.787884531472 19.6745560133142 13.8767305726117
-35.4214219759111 18.5178719025071 13.7945287587131
-35.0287078936313 17.3884016067156 13.6578862419245
-34.6138657482056 16.2880488557815 13.4673422878338
-34.1811052376766 15.2184085473633 13.2236488863765
-33.7346937756565 14.1807594974691 12.9277677840751
-33.2789275436042 13.1760595172626 12.5808666884653
-32.8181023142208 12.2049428465877 12.1843146596874
-32.3564842476182 11.2677199579739 11.7396767074316
-31.8982808622236 10.3643797281054 11.2487076145596
-31.4476123812806 9.49459395698779 10.7133450117787
-31.0084836533009 8.65772419844125 10.135701730698
-30.5847568409249 7.85283084920762 9.51805746544796
-30.1801250674024 7.07868442799179 8.86284977576861
-29.7980872033239 6.33377896028181 8.17266446707517
-29.4419239683869 5.61634736991296 7.45022538546545
-29.1146755139045 4.92437876416378 6.69838366794353
-28.8191206415333 4.25563748579836 5.92010649028463
-28.5577578023785 3.60768379298877 5.11846535694795
-28.3327880083059 2.97789601655731 4.29662397925178
-28.1460997740412 2.36349403354634 3.4578257896503
-27.9992561945616 1.76156388683033 2.60538114138741
-27.8934842474699 1.1690833723939 1.74265424404487
-27.8296663946112 0.5829484090689 0.873049886544094
-27.8083345412307 -2.06534056015402e-13 -3.15975774679934e-13
-27.8296663946112 -0.582948409069326 -0.873049886544725
-27.8934842474699 -1.16908337239432 -1.74265424404547
-27.9992561945617 -1.76156388683074 -2.60538114138801
-28.1460997740414 -2.36349403354675 -3.45782578965087
-28.332788008306 -2.97789601655772 -4.29662397925233
-28.5577578023787 -3.60768379298918 -5.11846535694847
-28.8191206415334 -4.25563748579876 -5.92010649028511
-29.1146755139047 -4.92437876416419 -6.69838366794399
-29.4419239683871 -5.61634736991337 -7.45022538546588
-29.7980872033242 -6.33377896028224 -8.1726644670756
-30.1801250674026 -7.07868442799219 -8.86284977576896
-30.5847568409251 -7.85283084920804 -9.51805746544829
-31.0084836533011 -8.65772419844168 -10.1357017306983
-31.4476123812809 -9.49459395698824 -10.713345011779
-31.8982808622238 -10.3643797281058 -11.2487076145599
-32.3564842476184 -11.2677199579743 -11.7396767074318
-32.818102314221 -12.2049428465881 -12.1843146596876
-33.2789275436044 -13.1760595172631 -12.5808666884655
-33.7346937756567 -14.1807594974696 -12.9277677840753
-34.1811052376768 -15.2184085473637 -13.2236488863766
-34.6138657482057 -16.2880488557819 -13.4673422878339
-35.0287078936315 -17.388401606716 -13.6578862419246
-35.4214219759113 -18.5178719025076 -13.7945287587131
-35.7878845314721 -19.6745560133146 -13.8767305726117
-36.1240862244632 -20.8562509059232 -13.9041672706154
-36.4261589220208 -22.0604659888222 -13.8767305726117
-36.690401765037 -23.2844369947405 -13.7945287587131
-36.9133060550525 -24.5251419066753 -13.6578862419246
-37.0915787862793 -25.7793188189248 -13.4673422878339
-37.2221646613331 -27.0434856108768 -13.2236488863765
-37.3022664399536 -28.313961298402 -12.9277677840752
-37.3293634817445 -29.5868889157349 -12.5808666884654
-37.3012283566803 -30.8582597697946 -12.1843146596875
-37.2159414107212 -32.1239388990683 -11.7396767074317
-37.0719031882599 -33.3796915605272 -11.2487076145598
-36.8678446281789 -34.6212105606277 -10.7133450117788
-36.6028349659356 -35.8441442403197 -10.1357017306982
-36.2762872901935 -37.0441249191886 -9.51805746544818
-35.8879617189732 -38.216797600423 -8.86284977576882
-35.4379661769895 -39.357848736258 -8.17266446707545
-34.9267547726535 -40.4630348529083 -7.45022538546575
-34.3551237900379 -41.5282108347728 -6.69838366794383
-33.7242053278009 -42.5493576698749 -5.92010649028494
-33.0354586335356 -43.5226094620591 -5.11846535694829
-32.2906591981322 -44.4442795204052 -4.29662397925215
-31.4918856903992 -45.3108853425732 -3.45782578965069
-30.6415048272814 -46.1191723163463 -2.60538114138783
-29.7421542894241 -46.8661359724171 -1.74265424404533
-28.7967238054688 -47.5490426314222 -0.873049886544515
-27.8083345412309 -48.1654482992841 -1.30304665770295e-13
-26.7803169417068 -48.713215677011 0.873049886544254
-25.7161871846172 -49.1905291641259 1.74265424404503
-24.6196224138275 -49.5959077487822 2.60538114138757
-23.4944349294331 -49.9282156922479 3.45782578965043
-22.3445455185016 -50.1866709307306 4.29662397925191
-21.1739561163647 -50.3708511333413 5.11846535694805
-19.9867219929218 -50.4806973712555 5.92010649028471
-18.7869236616109 -50.5165153697184 6.6983836679436
-17.5786387105073 -50.4789743313214 7.45022538546553
-16.3659137554104 -50.3691033358556 8.17266446707522
-15.1527367137683 -50.1882853388858 8.8628497757686
-13.9430095958851 -49.9382488078845 9.51805746544799
-12.740522006063 -49.6210570511895 10.135701730698
-11.5489255411845 -49.2390953110946 10.7133450117787
-10.371709267776 -48.7950557079342 11.2487076145596
-9.21217645085198 -48.2919201369721 11.7396767074315
-8.07342269888166 -47.7329412341471 12.1843146596874
-6.95831567910273 -47.1216215401615 12.5808666884653
-5.86947654620914 -46.4616910049367 12.9277677840751
-4.80926321523204 -45.7570829860005 13.2236488863764
-3.77975559630776 -45.0119089048525 13.4673422878338
-2.78274289507321 -44.2304317346833 13.6578862419245
-1.8197130677452 -43.41703850095 13.7945287587131
-0.891844504632471 -42.5762119831706 13.8767305726117
-3.36604820567693e-13 -41.7125018118464 13.9041672706154
0.8552769500255 -40.8304951586166 13.8767305726117
1.67376349635778 -39.9347872205616 13.7945287587132
2.45555642419329 -39.0299517009876 13.6578862419247
3.20106878691342 -38.1205114890215 13.467342287834
3.91102421165101 -37.2109097389396 13.2236488863767
4.58644891806208 -36.3054815473425 12.9277677840753
5.22866150807645 -35.4084264220948 12.5808666884656
5.83926060022783 -34.5237817314066 12.1843146596877
6.42011039747437 -33.655397314576 11.7396767074319
6.97332429210363 -32.80691142779 11.24870761456
7.50124662527026 -31.9817281890496 10.7133450117791
8.00643273184064 -31.1829966758144 10.1357017306985
8.49162741342616 -30.4135918174153 9.51805746544847
8.95974199368663 -29.6760972117585 8.86284977576916
9.41383012010214 -28.9727899824041 8.17266446707581
9.85706248537054 -28.3056277778701 7.45022538546612
10.2927006493294 -27.6762380000645 6.69838366794422
10.7240701487675 -27.085909333196 5.92010649028535
11.1545330876392 -26.535585628478 5.11846535694871
11.5874604039854 -26.0258621835111 4.29662397925258
12.0262040122761 -25.5569844385448 3.45782578965114
12.474069020896 -25.1288490949747 2.60538114138824
12.9342862240994 -24.7410076445673 1.74265424404573
13.4099850659557 -24.3926722811142 0.873049886544985
13.904167270615 -24.0827241496423 6.01283868847848e-13
14.4196813286548 -23.809723872045 -0.873049886543809
14.9591980233699 -23.5719242721731 -1.74265424404461
15.5251871736649 -23.367285208144 -2.60538114138711
16.1198957617645 -23.1934904049981 -3.45782578965
16.7453276043198 -23.0479661669534 -4.29662397925148
17.4032247147387 -22.9279018354887 -5.11846535694763
18.0950504927651 -22.8302718473972 -5.92010649028431
18.8219748645744 -22.7518592359002 -6.69838366794321
19.5848614830157 -22.6892804079566 -7.45022538546515
20.384257083221 -22.6390110221216 -8.17266446707483
21.220383073715 -22.5974127837662 -8.86284977576829
22.0931294274979 -22.5607609682071 -9.51805746544763
23.0020509214594 -22.5252724773724 -10.1357017306977
23.9463657560095 -22.4871342320612 -10.7133450117784
24.924956570119 -22.442531699684 -11.2487076145594
25.9363738501429 -22.3876773566015 -11.7396767074313
26.9788417139919 -22.3188388848183 -12.1843146596871
28.0502660355266 -22.2323669048316 -12.5808666884651
29.1482448575933 -22.1247220498728 -12.9277677840749
30.2700810260245 -21.9925011915758 -13.2236488863763
31.4127969612909 -21.8324626332394 -13.4673422878337
32.5731514694368 -21.6415500942716 -13.6578862419244
33.747658479552 -21.416915318054 -13.794528758713
34.9326075814452 -21.155939145302 -13.8767305726117
36.124086224462 -20.8562509059233 -13.9041672706154
37.3180034266518 -20.5157459943485 -13.8767305726118
38.5101148327807 -20.1326015062097 -13.7945287587132
39.6960489501243 -19.7052898280082 -13.6578862419247
40.8713343825856 -19.232590085928 -13.4673422878341
42.0314278765637 -18.713597375124 -13.2236488863768
43.1717429861612 -18.1477297065351 -12.9277677840755
44.2876791608458 -17.5347326244271 -12.5808666884658
45.3746510555605 -16.874681464353 -12.1843146596879
46.4281178615718 -16.1679812379044 -11.7396767074322
47.4436124560346 -15.4153641474076 -11.2487076145603
48.4167701693621 -14.6178847504676 -10.7133450117794
49.3433569719974 -13.7769128108706 -10.1357017306988
50.2192968860774 -12.8941238886967 -9.51805746544883
51.0406984327403 -11.9714877384637 -8.86284977576952
51.8038799323987 -11.0112545995986 -8.17266446707617
52.5053934831597 -10.0159394784142 -7.4502253854665
53.1420474516478 -8.98830453494656 -6.69838366794461
53.7109273207218 -7.93133970138172 -5.92010649028575
54.2094147498995 -6.84824167128339 -5.11846535694912
54.635204716633 -5.74239141032672 -4.29662397925305
54.9863206198317 -4.61733034967589 -3.45782578965155
55.2611272411084 -3.47673543243726 -2.60538114138868
55.4583414740408 -2.32439319171018 -1.74265424404617
55.5770407471752 -1.16417304559019 -0.873049886545455

27.8083345412319 48.1654482992835 -9.98166784043432e-13
26.7803169417078 48.7132156770105 0.873049886543364
25.7161871846183 49.1905291641255 1.74265424404419
24.6196224138286 49.5959077487819 2.60538114138677
23.4944349294342 49.9282156922476 3.45782578964966
22.3445455185026 50.1866709307305 4.29662397925115
21.1739561163657 50.3708511333412 5.11846535694736
19.9867219929228 50.4806973712554 5.92010649028408
18.7869236616118 50.5165153697184 6.69838366794299
17.5786387105082 50.4789743313215 7.45022538546494
16.3659137554113 50.3691033358557 8.17266446707471
15.1527367137691 50.1882853388859 8.86284977576818
13.9430095958859 49.9382488078847 9.51805746544755
12.7405220060638 49.6210570511897 10.1357017306976
11.5489255411853 49.2390953110948 10.7133450117784
10.3717092677767 48.7950557079344 11.2487076145593
9.21217645085262 48.2919201369724 11.7396767074313
8.07342269888225 47.7329412341474 12.1843146596871
6.95831567910325 47.1216215401618 12.5808666884651
5.8694765462096 46.461691004937 12.927767784075
4.80926321523245 45.7570829860008 13.2236488863763
3.77975559630816 45.0119089048528 13.4673422878337
2.78274289507355 44.2304317346836 13.6578862419245
1.81971306774549 43.4170385009502 13.794528758713
0.891844504632706 42.5762119831708 13.8767305726117
5.63580856314364e-13 41.7125018118467 13.9041672706154
-0.855276950025318 40.8304951586168 13.8767305726117
-1.67376349635764 39.9347872205617 13.7945287587132
-2.45555642419319 39.0299517009877 13.6578862419247
-3.20106878691335 38.1205114890216 13.467342287834
-3.91102421165094 37.2109097389396 13.2236488863767
-4.58644891806204 36.3054815473426 12.9277677840753
-5.22866150807645 35.4084264220948 12.5808666884656
-5.83926060022785 34.5237817314066 12.1843146596877
-6.42011039747439 33.6553973145759 11.7396767074319
-6.97332429210367 32.8069114277899 11.24870761456
-7.50124662527032 31.9817281890495 10.7133450117791
-8.00643273184073 31.1829966758142 10.1357017306984
-8.49162741342623 30.4135918174152 9.51805746544836
-8.95974199368672 29.6760972117584 8.86284977576899
-9.41383012010225 28.9727899824039 8.17266446707561
-9.85706248537067 28.3056277778699 7.45022538546592
-10.2927006493295 27.6762380000643 6.69838366794396
-10.7240701487677 27.0859093331958 5.92010649028504
-11.1545330876394 26.5355856284778 5.11846535694839
-11.5874604039856 26.0258621835109 4.29662397925225
-12.0262040122763 25.5569844385446 3.45782578965074
-12.4740690208962 25.1288490949745 2.60538114138781
-12.9342862240996 24.7410076445671 1.74265424404529
-13.409985065956 24.392672281114 0.87304988654452
-13.9041672706153 24.0827241496421 6.13165173635887e-14
-14.4196813286552 23.8097238720449 -0.873049886544397
-14.9591980233702 23.5719242721729 -1.74265424404517
-15.5251871736653 23.3672852081439 -2.60538114138769
-16.1198957617649 23.1934904049979 -3.45782578965062
-16.7453276043203 23.0479661669533 -4.29662397925214
-17.4032247147392 22.9279018354886 -5.11846535694827
-18.0950504927656 22.8302718473971 -5.92010649028493
-18.821974864575 22.7518592359001 -6.69838366794386
-19.5848614830164 22.6892804079566 -7.45022538546581
-20.3842570832218 22.6390110221216 -8.17266446707551
-21.2203830737158 22.5974127837661 -8.8628497757689
-22.0931294274988 22.5607609682071 -9.51805746544827
-23.0020509214603 22.5252724773724 -10.1357017306983
-23.9463657560105 22.4871342320612 -10.713345011779
-24.9249565701201 22.4425316996839 -11.2487076145599
-25.936373850144 22.3876773566014 -11.7396767074318
-26.9788417139931 22.3188388848182 -12.1843146596876
-28.0502660355279 22.2323669048315 -12.5808666884655
-29.1482448575946 22.1247220498727 -12.9277677840753
-30.2700810260259 21.9925011915756 -13.2236488863767
-31.4127969612924 21.8324626332392 -13.467342287834
-32.5731514694383 21.6415500942713 -13.6578862419247
-33.7476584795537 21.4169153180537 -13.7945287587132
-34.9326075814469 21.1559391453016 -13.8767305726117
-36.1240862244638 20.8562509059229 -13.9041672706154
-37.3180034266536 20.515745994348 -13.8767305726117
-38.5101148327825 20.132601506209 -13.794528758713
-39.696048950126 19.7052898280075 -13.6578862419245
-40.8713343825875 19.2325900859272 -13.4673422878338
-42.0314278765655 18.7135973751232 -13.2236488863764
-43.1717429861631 18.1477297065341 -12.927767784075
-44.2876791608476 17.534732624426 -12.5808666884652
-45.3746510555623 16.8746814643518 -12.1843146596872
-46.4281178615735 16.1679812379032 -11.7396767074314
-47.4436124560362 15.4153641474062 -11.2487076145594
-48.4167701693638 14.6178847504662 -10.7133450117784
-49.343356971999 13.7769128108691 -10.1357017306977
-50.2192968860789 12.8941238886951 -9.51805746544764
-51.0406984327417 11.971487738462 -8.86284977576827
-51.8038799324001 11.0112545995967 -8.17266446707481
-52.505393483161 10.0159394784122 -7.45022538546504
-53.142047451649 8.98830453494453 -6.6983836679431
-53.7109273207228 7.93133970137958 -5.92010649028419
-54.2094147499004 6.84824167128115 -5.11846535694747
-54.6352047166339 5.74239141032439 -4.29662397925127
-54.9863206198323 4.61733034967352 -3.45782578964978
-55.2611272411088 3.47673543243482 -2.60538114138689
-55.4583414740411 2.32439319170766 -1.74265424404431
-55.5770407471753 1.16417304558762 -0.873049886543486
-55.6166690824615 -1.22595676313802e-12 9.249312745709e-13
-55.5770407471752 -1.16417304559007 0.873049886545332
-55.4583414740408 -2.32439319171011 1.74265424404615
-55.2611272411083 -3.47673543243724 2.60538114138871
-54.9863206198316 -4.61733034967591 3.45782578965157
-54.635204716633 -5.74239141032675 4.29662397925303
-54.2094147498994 -6.84824167128346 5.11846535694919
-53.7109273207217 -7.93133970138184 5.92010649028587
-53.1420474516477 -8.98830453494672 6.69838366794472
-52.5053934831596 -10.0159394784144 7.4502253854666
-51.8038799323986 -11.0112545995987 8.17266446707631
-51.0406984327401 -11.9714877384639 8.8628497757697
-50.2192968860771 -12.894123888697 9.51805746544899
-49.3433569719971 -13.7769128108709 10.135701730699
-48.4167701693617 -14.617884750468 10.7133450117797
-47.4436124560341 -15.4153641474079 11.2487076145605
-46.4281178615713 -16.1679812379048 11.7396767074324
-45.3746510555599 -16.8746814643533 12.1843146596881
-44.2876791608452 -17.5347326244274 12.580866688466
-43.1717429861606 -18.1477297065354 12.9277677840757
-42.031427876563 -18.7135973751244 13.223648886377
-40.8713343825849 -19.2325900859283 13.4673422878342
-39.6960489501234 -19.7052898280085 13.6578862419249
-38.5101148327799 -20.13260150621 13.7945287587133
-37.3180034266509 -20.5157459943488 13.8767305726118
-36.1240862244611 -20.8562509059236 13.9041672706154
-34.9326075814442 -21.1559391453022 13.8767305726116
-33.747658479551 -21.4169153180542 13.7945287587129
-32.5731514694357 -21.6415500942718 13.6578862419243
-31.4127969612898 -21.8324626332396 13.4673422878335
-30.2700810260234 -21.9925011915759 13.223648886376
-29.1482448575922 -22.124722049873 12.9277677840746
-28.0502660355255 -22.2323669048317 12.5808666884647
-26.9788417139908 -22.3188388848184 12.1843146596867
-25.9363738501417 -22.3876773566015 11.7396767074308
-24.9249565701179 -22.442531699684 11.2487076145588
-23.9463657560084 -22.4871342320613 10.7133450117778
-23.0020509214583 -22.5252724773725 10.135701730697
-22.0931294274969 -22.5607609682071 9.51805746544685
-21.2203830737139 -22.5974127837662 8.86284977576743
-20.38425708322 -22.6390110221217 8.17266446707398
-19.5848614830146 -22.6892804079567 7.45022538546417
-18.8219748645734 -22.7518592359003 6.69838366794215
-18.0950504927641 -22.8302718473973 5.92010649028321
-17.4032247147377 -22.9279018354889 5.11846535694651
-16.7453276043189 -23.0479661669536 4.29662397925028
-16.1198957617636 -23.1934904049983 3.45782578964873
-15.525187173664 -23.3672852081443 2.60538114138582
-14.959198023369 -23.5719242721734 1.74265424404328
-14.419681328654 -23.8097238720454 0.873049886542452
-13.9041672706142 -24.0827241496428 -2.00997411701468e-12
-13.4099850659549 -24.3926722811147 -0.873049886546415
-12.9342862240986 -24.7410076445679 -1.74265424404717
-12.4740690208952 -25.1288490949754 -2.60538114138972
-12.0262040122753 -25.5569844385456 -3.45782578965263
-11.5874604039846 -26.025862183512 -4.29662397925406
-11.1545330876384 -26.5355856284789 -5.11846535695016
-10.7240701487667 -27.0859093331971 -5.9201064902868
-10.2927006493286 -27.6762380000656 -6.69838366794567
-9.85706248536971 -28.3056277778713 -7.45022538546752
-9.41383012010126 -28.9727899824054 -8.17266446707715
-8.95974199368571 -29.67609721176 -8.86284977577049
-8.4916274134252 -30.4135918174169 -9.51805746544978
-8.00643273183963 -31.1829966758159 -10.1357017306997
-7.50124662526919 -31.9817281890513 -10.7133450117803
-6.97332429210249 -32.8069114277917 -11.2487076145611
-6.42011039747316 -33.6553973145779 -11.7396767074329
-5.83926060022655 -34.5237817314085 -12.1843146596886
-5.22866150807508 -35.4084264220968 -12.5808666884664
-4.5864489180606 -36.3054815473446 -12.9277677840761
-3.91102421164943 -37.2109097389417 -13.2236488863773
-3.20106878691177 -38.1205114890235 -13.4673422878345
-2.45555642419152 -39.0299517009897 -13.657886241925
-1.67376349635589 -39.9347872205637 -13.7945287587134
-0.855276950023483 -40.8304951586188 -13.8767305726119
2.47436694684633e-12 -41.7125018118486 -13.9041672706154
0.8918445046347 -42.5762119831727 -13.8767305726115
1.81971306774756 -43.417038500952 -13.7945287587128
2.7827428950757 -44.2304317346853 -13.6578862419241
3.77975559631037 -45.0119089048545 -13.4673422878332
4.80926321523473 -45.7570829860024 -13.2236488863758
5.86947654621196 -46.4616910049385 -12.9277677840742
6.95831567910567 -47.1216215401633 -12.5808666884643
8.07342269888471 -47.7329412341486 -12.1843146596862
9.21217645085513 -48.2919201369735 -11.7396767074303
10.3717092677792 -48.7950557079355 -11.2487076145582
11.5489255411879 -49.2390953110958 -10.7133450117771
12.7405220060664 -49.6210570511905 -10.1357017306963
13.9430095958886 -49.9382488078853 -9.51805746544617
15.1527367137718 -50.1882853388864 -8.86284977576667
16.3659137554139 -50.3691033358561 -8.17266446707314
17.5786387105109 -50.4789743313217 -7.45022538546334
18.7869236616145 -50.5165153697184 -6.69838366794133
19.9867219929254 -50.4806973712553 -5.92010649028232
21.1739561163683 -50.3708511333409 -5.11846535694555
22.3445455185052 -50.18667093073 -4.29662397924935
23.4944349294367 -49.9282156922469 -3.45782578964782
24.619622413831 -49.5959077487811 -2.60538114138485
25.7161871846207 -49.1905291641245 -1.74265424404226
26.7803169417101 -48.7132156770093 -0.873049886541468
27.8083345412342 -48.1654482992822 2.94682438369452e-12
28.796723805472 -47.54904263142 0.873049886547399
29.7421542894271 -46.8661359724147 1.7426542440482
30.6415048272843 -46.1191723163437 2.60538114139069
31.491885690402 -45.3108853425704 3.45782578965353
32.2906591981348 -44.4442795204021 4.296623979255
33.0354586335381 -43.5226094620558 5.11846535695112
33.7242053278032 -42.5493576698714 5.92010649028769
34.35512379004 -41.5282108347692 6.69838366794649
34.9267547726554 -40.4630348529044 7.45022538546835
35.4379661769912 -39.357848736254 8.17266446707799
35.8879617189748 -38.2167976004188 8.86284977577122
36.2762872901948 -37.0441249191843 9.51805746545046
36.6028349659367 -35.8441442403152 10.1357017307004
36.8678446281798 -34.6212105606231 10.7133450117809
37.0719031882605 -33.3796915605225 11.2487076145617
37.2159414107216 -32.1239388990635 11.7396767074334
37.3012283566805 -30.8582597697898 12.1843146596891
37.3293634817445 -29.58688891573 12.5808666884668
37.3022664399534 -28.3139612983971 12.9277677840764
37.2221646613327 -27.0434856108719 13.2236488863776
37.0915787862787 -25.7793188189199 13.4673422878347
36.9133060550517 -24.5251419066704 13.6578862419252
36.690401765036 -23.2844369947355 13.7945287587135
36.4261589220197 -22.0604659888173 13.8767305726119
36.1240862244619 -20.8562509059183 13.9041672706154
35.7878845314707 -19.6745560133098 13.8767305726115
35.4214219759098 -18.5178719025029 13.7945287587127
35.0287078936298 -17.3884016067114 13.6578862419239
34.6138657482039 -16.2880488557774 13.467342287833
34.1811052376749 -15.2184085473592 13.2236488863754
33.7346937756547 -14.1807594974652 12.9277677840739
33.2789275436024 -13.1760595172588 12.5808666884639
32.818102314219 -12.204942846584 12.1843146596858
32.3564842476164 -11.2677199579703 11.7396767074297
31.8982808622218 -10.364379728102 11.2487076145576
31.4476123812789 -9.49459395698446 10.7133450117765
31.0084836532992 -8.65772419843802 10.1357017306957
30.5847568409233 -7.85283084920449 9.51805746544541
30.1801250674008 -7.07868442798875 8.86284977576588
29.7980872033225 -6.33377896027891 8.17266446707238
29.4419239683856 -5.61634736991014 7.4502253854625
29.1146755139032 -4.92437876416105 6.69838366794042
28.8191206415322 -4.25563748579571 5.92010649028147
28.5577578023776 -3.60768379298619 5.11846535694467
28.3327880083051 -2.97789601655478 4.29662397924841
28.1460997740406 -2.36349403354386 3.45782578964682
27.9992561945611 -1.76156388682788 2.60538114138384
27.8934842474695 -1.16908337239149 1.74265424404133
27.829666394611 -0.582948409066489 0.873049886540484
27.8083345412307 2.63603157495244e-12 -3.98246970088366e-12
27.8296663946114 0.582948409071775 -0.873049886548334
27.8934842474703 1.16908337239681 -1.74265424404913
27.9992561945622 1.76156388683328 -2.60538114139166
28.1460997740421 2.36349403354936 -3.45782578965454
28.3327880083069 2.97789601656041 -4.29662397925598
28.5577578023798 3.60768379299196 -5.11846535695199
28.8191206415347 4.25563748580166 -5.92010649028859
29.1146755139061 4.9243787641672 -6.6983836679474
29.4419239683887 5.61634736991651 -7.45022538546914
29.7980872033258 6.33377896028552 -8.17266446707874
30.1801250674044 7.07868442799564 -8.86284977577201
30.5847568409271 7.85283084921164 -9.51805746545122
31.0084836533031 8.65772419844546 -10.1357017307011
31.4476123812829 9.49459395699217 -10.7133450117815
31.8982808622259 10.36437972811 -11.2487076145623
32.3564842476206 11.2677199579786 -11.739676707434
32.8181023142231 12.2049428465926 -12.1843146596895
33.2789275436065 13.1760595172677 -12.5808666884672
33.7346937756589 14.1807594974744 -12.9277677840768
34.181105237679 15.2184085473688 -13.2236488863779
34.6138657482078 16.2880488557872 -13.467342287835
35.0287078936334 17.3884016067214 -13.6578862419254
35.4214219759132 18.5178719025132 -13.7945287587137
35.7878845314739 19.6745560133204 -13.876730572612
36.1240862244647 20.8562509059291 -13.9041672706154
36.4261589220222 22.0604659888283 -13.8767305726114
36.6904017650383 23.2844369947467 -13.7945287587125
36.9133060550535 24.5251419066817 -13.6578862419237
37.0915787862802 25.7793188189313 -13.4673422878327
37.2221646613337 27.0434856108834 -13.2236488863751
37.3022664399539 28.3139612984086 -12.9277677840735
37.3293634817446 29.5868889157416 -12.5808666884634
37.3012283566799 30.8582597698012 -12.1843146596853
37.2159414107206 32.1239388990749 -11.7396767074292
37.071903188259 33.3796915605338 -11.248707614557
36.8678446281777 34.6212105606343 -10.7133450117758
36.602834965934 35.8441442403262 -10.135701730695
36.2762872901915 37.044124919195 -9.51805746544473
35.8879617189709 38.2167976004293 -8.86284977576516
35.4379661769868 39.3578487362642 -8.17266446707154
34.9267547726505 40.4630348529142 -7.45022538546171
34.3551237900346 41.5282108347786 -6.6983836679396
33.7242053277972 42.5493576698805 -5.92010649028044
33.0354586335315 43.5226094620645 -5.11846535694371
32.2906591981278 44.4442795204103 -4.29662397924742
31.4918856903944 45.310885342578 -3.45782578964582
30.6415048272764 46.1191723163508 -2.60538114138282
29.7421542894187 46.8661359724213 -1.7426542440402
28.7967238054631 47.5490426314259 -0.87304988653945
