2.1039814685568499 -0.00019386708197303621 -4.4584365080557262e-05
2.1028546063635272 0.037824454870804283 0.026999834097771031
2.0996422780305588 0.076174320808764379 0.054133150607948342
2.0942762798340482 0.1135733987866963 0.080646426320104811
2.08657014461301 0.15183822856328699 0.10768812073005669
2.0770749049616 0.18892019610249811 0.13375367042233019
2.0652216117922171 0.22583540064136429 0.1597007787245279
2.051244219864548 0.26270624530995662 0.18549389781975101
2.0354030902254499 0.29858153802000731 0.21040128488912371
2.017352063224009 0.33401886379069828 0.23498304719595969
1.997198293204772 0.36902207085491101 0.25908393701286908
1.975421125502719 0.40289914809219263 0.28215776610883703
1.951368873691147 0.43647048657949111 0.30471602145657539
1.9257773579048301 0.4686043742859955 0.32623974328189792
1.8979375814957311 0.50052789913936291 0.34715816700092872
1.868905108289274 0.53089597425256851 0.36671187436184222
1.837762681385597 0.56067851905507982 0.3854383993502648
1.805216282491513 0.58910694832572919 0.40299247962098927
1.7709374388232431 0.61658811900843391 0.41943003843132481
1.735522138019973 0.64282091829746413 0.43441568616041171
1.698603165989633 0.6679635798984036 0.4480646733293564
1.6600853016050729 0.69206312979417106 0.46043991554194752
1.620932700406011 0.71447557661600414 0.4712350742820533
1.580031882956491 0.73608022128508477 0.48066887012125709
1.5389682881855771 0.75605773649007912 0.48830557655905299
1.496345080124349 0.77497526619232271 0.49436661233229962
1.4535068618273981 0.79231646962053948 0.49862779207153513
1.4092749284623329 0.80864290190429611 0.50119412797977203
1.365174227572219 0.82348841539969519 0.50194992626289925
1.3202092086167829 0.8371559999207705 0.50088296521135178
1.2754893874585651 0.84931430881435865 0.49787538333980191
1.230369350379835 0.86029205201454229 0.49284461704835469
1.184924511561998 0.87005648980229899 0.48581786082001122
1.139703242280707 0.87859093465745108 0.47681209652664208
1.095350433384501 0.88583394372900059 0.46581972646605591
1.050555632010534 0.89206510801648731 0.45246555991991139
1.0067351448681641 0.89723861433597829 0.43712735756169457
0.96373754443337367 0.90134220511994745 0.419679045049693
0.92117897465037646 0.90464378363653586 0.39980862369037951
0.88041748206538117 0.90708355016989151 0.37807272268287367
0.84005033602256751 0.9088963068389061 0.35354956862763143
0.80150835863615233 0.91024106241845137 0.32701393933314749
0.76483316502070076 0.91124486464405952 0.29829281044188638
0.72976003456958938 0.91225885578099475 0.26691663006774119
0.69725037709865145 0.9136295249994677 0.233591247386154
0.66737817227885166 0.91565773061036926 0.19829008638838669
0.63947805053706031 0.91898124769444967 0.16034121507016691
0.61429923012318621 0.92395478875252324 0.1213092576186465
0.59121072460414104 0.93088856427181776 0.081384798288383825
0.56955606277876314 0.93984773976213865 0.040899750243381397
0.54895240441209592 0.95062324871694215 0.0001600494707972065
0.52931542210847804 0.96307374442994587 -0.040588675354244763
0.5106712858519229 0.97735995717304469 -0.081162050006603925
0.49313762302354802 0.99385759161567799 -0.1210316893970179
0.47617803443461842 1.0132247601017901 -0.16022681341290701
0.45951318419217208 1.0354556394723919 -0.19781238443056051
0.44260879966551447 1.0605938779522019 -0.2335357189346286
0.42539104207897199 1.08769986865848 -0.26646380087836169
0.40666836658874989 1.118087633157431 -0.29844920601952191
0.38792358282277628 1.1486075049345219 -0.32651218030777002
0.36699977274581802 1.182100549769997 -0.35369076135178368
0.34575669898449329 1.2153633435316149 -0.37767572976481423
0.32280849930434341 1.2501050409931309 -0.39983882617311911
0.29905630451131832 1.2847746189947971 -0.41942490237260771
0.27369344552707747 1.320374322448113 -0.43710493942735962
0.24752275778351071 1.3555244591061799 -0.45236996124628659
0.21979780886146169 1.391073124287783 -0.46564446898828232
0.1910772451642688 1.426212621340964 -0.47675935849558998
0.1612982731893679 1.4608740195850241 -0.48575539150614322
0.13007538067705121 1.4953195241368999 -0.49279445161385749
0.09793185815358961 1.529044506463263 -0.49785480719065861
0.065177401662202261 1.5616162257450981 -0.50086170540942632
0.03074596786192638 1.593851732048372 -0.50196895461564672
-0.0040953009343812578 1.624636008416747 -0.50121045091870753
-0.040183985106380438 1.654625617009434 -0.49866823062725102
-0.076871463241033555 1.6832320329477941 -0.49439116807021227
-0.11431051562003899 1.7105345372140119 -0.48836748031513588
-0.1523933054891865 1.7362778566626671 -0.48070134238248952
-0.19128010648141261 1.7607554264103471 -0.47132318114258182
-0.2304857390872955 1.7835651498034559 -0.4604864219489726
-0.27045061476687321 1.804828336259364 -0.44813313362738699
-0.31083223902798479 1.824316185789973 -0.43445781926614641
-0.35107454089415552 1.84181081794519 -0.41952719329785548
-0.3921594528900515 1.85781631133539 -0.40302107284646782
-0.43305722518012801 1.871787121793357 -0.38556323267754311
-0.47433012713416978 1.883872923504444 -0.36684564985700308
-0.51521125391008438 1.8938757373019259 -0.34722358366541373
-0.55675025729348759 1.901986900768651 -0.32642494112856629
-0.59742740635518987 1.908094292040289 -0.3048955398565516
-0.63846456275221841 1.9121577951995981 -0.28231560021649299
-0.6787016867861162 1.914101631090309 -0.25921774922892521
-0.71912237252884836 1.914069201395012 -0.23511638283151079
-0.75877450299422144 1.9119995132366381 -0.21056763728153971
-0.79781964569490049 1.907786868646149 -0.18560441355795479
-0.83669253739644445 1.901490259525626 -0.1598403171296337
-0.87463494657209273 1.893307230748166 -0.13385130604995871
-0.91146735433427106 1.8830186387303589 -0.107807044039912
-0.94848751815746002 1.8705669739238731 -0.080756313645582958
-0.98352568985624522 1.856539633789722 -0.054277725274882789
-1.018381326435909 1.8401431862915989 -0.02708637394781338
-1.0518411665969749 1.8221294819550951 -0.00011322432390434901
-1.084178684164105 1.8021715602015671 0.02687999889408554
-1.115802082539461 1.780209903820887 0.054075745741475348
-1.14550616061285 1.7568747697372069 0.080580174096599289
-1.174780320906514 1.731081747560512 0.1075872696390858
-1.202129656190549 1.704313574801875 0.13364325652505871
-1.228203689144141 1.6755580769864149 0.15962211576269439
-1.2531429966899119 1.6450301906264819 0.18541300846350781
-1.2762191480493219 1.61344319323779 0.2102961569815765
-1.297987803177207 1.5799512154684019 0.23499090454514199
-1.318117982527516 1.5451872760553591 0.2589295357843418
-1.3366905083433329 1.5091556566471509 0.28216956796140458
-1.3536347864205329 1.4717867820671919 0.30463584936223731
-1.3687460120642341 1.4333720327451029 0.32626643088976731
-1.3823836749840659 1.3935170017552241 0.34704165648522078
-1.394192282627122 1.3529716240880509 0.36675141956471807
-1.4044109399612239 1.3112402768014479 0.38544321519650188
-1.412831776957284 1.268741538213688 0.40297016820079889
-1.4194418929251289 1.2254979982211249 0.41935176393641249
-1.4244765295217461 1.181506540296055 0.43437912924042549
-1.42777950848035 1.1370653455873261 0.44803250055496657
-1.4293961888204869 1.091586291153561 0.46047897549322131
-1.4292528958176911 1.04660003491691 0.47121627150728662
-1.4274936681197901 1.000264954417394 0.48066752256195677
-1.4242736007428931 0.95478967465627185 0.48829592885823098
-1.4193324247504691 0.90837200525042527 0.49437572370656091
-1.412955990159122 0.86250616089042764 0.49866755208991859
-1.405022147663098 0.81627395975137007 0.50121395334612973
-1.3957700233912551 0.77056643544678161 0.50199098324022451
-1.3850799787275809 0.72483091022696211 0.50091767700651357
-1.3732316604202539 0.67993247830001835 0.49789348273961992
-1.360140884955378 0.63535468746316492 0.49289547335852052
-1.3459276691372279 0.59118425190985469 0.4858727030880779
-1.330773858735858 0.54798372023032338 0.47684629211762097
-1.3146868633458331 0.50549527945481099 0.46574358938510618
-1.297817549355766 0.46381751815358052 0.45250689312026771
-1.280400041115016 0.42341399248446632 0.43719633892435111
-1.2623327862804281 0.38379432941936797 0.41961257752703152
-1.24415333683856 0.34574559423799062 0.39997982368291729
-1.225607026080882 0.30861965010070119 0.37789222895636071
-1.207335028409541 0.27339163859274629 0.35380714351952541
-1.188915282532635 0.2387550136265941 0.32681529453923169
-1.1717238275134441 0.20704538004933459 0.29857133262901109
-1.154793224030831 0.17559187930445361 0.26667351482080232
-1.140062840234749 0.14739483609847251 0.2340197915198102
-1.126576577193563 0.1198943303052446 0.1978893747625857
-1.115660345566962 0.09440218189199942 0.1604349674497261
-1.107356450647988 0.070096760892108562 0.12138901706165101
-1.101809314907062 0.04661505490832623 0.081459006996149372
-1.098748822129139 0.023306508362326731 0.040855871175591002
-1.097788239032637 9.1943029046474885e-05 0.00014755733600512331
-1.0987586518615939 -0.023121236534784609 -0.040552570841263152
-1.10182418477008 -0.046459201915816067 -0.081212056017998857
-1.107340563693002 -0.069914392814931836 -0.1211078201044944
-1.1156211874933559 -0.094268793968747197 -0.16024701406815839
-1.1265411332792621 -0.1198534186684987 -0.19785641997782069
-1.1398813389250591 -0.14705901110713041 -0.23362768448826149
-1.1546883565641 -0.17541711018653269 -0.26645670723433779
-1.1716370818783159 -0.20687516225465721 -0.29843378436375639
-1.1887804772355559 -0.23848721573392501 -0.32663524697878338
-1.2071256390889129 -0.27302804203210129 -0.35352600777786752
-1.2255564775664101 -0.30853633059867291 -0.37783900116916069
-1.243998420989141 -0.34535161345360083 -0.39978139155322678
-1.2621875067688071 -0.38342503029938851 -0.41941501508789281
-1.2803988255112331 -0.42325472915303491 -0.43713034898645542
-1.297657581526158 -0.46331869654733171 -0.45233050005385472
-1.3146468680814569 -0.50539775604133164 -0.46571026974517321
-1.330629932635385 -0.54758843416867997 -0.47677763071998619
-1.3457844652208439 -0.59077932509811015 -0.48577222466551268
-1.3600858271488541 -0.63515257271496017 -0.49283540596044462
-1.373125267548911 -0.67953583575274301 -0.49784907059224048
-1.385030075110995 -0.72454267735176381 -0.50088372065241549
-1.395732255753904 -0.77023132461576571 -0.50196096252209665
-1.4049564395927741 -0.815934267262452 -0.5012214186849101
-1.4129058905258221 -0.8621228311974668 -0.49865869972533922
-1.419314661378666 -0.90814334983364053 -0.494378626619492
-1.424238898403444 -0.95431986452163775 -0.48833161967825761
-1.427498942970443 -1.0001048151063909 -0.4806639940629796
-1.4292346093688939 -1.046042285199632 -0.47129693512377507
-1.4293985156711271 -1.091443020683212 -0.46044993181619531
-1.4278150770673119 -1.1366767306862799 -0.44813557972165768
-1.424497685074543 -1.181278940196262 -0.43446581070903678
-1.419507730798506 -1.2251249307121139 -0.41946552907970469
-1.4128713447758769 -1.268379516023934 -0.40308015586335111
-1.404445222508609 -1.311049483154999 -0.38549392502735003
-1.3943019346930181 -1.352629101974143 -0.36688978733173888
-1.382478135379593 -1.3932353060522911 -0.34714620139865288
-1.368849747499715 -1.433013852013393 -0.3264375291070144
-1.353669872825082 -1.4715921069100339 -0.30475334313448438
-1.3368078442873921 -1.5088288855353991 -0.28236928419026319
-1.3181941102079771 -1.544956864947796 -0.25908097356423149
-1.2981030801680651 -1.579706438817466 -0.23515038010005779
-1.2763448125851331 -1.613201161819324 -0.21047853991347909
-1.2532515497364201 -1.6448237273000541 -0.1856126816848126
-1.2283467331571041 -1.6753202891705059 -0.15985219109839549
-1.2022425172028419 -1.704156929535414 -0.1337702720062704
-1.1750081574944991 -1.730814483167038 -0.1078434728611606
-1.1455927815507621 -1.7567479399051751 -0.080673739710320463
-1.116088873237302 -1.7799490759772529 -0.054302516036203098
-1.084295767640987 -1.8020366768952161 -0.02702770379910217
-1.05203111703205 -1.8220060888073011 -4.6678306268570627e-05
-1.018698589611551 -1.839931451841631 0.026878833437617551
-0.98362639516806549 -1.8564504177693519 0.054204497401302981
-0.94880011692192057 -1.870425608231389 0.080513138903693812
-0.91163205207728237 -1.882931772635601 0.1076548595651368
-0.87489126313589805 -1.8932107827122491 0.13364952527502591
-0.83689770986213774 -1.90142469862598 0.15972765727032229
-0.79811449549209612 -1.907738342161271 0.18544008751924401
-0.75901713021542616 -1.911963184419021 0.21040091599135
-0.71935931991961943 -1.9140489736040629 0.2349573839722954
-0.6789547442012801 -1.914091529116023 0.25905974740384852
-0.63871022662254351 -1.912176915014923 0.28214824935338828
-0.59762045770028627 -1.9081294889760669 0.30477095442231039
-0.55707572806354111 -1.902051888548691 0.32624439801516147
-0.51541831865210297 -1.8938878365482319 0.34717452351059602
-0.47468592256524711 -1.8839337842884181 0.36673358010211271
-0.4332283351815035 -1.8718237384141401 0.38552967249024878
-0.39249211247901111 -1.8579004845188301 0.40301875831344541
-0.35137987413223482 -1.841917608103709 0.4194710544092537
-0.3111542257694605 -1.8244266529498021 0.43439302746193398
-0.27064503451198269 -1.8048786111993389 0.44818447923686761
-0.23077509137021879 -1.7837581599360739 0.46043487183712239
-0.1916279714415618 -1.7609209357995961 0.47131101470837722
-0.15254800528415949 -1.736368428742485 0.4807028461235992
-0.1146773899780463 -1.7107359370873001 0.48838703811343759
-0.077045350909472066 -1.6833448045947239 0.49442054151658998
-0.040415259988798677 -1.654792254650943 0.4987294804271013
-0.0044043870975798332 -1.6248683703584299 0.5012736339032493
0.030549176410443999 -1.5939914780657121 0.50204540149088472
0.064638617035961868 -1.561921006447142 0.50093536787433479
0.098003457026379415 -1.5289568911268989 0.4978665756719477
0.12969382881191921 -1.4957511809742401 0.49289326131799882
0.16101901363249871 -1.461047751604428 0.48580708714398019
0.19099737003203149 -1.426285503101963 0.47678766144898799
0.2195402795158464 -1.391405462162852 0.4657681808226346
0.2473838312101716 -1.3556915951491759 0.45244142543351551
0.27348954930941288 -1.320642752415061 0.43723241994357648
0.29886378887497828 -1.2850248680857821 0.41954808210513989
0.32271620623661268 -1.250274491523337 0.39993858953317862
0.34548562541723382 -1.215779795244287 0.3779176861204202
0.36700831757169883 -1.1821089686190129 0.35365791543651193
0.38762756957574229 -1.1490935032736509 0.32686548538949911
0.40668741159613842 -1.1180746475996819 0.29836215083292811
0.42527384370215532 -1.08793793554976 0.26672366080425491
0.44256134402504033 -1.0606915462761319 0.23368268904087139
0.45936739253542153 -1.035689883265519 0.19817205791506259
0.47610981511613643 -1.0133337805867919 0.1604138786665211
0.49302732666109411 -0.99400562988336671 0.1213397628532259
0.51054461980338584 -0.97752746032366289 0.08152471462394463
0.52926180020933933 -0.96319405935401659 0.040791247343179807
0.54885055248251202 -0.95077657648471092 0.00013881475617860079
0.56952534296818302 -0.93993039971432257 -0.040739829578074482
0.59116656575771587 -0.93096539233106057 -0.081222195066808445
0.61424014635093815 -0.92401139567722734 -0.12112745981633941
0.63948738230180213 -0.9190118701005926 -0.16029526553880849
0.66703024840213987 -0.91570790038656236 -0.19782292858847589
0.69734104784884821 -0.91365208536612952 -0.23367603994085959
0.72926984142201223 -0.9122870093097516 -0.26646936588466458
0.76504115823474017 -0.91123602420785355 -0.29848263414686638
0.80091931849469378 -0.91027878663460893 -0.3266252900929757
0.84009238301117506 -0.90889991598608222 -0.35358446469530441
0.87995711156812728 -0.90712200611769189 -0.37782644556861378
0.92114370734330198 -0.90463743348652548 -0.39981563860585972
0.9633365401894689 -0.90134802565605454 -0.41952878608145278
1.0066971470636781 -0.89721084926478156 -0.43717257615700511
1.0501329348391191 -0.8921148036809412 -0.45238783250543468
1.0949628182116899 -0.88582192753347555 -0.46572737372451961
1.139599013815306 -0.87854560862721642 -0.47679260017694941
1.1845360036009389 -0.87005917336759186 -0.48578294273848882
1.23022940775194 -0.8602382184945444 -0.49287483730298359
1.2749896934544711 -0.84937713308434515 -0.49786411725350538
1.320204897709073 -0.83708511756900716 -0.50094292429231613
1.364682881161404 -0.82362253978919309 -0.50201556683349791
1.4093319625750109 -0.80859041456014069 -0.50126075236225076
1.452918917553415 -0.79251776640712135 -0.49874013940967898
1.4962967325321379 -0.77493737079905978 -0.49442397862871529
1.5385387749649071 -0.75622490576341639 -0.48842189321692658
1.5799490060884249 -0.7360953553635915 -0.48072843189713632
1.6206427318841421 -0.71460834562779552 -0.47139685229884731
1.659883129674125 -0.69218248770996438 -0.46055088262554561
1.6983522408841709 -0.66810485901378147 -0.44821457529724162
1.735373167459525 -0.64291896605754761 -0.43454602053246277
1.770700039709169 -0.61678308139792637 -0.41958898781080212
1.8049946899347791 -0.58926457824251754 -0.40314378423547959
1.837641136161277 -0.56074985469869298 -0.38560168710855208
1.868701666214603 -0.53109673607071883 -0.3669261003215526
1.897754248629548 -0.50071417650794048 -0.34732683397127068
1.925673622393612 -0.46871546210988219 -0.32641478269877711
1.9512106986105759 -0.43667815585550263 -0.30495882900772581
1.9752330177318691 -0.40314924845245542 -0.28235782153038719
1.9971049507747289 -0.36914749062175017 -0.25920784217035309
2.017140847040495 -0.33438726842927652 -0.23519059540329029
2.035282612698738 -0.2987927756829819 -0.21043817095912021
2.0511464383468221 -0.26292855837832008 -0.18562254864726049
2.0651165693742342 -0.22611665113258331 -0.15986364042742621
2.0770283077324581 -0.18912338968250941 -0.13379410982456361
2.0864882530394948 -0.15223607088813509 -0.10785362971687421
2.0942568513852899 -0.1137030723546068 -0.080624213003705134
2.099611946033757 -0.076598920726020703 -0.054291402595367133
2.1028402882991011 -0.038062889508069249 -0.02701027413447751

1.0518019948282511 1.8221331956821221 0.00011987980121066249
1.0184116418731679 1.8401002753163069 0.027047658624580011
0.98344428725240807 1.8565560414606079 0.054317457731192377
0.94857551806184925 1.870502548727714 0.080703959691546187
0.911382342114189 1.883023615489583 0.107872827387099
0.87469353121110327 1.893276294236494 0.13380727441081619
0.83667136417780608 1.90145982622131 0.1599092388773618
0.79790311530091551 1.9077400154855919 0.18560475263548301
0.75870816738770064 1.9119759487132579 0.21056737742280529
0.71914083889863667 1.9140368367892671 0.235085265276994
0.67862486844966419 1.914079276650182 0.25929752386475258
0.63856131109291969 1.912161213648965 0.28227210410026959
0.59733904563214046 1.9080686762967169 0.30497039634838308
0.55688212287278804 1.9019853659731869 0.32639343739757332
0.51514338522262537 1.893794975759806 0.34736623316370119
0.47443629797236991 1.8838567251522429 0.36688718390002661
0.43307769680811592 1.871738730813526 0.38562486441943272
0.39218680710706177 1.8577712695864661 0.40311461441430407
0.3511286333820714 1.8417946147330899 0.41957055614025113
0.31086406007413298 1.8242821669258551 0.43452027096781798
0.27044491169184298 1.804780660555021 0.44822476043446402
0.23064854189744169 1.783594598149574 0.46050189767490152
0.19120620972246319 1.7606536967820641 0.47139191864731328
0.1525432013696281 1.7363121386450879 0.48074004145307642
0.11428498471889401 1.7104504022248499 0.48842451918320312
0.07692784936972881 1.68323559761835 0.49442856021599491
0.040148273355280047 1.6545386672928291 0.49874639626405259
0.0042204891202090276 1.6246905285376261 0.50126250791481242
-0.030838417403712511 1.5937357169671951 0.50202119433473935
-0.064969907106377359 1.5617362778120469 0.50092312556901686
-0.098059638851205791 1.528866428405562 0.49787307179193618
-0.13001329624870669 1.495385408875505 0.49286353300525682
-0.16125836397837129 1.46087443036017 0.48581084559856091
-0.19105481430271709 1.426166188891218 0.47681077375506559
-0.21974559220420409 1.3910968375888391 0.46570395806000398
-0.247432329313515 1.3556122482545221 0.45241586014249541
-0.27383413112383198 1.320196384400137 0.43705459312704881
-0.29882781775612072 1.285088346960128 0.41959430211957738
-0.3229353962951344 1.2499167733359411 0.39971647537161292
-0.3456635353630938 1.215552231771803 0.37777938465828032
-0.36702976945660559 1.1820705561153959 0.35363243125449739
-0.38791448991573729 1.1486761988367109 0.32653851454619298
-0.40667744542800632 1.1181192050210229 0.29843854672868592
-0.42541550401983408 1.0877544419717109 0.26649194254357422
-0.44263253554803711 1.06068197650378 0.23357159440223951
-0.45948199094183262 1.035598020454797 0.19789445432946159
-0.47619336322849948 1.013311177660436 0.16022524253092221
-0.49313871304916512 0.99397082985783758 0.12109323811790811
-0.510692192838895 0.97746899461031223 0.081204032877432358
-0.52938047233862584 0.96314557085741914 0.040534107095092593
-0.54899135558213707 0.95071091754179349 -0.00015696844273196511
-0.5695832187507196 0.93993565241624022 -0.040873475469779867
-0.59132978367145961 0.93091698200923501 -0.0815298615738628
-0.6143795332879981 0.92399906625391004 -0.121354482242543
-0.63965851249538686 0.91901804686968291 -0.16051649814213911
-0.66716610038853719 0.91571775565874469 -0.19792664762449039
-0.69772688145966133 0.91365044170897725 -0.2340500627711761
-0.7294688042216676 0.91230135363613007 -0.26666496438066489
-0.76529596837490532 0.91123909323583319 -0.29869242422816611
-0.80112753601051689 0.91027357575115742 -0.32676207847860089
-0.84053361762552747 0.90888371058844353 -0.35388305852241547
-0.88004892931040335 0.90711670094350672 -0.37789736441717131
-0.92148420966706945 0.90459301523676672 -0.39998853668731321
-0.96357028658919908 0.90131637488050997 -0.41963487321729692
-1.0070057438206981 0.8971787120326814 -0.43728602011338252
-1.0503649949706499 0.8920794904113668 -0.45245945688274353
-1.0953871287084489 0.8857719339479847 -0.46585933060693341
-1.139752697812052 0.87854503203135959 -0.47684810820172568
-1.1849501562227509 0.8700216089984224 -0.4858758005151354
-1.2303199805994429 0.86027900003747404 -0.49285412430158021
-1.275412274060495 0.84928359841207102 -0.4978769103813761
-1.3203041664953159 0.83704659383435021 -0.50091021647877121
-1.3652467648908511 0.82344875003643303 -0.50201996085857747
-1.4094074483284531 0.8086271146086853 -0.50124905159240485
-1.4533503744212759 0.79238967560528295 -0.49869563492111418
-1.4964627648382089 0.77490926477766486 -0.49438552479123871
-1.53878147407322 0.75611467875369942 -0.4883428043712631
-1.580232752810286 0.735957028180804 -0.48062718184439962
-1.6208355624467841 0.71453345102966825 -0.47129183591159213
-1.660106643233215 0.6920299693737173 -0.46043662624724813
-1.6985722854958709 0.66797032590723893 -0.44805302090280341
-1.7354916226151851 0.6427892110941319 -0.43440928466757261
-1.7709356313962139 0.61655801053673354 -0.41938832120634673
-1.805230834677876 0.58908039457556416 -0.40294431748165771
-1.83773573754287 0.5606212408770701 -0.38547882371924969
-1.8688302765685749 0.5308521564740134 -0.36675923589710152
-1.8979717556294999 0.50040469715072444 -0.34710987785382791
-1.925696477297371 0.46863641887822849 -0.32627429629697502
-1.951396034208039 0.43634999184168449 -0.30465735775959041
-1.975296716363516 0.402962327890171 -0.28221436360141511
-1.9972152433577119 0.36886711594533628 -0.25898294570514219
-2.0172536358690798 0.33407668127145212 -0.23501587020162401
-2.0353438875517229 0.29851127428653512 -0.21035397983892271
-2.0512329081057352 0.26259720543088422 -0.18540768052047549
-2.0651518090307701 0.22588771565967949 -0.15971709247483451
-2.077038092484349 0.18884042208041049 -0.13365734352742381
-2.0865241514401371 0.1518558653436852 -0.10764380893873619
-2.0942541864017512 0.11350953550972551 -0.080541212982806351
-2.099582730117763 0.076268779080970447 -0.054139429992812911
-2.102792251429654 0.037758826657546762 -0.02687372892135461
-2.103920373519709 -0.0001423663486445736 9.2080279360338979e-05
-2.102784307737338 -0.038140464472824792 0.027112432627300349
-2.099559306325792 -0.076495397999942163 0.054281015933052533
-2.0941807137839361 -0.1138627024127007 0.080774071128449629
-2.0864588942319169 -0.15217947520323241 0.107827301894276
-2.076956899210328 -0.18917985725462191 0.1338533220373514
-2.0650673170198459 -0.22615768507498221 0.15989726915777491
-2.051117661828521 -0.26292425997212132 0.18561916034118761
-2.0352197343519709 -0.29888993860774959 0.21052870972480631
-2.0171525644889798 -0.33430653892590512 0.23514462671205791
-1.997008555451411 -0.36924170692710467 0.25927627266958092
-1.9752267318297989 -0.40307835002378978 0.28232882448471541
-1.9510960323642721 -0.43676660867454881 0.30499741687233067
-1.925646151946409 -0.46866880058184651 0.32638776778344469
-1.8976708568756659 -0.50073845838823716 0.34733087252590222
-1.868654038595801 -0.53108863999533962 0.36687816801841389
-1.8375135031270491 -0.56081475859800756 0.38561691597517878
-1.804971138054269 -0.58925039379547228 0.40307571096208761
-1.7706010418048099 -0.61678422110535835 0.41956535931890088
-1.735203676315239 -0.64301602050554374 0.43456417114423929
-1.698376175675667 -0.66805968111544967 0.44814224947880887
-1.6597746346036011 -0.69210650836073762 0.46056194252080201
-1.6204327105057601 -0.714682999393084 0.47139780180672669
-1.5798828184378439 -0.73610263963782807 0.48074594848389879
-1.538468116255211 -0.75621584402980369 0.48845060594181439
-1.496168415074256 -0.77500065061636259 0.49444293389274829
-1.452945613596637 -0.79250307585184965 0.49875700993105881
-1.4091064806520339 -0.8087078427509603 0.50128607799267899
-1.3648617253080071 -0.82354534744477836 0.5020454964569081
-1.3199436092975001 -0.83714377845899612 0.50092866955310023
-1.275075729010491 -0.84934408835455288 0.49787948227664441
-1.230011406707803 -0.8602893925832743 0.49285354344104632
-1.184487980788385 -0.87010136928761062 0.48581711015649681
-1.139588080126273 -0.87855128279152594 0.47682402421404613
-1.0948194540621261 -0.8858411087011786 0.46571774379560898
-1.0503010683620011 -0.89203364170668231 0.45244151590360271
-1.006340779640436 -0.89719824982011864 0.4370533812786086
-0.96341762675172771 -0.90132884119748313 0.41960609949753053
-0.92104618639885605 -0.90460650624648509 0.39978774455757238
-0.8799418515383729 -0.90708319634005186 0.37783178502606118
-0.83998577867099988 -0.90886971515194803 0.35353751407321787
-0.80092925904013579 -0.91024207336598506 0.3266515512569006
-0.76494356281401943 -0.91122194252311484 0.29842076140759549
-0.72931046138981259 -0.91227239177986974 0.26650949101509053
-0.69729245951329255 -0.91364234173245029 0.2336231665037462
-0.66696190506840203 -0.91571399886714699 0.19774993304168359
-0.63941511225656023 -0.91902232572560227 0.1602280861724775
-0.61411764398989444 -0.9240234947680519 0.1209865391788657
-0.5911483514013588 -0.93094504805112255 0.081252597586696992
-0.56938697482634204 -0.93998506428579354 0.040515574478350178
-0.54884958470677225 -0.9507446516993755 -0.00011876555582009791
-0.52922632800628822 -0.96321644926260896 -0.040850849944932779
-0.51054572676261001 -0.97755627474507367 -0.081520184895466336
-0.49303341054272559 -0.9940433554201179 -0.1213385892763354
-0.47606237383714489 -1.0134244195986251 -0.1605085227999635
-0.45929660761358287 -1.035793215016847 -0.1982892719210487
-0.44252647408821388 -1.060746880450349 -0.23374621376149621
-0.42524595605943699 -1.087958933426006 -0.26676963540779403
-0.40661281329481203 -1.1181624683018341 -0.29849713819951879
-0.38765780489250851 -1.1490223606308949 -0.32685346787093561
-0.36696026758069777 -1.1821404179090089 -0.35369733862829389
-0.34542096484769508 -1.215862374027125 -0.37800241545274932
-0.32276201329690518 -1.25016384708339 -0.39989157954894677
-0.29875021420999948 -1.285176018138162 -0.41964930050655158
-0.27357878995451651 -1.320513165279638 -0.43719080822906148
-0.24729056068961239 -1.355794513977493 -0.45248823067094651
-0.21956136849040681 -1.391357457937896 -0.46577141565491681
-0.19091221616314541 -1.426380892360988 -0.47683879505092508
-0.16109983465876471 -1.461116437553327 -0.48580202880762602
-0.12984137087762959 -1.495644930988338 -0.49283513759865799
-0.097797652649458319 -1.529185407815997 -0.49785490149526013
-0.06478091582799439 -1.5619931532247859 -0.50089541605784693
-0.030688940622257351 -1.5939161655936189 -0.50196118049952398
0.0043860303225560391 -1.624786863571928 -0.50119432121791319
0.04059614718636366 -1.6549715806717511 -0.4986146335649016
0.076913895000067831 -1.683283979587044 -0.49437122869108091
0.1147265014835151 -1.710814269043335 -0.48826640597673943
0.15251062829463749 -1.7363860624900469 -0.48061503450133231
0.19170095654739189 -1.7609889241990011 -0.47122679149903313
0.2306439645862941 -1.7836603461050839 -0.46043065021291563
0.27088788442331391 -1.805007544261066 -0.4480428658269649
0.31102903968392748 -1.824390501675049 -0.43442973674462038
0.35148835277560231 -1.8419665489870209 -0.41942161718792248
0.39232973511473368 -1.8578438868047711 -0.40302718058428982
0.43344932544746922 -1.8718730155252781 -0.38542580506180718
0.47463353666688879 -1.883939236269877 -0.36675973767770698
0.51545514997115949 -1.893886031386544 -0.34718769199666732
0.5570779423720853 -1.9020508633455979 -0.32622412368689269
0.59764550045729392 -1.908138470725202 -0.30473356245045569
0.63877466746560119 -1.912192410283196 -0.28212086100225608
0.67894484557405932 -1.914112587497508 -0.25907377648369689
0.71939338678458464 -1.9140594240894639 -0.2349361283618478
0.75904852154489755 -1.911972696767462 -0.21039360098249471
0.79813078599689258 -1.90774669571615 -0.18544808844728569
0.83694627376421638 -1.9014352339326159 -0.15971634015895131
0.87491582728368189 -1.8932307375529209 -0.13367764162124601
0.91170936058048446 -1.8829378506138119 -0.1076605836046589
0.9487594218812847 -1.870461404822962 -0.080581892086025148
0.98373830327795198 -1.8564387195758141 -0.054131299499701649
1.018663527525878 -1.8399973580241491 -0.026916526616940939
1.0520535883555231 -1.8220151619824709 5.6183114032856028e-05
1.084327108237787 -1.802049845086457 0.027050707149592741
1.1160951693870009 -1.7799809105692901 0.054314481378495073
1.1455523103128931 -1.75679728108929 0.080687601516730309
1.1750219314141219 -1.730820115672465 0.1079071141629608
1.20221032637521 -1.7042087119142 0.1337867751491488
1.228358790191757 -1.6753174936498321 0.15992772929599799
1.253183834558109 -1.6449088481588441 0.18560884281909909
1.276406217806813 -1.6131296492685809 0.21057521596846701
1.2980184323970829 -1.579848937748261 0.23508786073237981
1.3182788428375369 -1.544832100517304 0.25922380284858709
1.336704462024602 -1.509058418463604 0.28228119901444759
1.3537623141322279 -1.471405931795073 0.30489461920168331
1.368767863557633 -1.433251576184349 0.32634207694486422
1.3825000842701161 -1.3931058989337479 0.34726332790513159
1.394241917903547 -1.352803960132148 0.36684017015743953
1.4044655362455241 -1.310928638923041 0.38556483108022288
1.4128460883119649 -1.2685076983457879 0.40305889981107601
1.419493530799139 -1.225097829452392 0.41949296963695132
1.4244910178093619 -1.1812868697137811 0.43449662639872588
1.427803843281904 -1.1367778865872 0.44810509561061401
1.42939107805462 -1.091340066814086 0.46050071592836372
1.42922056141247 -1.046187915961875 0.47131002998622162
1.4274881165174 -1.0000502364491479 0.48069089487300881
1.424222748885567 -0.95442808268450963 0.48835081171583788
1.419312022316652 -0.90808959036621562 0.49439362674628712
1.412920005620766 -0.86218814949790001 0.49866622686054518
1.40498476057957 -0.8160482743109716 0.50118371899724423
1.395705692347093 -0.77008097455951063 0.50195824494552277
1.3850879510993319 -0.72471101153124762 0.50087355213331852
1.373149151496192 -0.67949719853792412 0.49780142736307681
1.360149014279959 -0.63520594426982047 0.49280490368135782
1.3458390049994531 -0.59083294169899214 0.48572591062229581
1.3306638095942831 -0.5475382261249645 0.47672071077862632
1.3147023181179951 -0.50531324654232734 0.46567776050444298
1.2977471900677691 -0.46343136455507922 0.45235824233648553
1.2803801234327301 -0.42314087890811231 0.43708150856394562
1.262290185340742 -0.38360631694783981 0.41948106766151921
1.2439428943120709 -0.34525721099092732 0.39968618106951509
1.225562815012512 -0.30847167246768348 0.37781667166808192
1.2072205162976879 -0.27313433163633383 0.35361204975628918
1.1888124552285111 -0.2385212328919494 0.32662317466947
1.1716243038576679 -0.20683242088321679 0.29836277183873011
1.1547221784932951 -0.17543523958389101 0.26648945490876041
1.1399256435722771 -0.14705588434842359 0.23364065536547299
1.1265648626879179 -0.11979040778760951 0.19780415367549661
1.115645456954238 -0.094267057597242701 0.16024927141490539
1.107334890876789 -0.069891429473805236 0.121064581148098
1.101815297396981 -0.04646499485655476 0.081211041331801917
1.098775391312639 -0.023312608497370851 0.040874418029720999
1.0978441594778241 0.0001202997344194911 -0.00015445081846558281
1.0988048564793851 0.023327005368220941 -0.040846570616125143
1.101866503920268 0.046541404436046957 -0.081315141055409323
1.107401504222048 0.070016394362342041 -0.1212680910368307
1.1156859999319411 0.094330216701323286 -0.1603343805008223
1.1267448434840039 0.1201484236049163 -0.19828575826790609
1.1398998245158449 0.1470056948948967 -0.23352529331320521
1.1550022898525669 0.17591276428355329 -0.26692726436377562
1.1716089928279889 0.20669422203577939 -0.29820236197677219
1.1890795837751711 0.23900988469435991 -0.32694151915022962
1.207316977183029 0.27325654275260752 -0.35367287665621627
1.2257418014163839 0.30877012143500832 -0.37796706627671228
1.2440887572871651 0.34553176225514082 -0.39982487116925808
1.2624414739833381 0.38397234191933471 -0.41965045891787389
1.2804293216617531 0.42334240880979179 -0.43716108758216132
1.2978910421232961 0.46386357425227548 -0.45253050597443489
1.3146619966768269 0.50539324323628665 -0.4657114247993519
1.3307199430520289 0.54796059023232824 -0.47681311056143683
1.3459252723274691 0.5912276209353321 -0.48584820137087631
1.36017456609865 0.63539014956873952 -0.49287916067160359
1.3731816176812359 0.67986074981915789 -0.49787959439228341
1.3851008425174729 0.72495947401609939 -0.50092137732127429
1.39569382725938 0.77042935835611781 -0.50200072123814898
1.404986017123554 0.81641917813328979 -0.50123743015526256
1.4128969322201561 0.86244088014665388 -0.49871294811684769
1.4192949219375059 0.90846344258790324 -0.4944143529499252
1.424195753790342 0.95473069001237987 -0.48837467655385969
1.4274335911528511 1.0003579767564881 -0.48071640000935328
1.4291830613856511 1.046547594928642 -0.47127936824090449
1.429345495438302 1.0916643712399801 -0.46049145679056708
1.427733974321072 1.137076607299194 -0.44810593393303311
1.424428135804193 1.1815689643997771 -0.43445372728347192
1.419403218768249 1.2254164280006821 -0.41944105747048183
1.4127334986234079 1.2688301195364839 -0.40303853713133092
1.404375337618389 1.311220610601924 -0.38550242493975218
1.3941539501777549 1.3530428498580169 -0.36678017869206742
1.3823569712257739 1.393458128884165 -0.34716250770890672
1.3686640033526269 1.4334300017007999 -0.32631052982902953
1.3535938629231801 1.471756747485691 -0.30473248302601708
1.3366007195730669 1.509240325751575 -0.28222877686487741
1.318072706340881 1.5451573016761939 -0.25908786169034109
1.2979259682180111 1.579952853689669 -0.23503928835226481
1.276203558255244 1.613365272066154 -0.2103746375817985
1.253003761577834 1.645093834413957 -0.18548493530017629
1.2281460552256409 1.675543559903268 -0.1597589175500784
1.2020402588438981 1.704362189563188 -0.13366219083971559
1.17480259408356 1.730992951184338 -0.1077394626164126
1.145346032881372 1.7569520807810139 -0.08054233749138387
1.115866780354791 1.7801336702278761 -0.054158558569093067
1.0841231362154 1.802157865495519 -0.026876555980974649
