2.1039814685568499 -0.00019386708197303621 -4.4584365080557262e-05
2.102848317986088 0.037899527655018431 0.027052949631960331
2.0996582131977641 0.07598408137409815 0.053998552307086833
2.0942159678484722 0.11387287807110491 0.080858067854599314
2.0866271974020352 0.15155493282583787 0.1074879160824869
2.077049488826225 0.1889993506313323 0.1338093068777671
2.0651595772507947 0.22599904103670526 0.15981525389437434
2.0512878384175277 0.26259118429571998 0.1854134065136771
2.0353425695313638 0.29870035073642615 0.21048370154699841
2.0172813733020072 0.33414163853581108 0.23506758175300282
1.997244443081108 0.36894191743072136 0.25902874867423203
1.9752985945274761 0.40307017277949775 0.28227268611920409
1.9513974956648059 0.43643053697421474 0.30468917732591294
1.9255832577020784 0.46882694657089952 0.32638558749506424
1.8980260237194551 0.50042648354300001 0.347091712734798
1.8687253392634569 0.53106789338661886 0.36681997284641193
1.8377286839399789 0.56070821493576017 0.38545673606061243
1.8050939463114586 0.58920502460500168 0.4030511428645262
1.7709219272599226 0.6165996087238399 0.4194366020018262
1.7353391207875972 0.64294555720498803 0.43448334784542131
1.6983681313170449 0.6681106345160408 0.44814018662813632
1.6601194381312547 0.69204177152498536 0.46042894796140937
1.6206442871105939 0.71462792239180717 0.47130159696585139
1.5801303193873939 0.73602822515775124 0.48064616570481294
1.5386521068970229 0.75619806776005116 0.48835053765391018
1.4962659082574863 0.77500731550491408 0.49437448767278774
1.4530978765185978 0.79246743003400522 0.49865152139114799
1.4092938149238559 0.80863593072958873 0.50119303218764411
1.3649798252832481 0.82354750599450255 0.50194531335100723
1.3202506350516281 0.83714340792564168 0.50088394820643356
1.2752208775973375 0.84937963749079859 0.4978454451915591
1.2300485376360517 0.86036098296819241 0.49279501245068968
1.1848438633375509 0.87007171024690722 0.48580179981792981
1.1397485084014025 0.8785823917479525 0.47682111122304355
1.094923157269432 0.8858933798150519 0.46569234747950378
1.0505038458625764 0.89207122195955801 0.45244743354869721
1.0066405960117044 0.89724763785850237 0.43708898988585965
0.96348422907590348 0.90136185663893431 0.41956077315015822
0.92121739827173332 0.90464080283611314 0.39982656352130908
0.88002435263417189 0.90710120432848507 0.37783389545453877
0.84008864684261708 0.90889458642512044 0.35357284255789795
0.80158714271835807 0.91023831358869978 0.32706818110644204
0.76477919733266164 0.91124642489136698 0.29824453132073264
0.72993589401511305 0.91225377154936749 0.26707395271366063
0.69728545913598572 0.91362804587380364 0.23362720969429154
0.66712820686034613 0.91568750698003964 0.19795009125902266
0.63949783070686095 0.91897889144192624 0.16036811943730064
0.61429211495179981 0.92395692553011299 0.12129695412111575
0.59114679273207948 0.93091501478237493 0.081265272759290283
0.56950270245199519 0.93987564668374868 0.040794240643728497
0.54896314578584271 0.95061763108501796 0.00018128843450666149
0.52939003825730013 0.96302643532579402 -0.040433839297011227
0.5107898420385163 0.97726911258360505 -0.080904047999441051
0.49317932462381986 0.9938183540779375 -0.12093686450041102
0.476265583800839 1.0131247822445706 -0.16002447900788691
0.45959159676844025 1.035351037240821 -0.1976355342692252
0.44271581939534194 1.0604347306323925 -0.23330955857953659
0.4252068861624157 1.0879987621914222 -0.26677840877739145
0.40693944985697938 1.1176476525297228 -0.29798609335350162
0.38767621657273532 1.1490034676618135 -0.32683349194506567
0.36726669268561957 1.1816732871692386 -0.35334405082490172
0.34577217366626478 1.2153391129916247 -0.37765825772862677
0.32302238106908671 1.2497812414939626 -0.39963226172631922
0.29907844759500857 1.2847422981346035 -0.41940664317053278
0.27392588399223211 1.3200480682022573 -0.43694291034856225
0.24756538012000118 1.3554672125803338 -0.45234510019170232
0.2199803055499634 1.390839128773687 -0.46555709087583869
0.19124451268871376 1.4260079701807606 -0.47669462578101068
0.16135206022225448 1.4608114138722137 -0.48573914279467678
0.13030283509551241 1.4950685934390679 -0.49274317304244769
0.098236488630567595 1.5287248881810833 -0.49780684920684043
0.065157520318702394 1.5616348391196506 -0.50086234475549407
0.031030635385135848 1.5935852197157174 -0.50195980025132547
-0.0039999892466415533 1.6245517950273418 -0.50121252587952292
-0.039909712448782421 1.654397697099419 -0.49868755140692295
-0.076625316252598635 1.6830401041619751 -0.49441986413004768
-0.11408749431104179 1.7103718984757577 -0.48840336292013686
-0.15229615736168281 1.7362121861776854 -0.48072089848507288
-0.19106989472271838 1.7606231071438112 -0.47137387700126027
-0.23037950553171502 1.7835033434287899 -0.4605157857771674
-0.27020442565677211 1.8046973521173524 -0.44820923157607317
-0.310483962577217 1.8241481103548758 -0.43457576375292756
-0.351080178056417 1.84181301402056 -0.41952492853264678
-0.39188684088766418 1.8577101095841795 -0.40313059642408555
-0.4329155052679442 1.8717387098158733 -0.38562372799152039
-0.47406406486301228 1.8837950134060557 -0.36696631117132877
-0.51523155778608964 1.8938797019626994 -0.34721341748363876
-0.55642178598450398 1.901922761423354 -0.32658940721544144
-0.59739430577912378 1.908089322218804 -0.30491305916655487
-0.63821063581205317 1.9121326513296473 -0.28245531883945124
-0.67873161352357858 1.9141016070799548 -0.25919990501744272
-0.71889566696858342 1.9140693832818876 -0.23525155900855665
-0.75861811161351711 1.9120076762630611 -0.21066445962541031
-0.79785564556734678 1.9077810374070705 -0.1855805536354094
-0.83648322401421948 1.9015241639894793 -0.15997904542915886
-0.87446960702170773 1.8933428894827653 -0.13396455693466058
-0.91169311038417766 1.8829427060933532 -0.10764208350461889
-0.94812971781987454 1.8706873194170086 -0.081017759286754365
-0.98367277351670057 1.856470444133381 -0.054162983331301498
-1.0182414623733498 1.8402089797753409 -0.027195483785884583
-1.051821219624588 1.8221402207650015 -0.00012930427730959565
-1.0842606896316851 1.8021146094627833 0.026950522621799311
-1.115631978650476 1.7803280367019443 0.053929458418155954
-1.1457304233649557 1.7566771752005765 0.080787069375984927
-1.1745791847320155 1.7312589656175743 0.10740170995685284
-1.2022070391511004 1.7042282337440857 0.13372035702742965
-1.228305626810537 1.6754332963969849 0.15972753422354652
-1.2530621127977315 1.6451291995610444 0.18532936268542746
-1.276333783024814 1.613266822578775 0.21042620092618863
-1.2980081788021247 1.5799160276552275 0.23501513505807919
-1.3181362093637792 1.5451519150907944 0.25895234325088901
-1.3367201371115573 1.5090903134251683 0.28220885250580685
-1.3536557642237736 1.4717334536958329 0.30466587750780039
-1.3688106726567881 1.4331830670890948 0.32636493298688918
-1.3823878087303592 1.3935028083541299 0.34704855612678176
-1.394230482356841 1.3528156225572197 0.36682129386598411
-1.40442588106651 1.3111648712178863 0.38547431329878129
-1.4128471861230885 1.2686407310749086 0.40300835614274422
-1.4194589410638219 1.2253490356373069 0.41940264915980008
-1.4244879455394293 1.181352939116326 0.43442631910458046
-1.4277902882316609 1.1367620989377076 0.44811549154656871
-1.4293926705982518 1.091685262741557 0.46045188945537535
-1.4292376866852974 1.0461994521074041 0.47129798084414354
-1.4274992767451378 1.0004126761178238 0.48063739085911017
-1.4242328667374695 0.95440701724835364 0.48834604939567106
-1.4193220338740364 0.90829726343124761 0.49438271756147512
-1.4128998750694786 0.86217916623271573 0.49868556247200418
-1.4049989223931816 0.81615922182113965 0.5012159038959163
-1.3957158732743555 0.77033476344586582 0.5019855464380546
-1.3850750438833257 0.72481220995548756 0.50091641742457815
-1.3731623377685354 0.67969641507543299 0.49786701560904073
-1.3600557442614722 0.63509009558042417 0.49285340521985183
-1.345890748385659 0.59107899811192932 0.48585071113567962
-1.3307006031393338 0.54779023996884957 0.47679573357067162
-1.3146127262282379 0.50531211438404899 0.46568541686498255
-1.2977810420020142 0.46373283176882152 0.4524748019732196
-1.2802946847645538 0.4231829566605243 0.43709380198970443
-1.2623035582397459 0.38373315650082912 0.41958101293373101
-1.2440264252115643 0.34549154295869444 0.39982867919818427
-1.2255789881032313 0.30856559349358531 0.3778552709236736
-1.2071758606398675 0.27309233835365943 0.35357390292922275
-1.1890875476782028 0.23907894226717608 0.32706772770659498
-1.1715455604885268 0.20671419740680319 0.29823547164875353
-1.1550137267681442 0.17600152701839689 0.26708894928232368
-1.1399063679927532 0.14707576581307574 0.23360059405221051
-1.1265921840539497 0.11992615502593769 0.19793118637254187
-1.1156418646132349 0.094348088317212975 0.16034806769853746
-1.1073410551704446 0.070031589947310693 0.1212781956211835
-1.1017938099283882 0.046496969834013524 0.08125330458131895
-1.0987471435821721 0.023265942649303782 0.040784736448183576
-1.0977888214237403 0.00010601776799284632 0.0001722383447603365
-1.0987559361960166 -0.023056275282417025 -0.040438672988939807
-1.1018013051595255 -0.04628501896785997 -0.080908593874884305
-1.107317350133638 -0.069815690663766861 -0.12093993412332099
-1.115573465308267 -0.094128436760448145 -0.16002145040247348
-1.1264741060642312 -0.11969637886492655 -0.1976255714199141
-1.1397661637305045 -0.1468241264670217 -0.23331884649439238
-1.1548716533814618 -0.17575732225071977 -0.26680253244288249
-1.1713997094874049 -0.20643458204025297 -0.29798593503515874
-1.1889311280482444 -0.23877086564632941 -0.32685607441004694
-1.2070053440513391 -0.2728015468923698 -0.35334967654096844
-1.2254129946254422 -0.30825990076188126 -0.3776497260149253
-1.2438955632551716 -0.34514628061621461 -0.39965901049494862
-1.262172798863386 -0.38339424369357389 -0.41939913911251286
-1.2801989087277041 -0.42281749418963815 -0.43693587693189229
-1.2976747169801202 -0.46336113763421211 -0.45234399493645755
-1.3144669338275088 -0.50495209493883331 -0.46556856403731023
-1.3305633824495884 -0.54741276088282265 -0.47673154851049088
-1.3457587008181366 -0.59070589574613808 -0.48575693284840821
-1.3599431639713513 -0.6347099275645891 -0.49276494722428471
-1.3730584478657526 -0.67930839688399292 -0.49782337842510133
-1.3849968921152986 -0.72441722703908129 -0.50087526198734578
-1.3956625175558015 -0.76993360548353984 -0.50195394293334006
-1.404921955164788 -0.81576340771954015 -0.50122418345484976
-1.4128465981104377 -0.86177832545211253 -0.49867781422750351
-1.4192803908772249 -0.90789725798756593 -0.49440151404282329
-1.4242054604739169 -0.95400630385504781 -0.48837268175364762
-1.4274924288998412 -1.0000133297311207 -0.480679315158621
-1.429225509794108 -1.0458014489162555 -0.47134604378510336
-1.4293979437879265 -1.0912846136081815 -0.46048777794464452
-1.4278254631450988 -1.1363800340985151 -0.44821635192112436
-1.4245199256890126 -1.1809799159783305 -0.43455745621344594
-1.4195249061639323 -1.2249740133152933 -0.41951715987714916
-1.4128892764859731 -1.2682626408630417 -0.40312442962339606
-1.4044953656326749 -1.3107955578750339 -0.38559857916441198
-1.3943421196153203 -1.3524643749367193 -0.36696349181902022
-1.3825027386262856 -1.3931508116837976 -0.34718728432829593
-1.3689097828885828 -1.4328386206876909 -0.32652875436453749
-1.3537446296453319 -1.4714021193291955 -0.30486013194715644
-1.3368341513601889 -1.5087707910633237 -0.28240420638641639
-1.3182543005502505 -1.5448400396274597 -0.25915627986126855
-1.2981552322513268 -1.5796162362411841 -0.23521249888144249
-1.2764868077888867 -1.6129825741032207 -0.21063954919240796
-1.253214381164945 -1.6448692411321282 -0.18557423608403714
-1.2284631276172557 -1.6751777612846215 -0.15997258461285874
-1.2024042350213189 -1.7039782841173639 -0.13393185169380675
-1.1747744121109958 -1.7310205599413895 -0.10762757218026603
-1.145942053847651 -1.7564400112212606 -0.080996347693356535
-1.1158715437478393 -1.7801000611339692 -0.054116072437583124
-1.0844772121538917 -1.8019106220819279 -0.027183362232844548
-1.0520779473640749 -1.8219771043251345 -8.5839752568372951e-05
-1.0185159879949528 -1.8400174570069991 0.027021103132843814
-0.98393798916791553 -1.8563036573299645 0.05396172636663836
-0.9484016719019539 -1.8705596754459877 0.080804100606329712
-0.91195858796232143 -1.8828219011241505 0.10741640900779102
-0.87474737797569502 -1.8932418895844763 0.13374828561399452
-0.83678989300440498 -1.9014422504771578 0.1597991375093675
-0.79816929607755549 -1.9077294209986564 0.1854037559192436
-0.75891716247486041 -1.9119684421886904 0.21046281690322635
-0.7191979285451594 -1.9140491435871019 0.2350536580574156
-0.67903851837133744 -1.9140914408821377 0.25900977396749875
-0.63851152613788043 -1.9121573426119465 0.28225764744881415
-0.59769948440128429 -1.9081372732672852 0.30472744486272563
-0.55673205943338389 -1.9019845360990988 0.32641706903958811
-0.51557404242357074 -1.893918355415966 0.34709628249355989
-0.47440731769772326 -1.8838524018940379 0.36685989432250599
-0.43324980974897637 -1.8718300112827182 0.38551993632421289
-0.39225572688822979 -1.8578085867814238 0.40311335510235075
-0.35141960789702775 -1.8419330550819746 0.41945515375072323
-0.3108236738460885 -1.8242671424140893 0.43450556466074697
-0.27055991751405012 -1.80483352185973 0.44821063218717211
-0.23068301826258031 -1.7837044473206909 0.46046045226998955
-0.19140949665892062 -1.7607836761197644 0.47136351931697335
-0.15260888492057254 -1.7364066771815099 0.48068821532070882
-0.1144226667720048 -1.710550532382737 0.4884278776046943
-0.076931409479278998 -1.6832559891346885 0.49443394488659914
-0.040212595779767338 -1.6546238471713575 0.49874379857077572
-0.0043028080891016219 -1.6247786386175371 0.50127587674713869
0.030733206305983637 -1.5938183474588856 0.5020394090378919
0.064778868502844394 -1.561782439454779 0.50092246798906437
0.097972709813111736 -1.5289872690542088 0.49786940370314303
0.13005751937823271 -1.4953482684310957 0.49281098966619191
0.16103602007535525 -1.4610280313040604 0.48580197050764307
0.1910019220846273 -1.4262799403971171 0.47678590405087068
0.21975948167360287 -1.391124299874464 0.46566326412345566
0.24734146440573843 -1.3557459374412777 0.45246170345140269
0.27371358690499609 -1.3203282702748467 0.43707627904648411
0.29886694341605258 -1.2850202722627024 0.4195454887013424
0.32285275906150684 -1.2500676198335761 0.39980652570915748
0.34558258718627849 -1.2156281049775048 0.37780839355305695
0.36710575984464999 -1.1819529444341801 0.35353130001510125
0.38750997328615466 -1.1492817979907852 0.32701828871921967
0.40678726819484967 -1.1179127365053696 0.29819217135625381
0.42509129392120498 -1.0882339283552589 0.26703440357572333
0.44260172463836378 -1.0606314737084579 0.23359736612492973
0.45947658264067515 -1.0355440820714097 0.19792580803417123
0.47614687157034957 -1.0132914438205562 0.16032828994505297
0.49306634020021206 -0.99396893062238567 0.12125108899654274
0.51068410416043741 -0.97742064481110968 0.081221160275965473
0.52928226745700924 -0.96318108498516564 0.040748771773805176
0.54885392106205666 -0.95077480929828007 0.00013215432761397726
0.56939076503797548 -0.94000100047912527 -0.040473739174497876
0.59102052287934215 -0.93102589147640125 -0.080949005273567673
0.61415546558056677 -0.9240369170648346 -0.12098100623289101
0.6393384902063608 -0.91904135411384325 -0.16006427880112328
0.66692286621943553 -0.91572078167052851 -0.19767661838403366
0.6970741266597158 -0.91367018916411269 -0.23336031236880728
0.72968568093586894 -0.91227479166799874 -0.26684151829886871
0.76452267469513169 -0.91125125759941583 -0.29801862124150091
0.80129569111991794 -0.91026553852210523 -0.32688431234319271
0.83980055789806807 -0.908910188071964 -0.3533836286291272
0.87971522395115176 -0.90713279395939628 -0.37767935225589166
0.92090019093081521 -0.90465212356232116 -0.39968562714700695
0.96315452276524072 -0.90136221596990995 -0.41944374471103757
1.0062959385640116 -0.89724912987136107 -0.43700932109544244
1.0501540115146439 -0.89211184509843555 -0.45239410406272579
1.0945735575834159 -0.88587656896322131 -0.46561154566954399
1.1394003290637513 -0.87857799699711603 -0.47674334661179074
1.1844858829588347 -0.87006863874536677 -0.48577291532579225
1.2296861848555367 -0.86035497424191554 -0.49279052580162158
1.2748653622614199 -0.84940730205412918 -0.49785025846956377
1.3198928422909715 -0.83716995164427421 -0.50092167572264601
1.3646395169266352 -0.82363566525797838 -0.50201452105040778
1.4089518876238092 -0.80871837540685931 -0.50126717771444707
1.4527657963795284 -0.79257422969421898 -0.49874899433460784
1.4959228857707263 -0.77508888543772081 -0.49446117696916847
1.5383278925936479 -0.75631832286097034 -0.48845185706174193
1.5798136954658895 -0.73616112997827154 -0.48075357078219899
1.6203433954546655 -0.71476640057726681 -0.47146549388090225
1.6598297779900406 -0.69221297815742 -0.46056562892732106
1.6980815277847938 -0.66827429701962471 -0.44830138780438478
1.7350689307786993 -0.64312594284569036 -0.43465834823784461
1.7706677024976631 -0.61680700544147482 -0.41960267905205334
1.8048298695553058 -0.58939683240177487 -0.4032228200231599
1.8374841457925444 -0.56088697642190899 -0.38568604361943215
1.8685088147546334 -0.53128084906590067 -0.3670420550129721
1.8978068717639645 -0.50065386453020222 -0.34728741841366045
1.9253874744792794 -0.46904341951550688 -0.32662911199952033
1.9512253177995418 -0.43665775127130468 -0.30494507478202182
1.9751093782170297 -0.40332181704683123 -0.28247414575309321
1.9970730442428664 -0.36919709200666145 -0.25924161310192206
2.017112355291343 -0.33443669868775056 -0.23522474877287916
2.03516596314656 -0.29902164434533107 -0.21059732631814765
2.0511617424430408 -0.26288823141435852 -0.18559433009948093
2.0650460178459857 -0.22630255750016381 -0.15999372727753211
2.0769587501287052 -0.18933940875076719 -0.13394634067661618
2.0865551563585365 -0.15190422396031425 -0.10761912945407331
2.0941521407810959 -0.11422244707038548 -0.080991230134591419
2.099632723249599 -0.076350907543865087 -0.054115824590353745
2.1028226157989836 -0.038273842362586935 -0.027159615717961785

1.0518019948282511 1.8221331956821221 0.00011987980121066249
1.0182231351576174 1.8401889872723978 0.027194668323170575
0.9836529476938487 1.8564578450867286 0.054154730856903602
0.94812238765161827 1.8706550948863512 0.081034962351327663
0.91168489867381108 1.8829217599532986 0.1076518158996594
0.87445933632566319 1.8933267001308767 0.13396804764009188
0.83649790529305912 1.9014879253657733 0.16002420706108444
0.7978706981057121 1.9077435189237038 0.18562539861981525
0.75859086872648862 1.9119820582844991 0.21064006151675008
0.71887817433832468 1.9140371119263866 0.23524223306489689
0.67873823645450637 1.9140791578989265 0.25922977538388442
0.63820711709894262 1.9121260493479715 0.2824671345940562
0.59739909287162729 1.9080746377733062 0.30493733242588078
0.55643225429845999 1.9018970882873747 0.32661948644127131
0.51527702482936633 1.8938211998525505 0.34729908220667094
0.4740994070918399 1.8837580167417043 0.36703981366775501
0.43294645170606871 1.8716939002684465 0.38568100024918939
0.3919292919826432 1.8576710646847596 0.40321782538294981
0.35110587333570831 1.8417847156061087 0.41957900665082748
0.31051592708158926 1.8241141990679532 0.43463830870785602
0.2702389754270591 1.804671027978487 0.44828829155045768
0.23041564798331135 1.783459139721572 0.46056619964360801
0.19110009188334909 1.7605868868347729 0.4714175763142715
0.15233454490708453 1.7361710913378927 0.48078195182109751
0.11412276537686947 1.7103322248631403 0.48845059108557798
0.076648148622158782 1.6830173636489898 0.49446139642840942
0.039942528524626 1.6543677382922164 0.49876080508375897
0.0040311665368185437 1.6245233685923812 0.50126660491860531
-0.031012623984380001 1.5935723923386171 0.50201558980922112
-0.065112449325200994 1.5615946827908807 0.5009099867065967
-0.098212220125796501 1.5287065538543974 0.49784915084280429
-0.13029953579646555 1.4950692499550502 0.49279892254989649
-0.16132712807256178 1.4607943308597402 0.48579007527923662
-0.19120743382042965 1.4259796387913692 0.47675169146526075
-0.21995665727042499 1.3908263269407948 0.46560265853684835
-0.24753988997999551 1.3554679643928551 0.45235327850015006
-0.27393258966123479 1.3200580820332921 0.43698581116860807
-0.29905628721338179 1.2847550231331857 0.41940591835962043
-0.32301377922892688 1.2497982597357657 0.39964082054022343
-0.34577635679783669 1.2153754364288043 0.37765188002102129
-0.36725883056609931 1.1817042908094249 0.35333526842515145
-0.38768706100937722 1.1490398542741562 0.32683355990521701
-0.40694517239303135 1.1176853572018874 0.297982097767369
-0.42524053342310747 1.088037979387509 0.26679025073651025
-0.44275711392582789 1.0604965154025086 0.23330781138192194
-0.4596077795584067 1.0354302645652855 0.19761091339947137
-0.47628880301281756 1.0132022487423287 0.16000484282831126
-0.49321434931122021 0.99389972503132318 0.1209213593555841
-0.51083608366973077 0.97735871108505534 0.080890893863702615
-0.5294344376038439 0.9631113531551494 0.040422133317260189
-0.54900879252225299 0.95070179317790326 -0.00019144668731554466
-0.5695474362833316 0.93995437658752068 -0.040802722421698669
-0.59119048939159857 0.93097474971665117 -0.081269443340235531
-0.61434446399551157 0.92400959159214824 -0.1212938906398735
-0.63955766585675167 0.91903791788811906 -0.160360267242416
-0.6671805486859117 0.91571677828952613 -0.19794372578237546
-0.69735387147314087 0.9136756743346337 -0.23360915798652487
-0.72995469579395078 0.91228694715467185 -0.26709932398431591
-0.76480837012341241 0.91125355031961464 -0.2982565389497609
-0.80160492047356446 0.91025673824772602 -0.32709063523849474
-0.84010856354729635 0.90889870238238479 -0.35359051781040374
-0.88002436294320852 0.90711779947989479 -0.37788243490677687
-0.92122723882344948 0.90460866647985017 -0.39985153297632225
-0.96348747440139659 0.90132282228013449 -0.41959621539434605
-1.0066388841707141 0.89721365909300621 -0.43713693699132394
-1.0505018486156608 0.89206031735088609 -0.45250018843874934
-1.0949215244198853 0.88583716464888418 -0.46572075346377695
-1.1397499394595656 0.87854548135148047 -0.47684742499349431
-1.1848408990859807 0.87004221291795258 -0.48585397761074012
-1.2300513231334458 0.8603366909073773 -0.49281280214944206
-1.2752180577550303 0.84933095653286894 -0.49785527681872754
-1.3202383235591699 0.83706454184828605 -0.50090576752888627
-1.3649837639532398 0.82352832366581841 -0.5020134667122037
-1.4093111873059174 0.80865942266351742 -0.50125073201282566
-1.4531099175990498 0.79247852728929691 -0.49870960728283859
-1.4962633598343484 0.77499011581271193 -0.49440546007014052
-1.538643768133789 0.75617583671837818 -0.48836246750624979
-1.5801221513796291 0.73601081337296137 -0.48064776887852451
-1.6206526040464295 0.71462998679752598 -0.47133390147242188
-1.6601106901443685 0.69202743809557499 -0.46043532338714649
-1.6983565164386711 0.66810528599842567 -0.44812248546111394
-1.7353114155406866 0.6429121227005461 -0.43447588114475838
-1.7708976979194702 0.61658608412859084 -0.41940439719175926
-1.8050776217489324 0.58920315011041913 -0.40301778064073357
-1.8377022116517463 0.56065059394089356 -0.38549683780914662
-1.8686791574056558 0.53099683394011576 -0.36685021291526976
-1.8979905363395539 0.50038317733781901 -0.34709576384320912
-1.9255557043179172 0.46879772311919121 -0.32638008949228819
-1.9513614864153472 0.4363933943327038 -0.30468641730773027
-1.9752480888361608 0.40303025731292014 -0.28226002536559663
-1.9971907247940965 0.36890525562613119 -0.25900893289842936
-2.0172325517406526 0.33411328730121659 -0.23504108803771812
-2.0352683207060371 0.29865983858893003 -0.2104569978231968
-2.0512448029580028 0.26256583413511919 -0.1853857257877625
-2.0651171200047314 0.22597920394984045 -0.15978111918804067
-2.0769913865631113 0.18898599558812168 -0.13375974261512588
-2.0865852472002411 0.15155278803808012 -0.10742959856207709
-2.0941807810562372 0.11387367688872715 -0.080798582507051575
-2.099606440143404 0.075984290563631776 -0.053938007285593455
-2.1027798007322573 0.037908218332436815 -0.026979500767170733
-2.1039191790073182 -0.00018231931593275382 0.0001204907342716436
-2.1027726157290405 -0.038279517497559805 0.027210930352078284
-2.0995716885688283 -0.076348136015225776 0.054176703420120945
-2.094106052240901 -0.11423318366539038 0.081035646258438218
-2.0865100899137921 -0.15192543490909519 0.1076479389103764
-2.0769004576868926 -0.18935539621823599 0.13397695632728721
-2.0650026510108277 -0.22632812281206352 0.1600165073772451
-2.0511206689990127 -0.26291633408738774 0.1856136153932228
-2.0351414198485203 -0.29904345647960517 0.21063541062652213
-2.0170660617179981 -0.33445655816145986 0.23524825326622537
-1.9970224712053357 -0.36921757324049259 0.2592596022021324
-1.975046772661053 -0.40332958646357681 0.28249787971863205
-1.9511575875274676 -0.43668067306949188 0.30493959140789179
-1.9253129961639708 -0.46905071583643082 0.32663717771565509
-1.8977326639212455 -0.50066760548760647 0.34728460200664152
-1.8684284492059007 -0.53130398301557791 0.36701391593203936
-1.8374093626948291 -0.56090575688080868 0.38567278672863842
-1.80475082235248 -0.58942688834011037 0.40318141123198553
-1.7705721302590227 -0.61680564648148306 0.41957760991520499
-1.7349991968694145 -0.64315507185993914 0.43463956148800409
-1.6979995118647155 -0.66829432380949638 0.44826343761747184
-1.6597095992647404 -0.69214382910135319 0.46057985506058413
-1.6202572165958549 -0.71477570041455685 0.47143825919704468
-1.5797397528289951 -0.73617211998370979 0.48077256394778228
-1.5382488389190681 -0.75631322255100508 0.4884816695586649
-1.4958603996406115 -0.77512537684683447 0.49447367697177808
-1.4526984710284925 -0.79259443002422092 0.49877126752088274
-1.4088993092308988 -0.80877731780872963 0.50128963388989767
-1.364567704666815 -0.82363435873378865 0.50203818603983097
-1.3198242950234211 -0.83717622195999097 0.50092056104509641
-1.274797206715707 -0.84941173635401501 0.49784841921064438
-1.2296213402552707 -0.86037346628528799 0.49279325192048629
-1.1844229812971165 -0.87011360183313791 0.48580409128557339
-1.1393350517353711 -0.87859248425518555 0.47676125248057466
-1.0945088029943026 -0.885884320443034 0.46562510174881283
-1.0500932048373033 -0.89205806223887996 0.45236875405433608
-1.0062285344122175 -0.89720905143045304 0.43700775615572013
-0.96308730779066942 -0.90135439319441002 0.41945159971279034
-0.92083922771586746 -0.9046189762821073 0.39967719717896094
-0.87966031536141009 -0.90709578440590211 0.37766060413476421
-0.83974309000980307 -0.90887824268539941 0.35337045058720973
-0.80124188587889744 -0.91023108836235034 0.32686675920788466
-0.76447191795595371 -0.91123584642063726 0.2979983792406381
-0.72964596869190579 -0.91226250116181984 0.26680995501647781
-0.69703963282630799 -0.91365961046424626 0.23332413765532486
-0.66688476497105076 -0.91572326327254161 0.19764485950589805
-0.63929304863417991 -0.91904645702613486 0.16003874053032249
-0.61410191103173917 -0.92402823572852122 0.12095932317131988
-0.59097317594212262 -0.93101781867709621 0.080924671331373862
-0.56935245543569313 -0.9400031490764601 0.040447275992065795
-0.54882600616982091 -0.95075963732302515 -0.00016770763365820627
-0.52926127718610294 -0.9631942368896933 -0.040778305771288541
-0.51067208246208651 -0.97745928007902561 -0.081245097268580854
-0.49306183680742777 -0.99401659333373538 -0.12127395542158215
-0.47613341674216497 -1.013343288013943 -0.16034455250661972
-0.45945116047811208 -1.0355870114135128 -0.19794099538403498
-0.44258411167075784 -1.0606611167354076 -0.23362435114132124
-0.4250685250162774 -1.0882465416286491 -0.26707175534474165
-0.40676499649113429 -1.1179157857890827 -0.29823800892394992
-0.38749372245927405 -1.1492849083601404 -0.32706627616619038
-0.36707065874791306 -1.1819637813872934 -0.35355416573864823
-0.34556296389257107 -1.2156400601658324 -0.37784218288916577
-0.3228211420100236 -1.2500743371184062 -0.39983445960227382
-0.29884632706891473 -1.2850358737098029 -0.41957021559333818
-0.27369915783151533 -1.3203441856725469 -0.43710692604494322
-0.24731550438610408 -1.3557610371219442 -0.45247371564756284
-0.21973497642336381 -1.3911348041675851 -0.46568825180825346
-0.1909830926091281 -1.4262942462874966 -0.47681141495573165
-0.16109856575515344 -1.4611178392002639 -0.4858023143090891
-0.13006742747639077 -1.4953952260175205 -0.49278427519341794
-0.097960608048527659 -1.5290148407879289 -0.49782937394495591
-0.064866109246661391 -1.5619084990687666 -0.50088757058748767
-0.030744442547633297 -1.5938641947518131 -0.50195944542908133
0.0043512390225452953 -1.6247562425425737 -0.50119508187517425
0.040215146317746552 -1.6546539787298062 -0.49864177689725414
0.076929752109249919 -1.6832955246998071 -0.494368668570282
0.11441498226480754 -1.7105874607098239 -0.48831670056838977
0.15260314930939334 -1.7364441452322104 -0.48059287062039346
0.19141631277345963 -1.7608102308397313 -0.47129497936675224
0.23071340959378697 -1.78369718288296 -0.46040927382157537
0.27057528746061221 -1.8048417286712135 -0.44813908865489355
0.3108450297932972 -1.8243016488293677 -0.43449214028974292
0.35144701259002248 -1.8419485902773416 -0.41943695206141063
0.39226701606877629 -1.857819504391071 -0.40305235709311243
0.43328487720196829 -1.8718169092852761 -0.38549619767271731
0.47443529259382133 -1.8838811543817915 -0.3668495885481452
0.51561798698693828 -1.8939179739063476 -0.3471056781598551
0.55675475846684286 -1.9019874667754506 -0.32638689719350683
0.59771863671755943 -1.9081456794775347 -0.30469335233829642
0.63854313744141256 -1.9121695892831079 -0.28224815556458493
0.6790686701046067 -1.9141124247491406 -0.25899988425278431
0.7192235913904077 -1.9140596472594857 -0.23503745368421283
0.75894781557488245 -1.911977996103863 -0.2104559278171228
0.79820154302906243 -1.9077351905070146 -0.18540118185803092
0.83682339349429125 -1.9014552144654442 -0.15979780053359019
0.87479159553118124 -1.8932575816653521 -0.13376283707002884
0.91200927803395382 -1.8828368547255849 -0.10744138363795398
0.94843978526346451 -1.8705690410533755 -0.080815504152189993
0.98396740331167754 -1.8563308686867477 -0.053952777943447237
1.01854556273965 -1.8400528910018896 -0.027008448284861233
1.052097798266401 -1.8219878124747679 9.316158759756289e-05
1.0844973854549442 -1.8019315553130408 0.02719684133081008
1.1158877082133967 -1.7801250316421382 0.054136435429394017
1.1459335944827194 -1.7564611830472971 0.081039773309056581
1.1747670383619828 -1.7310448012548236 0.10767168308523153
1.2023973466662126 -1.7040020747639211 0.13397374172913332
1.2284506727565392 -1.6752049450356974 0.16002278034775624
1.2531965660486049 -1.6448914254609108 0.18562253043845584
1.2764880401957961 -1.6130036507360255 0.21066801919076053
1.2981452828274462 -1.5796296973293285 0.23523897586667902
1.3182563846801805 -1.544870915804041 0.25919704876146815
1.3368243815991319 -1.5087937151379573 0.28244017516867881
1.353753322599365 -1.4714257791691217 0.30488269921847139
1.3689032602818554 -1.4328557484952062 0.32654835595144022
1.3824770867389902 -1.3931731314288756 0.3472282908102417
1.3943210876218146 -1.3524796857635635 0.36698517030125627
1.4044886506647016 -1.3108116376330736 0.3856130815098559
1.4128807280250253 -1.2682814902356228 0.40314453747763429
1.4195059244575468 -1.2249891792311094 0.41953017837734274
1.4245122517515263 -1.1810015841829444 0.43458385147308776
1.4278173069253628 -1.1363924624423394 0.44821024087033029
1.4293909457527416 -1.0913050337856889 0.46050910274934997
1.4292069920614359 -1.0458265432157683 0.47138350548262276
1.4274869370933967 -1.0000337581014389 0.48069366157213944
1.4241807138330973 -0.95403143242743926 0.48840253726872795
1.4192879394577862 -0.90791664996653276 0.4944097243928417
1.4128530261032384 -0.86179869377690344 0.49868747641337186
1.4049309199459252 -0.81578155479953485 0.50118821308725248
1.3956754991540028 -0.76995195803685879 0.50195516045337341
1.3850152463994108 -0.72443566921751057 0.50085484355984666
1.3730980809740525 -0.6793232021066512 0.49778179871846612
1.3599929363713041 -0.63472197215588022 0.49272769377810882
1.3458007350206824 -0.59072375774440944 0.48570320061444144
1.3306203534403103 -0.54742326599000657 0.47669064565920172
1.3145527208905294 -0.50494371742949617 0.46556024072026897
1.2977206907495014 -0.46336988782876998 0.45233493252609352
1.2802356900173923 -0.42282522764503089 0.43694098338480686
1.2621995747429671 -0.38341692466047389 0.41938330791572437
1.2439041528468686 -0.34517967456480964 0.39964008459606365
1.2254510353452273 -0.30825632343961107 0.37766916646024978
1.2070461191689774 -0.27280640872179601 0.35335635838800328
1.1889606606353054 -0.23879990691201822 0.32684046519214532
1.1714224075109847 -0.20645738069958136 0.29798204420205071
1.1548967281062332 -0.17575948080947659 0.26681861322543621
1.1398104721644986 -0.14682085292724867 0.2333317407604652
1.1265189703173624 -0.11968313756857731 0.19764631701158786
1.1156000983013354 -0.094134016641304122 0.16003540334041499
1.1073198144585505 -0.069827441658865536 0.12095572374097985
1.1017936885055852 -0.046300418258295103 0.080924312173720786
1.0987658445548689 -0.02307238013492113 0.040453800243867487
1.0978444041499449 0.00011414296535516497 -0.00014367088163614455
1.0988026954782921 0.023274803980938067 -0.040755037369724807
1.1018600444374089 0.046492426552160751 -0.081229760213190449
1.1074008095614116 0.070013448174347084 -0.12126307681096871
1.1156862530135003 0.094330807550812301 -0.16033524901784382
1.1266390032293676 0.11990132673804568 -0.19792253914216718
1.1399290926947259 0.14706171603177234 -0.23359002545076582
1.1550616733446637 0.17602283492526111 -0.26703910019986393
1.1716126855900937 0.20670105260349253 -0.29820843657784618
1.1891296299515768 0.23910386272357487 -0.32701487405371771
1.2072293826302061 0.27309205539242365 -0.3535444854297552
1.2256347256732865 0.30856373450945057 -0.3778258807558294
1.2440695175480474 0.34549321175205483 -0.39980194973930655
1.2623351781600598 0.38374970059977714 -0.41953563247519493
1.2803510000685889 0.42317098605722214 -0.43708484386702595
1.2978291459540272 0.46371993978505782 -0.45247602634143042
1.3146290405744907 0.50531163452304051 -0.46568552336909691
1.33066479633477 0.5478144040766143 -0.476774984794199
1.3458790359312849 0.59109605446037705 -0.48582072744836807
1.3600789621726237 0.63509384638428679 -0.49283198729419453
1.3731379612315646 0.67971149012649346 -0.49786281109733943
1.3850647864693046 0.72482304888826521 -0.50091217582761072
1.395675662624194 0.77035138752154142 -0.50199887040111224
1.4049376678570065 0.81617988318910795 -0.50124140172327392
1.4128550244901303 0.8621970821738848 -0.49872632145108636
1.4192743545133262 0.90831549524735045 -0.49442817151389307
1.424163875875714 0.9544297404169314 -0.48841396218828181
1.4274364629021061 1.0004337968528181 -0.4807009091547832
1.4291705448227721 1.046217131883673 -0.47134688536655051
1.429344301861216 1.0916980059245076 -0.46048228342254621
1.4277443188315133 1.1367851017489061 -0.4481854378062069
1.4244421716536011 1.1813800598235584 -0.43451169149304963
1.4194091168027496 1.2253649617075613 -0.41945867870559256
1.4127589914498815 1.2686641848824258 -0.40310123040715873
1.4043838697527609 1.3111773377616849 -0.38552032606243819
1.3942049264806864 1.3528342731701672 -0.36687355064395016
1.3823339672816317 1.3935252809243983 -0.34712747675441635
1.3687444998578235 1.4331950200592953 -0.32643311182595786
1.3535968959673048 1.4717490337744839 -0.30473682586332407
1.336656647581381 1.5091169594129461 -0.2823028412942386
1.3180570790183357 1.5451842917185095 -0.25906920781148401
1.2979486376403946 1.5799137011945676 -0.23506634818018327
1.2762773905399596 1.6132517066196481 -0.2104584702468304
1.2529621901962 1.6451447577429652 -0.18544191177714248
1.2282190771599157 1.6754541108679522 -0.1598344902336834
1.2021555867367262 1.7042348771539333 -0.13377747866534651
1.1745080644908077 1.7312525107376693 -0.1074675246216097
1.1456689306006917 1.756667521300878 -0.080840467663967255
1.1156087042282685 1.7803127271433168 -0.053936755630501571
1.0842247819081008 1.8020873422570929 -0.026963915139839933
