-6.50245280076789 -42.2483430297992 1.2763622823153
-7.44800127286907 -42.0226314590395 0.81731374989198
-8.39354974497025 -41.7969198882799 0.358265217468665
-9.33909821707143 -41.5712083175203 -0.100783314954651
-10.2846466891726 -41.3454967467606 -0.559831847377966
-11.2301951612738 -41.119785176001 -1.01888037980128
-12.1295880499298 -40.7506715384999 -1.47110719476485
-13.0166578248434 -40.3432708759536 -1.92151267428209
-13.903727599757 -39.9358702134072 -2.37191815379932
-14.7907973746706 -39.5284695508608 -2.82232363331656
-15.6778671495842 -39.1210688883144 -3.2727291128338
-16.5174057630538 -38.6217523489774 -3.71307520774422
-17.323144187802 -38.0570729216396 -4.14626790922175
-18.1288826125502 -37.4923934943019 -4.57946061069929
-18.9346210372985 -36.9277140669641 -5.01265331217682
-19.7403594620467 -36.3630346396263 -5.44584601365436
-20.5083673179116 -35.745416505191 -5.86717864362358
-21.2165510619316 -35.0438608307695 -6.26970640885305
-21.9247348059515 -34.342305156348 -6.67223417408251
-22.6329185499714 -33.6407494819266 -7.07476193931198
-23.3411022939913 -32.9391938075051 -7.47728970454145
-24.0278455314977 -32.2143753545727 -7.86985011507291
-24.6239423132341 -31.3912062203237 -8.22027041216035
-25.2200390949705 -30.5680370860746 -8.5706907092478
-25.8161358767069 -29.7448679518256 -8.92111100633524
-26.4122326584433 -28.9216988175765 -9.27153130342269
-27.0083294401797 -28.0985296833275 -9.62195160051013
-27.4781268479685 -27.1693950388684 -9.88941484444191
-27.9471982360895 -26.2396512619796 -10.1564012178217
-28.4162696242105 -25.3099074850908 -10.4233875912015
-28.8853410123315 -24.380163708202 -10.6903739645812
-29.3544124004525 -23.4504199313133 -10.957360337961
-29.7114461330224 -22.4542953130296 -11.127724496939
-30.038773709981 -21.440570187181 -11.2724698180146
-30.3661012869396 -20.4268450613324 -11.4172151390901
-30.6934288638983 -19.4131199354838 -11.5619604601657
-31.0207564408569 -18.3993948096351 -11.7067057812413
-31.2613768756038 -17.3588796238739 -11.7586530045876
-31.4378463610372 -16.2985436052295 -11.7419428381047
-31.6143158464706 -15.2382075865852 -11.7252326716218
-31.790785331904 -14.1778715679408 -11.7085225051388
-31.9672548173374 -13.1175355492964 -11.6918123386559
-32.0930702745398 -12.0591222424387 -11.6100893619949
-32.1220951671112 -11.0043828854319 -11.4041388199232
-32.1511200596826 -9.94964352842499 -11.1981882778515
-32.180144952254 -8.89490417141812 -10.9922377357798
-32.2091698448254 -7.84016481441126 -10.7862871937082
-32.2261120593094 -6.79143109708001 -10.561485545531
-32.1291134324478 -5.79933115187392 -10.1589161148774
-32.0321148055863 -4.80723120666784 -9.7563466842239
-31.9351161787247 -3.81513126146175 -9.35377725357037
-31.8381175518631 -2.82303131625567 -8.95120782291683
-31.7411189250015 -1.83093137104958 -8.5486383922633
-31.5739254765602 -0.924697379578735 -8.00138797303046
-31.3918695320401 -0.0366439657057155 -7.42350394611759
-31.2098135875201 0.851409448167303 -6.84561991920472
-31.027757643 1.73946286204032 -6.26773589229185
-30.8457016984799 2.62751627591334 -5.68985186537898
-30.6465658250062 3.46055216272997 -5.04560705642686
-30.4317754492569 4.24316207852259 -4.3405396868967
-30.2169850735075 5.0257719943152 -3.63547231736653
-30.0021946977582 5.80838191010782 -2.93040494783637
-29.7874043220088 6.59099182590044 -2.22533757830621
-29.5738387801257 7.36420084307947 -1.51023219576388
-29.366023827266 8.09327268715453 -0.747998391126103
-29.1582088744063 8.82234453122959 0.0142354135116729
-28.9503939215467 9.55141637530466 0.776469218149449
-28.742578968687 10.2804882193797 1.53870302278723
-28.5347640158273 11.0095600634548 2.300936827425
-28.3293478891246 11.7619071987701 3.04068046782165
-28.1245934277453 12.5206743295751 3.77422067336107
-27.919838966366 13.2794414603802 4.50776087890049
-27.7150845049867 14.0382085911852 5.24130108443991
-27.5103300436074 14.7969757219903 5.97484128997933
-27.2861064002721 15.5884218344465 6.66274784084802
-27.029587241834 16.434075902216 7.27495720079498
-26.773068083396 17.2797299699856 7.88716656074194
-26.5165489249579 18.1253840377552 8.49937592068891
-26.2600297665198 18.9710381055247 9.11158528063587
-26.0035106080817 19.8166921732943 9.72379464058283
-25.6302850042862 20.736090408283 10.1360716247925
-25.2547454909021 21.6569507504853 10.5443845996464
-24.879205977518 22.5778110926875 10.9526975745004
-24.503666464134 23.4986714348898 11.3610105493543
-24.1281269507499 24.419531777092 11.7693235242082
-23.6607141343236 25.3425582630702 12.0225502490696
-23.1334885925591 26.2669949842137 12.174810414905
-22.6062630507947 27.1914317053572 12.3270705807404
-22.0790375090302 28.1158684265007 12.4793307465758
-21.5518119672657 29.0403051476443 12.6315909124112
-20.9905681774049 29.9431935828533 12.7183069501477
-20.3257831309623 30.7804955540999 12.6055264892486
-19.6609980845197 31.6177975253464 12.4927460283495
-18.996213038077 32.4550994965929 12.3799655674504
-18.3314279916344 33.2924014678395 12.2671851065513
-17.6666429451918 34.129703439086 12.1544046456522
-16.916351640697 34.8228513506968 11.8309288175813
-16.1569705193733 35.5006748401298 11.485054835996
-15.3975893980495 36.1784983295628 11.1391808544108
-14.6382082767258 36.8563218189958 10.7933068728256
-13.8788271554021 37.5341453084289 10.4474328912404
-13.0916989348246 38.0993869301544 10.0008887831432
-12.2842566042054 38.5822055054783 9.48064241128254
-11.4768142735862 39.0650240808022 8.96039603942192
-10.6693719429671 39.5478426561261 8.4401496675613
-9.86192961234788 40.03066123145 7.91990329570067
-9.05003737884186 40.4601235875982 7.37034460452507
-8.22606880155326 40.744785470098 6.74123684135542
-7.40210022426466 41.0294473525978 6.11212907818577
-6.57813164697606 41.3141092350976 5.48302131501612
-5.75416306968746 41.5987711175975 4.85391355184647
-4.93019449239886 41.8834330000973 4.22480578867683
-4.10107983580999 41.9836943727652 3.54856732200315
-3.27183014241353 42.0791169439473 2.87109211190426
-2.44258044901707 42.1745395151294 2.19361690180537
-1.61333075562062 42.2699620863116 1.51614169170648
-0.784081062224159 42.3653846574937 0.838666481607596
0.0489366632328768 42.3328161596053 0.16543050957817
0.883677785386584 42.2417079831543 -0.505866548777525
1.71841890754029 42.1505998067034 -1.17716360713322
2.553160029694 42.0594916302524 -1.84846066548892
3.38790115184771 41.9683834538015 -2.51975772384461
4.22377873437716 41.7997325440631 -3.16664081167305
5.06139980686815 41.5121201817651 -3.77606943699361
5.89902087935913 41.2245078194672 -4.38549806231417
6.73664195185011 40.9368954571693 -4.99492668763473
7.57426302434109 40.6492830948713 -5.6043553129553
8.41036989649477 40.3430323936182 -6.20275435233537
9.23109621424496 39.8474619707754 -6.68911990286633
10.0518225319952 39.3518915479326 -7.17548545339729
10.8725488497453 38.8563211250898 -7.66185100392824
11.6932751674955 38.360750702247 -8.1482165544592
12.5140014852457 37.8651802794042 -8.63458210499016
13.2906047573146 37.2169552286064 -8.97886283584761
14.0537146716911 36.5220465577961 -9.27969232110558
14.8168245860677 35.8271378869859 -9.58052180636355
15.5799345004443 35.1322292161756 -9.88135129162152
16.3430444148208 34.4373205453654 -10.1821807768795
17.059410099826 33.6758826940529 -10.3829350531019
17.7126200951959 32.8245578913028 -10.4484786535461
18.3658300905657 31.9732330885528 -10.5140222539902
19.0190400859355 31.1219082858027 -10.5795658544344
19.6722500813053 30.2705834830526 -10.6451094548785
20.3148360284762 29.4136147238419 -10.6927307775159
20.8171178264461 28.4821102985159 -10.5036654914005
21.319399624416 27.5506058731899 -10.314600205285
21.8216814223859 26.6191014478639 -10.1255349191696
22.3239632203558 25.687597022538 -9.93646963305414
22.8262450183257 24.756092597212 -9.74740434693869
23.2141372245257 23.8276271652619 -9.39223517888717
23.5540081778027 22.9004375160757 -8.96733487181722
23.8938791310796 21.9732478668894 -8.54243456474728
24.2337500843566 21.0460582177031 -8.11753425767734
24.5736210376335 20.1188685685169 -7.6926339506074
24.8687393632608 19.2132991290221 -7.20678516542077
25.0731700629725 18.3515413178428 -6.59742915677355
25.2776007626842 17.4897835066635 -5.98807314812633
25.4820314623959 16.6280256954842 -5.37871713947912
25.6864621621075 15.7662678843048 -4.7693611308319
25.8908928618192 14.9045100731255 -4.16000512218469
26.0132283303464 14.1120768789016 -3.44479025448426
26.1309287622017 13.3235577018161 -2.7235986730739
26.2486291940571 12.5350385247306 -2.00240709166354
26.3663296259125 11.7465193476452 -1.28121551025318
26.4840300577679 10.9580001705597 -0.560023928842825
26.576248165153 10.1846958041737 0.180403203374235
26.6481548877469 9.42351881945583 0.936162558307614
26.7200616103408 8.66234183473798 1.69192191324099
26.7919683329346 7.90116485002013 2.44768126817437
26.8638750555285 7.13998786530228 3.20344062310775
26.9296850934597 6.37186222849213 3.95228650558783
26.967353233568 5.57166206790199 4.66922025120173
27.0050213736763 4.77146190731186 5.38615399681562
27.0426895137846 3.97126174672172 6.10308774242951
27.0803576538929 3.17106158613159 6.8200214880434
27.1180257940012 2.37086142554146 7.5369552336573
27.1161863962382 1.501367476266 8.16697997854048
27.1064575251891 0.618035876653966 8.77964939640187
27.09672865414 -0.265295722958072 9.39231881426325
27.0869997830909 -1.14862732257011 10.0049882321246
27.0772709120418 -2.03195892218215 10.617657649986
27.0299413828953 -2.96019206237925 11.149474639619
26.948482068803 -3.92918193401267 11.6079025949262
26.8670227547107 -4.89817180564609 12.0663305502334
26.7855634406184 -5.86716167727951 12.5247585055405
26.7041041265261 -6.83615154891294 12.9831864608477
26.6003493082403 -7.81842373577454 13.3977846213137
26.4259772140685 -8.84276543184009 13.6735592464397
26.2516051198967 -9.86710712790562 13.9493338715656
26.0772330257249 -10.8914488239712 14.2251084966916
25.9028609315531 -11.9157905200367 14.5008831218176
25.7284888373813 -12.9401322161022 14.7766577469436
25.4502994040848 -13.9736731806456 14.8719371528582
25.1695797792607 -15.0074383458028 14.9628176069379
24.8888601544365 -16.04120351096 15.0536980610177
24.6081405296124 -17.0749686761172 15.1445785150974
24.3274209047883 -18.1087338412744 15.2354589691772
23.9652757536899 -19.1165742383995 15.2066506933641
23.5729667312308 -20.1148108736115 15.1335040433701
23.1806577087717 -21.1130475088236 15.0603573933761
22.7883486863126 -22.1112841440357 14.9872107433821
22.3960396638535 -23.1095207792477 14.9140640933881
21.9480541130331 -24.0725285519848 14.7761705527481
21.4436715671202 -24.9998515928861 14.5726922822138
20.9392890212073 -25.9271746337874 14.3692140116795
20.4349064752943 -26.8544976746887 14.1657357411452
19.9305239293814 -27.78182071559 13.9622574706109
19.3953333586896 -28.6820873487443 13.7327866643412
18.7795229075429 -29.5115515083951 13.4352973746165
18.1637124563963 -30.341015668046 13.1378080848918
17.5479020052497 -31.1704798276969 12.8403187951671
16.9320915541031 -31.9999439873478 12.5428295054424
16.3094840026228 -32.8217594769202 12.2413090960343
15.5858487460483 -33.5298900792442 11.8798727297369
14.8622134894739 -34.2380206815682 11.5184363634394
14.1385782328994 -34.9461512838922 11.1569999971419
13.4149429763249 -35.6542818862162 10.7955636308445
12.6913077197505 -36.3624124885402 10.434127264547
11.8825978285579 -36.9449427597056 10.036432717364
11.0591339520574 -37.5056909162736 9.63245013062047
10.2356700755568 -38.0664390728415 9.22846754387692
9.41220619905627 -38.6271872294095 8.82448495713336
8.58874232255573 -39.1879353859774 8.4205023703898
7.71267462240726 -39.6364417772593 7.99833238051936
6.80693685828854 -40.0216405964822 7.56590417410104
5.90119909416982 -40.4068394157051 7.13347596768271
4.99546133005111 -40.792038234928 6.70104776126438
4.08972356593239 -41.1772370541509 6.26861955484605
3.16173966047966 -41.4781364526775 5.82861226726821
2.20345358499865 -41.6642089542212 5.37828127444614
1.24516750951763 -41.8502814557649 4.92795028162407
0.286881434036617 -42.0363539573087 4.477619288802
-0.671404641444398 -42.2224264588524 4.02728829597992
-1.63250333538997 -42.3653846574937 3.57521251322906
-2.60445196876384 -42.3420253904429 3.11640603974249
-3.57640060213771 -42.3186661233922 2.65759956625593
-4.54834923551158 -42.2953068563414 2.19879309276936
-5.52029786888544 -42.2719475892906 1.73998661928279

-47.8993613638743 11.439537632267 6.1810633834313
-47.6993338538021 10.5134305827311 6.68563205179911
-47.4993063437299 9.5873235331953 7.19020072016691
-47.2992788336578 8.66121648365945 7.69476938853472
-47.0992513235856 7.73510943412361 8.19933805690252
-46.8992238135134 6.80900238458777 8.70390672527033
-46.4952813363339 5.89840382388078 9.09070383517966
-46.0536126448224 4.99067448156331 9.45571208319407
-45.611943953311 4.08294513924584 9.82072033120849
-45.1702752617995 3.17521579692837 10.1857285792229
-44.728606570288 2.26748645461091 10.5507368272373
-44.1460578136816 1.40850334864858 10.791732499757
-43.4998892062878 0.571533494037821 10.9767254898288
-42.853720598894 -0.265436360572935 11.1617184799006
-42.2075519915002 -1.10240621518369 11.3467114699725
-41.5613833841064 -1.93937606979445 11.5317044600443
-40.8332475826241 -2.71167253096984 11.6068093466761
-40.0337261127911 -3.42764458740953 11.5862120954576
-39.2342046429582 -4.14361664384922 11.5656148442392
-38.4346831731252 -4.85958870028891 11.5450175930207
-37.6351617032922 -5.5755607567286 11.5244203418022
-36.8015904800019 -6.23051503865022 11.4248736810783
-35.9111678449139 -6.78359056158294 11.1935085801237
-35.0207452098259 -7.33666608451566 10.9621434791691
-34.1303225747379 -7.88974160744838 10.7307783782146
-33.2398999396498 -8.4428171303811 10.49941327726
-32.3440865409107 -8.95772512976697 10.2291483838831
-31.4273863993772 -9.32475143761417 9.8081645920993
-30.5106862578438 -9.69177774546137 9.38718080031544
-29.5939861163103 -10.0588040533086 8.96619700853158
-28.6772859747769 -10.4258303611558 8.54521321674773
-27.7608762087393 -10.7897187133529 8.12191005601799
-26.8609221328846 -10.9757779211473 7.56716737185566
-25.9609680570299 -11.1618371289416 7.01242468769334
-25.0610139811753 -11.347896336736 6.45768200353102
-24.1610599053206 -11.5339555445304 5.9029393193687
-23.2611058294659 -11.7200147523248 5.34819663520638
-22.3640628444309 -11.7875567844579 4.76592607863634
-21.4678035687971 -11.8231922116368 4.17624460508112
-20.5715442931633 -11.8588276388157 3.5865631315259
-19.6752850175295 -11.8944630659945 2.99688165797068
-18.7790257418957 -11.9300984931734 2.40720018441546
-17.8504226785369 -11.910913754312 1.87620058162568
-16.8888388788581 -11.8358292718407 1.40503847600658
-15.9272550791794 -11.7607447893694 0.933876370387481
-14.9656712795006 -11.6856603068981 0.462714264768379
-14.0040874798218 -11.6105758244268 -0.00844784085072286
-13.0310450723069 -11.5284403704758 -0.442744797741175
-11.9828308837627 -11.4000485046029 -0.635195718228653
-10.9346166952186 -11.2716566387301 -0.827646638716132
-9.8864025066744 -11.1432647728572 -1.02009755920361
-8.83818831813023 -11.0148729069843 -1.21254847969109
-7.78997412958605 -10.8864810411115 -1.40499940017857
-6.72839323298886 -10.8031923622815 -1.41296792630358
-5.66005635251961 -10.7427003513395 -1.32769284479943
-4.59171947205036 -10.6822083403975 -1.24241776329527
-3.52338259158111 -10.6217163294555 -1.15714268179112
-2.45504571111186 -10.5612243185135 -1.07186760028696
-1.387131078164 -10.5088338424342 -0.984373449935819
-0.327771306705666 -10.6205828937456 -0.851920298856463
0.73158846475267 -10.732331945057 -0.719467147777107
1.79094823621101 -10.8440809963685 -0.587013996697751
2.85030800766934 -10.9558300476799 -0.454560845618395
3.90966777912768 -11.0675790989914 -0.322107694539039
4.96543567114569 -11.219290953309 -0.271338526561049
6.01598415508385 -11.4290732914415 -0.339265447490834
7.066532639022 -11.6388556295741 -0.407192368420618
8.11708112296016 -11.8486379677066 -0.475119289350403
9.16762960689831 -12.0584203058392 -0.543046210280187
10.2181780908365 -12.2682026439717 -0.610973131209972
11.2352864013733 -12.4511798260868 -0.894037303008839
12.2495041701556 -12.6318399920256 -1.19569776613465
13.263721938938 -12.8125001579645 -1.49735822926046
14.2779397077203 -12.9931603239033 -1.79901869238627
15.2921574765026 -13.1738204898422 -2.10067915551208
16.2942957643773 -13.2944025854812 -2.45891881906057
17.2875470498827 -13.3707846068629 -2.85878440114494
18.2807983353881 -13.4471666282447 -3.25864998322931
19.2740496208935 -13.5235486496264 -3.65851556531369
20.2673009063988 -13.5999306710082 -4.05838114739806
21.2651672335873 -13.6259478571626 -4.44594742872102
22.2726634736871 -13.5468719563355 -4.8078495441851
23.2801597137868 -13.4677960555085 -5.16975165964917
24.2876559538866 -13.3887201546814 -5.53165377511325
25.2951521939863 -13.3096442538543 -5.89355589057732
26.3030262865693 -13.2045285743372 -6.23923401544047
27.3132772138666 -12.9356128598768 -6.48285711675708
28.323528141164 -12.6666971454163 -6.72648021807368
29.3337790684614 -12.3977814309559 -6.97010331939029
30.3440299957588 -12.1288657164954 -7.21372642070689
31.3542809230562 -11.859950002035 -7.4573495220235
32.3164794434966 -11.3936049489148 -7.54789671511055
33.2781045408454 -10.9249039151235 -7.63661720967627
34.2397296381943 -10.4562028813323 -7.72533770424199
35.2013547355431 -9.98750184754102 -7.81405819880771
36.1629798328919 -9.51880081374976 -7.90277869337343
37.0291612769004 -8.89363527538689 -7.85273867068521
37.8796864103675 -8.24280373633638 -7.7799367599828
38.7302115438347 -7.59197219728588 -7.70713484928038
39.5807366773019 -6.94114065823537 -7.63433293857796
40.431261810769 -6.29030911918487 -7.56153102787555
41.1593724364643 -5.53202333692512 -7.37851778675294
41.8443178073169 -4.73584752123322 -7.15664232046821
42.5292631781695 -3.93967170554132 -6.93476685418348
43.2142085490221 -3.14349588984942 -6.71289138789875
43.8991539198747 -2.34732007415752 -6.49101592161403
44.4555297904949 -1.48904476847905 -6.19070380750849
44.9348919793081 -0.593571602082765 -5.84340780510627
45.4142541681212 0.301901564313518 -5.49611180270405
45.8936163569344 1.1973747307098 -5.14881580030183
46.3729785457476 2.09284789710608 -4.8015197978996
46.7341181870818 3.01408624113901 -4.40524755831715
46.983265115721 3.95973204549252 -3.96257992482411
47.2324120443603 4.90537784984604 -3.51991229133108
47.4815589729996 5.85102365419955 -3.07724465783804
47.7307059016388 6.79666945855307 -2.634577024345
47.8817979973083 7.7429583019687 -2.16695895042257
47.8861888389498 8.69020920542711 -1.66201216165071
47.8905796805913 9.63746010888552 -1.15706537287884
47.8949705222328 10.5847110123439 -0.652118584106975
47.8993613638743 11.5319619158023 -0.147171795335109
47.8323998427144 12.4659946866288 0.364844616271333
47.5880869327158 13.3671728456655 0.894433079861085
47.3437740227172 14.2683510047023 1.42402154345084
47.0994611127186 15.169529163739 1.95361000704059
46.85514820272 16.0707073227757 2.48319847063034
46.5691892246617 16.9558617616665 3.00978887407984
46.081127115147 17.7632551016127 3.52183006866359
45.5930650056323 18.5706484415589 4.03387126324733
45.1050028961176 19.378041781505 4.54591245783108
44.6169407866028 20.1854351214512 5.05795365241483
44.1172212633527 20.9855817862646 5.56654676786023
43.4048636494841 21.6535448296912 6.01224488953445
42.6925060356156 22.3215078731177 6.45794301120867
41.980148421747 22.9894709165443 6.90364113288289
41.2677908078785 23.6574339599709 7.34933925455711
40.5554331940099 24.3253970033974 7.79503737623133
39.6699951160739 24.825667477782 8.13038145450707
38.7708890330201 25.3126954241653 8.4570109754348
37.8717829499664 25.7997233705486 8.78364049636254
36.9726768669126 26.2867513169319 9.11027001729028
36.0735707838588 26.7737792633153 9.43689953821801
35.0743019638907 27.0947807710613 9.62688529583084
34.0490439209073 27.3727034026393 9.78141609935745
33.0237858779238 27.6506260342173 9.93594690288405
31.9985278349403 27.9285486657953 10.0904777064107
30.9732697919568 28.2064712973732 10.2450085099373
29.9190269163507 28.3447711150085 10.2592529527731
28.8491981649994 28.4079922231122 10.1980618802507
27.7793694136482 28.4712133312159 10.1368708077284
26.7095406622969 28.5344344393196 10.075679735206
25.6397119109456 28.5976555474233 10.0144886626836
24.5926176234994 28.5682861984054 9.83726872498446
23.5693125954212 28.4420305357862 9.53863660974811
22.546007567343 28.3157748731669 9.24000449451176
21.5227025392648 28.1895192105477 8.94137237927542
20.4993975111866 28.0632635479285 8.64274026403907
19.5123581844933 27.8981921604344 8.27741513650704
18.6117060475333 27.6406592663004 7.75322304412818
17.7110539105733 27.3831263721665 7.22903095174931
16.8104017736133 27.1255934780326 6.70483885937044
15.9097496366534 26.8680605838987 6.18064676699158
15.0160760952069 26.6074944906257 5.64843439701282
14.2638700339151 26.2854405179952 4.95363795692912
13.5116639726234 25.9633865453647 4.25884151684542
12.7594579113316 25.6413325727342 3.56404507676171
12.0072518500399 25.3192786001037 2.86924863667801
11.2550457887481 24.9972246274732 2.17445219659431
10.5638340088529 24.6405750646283 1.43660027903403
9.89853650791848 24.2692270783394 0.680455635851502
9.23323900698401 23.8978790920505 -0.0756890073310283
8.56794150604954 23.5265311057616 -0.831833650513559
7.90264400511508 23.1551831194726 -1.58797829369609
7.22833262558258 22.7511182016238 -2.31475090833494
6.52667087462467 22.2477818968431 -2.95240141183704
5.82500912366676 21.7444455920624 -3.59005191533915
5.12334737270885 21.2411092872817 -4.22770241884125
4.42168562175094 20.7377729825009 -4.86535292234335
3.72002387079303 20.2344366777202 -5.50300342584545
2.96430894312222 19.5893241060878 -5.87426648567762
2.19297164463317 18.9032355632235 -6.16853863249757
1.42163434614412 18.2171470203592 -6.46281077931751
0.650297047655065 17.5310584774948 -6.75708292613746
-0.121040250833988 16.8449699346305 -7.05135507295741
-0.877358805708097 16.1321208106604 -7.20633807331962
-1.59817878856194 15.3560198967907 -7.03209474663728
-2.31899877141577 14.579918982921 -6.85785141995494
-3.03981875426961 13.8038180690513 -6.6836080932726
-3.76063873712345 13.0277171551816 -6.50936476659027
-4.48145871997729 12.2516162413119 -6.33512143990793
-5.04526775836291 11.5126374223697 -5.83547618660204
-5.56306371630473 10.7845374752533 -5.24046977820591
-6.08085967424655 10.056437528137 -4.64546336980979
-6.59865563218837 9.32833758102072 -4.05045696141366
-7.11645159013018 8.60023763390441 -3.45545055301754
-7.57056996603394 7.89852942770146 -2.80253099218783
-7.80979539847566 7.28588551550027 -1.95417172725344
-8.04902083091737 6.67324160329909 -1.10581246231905
-8.28824626335909 6.0605976910979 -0.257453197384663
-8.5274716958008 5.44795377889671 0.590906067549725
-8.76669712824252 4.83530986669553 1.43926533248411
-8.83695127273154 4.24158646207141 2.32297279348749
-8.82936784131788 3.65657889587458 3.22296360018752
-8.82178440990421 3.07157132967775 4.12295440688755
-8.81420097849055 2.48656376348092 5.02294521358758
-8.80661754707689 1.90155619728409 5.92293602028761
-8.77465968506546 1.29250941471814 6.80132096762991
-8.61248043234564 0.555032137147625 7.5642757291581
-8.45030117962582 -0.182445140422891 8.32723049068628
-8.28812192690601 -0.919922417993407 9.09018525221448
-8.12594267418619 -1.65739969556392 9.85314001374266
-7.96376342146638 -2.39487697313444 10.6160947752709
-7.75793039944122 -3.27951022104762 11.1598724029703
-7.53280810267286 -4.22916722262997 11.6068023123829
-7.3076858059045 -5.17882422421231 12.0537322217954
-7.08256350913614 -6.12848122579466 12.5006621312079
-6.85744121236779 -7.07813822737701 12.9475920406204
-6.62998849643861 -8.05468810738969 13.2743277048758
-6.39637251191958 -9.10236168725285 13.2831851829618
-6.16275652740056 -10.150035267116 13.2920426610479
-5.92914054288154 -11.1977088469792 13.3009001391339
-5.69552455836251 -12.2453824268423 13.3097576172199
-5.46190857384349 -13.2930560067055 13.318615095306
-5.23697395207851 -14.2572478257478 12.9349825225332
-5.01337793566188 -15.2085673418245 12.4908307321976
-4.78978191924525 -16.1598868579012 12.046678941862
-4.56618590282862 -17.1112063739778 11.6025271515263
-4.34258988641199 -18.0625258900545 11.1583753611907
-4.12137983898209 -18.8917118313078 10.5533821465643
-3.90308115612941 -19.5718701173784 9.75212987415665
-3.68478247327673 -20.2520284034489 8.95087760174897
-3.46648379042405 -20.9321866895195 8.14962532934128
-3.24818510757138 -21.61234497559 7.34837305693359
-3.0298864247187 -22.2925032616606 6.5471207845259
-2.80319586350842 -22.623268584371 5.55147120197567
-2.57649678048154 -22.9536791041838 4.55562421210428
-2.34979769745466 -23.2840896239967 3.5597772222329
-2.12309861442778 -23.6145001438095 2.56393023236151
-1.89639953140089 -23.9449106636223 1.56808324249013
-1.66138370818886 -24.1033259929106 0.548322923294205
-1.41755239132704 -24.0794316099665 -0.496784803433169
-1.17372107446521 -24.0555372270223 -1.54189253016054
-0.929889757603376 -24.0316428440782 -2.58700025688792
-0.686058440741546 -24.007748461134 -3.63210798361529
-0.442227123879717 -23.9838540781899 -4.67721571034267
-0.176010047579849 -23.5848394322927 -5.63533309065726
0.0908392069106519 -23.1752313173752 -6.59099384670812
0.357688461401153 -22.7656232024577 -7.54665460275898
0.624537715891654 -22.3560150875401 -8.50231535880984
0.891386970382155 -21.9464069726226 -9.45797611486069
1.1702580760606 -21.3524813928267 -10.2786141354681
1.46022388384563 -20.5884532777478 -10.9746426426204
1.75018969163066 -19.8244251626688 -11.6706711497726
2.0401554994157 -19.0603970475899 -12.3666996569249
2.33012130720073 -18.2963689325109 -13.0627281640771
2.62122103061921 -17.509224102574 -13.7176449713016
2.92201156718452 -16.5245162814865 -14.0212077708767
3.22280210374983 -15.5398084603989 -14.3247705704518
3.52359264031514 -14.5551006393114 -14.6283333700269
3.82438317688045 -13.5703928182238 -14.9318961696021
4.12517371344576 -12.5856849971363 -15.2354589691772
4.41678333023281 -11.5728000712834 -15.2264234126932
4.70455457627764 -10.5481348252509 -15.0866963336888
4.99232582232248 -9.52346957921847 -14.9469692546843
5.28009706836732 -8.49880433318598 -14.8072421756799
5.56786831441215 -7.4741390871535 -14.6675150966755
5.84051528374858 -6.48872778040165 -14.4052356949626
6.07882816757014 -5.59242804797762 -13.8647464978963
6.3171410513917 -4.6961283155536 -13.32425730083
6.55545393521327 -3.79982858312957 -12.7837681037637
6.79376681903483 -2.90352885070554 -12.2432789066974
7.0320797028564 -2.00722911828152 -11.702789709631
7.17963287284305 -1.30129707711909 -10.9158105137409
7.3161237380122 -0.618568121765992 -10.0987877292777
7.45261460318134 0.0641608335871043 -9.2817649448145
7.58910546835048 0.7468897889402 -8.46474216035132
7.72559633351962 1.4296187442933 -7.64771937588814
7.78768870274455 2.04736556666911 -6.78095205723903
7.75537059941627 2.58265112683742 -5.85105973962549
7.723052496088 3.11793668700572 -4.92116742201195
7.69073439275973 3.65322224717403 -3.99127510439841
7.65841628943145 4.18850780734234 -3.06138278678487
7.62609818610318 4.72379336751065 -2.13149046917133
7.37630848332307 5.27812552203814 -1.24900741802797
7.10987451250793 5.83391541459886 -0.370152852353349
6.84344054169279 6.38970530715959 0.508701713321276
6.57700657087766 6.94549519972031 1.3875562789959
6.31057260006252 7.50128509228104 2.26641084467052
5.94243074680092 8.09934277924882 3.05797834921773
5.40695172985087 8.76694249837098 3.70593486822062
4.87147271290081 9.43454221749314 4.3538913872235
4.33599369595075 10.1021419366153 5.00184790622638
3.8005146790007 10.7697416557374 5.64980442522927
3.26503566205064 11.4373413748596 6.29776094423215
2.55935180922796 12.1584402159651 6.61833120787514
1.81505571032189 12.8916757349309 6.86463143922753
1.07075961141581 13.6249112538967 7.11093167057992
0.326463512509743 14.3581467728625 7.3572319019323
-0.417832586396328 15.0913822918283 7.60353213328469
-1.17791141335286 15.8094955407733 7.72531772323942
-1.98147867879987 16.4859402069778 7.50401007188155
-2.78504594424689 17.1623848731824 7.28270242052369
-3.5886132096939 17.8388295393869 7.06139476916582
-4.39218047514092 18.5152742055915 6.84008711780795
-5.19574774058793 19.191718871796 6.61877946645009
-5.94813551478993 19.750088154376 6.12236765654666
-6.68499551372944 20.2726335556247 5.54248968776285
-7.42185551266894 20.7951789568734 4.96261171897904
-8.15871551160844 21.317724358122 4.38273375019522
-8.89557551054795 21.8402697593707 3.80285578141141
-9.62189768768798 22.3278746573195 3.18623507796693
-10.3216926129335 22.7275225229708 2.47712051799434
-11.0214875381789 23.1271703886222 1.76800595802174
-11.7212824634244 23.5268182542735 1.05889139804915
-12.4210773886699 23.9264661199249 0.349776838076559
-13.1208723139153 24.3261139855762 -0.359337721896034
-13.8938004354129 24.6790365415794 -1.01358519237625
-14.6824264838366 25.021929582478 -1.6560555273607
-15.4710525322603 25.3648226233767 -2.29852586234514
-16.259678580684 25.7077156642753 -2.94099619732959
-17.0483046291077 26.0506087051739 -3.58346653231403
-17.9058361910501 26.3573591477161 -4.13751813674767
-18.8420749739442 26.6228257607165 -4.59057357692168
-19.7783137568383 26.8882923737168 -5.04362901709568
-20.7145525397324 27.1537589867171 -5.49668445726968
-21.6507913226265 27.4192255997174 -5.94973989744369
-22.6093151829522 27.6555708532502 -6.35238452323336
-23.6568723120364 27.7755705463051 -6.55362802761484
-24.7044294411206 27.8955702393599 -6.75487153199632
-25.7519865702048 28.0155699324148 -6.9561150363778
-26.799543699289 28.1355696254697 -7.15735854075928
-27.8471008283732 28.2555693185245 -7.35860204514076
-28.915602235436 28.17960546789 -7.30112854381971
-29.9844018122282 28.1008518148632 -7.23997186088315
-31.0532013890204 28.0220981618364 -7.17881517794659
-32.1220009658126 27.9433445088096 -7.11765849501003
-33.1908005426049 27.8645908557828 -7.05650181207347
-34.1956802112192 27.6119683072402 -6.8092976279359
-35.1842728221862 27.3150432431734 -6.51468776904703
-36.1728654331532 27.0181181791066 -6.22007791015815
-37.1614580441202 26.7211931150398 -5.92546805126928
-38.1500506550872 26.4242680509731 -5.6308581923804
-39.0346598976515 25.9984366792437 -5.22525957131788
-39.8567483859819 25.4950994553347 -4.75292815222075
-40.6788368743123 24.9917622314256 -4.28059673312362
-41.5009253626427 24.4884250075166 -3.80826531402649
-42.3230138509731 23.9850877836076 -3.33593389492936
-43.0410594548421 23.4017729906907 -2.81331835490197
-43.6363482643978 22.7240952815668 -2.23137422626216
-44.2316370739536 22.0464175724429 -1.64943009762236
-44.8269258835094 21.368739863319 -1.06748596898256
-45.4222146930652 20.691062154195 -0.48554184034275
-45.9397793345208 19.9741193313442 0.107994995118028
-46.2749612844363 19.1650394383879 0.72873455431229
-46.6101432343519 18.3559595454315 1.34947411350655
-46.9453251842674 17.5468796524752 1.97021367270081
-47.280507134183 16.7377997595189 2.59095323189507
-47.5775687759485 15.9169684371169 3.20775811399923
-47.6417220562838 15.0243379528127 3.80052281284451
-47.7058753366192 14.1317074685085 4.39328751168979
-47.7700286169545 13.2390769842043 4.98605221053506
-47.8341818972899 12.3464464999 5.57881690938034
