-0.55851257372840135 -2.173782425456066 0.48556302411494517
-0.60242261393339003 -2.1643314935970199 0.45557285475866971
-0.64539732515799686 -2.1522199152173198 0.42469788194982971
-0.68704416751041331 -2.1375063929944318 0.39317180346189279
-0.72739505512807867 -2.1202081608291921 0.3609795529986432
-0.76617232452809392 -2.1004089109143589 0.32830682649147869
-0.80440488620147121 -2.0774837188570361 0.29422038113453269
-0.83764087373092466 -2.0541261158104911 0.26266757560316911
-0.86843452905302743 -2.0298004453780178 0.23202115670178389
-0.9022823429999558 -2.0023359858199621 0.1982975676589831
-0.94468530067436685 -1.9676311205609329 0.15639611856024291
-0.98145253454969184 -1.9373041158044679 0.12035820369168559
-1.0183082759163931 -1.9066983835122111 0.084529277588743859
-1.0552747997325189 -1.875825137683871 0.048890414034076582
-1.092353212597087 -1.844710570302786 0.01344150277494616
-1.129547511952268 -1.8133831802386291 -0.021817631450631331
-1.166864717251787 -1.781873949248526 -0.056887087859942301
-1.2043126538989359 -1.7502142366979681 -0.091767110176229669
-1.241898823481939 -1.7184347643806499 -0.12645812829818989
-1.279630716673382 -1.686566245619066 -0.16096086315698591
-1.317516812690342 -1.654641079492573 -0.195276759598394
-1.35556710096064 -1.6226944105652179 -0.2294082845009901
-1.3937916088085911 -1.5907621192921211 -0.26335837269730772
-1.432198257556752 -1.55887799447391 -0.2971298672169761
-1.470799686864628 -1.5270573644479299 -0.33072889887278673
-1.5136942733857071 -1.491131116200219 -0.36773006708866102
-1.550236186578589 -1.4569094826010049 -0.39916593802588718
-1.587519296692079 -1.416953052776452 -0.43128651415303521
-1.6217207698848559 -1.375344385982487 -0.46084243448634632
-1.654544942557082 -1.3301484291045951 -0.48930366284586568
-1.6857860362040351 -1.2810695509346259 -0.51652094553404904
-1.714508639576777 -1.229474097703384 -0.54167465789132407
-1.7407275592937259 -1.1752518257387521 -0.56477874867028177
-1.7642421703121041 -1.118749652110963 -0.58565381623859425
-1.7848585415590861 -1.060432831441884 -0.60412861930885131
-1.802561632096517 -1.0003764193476621 -0.62016391454519404
-1.817247392832134 -0.93923613811280271 -0.63357355902369472
-1.828991493948082 -0.87669126742688774 -0.64437180652711101
-1.837681857920757 -0.81336230940858401 -0.65245225177788768
-1.843307077677578 -0.74936156476809546 -0.65780689806304438
-1.8458284110185721 -0.68514678360177061 -0.66040232553485445
-1.845275333619242 -0.621455485859294 -0.66025920552861317
-1.84178230086199 -0.55892587724569631 -0.65748706030405146
-1.835223256267678 -0.49494790401798278 -0.65197602132300803
-1.8259714750235581 -0.43222041704078468 -0.64384583807586526
-1.814380648325858 -0.37111922406120768 -0.63308231290647377
-1.8008569687264711 -0.31214402313314887 -0.61976496317706564
-1.785589542501492 -0.25481606419189429 -0.60380141488548622
-1.768700801232111 -0.19884228938421131 -0.58500513690648048
-1.7504980494841429 -0.14457432051179919 -0.56344029711047949
-1.731244808581367 -0.092143177163938633 -0.53911188258664478
-1.7111717994009661 -0.041629504637007632 -0.51205016970233197
-1.690529507797591 0.0068663699621392266 -0.48228134087173019
-1.6695542859695389 0.053245336300104917 -0.4498868631820151
-1.6484819504382919 0.09744031702802651 -0.4149238676277755
-1.627512067082828 0.13942570918180139 -0.37744574286602911
-1.6068922566963699 0.17909283651428229 -0.33758477886055871
-1.586808708273663 0.21645022060376051 -0.29539721204844999
-1.5674890030070729 0.25140874108809319 -0.25103488756203313
-1.5491233113173259 0.28398061313498352 -0.20459032525338641
-1.5319049233256099 0.31412921597298787 -0.1561970505646556
-1.5160434471307991 0.34184626444907618 -0.10599797642972721
-1.5017079878263211 0.36717855409623767 -0.053912948080537829
-1.488472027993246 0.39137072998933781 0.0029734801963505202
-1.477685463863496 0.41233157428726119 0.060109172848184379
-1.46936627217675 0.42812585543801063 0.11151752193163569
-1.4633976836022791 0.43719370641998728 0.1504894540821976
-1.4578493591856421 0.44869405670492418 0.20014458764103921
-1.453166081914316 0.47047791593260591 0.27397417166073318
-1.4514936536056791 0.49659188075656879 0.34410233864286133
-1.451895794403649 0.5245728946799757 0.40648418116823842
-1.453715797260545 0.55541912875192623 0.46510367632129818
-1.456554123716284 0.58998987955439885 0.52160786914156532
-1.4600813465353679 0.6283845396093779 0.57595305589594026
-1.4639200877009539 0.67022695543786037 0.62749732584415752
-1.467652199756138 0.71524498833564765 0.67597508684785845
-1.4710162639747899 0.76320606740400099 0.72120729157596064
-1.4735708070954761 0.8138242262915697 0.76307958427630529
-1.4750072896880959 0.86662355389611345 0.80138278805081264
-1.4751295123442481 0.92137155421373351 0.83613712555893216
-1.4735827137191659 0.97769960533179334 0.86736483429509514
-1.4701319956350221 1.0351904152472671 0.89508204150814785
-1.464654391208718 1.0936139459664549 0.91937411108129508
-1.4569907313042061 1.1524265184034399 0.94027088818491422
-1.446866402534619 1.21148707349558 0.95804348397496575
-1.434374294502794 1.2703393573270649 0.97269298257454773
-1.419435452312942 1.328892158780693 0.9844237425611202
-1.402123925107027 1.3866538352859961 0.99328415785388235
-1.3825616104938681 1.4434800721910861 0.99932754928053302
-1.360771225257656 1.4993699006526839 1.0026706841937449
-1.336778467169365 1.5542857241134891 1.003316518590325
-1.3107718715000489 1.607884023187351 1.0013024579280281
-1.282841041055333 1.660049333628645 0.99666868625297844
-1.25314309722607 1.7105643818427649 0.9894772372953492
-1.2217691262635471 1.759339054193449 0.97977944265502637
-1.1888711547730491 1.806192754102993 0.96764766128662383
-1.1545635165949659 1.8510201600246801 0.95315125071799234
-1.1189889908699699 1.8936790590202739 0.93637217026266373
-1.0823032991943851 1.9340347544499761 0.91741031073451262
-1.044581595944623 1.972050339590218 0.89632849130561054
-1.005859452124346 2.0077014344413109 0.87315458182730799
-0.96703664020585689 2.040239397864696 0.84846879165966838
-0.92657305608074214 2.0710143584259511 0.82139623378559867
-0.88631830708908432 2.0985620444267772 0.79322906094872847
-0.84502055946544563 2.123724186947797 0.76310431725443928
-0.80381873799947179 2.1457872279743548 0.73185647720376523
-0.76263897806825265 2.1649390277764771 0.6995099844363416
-0.72025158027685898 2.1816450815569088 0.66513592882026751
-0.68379971963366815 2.1937180376990142 0.63482326872438577
-0.64205077191646276 2.2064775162131238 0.59983995304011095
-0.59175575741926356 2.22158260954102 0.55774831349741516
-0.54603269050309011 2.235110705758621 0.51953608524386374
-0.50082447873701286 2.248299052425764 0.48180399395653778
-0.45554226175255219 2.261332689817781 0.44405659639678707
-0.41019176085435982 2.2742216343463668 0.40629574833022097
-0.3647784782927167 2.2869780451375021 0.36852390630225812
-0.3193077768969364 2.2996154721762072 0.33074391510458451
-0.2737848883979152 2.3121477286698862 0.29295860862990969
-0.2282149288788346 2.3245884196538071 0.25517067053998488
-0.182602898249111 2.336950914978972 0.21738268105562711
-0.13695364859443249 2.349248311911186 0.17959718348520171
-0.091271874799826361 2.361493420179241 0.14181671672495039
-0.045562260251729103 2.3736992958228931 0.1040438211889111
0.00017018270083456099 2.385880517743431 0.06628103574921218
0.045920030602621169 2.398053487520829 0.028530910704071731
0.091682211758928767 2.410233508221777 -0.0092039373140637634
0.1374512413586888 2.4224374192461031 -0.046920758540478842
0.18351707832395309 2.4347427164177819 -0.084856048785254087
0.2353406888082725 2.4470899274792388 -0.12717808988144619
0.27941419862951328 2.4544713600374131 -0.16246242989218629
0.32640590093117222 2.458882191083561 -0.1992532480013475
0.3740126094887733 2.459816821183864 -0.23564612858388539
0.4244499546134119 2.457261415322296 -0.27321482496313249
0.47347531980226237 2.4512438823624731 -0.30864526358699129
0.52201407995479243 2.441834646647751 -0.34262452830844131
0.57185494737701625 2.4287376872691602 -0.37639213946031569
0.62132334323454974 2.4122831030603988 -0.40867867811283382
0.67051239588700229 2.392341501997433 -0.43942641189105558
0.71842942415266398 2.3695210327862011 -0.46806879846181487
0.76587440821327357 2.3434657896105229 -0.49507775010371458
0.81255594878733239 2.314347815624894 -0.52027655888525071
0.85815309971549214 2.2823649643380319 -0.54346970055262178
0.90255548859456369 2.2476682236332062 -0.56461443459643934
0.94560893789397082 2.2103848021825958 -0.58361727562644827
0.98716627516074273 2.1707120639942352 -0.60042756237996664
1.027143798558386 2.128741475173463 -0.61499214630703403
1.065352168036473 2.0847363549781242 -0.62725721920717192
1.1017795907808461 2.0387412038749861 -0.63720649762425829
1.1360331865564171 1.9913310208314881 -0.64475053945521166
1.1683357280769291 1.9422971361614261 -0.64995134596678117
1.1989675303086591 1.891300243310915 -0.65286172933104536
1.227271036542976 1.8394759077951039 -0.65334498351590597
1.252717773048283 1.788042842721195 -0.6514837701005699
1.2769778240591261 1.734045296965554 -0.64724615971999089
1.2972187118438301 1.6845166099517239 -0.64141432598056203
1.3189787280143841 1.6267807937856651 -0.63263062892549249
1.338663999826486 1.5695803837319591 -0.62168644050471455
1.35622780442284 1.513986653486457 -0.60889226619132419
1.372195954466578 1.4590875694187551 -0.59412680149321373
1.3867588307944081 1.404857854310877 -0.57741147086374256
1.3996982919055501 1.35266987923037 -0.55920484125618342
1.4115600582589209 1.300793255644596 -0.53882649266185001
1.422430612580337 1.249212036560069 -0.51612723549886741
1.432419658928582 1.197991459863651 -0.49103210516534013
1.441606327442281 1.1472787316562021 -0.46347704453178501
1.4502955594942299 1.0960685679221129 -0.43278459295546878
1.458332390767394 1.045984433359616 -0.3997849796750888
1.465795198557345 0.99738547017368395 -0.3646752335927626
1.4728143165606249 0.95031155292720271 -0.32747573100443339
1.4795281818414201 0.90476992937591827 -0.28816005774403081
1.4860300754630431 0.86109634312308214 -0.24698016838772599
1.492529900433899 0.81888690154958499 -0.20350212390785641
1.4995118099603091 0.77598385956915561 -0.15494711403140729
1.5039545858009851 0.73784618128727042 -0.1072981923013778
1.503178384369545 0.70091589737027793 -0.055452298507764487
1.4993788514915729 0.67584031667387623 -0.014611161048414201
1.4939117722239901 0.65675567614493702 0.021048444857438169
1.4875385763836271 0.63818483830532247 0.061196061103556743
1.4827443988198421 0.61244375211781699 0.1184187880280998
1.47970540192088 0.57688317108004861 0.1828497054730687
1.4755417340394761 0.53611179182031854 0.24026374375726031
1.4695946246574929 0.49693907775139762 0.28573507156170502
1.4597076320087861 0.45029316980488548 0.33189830322026159
1.4477139900329341 0.40382539305866622 0.37201421323666822
1.4337660127144021 0.35899360150032888 0.4063603069205004
1.4158515353845049 0.31069560715297628 0.43949306202729999
1.397252006524663 0.26659326390334859 0.46695526056494518
1.3721450024932429 0.21282830709746731 0.49750076776248509
1.348546115390824 0.16299689122431291 0.52376913812433457
1.3253551491115669 0.1127031149687109 0.54866016140297724
1.302464223300567 0.061803438878955508 0.57224590764721772
1.279770460144819 0.0102934020637734 0.59454374568194157
1.2571858865048799 -0.041822594590047182 0.61553482625881872
1.2346268944157781 -0.094545440836615494 0.63517469954422878
1.2120525565586291 -0.14776036918071389 0.65340942773534227
1.189415337523436 -0.20138136419674171 0.67019786540081194
1.1665999159795211 -0.25547977448414322 0.68557794598547273
1.1436920275654949 -0.30965547467308452 0.69937980573477609
1.12080765976367 -0.36345273260120642 0.71168526085364847
1.0964438593450021 -0.42012252921998472 0.72286819762259757
1.0741139857566919 -0.47138040274401299 0.73137081480302657
1.051260523562721 -0.52279674885884042 0.7377596856262234
1.029596172903489 -0.57062310024924257 0.74198155325727766
1.004394252910755 -0.62583774111793866 0.74675795708933035
0.981609209376053 -0.67537663240876844 0.75099361689675614
0.95432801514831034 -0.73422678139719511 0.75597099867997253
0.92884168336509054 -0.78876394872475852 0.76054370550436678
0.90324916969876845 -0.84307904262439759 0.76506873974178635
0.87747887420386783 -0.89731330993394898 0.76957037198085498
0.85152872022212689 -0.95145971794876616 0.77406229412761218
0.82539673772842548 -1.0055111472389699 0.77855905811068205
0.79908092675547737 -1.0594603478785021 0.78307532047350448
0.77257917518837027 -1.1132999002807069 0.78762563215765713
0.7458891975491585 -1.1670221510396239 0.79222442690258577
0.71900857482905656 -1.2206192025727769 0.79688607043134096
0.69193511099704075 -1.274083058567419 0.80162508769485918
0.66466726232440099 -1.3274058115313889 0.8064564218831729
0.63720390119018722 -1.380579527900794 0.81139524651664363
0.60954478564559067 -1.4335964445899609 0.81645732037319874
0.58168150181019274 -1.48644473334747 0.82165277455506625
0.55293986746509061 -1.5403154946648649 0.82710030709420879
0.52307565971583703 -1.592391641126055 0.83164464895330092
0.49166920476251691 -1.642114643552202 0.83482965417689914
0.4600006697664073 -1.6881862938740371 0.83672544079915945
0.42572268271978081 -1.7338036994785471 0.83731457737880854
0.3904354141492426 -1.776987207640766 0.83658683187687277
0.3532260738151487 -1.818782967839597 0.83443039280656683
0.31394081716116101 -1.8592751177872 0.83075026338020952
0.27385323413679152 -1.897178373915827 0.82563635559988835
0.2321604401649576 -1.9332830426870311 0.81894788736947532
0.18912292273437489 -1.967317998768159 0.81067251383971217
0.14485380689253169 -1.999253772162324 0.80081666902723103
0.1004241792429154 -2.028342723349402 0.78960117511747785
0.054435298022437059 -2.0554987821941602 0.77664087953150407
0.0078596099498732062 -2.0801272903316761 0.76218723735460758
-0.03932485440446358 -2.1023117480068492 0.746241794667867
-0.086779280508516271 -2.1218970656396432 0.72890558205004985
-0.1347199759590825 -2.1390180053656089 0.71009409329565343
-0.1826155783774927 -2.1534684427669331 0.68999227743709191
-0.23074761409590719 -2.1653480711311408 0.66848555305435409
-0.27876649530035708 -2.1745540952017328 0.64571467033719743
-0.32665727603751499 -2.1811160819035029 0.62170333217812068
-0.37417182098039542 -2.1849941291203061 0.59656184030540005
-0.42124384822791849 -2.1862051189258991 0.57032115956724783
-0.46774623485425038 -2.1847369823286669 0.54303227170483792
-0.51348687776136059 -2.1805987971974758 0.51479420650031471

-2.4194498953140391 0.72681654533494933 0.20835101446659679
-2.4332548425971718 0.6726173457513609 0.2227755330396046
-2.4438659278197239 0.61743244169968015 0.23703733992334161
-2.4512057197435948 0.56133349312473835 0.25110532420130688
-2.4551967248147508 0.50466708407640282 0.26488435383068698
-2.455796230534752 0.44734563427608709 0.27838485168557181
-2.4529477692869701 0.38995896919123008 0.29145658365071059
-2.44658368716 0.33212582358909681 0.30417521518054541
-2.4367393073375361 0.27469425802284958 0.31634181050758509
-2.4233115194571759 0.2173060363438544 0.32802158655376518
-2.4063747351522449 0.1605872868635321 0.33907264741438958
-2.3858886620301778 0.10447847982981449 0.34949839286817191
-2.361870386294032 0.049329222149738998 0.35921278433778769
-2.3344103355668988 -0.0046457861884037924 0.36817213207332877
-2.30350491346901 -0.057227802981569931 0.37632154494489028
-2.2694529588322929 -0.10793680836304979 0.38358438750624652
-2.232296036709259 -0.1566504797699686 0.38994301301108841
-2.191560755651953 -0.2039255602481885 0.39548571480936451
-2.1465579758424518 -0.25008684065519921 0.40005419192435199
-2.100161184495831 -0.29243999765916662 0.40318476076129578
-2.051629676759029 -0.33210036905650331 0.40478209333211251
-2.0008534859500711 -0.36940901730399678 0.40469744665665508
-1.9492825168376371 -0.40357261687575757 0.40275792596307092
-1.896120972202942 -0.4352758846592969 0.3987350804938703
-1.841739084031017 -0.46444699619388441 0.39244267889984819
-1.7865875732722569 -0.49105539061333092 0.38376018287223351
-1.7308903652053931 -0.51519933959812969 0.37255916272945389
-1.674961898774435 -0.53695802123059067 0.35874352754441752
-1.6191223211172829 -0.55642074375965889 0.34225503246823979
-1.563643064039534 -0.57371497553904682 0.32304265157196638
-1.508811837440053 -0.58896598846253223 0.30109117298839272
-1.454898293517346 -0.6023161640521788 0.2764085012235038
-1.402167460843162 -0.61391837639710578 0.24903028057467469
-1.3507707371601589 -0.62393796612481744 0.21895611586290981
-1.3010291500176261 -0.63252723152106227 0.18630204002561521
-1.253173197211408 -0.63983136974034671 0.15118934111693921
-1.2069584693062481 -0.6460913856198861 0.11338031345762389
-1.162248137285363 -0.65146025339837177 0.072552239760579076
-1.119962801027226 -0.65603862012630743 0.029401789616206261
-1.0804619390011321 -0.65988035296501701 -0.015590555207690459
-1.0447169853903431 -0.66235605832976574 -0.061006888438627352
-1.0098508673932809 -0.66567175711502513 -0.107604796423672
-0.96857597146223318 -0.66692905193108643 -0.15817502298137839
-0.92153231342519926 -0.66584399209955991 -0.20976913566877339
-0.8733391824133997 -0.6625769407229205 -0.25729463546690218
-0.82005785748896109 -0.65649644857567058 -0.30457901735994303
-0.76317526433320171 -0.64819516412778044 -0.34905640662404802
-0.70547424402618986 -0.63886963131154451 -0.38763538003308962
-0.64593819558328902 -0.62880222353178172 -0.42113721925996672
-0.57668752153497693 -0.61634779104733683 -0.45280877880310683
-0.50437140999628205 -0.60289795654146927 -0.47768093937268841
-0.42881280589130621 -0.58861453749404724 -0.49557121156632122
-0.3473665723334457 -0.57273034461765071 -0.50501675809745583
-0.27146980276444799 -0.55751256875662836 -0.50432071345300022
-0.18939869062032541 -0.53946745789133865 -0.49212058695774852
-0.1149448175663737 -0.52196215462293793 -0.46944818035767272
-0.047178073706660342 -0.50728969417160208 -0.43694120310043733
0.0077459880696768872 -0.49821916070988381 -0.40742746771190602
0.062968577110792526 -0.49317470691614629 -0.37862912004682919
0.12550852331255671 -0.49311202315693481 -0.34585272604050038
0.184923426737545 -0.49960767055247102 -0.31635050723999231
0.24066600655379089 -0.51273773674851753 -0.29184497806755533
0.29399820258797149 -0.52865641187001144 -0.26953934441991118
0.32394859583061131 -0.53645443984803243 -0.25906134044146201
0.35467494407211592 -0.5433659875218243 -0.25036268584419502
0.38785430252309611 -0.5497640233854143 -0.24311145101252901
0.43985100988229148 -0.55764289154127022 -0.2349004593103016
0.49827035117662521 -0.56348011975368251 -0.22907387579577021
0.55690925671831693 -0.56662348856456679 -0.2257248209292339
0.61636231035276579 -0.56751508607941237 -0.22429334081441621
0.67507842294722875 -0.56662046957272771 -0.22510751363500489
0.73180014276864369 -0.56384210977279681 -0.22805892922849549
0.78869977354600052 -0.5592235700531708 -0.23340505544494139
0.84456709268690333 -0.55274782161751257 -0.24110608055429061
0.89156743156344198 -0.54558395647712565 -0.24949055500574499
0.96027596192644082 -0.53098891550059246 -0.26201524612497318
1.020436727961098 -0.51701162417938717 -0.27186113918593752
1.079948463983778 -0.5029003670886929 -0.28018306324019232
1.138552824208434 -0.48864035211089002 -0.28699849022393897
1.19755254256 -0.47385064040865171 -0.29248731358157448
1.256425020574186 -0.45858225438597061 -0.29660643900400052
1.315251574238073 -0.44274018486439209 -0.29937863567516732
1.373963690229282 -0.42627243868807452 -0.30082693114384218
1.432588145294029 -0.40909136491007791 -0.30095731353044008
1.490893053370429 -0.39118528763431332 -0.29978505064700262
1.548977483907348 -0.37247057987911719 -0.29736238705895901
1.606487866802637 -0.35301300360567539 -0.29375815956225931
1.666715084143183 -0.33158710734463281 -0.28874828968777683
1.7232351479990891 -0.31023607809171327 -0.28269140689407102
1.783199680713875 -0.28602564559903221 -0.27467954007379319
1.838250761129633 -0.26204530699172879 -0.26567806830527618
1.888456273497634 -0.23836532494365209 -0.25588427700173028
1.939176171470933 -0.21262293460779441 -0.2445075912045003
1.996104143901078 -0.18090287581408851 -0.22957626623653771
2.0417808604171741 -0.15292853138972379 -0.21577437336978081
2.0919377484853792 -0.11918443741359799 -0.19859827475637501
2.1382730155181759 -0.084485592102508458 -0.18049363222430681
2.1813410182923589 -0.048810903857027528 -0.16159946720524451
2.2225315226011362 -0.01061320282758613 -0.14118579395219749
2.2618878520775891 0.030259043451343649 -0.1192915839906382
2.2973861029578519 0.071788795372361505 -0.097136826156389827
2.3308344719567531 0.1162841305605352 -0.073499966721487092
2.3614447880367111 0.1629606495437641 -0.04889330713895744
2.3886108896886542 0.21090960378356871 -0.02394059565957166
2.4125881063957082 0.26064295699722928 0.0015856188516185871
2.4331956121012319 0.31189113107623739 0.027431330340083729
2.4503199857836901 0.36447358413545577 0.053434372642868599
2.463867286896662 0.41812824561609602 0.079493294309660151
2.4737856219721852 0.47274412571331847 0.1055482538900956
2.480007531574651 0.52809743986842816 0.1314973178643081
2.4824870625026221 0.58396612493356359 0.15721993485037211
2.4811964794383981 0.64011368982758754 0.18261340343743351
2.4761201353825721 0.696365867759 0.20759862818576291
2.4672560695620409 0.75249878185131136 0.23207151597453751
2.4546227068678741 0.80828518303422381 0.25592745571897901
2.4382489206475699 0.86350730726712066 0.27907048387612049
2.4181832237527048 0.91794432288466932 0.30141103714177048
2.3944847885877101 0.97138824397612544 0.32285692324784659
2.367234262067047 1.023607674281986 0.34331618481768927
2.336532250116917 1.074388510693491 0.36269502994548242
2.302480819466886 1.123526167220386 0.38092856432986022
2.2651851601171602 1.170777293717177 0.39804315602223989
2.2247856235876249 1.2159904545746789 0.41389677316952722
2.181446088050325 1.25901165769601 0.42834514686103442
2.1353241589120282 1.2996557465565881 0.44131847971559768
2.0866057632204198 1.337776265813762 0.45272634056913219
2.035457290748615 1.373196285624255 0.46252731174367062
1.982263816366755 1.4057009162530689 0.47061085713223211
1.927172104547866 1.4351835920798419 0.47702144379799372
1.8712485718216421 1.4611002963649 0.48174221542619061
1.8137043593593349 1.484026643592848 0.48483337349860639
1.7516422283790261 1.505014291795032 0.4861658913944169
1.6952477945552991 1.521060836773692 0.48556749441325942
1.629518634078696 1.5364656515320989 0.48272382581156831
1.5630555070831891 1.548898265844213 0.47763620797547263
1.501306270962339 1.55806122784964 0.47105763648772869
1.440227772069389 1.5650832616019219 0.46275548958720442
1.3804032346680419 1.570108004931549 0.4527547311417448
1.320352187223212 1.5733625393401289 0.44064992593458951
1.2607401738178901 1.5749261438308459 0.42642854546098902
1.201721704970165 1.574951941743302 0.41002735761493619
1.143601689529711 1.573598942943516 0.39143915131694379
1.08447371540497 1.570954010948598 0.36991255061457828
1.025738977149685 1.5671994077211511 0.3457661747116561
0.9676406481690123 1.562487699667527 0.31897022174015183
0.91037591505972915 1.556984065855533 0.28945488919816609
0.85479991095904118 1.5509366537974589 0.25753652478549788
0.80216542047356265 1.5446951268531439 0.22390455681092819
0.75121067037839195 1.5383320204258679 0.18787819925562721
0.70034134822952321 1.531843642762287 0.1483049095729661
0.64771043047039067 1.525212326770238 0.1031759871928469
0.60132624549032843 1.519096954723141 0.058690669203452499
0.5680782570233277 1.5102565062394999 0.023793721710072269
0.5245314350434005 1.4922856008933001 -0.027158225853683639
0.49469624234502951 1.4822849019501521 -0.059504508862867553
0.44623880700880958 1.469126274231805 -0.10599598905317489
0.40028954931034899 1.455680868405544 -0.14660965081210789
0.35418712940402158 1.439794089669159 -0.1856604700715925
0.31077112790083122 1.422745342687693 -0.22118582762154471
0.25928879671146088 1.400642428361266 -0.26152919666976709
0.21590664794187289 1.3802409476320789 -0.29435216661607527
0.16233409641885141 1.3533290436709371 -0.33337127883790751
0.1228357312625164 1.331639690019534 -0.36155645552009918
0.077881602623412191 1.303363483958474 -0.39303617120779261
0.034979387797721501 1.272448118142574 -0.42257631927327638
-0.0069945363409242636 1.237980074357643 -0.45059059612454527
-0.049677094625839892 1.198436381646613 -0.47798278701357988
-0.093562233369590533 1.152613355209827 -0.50481485475912191
-0.13357016664735519 1.1054259353599181 -0.52734071097137569
-0.16827079742419221 1.0608083109874551 -0.54315573651610571
-0.20243443112702689 1.0138102684916439 -0.55374262831186893
-0.23533861915849311 0.96484755836081759 -0.55869125178844625
-0.26742128535136039 0.91357485205264077 -0.55746260973273687
-0.29770838487332751 0.86136043753495717 -0.54996612638115283
-0.32691643549436827 0.80765312867464734 -0.53589042126791286
-0.35343247215025492 0.75534870093166073 -0.51600438365693513
-0.37716930557282902 0.70420714457613232 -0.49046825349694428
-0.39976116189937427 0.65116363924637222 -0.45770812233113578
-0.41921922654536969 0.6035691657608927 -0.42212834430276491
-0.43541944247995962 0.56017688389370934 -0.38428121659227199
-0.45025101231456921 0.51427179996517947 -0.33828642189815927
-0.46251561176949552 0.4742457385270451 -0.29194894705417018
-0.47216546745935228 0.43566880594537138 -0.24202033335041989
-0.4809729828161306 0.39321854588523991 -0.1822457217910553
-0.48512476505362218 0.36238979597155568 -0.13606602285577471
-0.48740991900476288 0.32852033709528949 -0.082238895115497271
-0.48767413745839422 0.2999075799088462 -0.034046057701157838
-0.48635296334117578 0.2719805042839003 0.01328280609208151
-0.4862169537813894 0.25298996332518092 0.043649657571418379
-0.48840447815707272 0.21005096469871859 0.1059968625233237
-0.48485428642257639 0.17015394050609969 0.15941985384774471
-0.47789824242195023 0.1352317849304196 0.20417953972202829
-0.46630646270650022 0.096388496007897367 0.25192127302275152
-0.45419840869262851 0.06767180524300806 0.28550437710346921
-0.44104472715603149 0.042233225268574613 0.31301921372382929
-0.42275322664302278 0.0080882222944786385 0.344922509761037
-0.40095969917171492 -0.039250551404934157 0.38432891030995608
-0.38322069279002252 -0.084989169504512393 0.41841560039224129
-0.36784790382620902 -0.12961455452884421 0.447710064658143
-0.3537406524382935 -0.17500671033218521 0.47368429241851479
-0.34074203389742841 -0.2211650782347897 0.49660759400564158
-0.32866062699124549 -0.2687151438902961 0.51670827286911436
-0.31778409741225599 -0.31573458317451403 0.53318988353507979
-0.30751843878725937 -0.36353570148168479 0.54650572787705953
-0.29774392173297731 -0.41378174617569358 0.55714544179002456
-0.28896451703176729 -0.46451882157310792 0.56462533332059195
-0.28110111635617618 -0.51539594085794638 0.5689169432721769
-0.2741155158933119 -0.56639127615849727 0.5699773873581544
-0.2679106878043549 -0.61716327869265208 0.56782700231639249
-0.26242222185577813 -0.66803698192674243 0.56239237830936661
-0.25756864739472352 -0.71800648559972713 0.55378477636737811
-0.25355698710223401 -0.76685062341432886 0.54210850258777821
-0.25015108461930008 -0.81583645361830504 0.52711952237193527
-0.2472425704328958 -0.86404418509894998 0.50905770033507458
-0.24437572654186149 -0.91301154555476471 0.4873509585272629
-0.24104008699788509 -0.96111543424820756 0.46260026255359399
-0.23744486702183429 -1.005708268061458 0.43646610708573158
-0.23341241129012241 -1.049364279370214 0.40765665946452129
-0.22867235737998831 -1.092932068159308 0.37530296832392979
-0.22323609131099689 -1.133335620103574 0.34181302002582642
-0.2177037477842263 -1.1705178337316759 0.30744883785636778
-0.21017619201393939 -1.2086826155598009 0.26900581281304381
-0.19940921769391451 -1.247894324843138 0.22588558032840719
-0.18675315611539489 -1.2819960880373129 0.18516952830164279
-0.1712337803277503 -1.3138049519151489 0.14432836862301621
-0.15696756159841679 -1.3362566430178959 0.11359727602161231
-0.1368634848254684 -1.365151793125793 0.072560784278056664
-0.11148589634049449 -1.397491243826736 0.01752114995790913
-0.086454744956556348 -1.423810127261806 -0.034689410446007818
-0.062404751764891547 -1.4450963596043751 -0.084862212501272141
-0.038491887238744131 -1.462694319206546 -0.13537242037217839
-0.013983414754563951 -1.476945492038586 -0.18673874609159849
0.011069232910045841 -1.4878261006253439 -0.23941018875383399
0.036894884804193333 -1.4952703406294949 -0.29323897350646161
0.063402501983281401 -1.499081866950652 -0.34763134661520911
0.090288385184987663 -1.4991346056247861 -0.40249151313541393
0.11748331431864049 -1.4953014042551469 -0.45804511768206541
0.14481322493769341 -1.4874867379587211 -0.5136265458980156
0.17219227436829379 -1.4756238730772171 -0.56917815030549124
0.1995660609370479 -1.4596139372067409 -0.62438412448349212
0.22685774407943199 -1.439438780648957 -0.67896916193338319
0.25391686707761729 -1.415094621490683 -0.7325416554377695
0.28075395331199898 -1.386570566760722 -0.78493962037250631
0.30711308130903392 -1.353987981823022 -0.83565539925306476
0.33313354809305579 -1.3172601089859031 -0.88469806217767899
0.35869028145405829 -1.276639499709801 -0.93148529930317647
0.38355145315858441 -1.232588977942539 -0.97537832876661745
0.40722008575420121 -1.1852752602158121 -1.0163045174857219
0.43042539091821919 -1.134349238290419 -1.0544002355809869
0.45373440878183352 -1.0793235936384229 -1.0897342571417721
0.47615747670618891 -1.022157390557191 -1.1210078430412189
0.49782568407939271 -0.96263647757143067 -1.148317425853284
0.5181475213981529 -0.90082917714814892 -1.1717421654000579
0.53688718607679575 -0.83646400832405843 -1.191382770343419
0.55476673425721412 -0.76926057145733429 -1.206934697454171
0.57088941188749009 -0.70266789544477626 -1.2175982919035231
0.58551714771033592 -0.63408835539189801 -1.223919300067567
0.59839968036854507 -0.56464088152108505 -1.2256370009972619
0.60937892383105607 -0.49529482607004321 -1.222761286500355
0.61895485016076213 -0.4255992671621901 -1.2150957676938079
0.62697690074449797 -0.35656407198843437 -1.2027218310705421
0.63334300331376336 -0.28869505466926909 -1.1857587405592009
0.63832244317135767 -0.22239581340356421 -1.1642860980204139
0.64167853720413859 -0.15759922488776079 -1.1384184492436871
0.64378424355387276 -0.095066069281333598 -1.1083083741762261
0.64466430716437073 -0.035442922680923909 -1.0743760197808669
0.64494403270074863 0.021395912633230561 -1.036402085231884
0.64458624478333726 0.075297288598455678 -0.9945109089000983
0.64379183423640829 0.12537262397060631 -0.94948869118973522
0.64262414940455714 0.17256857089208749 -0.90060136774826827
0.64050106491814951 0.21650768739945009 -0.84837150631837255
0.63765663622113078 0.25661905685296349 -0.79353206837759871
0.63380222736699088 0.29274598499481902 -0.73659082825665378
0.62881501886214208 0.32472977162511152 -0.67803851154606865
0.62258200956245213 0.35266415128044892 -0.61797363265522898
0.61515397826843576 0.37647784530327688 -0.55676847532515572
0.60618346548899282 0.39683854897215493 -0.49268536318223011
0.59542944469737336 0.41364034894348628 -0.42474650655400698
0.5829596344307385 0.42613702314437341 -0.35313611265907069
0.57172792140483319 0.43178785500943528 -0.30264814054313238
0.56292357275913729 0.4348610955994156 -0.27011212577050547
0.55339025709025924 0.43684908217156082 -0.2382074117851703
0.53139938391606745 0.43940838342010469 -0.15694587323718889
0.51680699149113196 0.44811875042256588 -0.089412013166390872
0.50285485879835135 0.462144317608153 -0.014411771761980189
0.4963172858501958 0.47180656155094669 0.028176131357765189
0.48401225048570767 0.49338559518793351 0.113751725700951
0.47621137076145431 0.50394763291138756 0.15521801390506901
0.46213222209871369 0.52094764244222869 0.21652885354728951
0.44452476506065169 0.54000044843827255 0.27240187431526519
0.42401646951548833 0.56046464526881479 0.32337448842644201
0.39762912811942752 0.58698621614991286 0.37958869036455861
0.36947530240732052 0.61716308664390551 0.43245878755697448
0.3423449532390288 0.644030560934304 0.47192179565018488
0.31133156045474258 0.67258900133517163 0.50710459587709833
0.27684629356223511 0.70255135211372255 0.5375722257394302
0.23955418564949901 0.73390668652888369 0.56289796913607848
0.2000336303053952 0.76644879509578689 0.58275714795444156
0.1567336407092372 0.80127570877435939 0.59759233868465989
0.1143578389050891 0.83486748194554161 0.60666986980193993
0.069237898124519359 0.87044890492739724 0.61099661516532588
0.025756610790328711 0.90450282351791023 0.61026920513790495
-0.019651190150481661 0.93941166900805262 0.60510042680969767
-0.066440737382934739 0.97436070326990043 0.59633089954186858
-0.1197898397233552 1.011066947190975 0.58395058628816732
-0.1664772697177134 1.040852079220359 0.57070567272669648
-0.20930466804683229 1.065943344358975 0.55654013876453334
-0.26011410415644998 1.0935441823968961 0.53744799861607373
-0.3068013117525773 1.1167486990083879 0.51803329551634736
-0.35434522419980291 1.13825904447305 0.49613766105959339
-0.40297789540782802 1.158446890418336 0.47223713321343969
-0.4515091091452767 1.177111415540663 0.4465958389062043
-0.50297410536442022 1.1956294727729559 0.41751492882272001
-0.55161883631137798 1.212084911138577 0.38822340367349739
-0.60020588452597057 1.22782330010508 0.35676830250455122
-0.65163862859363175 1.2433215691469111 0.32087010790000042
-0.7089211034935976 1.259512351275887 0.27715527880260032
-0.74920320033656396 1.2740982188898109 0.24296590387199291
-0.78945639034637916 1.291797920541274 0.20767327840478469
-0.82912590823370347 1.308055317943313 0.1764646168978555
-0.87609846284333404 1.3261501727257721 0.1437211583425318
-0.92836008562044603 1.344478891940178 0.11223737188356619
-0.97982735943671195 1.360734115636419 0.085445675320685546
-1.0309090663360101 1.3750582247477821 0.062363996140694267
-1.083289208251911 1.3879492917987191 0.042000790920090722
-1.1367921255894089 1.3992479827852951 0.024332394007465889
-1.1910527286579411 1.408779135750267 0.0093445279068874801
-1.245998665358613 1.416451953249102 -0.003044630962011029
-1.3013828562720471 1.422072186827527 -0.01296542163113009
-1.356994410743682 1.425522217957834 -0.020554601041755639
-1.412766623604629 1.4268073254537801 -0.025856690923230161
-1.468561052129616 1.4257849443425259 -0.029008438811358891
-1.5240992136688221 1.422353315298583 -0.030188787628773701
-1.5792087871687119 1.416537335155041 -0.02945068534441618
-1.6338315120154361 1.4082623831986441 -0.02693996035358167
-1.6882233326563829 1.397315562473842 -0.022847607301748389
-1.7420566355819771 1.383770440369396 -0.01717434519167178
-1.794899678805884 1.3676183557937429 -0.010059662318702081
-1.846663535996506 1.348817307953724 -0.001767511087347053
-1.8969042277383981 1.327490928408064 0.007562219712845466
-1.9460070570041821 1.303491920038633 0.017914484642331179
-1.9936516629423271 1.2768628085218501 0.029059165739273619
-2.039725983746528 1.2476043752819139 0.040824765814134523
-2.083938702395872 1.2159133308203689 0.053154897366898157
-2.126372254210438 1.1817307038700171 0.066089459007846241
-2.1667511247160611 1.1452003377460449 0.079430515275751887
-2.2049803228072 1.10640233160391 0.093148761022588511
-2.2409203263365809 1.065415272727035 0.1071050245777872
-2.27448001316063 1.022328933415156 0.12128176624590881
-2.3055259989181911 0.97730044843066521 0.13561904968341129
-2.3339724082110771 0.93040475153343138 0.15008816859827431
-2.3596888224453361 0.88176590949508782 0.16464375294846251
-2.3825783547923312 0.83152593978688627 0.17923915191637799
-2.4025181597387082 0.77984430561558515 0.19381903458588359
