3.262799856959222 0.015016787687432941 -0.0063176713505011589
3.2712966525110421 0.1241352581835023 0.045057708400658834
3.2749713096503341 0.23354253461212587 0.09638954763949388
3.273815006339837 0.34301193329083746 0.14770676272540167
3.2678425927122183 0.45232857302990859 0.19901424473613555
3.2571318969201659 0.56127996228168564 0.25032738163960433
3.2417469965479366 0.66963854162373826 0.30170611882344245
3.2215128740658105 0.77715667744344652 0.35316782056352769
3.1964016410481975 0.88358540738698488 0.40474378942785716
3.1664159955263167 0.98864908427030884 0.45651289238661619
3.1313819314130229 1.092015513190669 0.50852547434609974
3.0912056638297525 1.1933726194863139 0.56077183645913831
3.0457258438205184 1.2923368448261712 0.61325457340332634
2.9949518895523979 1.3884550583200952 0.66616766460199806
2.9386010978801087 1.4814140357670396 0.71907639158343173
2.8765409862575022 1.570683579293328 0.77194659318002001
2.8089491124377122 1.6555458485444541 0.82528836401565409
2.7359315544265477 1.7357295573875797 0.87871493673899381
2.6570869444568785 1.8104418486437339 0.93178714608876445
2.5726974132365354 1.8793862587407524 0.98413663569149368
2.4829787978243005 1.9422045661844665 1.035320738835817
2.3878156495316127 1.9979809781338609 1.0848080531348463
2.28781898585834 2.0466493613129693 1.1322262055764793
2.1832249432423598 2.0876214743589654 1.1769327731968899
2.0745298686873896 2.1204890495370949 1.2184252335217902
1.962401803577059 2.1452614031696484 1.2562143239450687
1.8474147727738375 2.1615718216974815 1.2897570520451702
1.7302910284242161 2.1694120426753698 1.3185885502256431
1.6117926329129886 2.1687323405229555 1.3424049199141606
1.4926312429691047 2.1597425164004838 1.3604970014124278
1.3734369703695175 2.1434103985050532 1.372023302225361
1.2549853695600963 2.1199153066279117 1.3767257395650165
1.1380178677270829 2.0896213583897154 1.3744295443873586
1.0232623193498542 2.0529272553484654 1.365037498122921
0.91121759600245056 2.0108578664897379 1.3482871739350788
0.80239325105427839 1.9642021758627957 1.3241335999431556
0.69718182791830519 1.9137815978024542 1.2926008505120166
0.59572837279862945 1.8605254181006547 1.2541758015492088
0.49826944346508162 1.8052782749944265 1.2088356015137816
0.40484640028763269 1.7488710883216436 1.1568855760481733
0.31525198524287462 1.6920698228592088 1.0989549420033768
0.22930825337848901 1.6355274263066752 1.0354874536469052
0.14666856440346376 1.5797640223312013 0.96712246676021851
0.066986075913740298 1.5252179759784337 0.8943935732824414
-0.010257594105871251 1.4722733048469197 0.81793608412048735
-0.085619230776335722 1.421044919739147 0.73848225168975679
-0.15969893233423557 1.3715154470090474 0.65677183831973351
-0.23308367878806563 1.3234737845566924 0.57355674026903214
-0.30621714007087925 1.2765463765938907 0.4894871597627235
-0.37975398782211578 1.230290145702035 0.40539772229188153
-0.45403604642406969 1.1844921872304408 0.32171324812195057
-0.52899279945571764 1.1387612362679465 0.23859550730826942
-0.60434857342191306 1.0926299125384942 0.15606193389730164
-0.67960594419573028 1.0456670095524141 0.073908598255507302
-0.75402933691075391 0.99792403665732787 -0.0085533747891387117
-0.82695339027012471 0.94983311175324714 -0.092144735058629676
-0.89824913431748821 0.90194634007822072 -0.17724464729122066
-0.96811704292647427 0.85478760424141209 -0.26392171550029148
-1.0377137030365209 0.80886205543994794 -0.35147491278342791
-1.1083152193757362 0.76434122070455679 -0.43894937537902601
-1.1806627939187717 0.72082451914953283 -0.52549757539576547
-1.2548582463792304 0.67787229572071717 -0.61075307936672207
-1.3314496064797636 0.6351766663130104 -0.6939934206587608
-1.4106271753032804 0.59208383860867952 -0.77456372439132326
-1.4925552521784866 0.54820003070564072 -0.85188830853420205
-1.5773637978860491 0.5027759195049657 -0.92510034112234329
-1.6648913178012315 0.45527685284027203 -0.99363983474578299
-1.754883843291378 0.40501474959862582 -1.0567917425992877
-1.8469264186242436 0.35122594138149266 -1.1137642070864298
-1.9404547551467197 0.29332076125735984 -1.1638444399256749
-2.0344971946230093 0.23081153775346031 -1.2069347983215037
-2.1282955547277989 0.1634717697722558 -1.2426093259121538
-2.2209700689523322 0.0909411121111314 -1.2700398388979663
-2.3113696705087303 0.013058595344128759 -1.2891117137412134
-2.3983881309370867 -0.070049905139297736 -1.3001336230025011
-2.4804663798205655 -0.15865719186563096 -1.3032316993551942
-2.5568761423170518 -0.25217979430295928 -1.2991751755860141
-2.6267520862290832 -0.35013227745653464 -1.2881453777267673
-2.689651140299866 -0.45183999951756698 -1.2707790055457908
-2.7449540589233599 -0.556749526707078 -1.2475974065559094
-2.7923552705654169 -0.66420730307740428 -1.2191527473137924
-2.8316328174034178 -0.77362475999859237 -1.1861322007515627
-2.8625967400893897 -0.88438809813684982 -1.14902221254315
-2.8853988281765175 -0.99594639807951313 -1.1084886705019739
-2.9004095383729562 -1.1078014566960313 -1.0652318101469798
-2.9072095589784492 -1.2194374356122022 -1.0194080172559286
-2.90652320205389 -1.3304735119236457 -0.97165013270305223
-2.8983142151619652 -1.4404876582583499 -0.9222548063184538
-2.8827982434413673 -1.5491093513557554 -0.87153935815679118
-2.860316994351821 -1.6560420390061545 -0.81985204791720945
-2.8311271559045252 -1.7609672080929215 -0.76740052564506978
-2.7956746211901726 -1.8636943405927053 -0.71445320435750981
-2.7539792149649802 -1.9639359257851341 -0.66129362988728468
-2.706516471824822 -2.061573043510549 -0.60811342507294053
-2.6536586641472346 -2.1563597732844069 -0.55486308700482878
-2.5955437880901577 -2.2480401810392463 -0.50165293594650706
-2.5325293782647917 -2.3365323902936286 -0.44861748076115066
-2.464943706988866 -2.4217161311129254 -0.39579108474471003
-2.3931521401333633 -2.5035729087898244 -0.34325125715143651
-2.3173133108251576 -2.5819208398340918 -0.29104984493618524
-2.237681603442395 -2.6566965317616087 -0.2392570403351868
-2.1546386991636171 -2.7278924330814456 -0.18777448516929915
-2.068370107249593 -2.7953834589059099 -0.13660777617687417
-1.9790568874671919 -2.8590469199310373 -0.085760542394241107
-1.8870637517389954 -2.91888079627449 -0.035038100481416798
-1.7926267239359399 -2.9748003466847353 0.015659387238146028
-1.6959239783945166 -3.0267423100052704 0.066316997823328797
-1.5971647587444089 -3.0745825976879178 0.11704593019273674
-1.4965065203699783 -3.1181910965391508 0.16785533986398049
-1.3940602299693623 -3.1572303285909689 0.21880223000687582
-1.2899391062709091 -3.1912645552153811 0.26993678866199938
-1.184488824111567 -3.220293370428756 0.32143555368461313
-1.0779466885920301 -3.2443477449098528 0.37325039217351219
-0.97047986394528274 -3.2630095181723489 0.42536990486490506
-0.86229360369367991 -3.2760024917215369 0.47771912052925891
-0.75360407767101112 -3.2832861546213983 0.53013251990949317
-0.64465665452136778 -3.284615272611211 0.58249458701632495
-0.53574913847075889 -3.279641818038916 0.63471409291642367
-0.42717608527949602 -3.2683035180977691 0.68663676695814957
-0.31926231979246728 -3.2505318209262679 0.73812662325062495
-0.2124369191388692 -3.2260255478790971 0.7891109769223732
-0.10686403816512972 -3.1947030601531039 0.83896140447096024
-0.0029524947786226802 -3.1565033523109438 0.88748470505149657
0.098870498436277279 -3.1113611515649291 0.93444615576293044
0.19819083920908659 -3.0592786349804912 0.97954892034452912
0.29460159933961771 -3.0003191151615831 1.0224366662062452
0.38766334498442701 -2.9345356654880157 1.062724555784418
0.47697553581763819 -2.8620998800369373 1.0999678210455426
0.56211646119468983 -2.7832108870438943 1.1337030407542061
0.64254177795295664 -2.6980343825122679 1.1634983358802302
0.71819933663284741 -2.607173132273751 1.1886032030633249
0.7888236385981261 -2.5110635342419343 1.2082666013161651
0.85427230397430542 -2.4104265988143205 1.2223772993427373
0.91413874351418678 -2.3057139852161055 1.2303106663579764
0.96849395097148516 -2.1977595873111628 1.231457059085443
1.0174599465647354 -2.0873947763402763 1.2256498084168916
1.0611727473491459 -1.9754933841746827 1.2123175231296235
1.0998061322731016 -1.8629040208776915 1.1913018779675639
1.1340098566006265 -1.7505268394688616 1.1627892608736345
1.1645784685077623 -1.6392722273559228 1.1267524696415416
1.1922612142291027 -1.5297784370224563 1.0836647224659666
1.2183130457102909 -1.4226688368320892 1.034057408330515
1.2434729492290748 -1.3182340353020279 0.97862100936301932
1.2688996464384421 -1.2166067510642151 0.91829559128565141
1.2956340260621386 -1.1175886306201224 0.85429766037863542
1.3242948508388843 -1.0207634450357979 0.78781872282568965
1.3556745414035296 -0.9257405529191618 0.71998078739353943
1.3899920485189485 -0.83191440848451681 0.65189684274913917
1.4274024128410687 -0.73868613424444263 0.58462888340027364
1.4678077484993013 -0.64560979881120251 0.51890163315686877
1.5104253438901967 -0.55207830621731413 0.45524599105502606
1.5539382758719427 -0.45731398012516766 0.39406879842750603
1.5960020716332033 -0.36020376170227103 0.33564161742478682
1.6343641431070164 -0.26029978361749684 0.27943585267766186
1.6668811843310061 -0.15796686218381678 0.22395438555798003
1.6920406436571094 -0.054046022308692251 0.16763677367672189
1.7092620552207978 0.050590928863835191 0.10968911874489563
1.7187645258585562 0.15536603608263722 0.050214233478358801
1.7210792409905533 0.26000080622893662 -0.010231695799123204
1.7169508114019101 0.36426982009104059 -0.07123055398182157
1.7068849618306206 0.46801249606622958 -0.13244307642086436
1.6914789413726932 0.57118416859489241 -0.19352333942684244
1.6711268811340472 0.67369271706775824 -0.25427470608241809
1.646235628044751 0.77554205872980608 -0.3144500728728904
1.6170899331186082 0.87674717286090353 -0.37379810064861368
1.5839625326498787 0.97721916766540917 -0.43230149695410897
1.5471928338764214 1.0770892212855103 -0.48965211984476087
1.5071983204561912 1.1764838140893377 -0.54566025200932189
1.4642602855440701 1.275547674939042 -0.60005202165754101
1.4185593221127746 1.3745356885358495 -0.65228406894414781
1.3702870543288908 1.4736194097953272 -0.70195782994922229
1.3195220355804447 1.5729644097469331 -0.74851748512150129
1.2661391854989748 1.6726361703662604 -0.7912810760024086
1.2100231657410605 1.7725791280728425 -0.82967648147012507
1.1509551836393599 1.8725858728287037 -0.86314238123625553
1.0886347573496709 1.9722686938846026 -0.89122119377285147
1.0228114936592991 2.071153408783867 -0.91351081420696023
0.95329067624520769 2.1686647142748456 -0.92980041271089409
0.87981249852038734 2.2640615355472202 -0.94013966090777179
0.80235279132636217 2.3567295083028501 -0.94446653044988027
0.72087521524706921 2.4459773874152306 -0.9429377533927692
0.63538044730314702 2.5311088232586449 -0.9359023930832302
0.54594381664447011 2.6114604181610717 -0.92360861957044571
0.45284756948589316 2.6865940694987458 -0.90641846155473371
0.35637304984207474 2.756091276660698 -0.88472172040104147
0.25677174198064007 2.8195035752432123 -0.85889513192065026
0.15437498690383231 2.8765711851371951 -0.8294357837792119
0.049525482501138238 2.9270621588935115 -0.79676051057313613
-0.057379342787666869 2.9708182528900884 -0.76115391445638003
-0.16589384469221483 3.0078715916432031 -0.7228949475233869
-0.27558384286923049 3.038167936508783 -0.68211632959121593
-0.38639107355532409 3.0616279059145404 -0.63986911002717484
-0.49764008124062542 3.0784982887441323 -0.59567507493590377
-0.60901530772843315 3.0886755282783507 -0.54978003457125268
-0.72013649987220152 3.0923908159139142 -0.50231118117304774
-0.8309275539858576 3.0895485762186312 -0.45401423809969443
-0.94093812497463292 3.0804439413029687 -0.40471305322422063
-1.0498231978774977 3.0651838176551705 -0.35444093634389073
-1.1573171703965901 3.0437877653623358 -0.30341531903430663
-1.2631037744042328 3.016386750442436 -0.25169475582759659
-1.3668816185395585 2.9831005298786919 -0.19935851475457786
-1.4684387899049138 2.9439291678005213 -0.14673854848601442
-1.5675250609410001 2.8989429500525117 -0.094055408560674097
-1.6638037516621114 2.8483315957334736 -0.04126772864808205
-1.7569617223763285 2.7922579601046347 0.011602351266559813
-1.8467405634469276 2.7308215830547056 0.064361159382030644
-1.932861989945432 2.6641056473749303 0.11680349664219115
-2.0150887089299641 2.5922960691928738 0.16876430424584798
-2.0931610944367813 2.5155623666330711 0.22008738702376746
-2.1668376607695334 2.4340872217536886 0.27059095637976188
-2.2358935522406647 2.3480746750049035 0.3200863501238484
-2.3001201588463838 2.2577595005621189 0.36840209485252695
-2.3593563102713477 2.1634031454938216 0.41534799129337829
-2.4134841593101841 2.0653061555646928 0.46076653247512722
-2.4624458253424955 1.9638099604131356 0.50454779683689766
-2.5062800309184738 1.8592885789128055 0.54661153363502846
-2.545136821992025 1.7521441527968831 0.58693330409368494
-2.5790938304346742 1.6427947960328677 0.62572743115991325
-2.6078591750608258 1.5314006350864986 0.66283497989408069
-2.6303988969699903 1.4176012036495202 0.69679330498904013
-2.6460191197639134 1.3016519394194885 0.72717597432277048
-2.6550514999435149 1.1841134177682795 0.75391299824446356
-2.6576058126906905 1.0654515150289907 0.77681085857455456
-2.65378623948668 0.94614933689112535 0.79587880662205213
-2.6437957144750786 0.8266208311459855 0.81086123130151988
-2.6278118404235751 0.70727851167161804 0.82152418290844442
-2.6062896927294146 0.58850708830912191 0.82799918137836381
-2.5795030879273528 0.47065089611000793 0.83005869994033976
-2.5478602791995426 0.35401558353734847 0.82735415021063952
-2.5119163075942663 0.23882988221947365 0.8200484417583761
-2.4721190354262887 0.12528941194010657 0.80829746187525908
-2.4288897224438282 0.013598334406027337 0.79187062724748514
-2.3826750128115202 -0.096102804009276149 0.77078803243075844
-2.33420475429886 -0.20391914705493311 0.74547138555658177
-2.2837703039565653 -0.30964225831200476 0.71556783880843111
-2.2322681011201477 -0.41347230226864012 0.68118232314152061
-2.1796848055466747 -0.51536781649133279 0.64285810977138091
-2.1266307479175013 -0.61548423856559464 0.60068086276843291
-2.0738264154183681 -0.71420555072412273 0.55503681917365422
-2.0212178954841962 -0.81180980902411315 0.50683049092407051
-1.9681702428833907 -0.90840201719667635 0.45709027440236499
-1.913738971212952 -1.0039216928712149 0.406779419955767
-1.8568141911727825 -1.0982191363684608 0.35693156790015929
-1.7959734727722145 -1.1908333240178695 0.30858338568802879
-1.7299660626662114 -1.2808621549661727 0.26217619925986296
-1.658142021017766 -1.3673607818312152 0.21773316624750039
-1.5812112843761479 -1.4504095863058319 0.17529048366353731
-1.5002415072568858 -1.5305382863883514 0.13479080850277195
-1.415114150199581 -1.6071923489411726 0.096142851533837656
-1.3256995233113722 -1.6797714264600336 0.059351148552140416
-1.2321706640170296 -1.7474445414597466 0.023453377774403813
-1.1347247805241825 -1.8098497752666554 -0.011556129333884118
-1.0340448483030615 -1.8665932330542609 -0.047046462756536546
-0.93035299622134404 -1.9175038590225419 -0.082710119254428269
-0.82459908810859006 -1.9626718617770014 -0.12001800878357892
-0.71700808169195218 -2.0021574738269261 -0.15850807982633175
-0.6085557642513737 -2.0364781608198377 -0.1994587329789384
-0.49945906503501353 -2.0662758459508179 -0.24220366520428543
-0.3900748401321365 -2.0916722189098955 -0.28700250636830177
-0.2804256205019503 -2.1118261551533437 -0.33376984703569484
-0.17071274112145274 -2.1262735766811742 -0.38246642773629774
-0.061045759772808357 -2.1357736573074622 -0.43247205715708426
0.048464792654249161 -2.1412444456960316 -0.48341954790757563
0.15779813185653138 -2.1438270962778354 -0.53497461635857435
0.2673005149402467 -2.1446582547773545 -0.58622831508290385
0.37740093120521961 -2.1442460122102593 -0.63619009519140812
0.48851343081543885 -2.1427768353426093 -0.68383796746633885
0.6007663323210205 -2.1400474408549606 -0.7286728802880913
0.71430096331490289 -2.1358962940149104 -0.7700344724590632
0.82916616193265713 -2.1302491283514753 -0.80734411867075229
0.94520156018054247 -2.122250794138981 -0.84034665800494157
1.0622419770473082 -2.1114016985202495 -0.86864242846543815
1.1800616837999793 -2.0972502119646754 -0.89176688159146233
1.2982581470354564 -2.079314402523019 -0.90977298568468568
1.4164243332942186 -2.0571763592400281 -0.92249477222909437
1.5340429772865021 -2.0301224164772012 -0.929487850758277
1.6505622034458454 -1.9979221455589942 -0.93074472549446496
1.7654775465960686 -1.960651078145256 -0.92633872136240747
1.8780283194491005 -1.9177880290887162 -0.91584518461069142
1.9874880140708118 -1.869078994858657 -0.89974395728370082
2.0931142971303234 -1.8142862822444765 -0.87837943086704795
2.1940017931815463 -1.7531337801664773 -0.8520054530842005
2.2896030955368136 -1.6858395093704304 -0.8212114364369012
2.3800070225470216 -1.6132575436892949 -0.78691951839092888
2.466148917604547 -1.5367194208515702 -0.75032479105236116
2.5488478395121454 -1.4571884100911614 -0.71219773006915454
2.6280014741218225 -1.3747960432575259 -0.672648225842577
2.7033336508378798 -1.2895481294391553 -0.63171177755012864
2.7746044339890727 -1.201525262477481 -0.58939873010612487
2.8416026806894741 -1.1108318924475884 -0.54576473298250228
2.9041421302476285 -1.0176116381060014 -0.50085554092208528
2.9620591235876756 -0.92199647043198663 -0.45479615764467157
3.015220950648406 -0.82414331382720307 -0.40771361626834085
3.063523444789821 -0.72424583036822165 -0.35969663405648089
3.1068987067293294 -0.62251481907982642 -0.31083218483226049
3.1453510141240604 -0.51921389752192471 -0.26114562111124173
3.1789415178988967 -0.41459785097843627 -0.21069171819879493
3.2075105269655917 -0.30864043167148247 -0.15994474901144887
3.2309449952827642 -0.20159575048282469 -0.10884996094347062
3.2493581380785832 -0.093635934641157631 -0.057624317184678503

2.45032725921393 2.121232086893873 -0.0020996621603480031
2.3723968041579857 2.200138694049588 0.051392090021907269
2.2904749369568496 2.27511373510931 0.10457245930260578
2.2046853390536376 2.3459360368004294 0.15734318695668098
2.1151601485099554 2.4124156958790977 0.20955317530951165
2.0220370311899809 2.4743993718610784 0.26099327211844814
1.9256278570032876 2.5316233064508897 0.3118897458747466
1.8260704609494549 2.5840519578252072 0.36188091492225055
1.7235973398229019 2.6316024788754184 0.41084620497080349
1.6184617143056688 2.6742634789694804 0.45865659724630342
1.5109531380228107 2.7120903634919817 0.50524315490054472
1.4013777244857524 2.7451823599162699 0.55059995026589492
1.2899474442485062 2.7732903475613013 0.59477586814449124
1.1766486283597852 2.7954660870084798 0.63753824727766062
1.0614698184437175 2.8107736123931848 0.67822938627719376
0.94464590053765096 2.8186138669802454 0.71624174037845456
0.82654812235664721 2.8186017857183425 0.75099062982816722
0.70774240166645663 2.8111235930821148 0.78235655491357259
0.58871737938849855 2.7965597009395951 0.8101854425158842
0.46989142599042277 2.7749905898348914 0.83403275226505058
0.35170565487152095 2.746691319468392 0.85363884750764485
0.23457885316612276 2.7120150561463561 0.86887611587656866
0.11885385295053183 2.6714344490470303 0.8795664498154826
0.0048706003367554977 2.6253330292843491 0.88552469279369439
-0.10708567938465209 2.5741620613955174 0.88661213520391269
-0.21680010055804638 2.5184552458090268 0.88295856684126806
-0.32402152137371798 2.4585910990749964 0.87438365134339591
-0.42863570212556684 2.3951563435444996 0.86073014423785976
-0.53056953527719708 2.3286752426951232 0.84215316155407549
-0.62988450333058454 2.2598048156054467 0.81873439588563302
-0.726506493946662 2.1890534783718327 0.7901983922536554
-0.82069153671468975 2.1171122367392412 0.75686688022484805
-0.9125461707203032 2.0442108472866742 0.71937903272800019
-1.0021847945360292 1.9709338074195446 0.67750430924752769
-1.0901989070127249 1.8980303220877854 0.63170353571003512
-1.1769157868651225 1.8255924099864782 0.58278582582698946
-1.2625150198193849 1.7533663573238485 0.53163295302915947
-1.3469150228271201 1.6807244864222073 0.47909481966547679
-1.4298465537277958 1.6066102457344067 0.4262820438785303
-1.5109426849205119 1.5297743321146811 0.37452897174264338
-1.5894704089725622 1.4492821936446694 0.32441162007794128
-1.6644544816497358 1.3643514679465938 0.27624437701043209
-1.7349334531952654 1.2744954530136885 0.23025899922930701
-1.8008028353734291 1.1801537496643004 0.18646318964561184
-1.8625132285012873 1.0821545685008385 0.14468698911921371
-1.9197463335939835 0.98063028916440997 0.10501546927078922
-1.9719109473402339 0.87579607596184905 0.067009985386793161
-2.0179836844733079 0.76775690107120509 0.030124982307143132
-2.0578669633310049 0.65708169895314994 -0.0061439478495989488
-2.0910092011770667 0.54421194347354862 -0.042437269571547663
-2.1174597732530867 0.42978981838720137 -0.079343564493096583
-2.1365701025792982 0.31419690169854658 -0.11710835102193558
-2.1481126977339824 0.19795831430032948 -0.15595495505270424
-2.1525442086745978 0.08202520508887462 -0.1971194676340807
-2.1506398297747045 -0.033183309192859944 -0.24046239408251416
-2.1429490114381133 -0.14702252662764292 -0.28669517126843885
-2.1303372126468281 -0.25927765358483423 -0.33565910274600336
-2.1137183305712259 -0.3701896891232937 -0.38647119031921762
-2.0943022297492027 -0.4802284627651931 -0.4381918700509409
-2.0732821590425794 -0.58999357410105502 -0.48986875009630226
-2.0514560385662608 -0.70011918682653651 -0.54042848631746188
-2.0290941567189025 -0.81115882375195525 -0.58869671720826355
-2.0059628515780266 -0.92341836532150889 -0.63366649853131274
-1.981787076806709 -1.0368430980927426 -0.67501197005710001
-1.9563616789728038 -1.1514312075708788 -0.7121932479234897
-1.9289254255968715 -1.2668199476199693 -0.74523334647164208
-1.8986552696181771 -1.3827643020507938 -0.77350207506551094
-1.8653496096843896 -1.4990144899480227 -0.79663204835378576
-1.8283878549454615 -1.6150396700386551 -0.81482330774897826
-1.7876004169814403 -1.7304308952479766 -0.82821873452923855
-1.7423423925193302 -1.8446331338063018 -0.8364285941562708
-1.692571592884335 -1.9572011079122285 -0.83953655382412795
-1.6381526965028641 -2.0676291108164113 -0.83805990799236729
-1.5789843974685391 -2.1754138674775119 -0.83183823634708998
-1.5149290244175417 -2.2799746474009321 -0.8208260251281656
-1.4460618608724614 -2.380868091250143 -0.80550159360999285
-1.3722870730030836 -2.4774745262274647 -0.78599725461361714
-1.2938522370757628 -2.5693663039908627 -0.76232898531954807
-1.2110324088119375 -2.6561530957270678 -0.73468311853131674
-1.1238473367188684 -2.7371559900259523 -0.70319137812879884
-1.0326078568067492 -2.8120658297108077 -0.66828545782075166
-0.93746489637728392 -2.880270939859384 -0.63021818788709016
-0.8388020632282035 -2.9413526744234999 -0.58914222281258
-0.73711344423886449 -2.995137808376743 -0.54530849413598115
-0.63296113282181754 -3.0426507362903465 -0.50000652522885058
-0.52713779465834121 -3.0852065066155934 -0.45366135742126745
-0.41988667839911137 -3.122742885737094 -0.40627964102845249
-0.31135496038833832 -3.1548643709986899 -0.35785152833293332
-0.20173935065515577 -3.1812539969200544 -0.30841788663052216
-0.09127620571019969 -3.2016792866674177 -0.25805985040315527
0.019779946644418088 -3.2159798758424847 -0.20690416294740938
0.13118570596067131 -3.224063130050506 -0.1551543212645069
0.2426704852984348 -3.2258957146669234 -0.10297994339640326
0.35381292652427271 -3.2214896225833574 -0.050233740006983635
0.46430017520841593 -3.2108981197686539 0.0030071078955962709
0.5739357096882497 -3.1942003577453582 0.056442886438580427
0.68242689685344105 -3.1715007244279079 0.11000167684061096
0.78950797990703991 -3.1429244021558778 0.16358511443200593
0.89490582026032905 -3.108603965083359 0.21713480348202299
0.9983662850083489 -3.0686814780635241 0.27057915162349505
1.099634030790793 -3.0233060250294566 0.32387172112813584
1.1983870395643939 -2.9726424388973212 0.37711676649626952
1.294352041533819 -2.9167881742958408 0.43026555695169522
1.3875117908389545 -2.8557722557138403 0.48272802890104
1.4775136936290139 -2.7898131034038833 0.53471283799637614
1.5639450903631678 -2.7189441422454603 0.58629058340732998
1.6465335075972014 -2.6433433831354818 0.63744652740703156
1.725022038720565 -2.5631929863254594 0.68812012327292704
1.7989928791326857 -2.478570453708298 0.73831448254837373
1.8681468515446511 -2.3896777561993034 0.78798815797506705
1.9321377195737828 -2.2966791595807385 0.8370520514298091
1.9905428028514751 -2.1997265436291604 0.8854172445707188
2.0429624850885006 -2.0990365169197633 0.93298641901565738
2.0890520546520053 -1.9948765867754792 0.97962959158430318
2.1285868369055376 -1.8876132969504569 1.0252357145460496
2.1611037501501107 -1.7774908751057454 1.0695288030225134
2.1862725716115361 -1.6647899362009382 1.112093111455944
2.2040165124799573 -1.5499821338618327 1.1527119704782935
2.213885263113085 -1.4334773144247119 1.1910859374842253
2.215719113514365 -1.3157589777452035 1.2269146466659562
2.2095733505512252 -1.1973308388862947 1.2597677085293475
2.1952357410916545 -1.0787266667030457 1.2892567237743324
2.1728279131536938 -0.96049863899131993 1.314976513725497
2.1424125317181884 -0.84318093997545707 1.3362072778716789
2.1043297853111307 -0.72731151414440809 1.3524908117033025
2.0588703795335479 -0.61350554389501244 1.3634128781555164
2.006224591898639 -0.5024066318828353 1.3681562794112592
1.947300054247308 -0.39440756652816655 1.3663553494624079
1.8826205971950125 -0.29015917997092761 1.3573022053172503
1.81280835366719 -0.19033454391072829 1.340130480907578
1.739110585543969 -0.095116250590409346 1.3148490556399348
1.662662059428579 -0.0050549184946663411 1.2806120035876112
1.5845790910425641 0.079571645340342001 1.2372742388297167
1.5060974270090337 0.15900756126375232 1.1856164005300496
1.4285438609348722 0.23326630921412669 1.1255681829066668
1.3530668604405502 0.3024934270440921 1.0573567795900198
1.2805179266824951 0.36741446576122377 0.98208846706583086
1.2117350930647244 0.42853422913361128 0.90035201206162341
1.1470657342891606 0.48669832729675527 0.81325203451226658
1.0862553151716292 0.54269511443345664 0.72202124717086236
1.0286370967796943 0.59767271237529185 0.62812519356078333
0.97351670867331508 0.6524473062728966 0.53261756463058618
0.9199973596480342 0.70761252746229164 0.4364239737585654
0.86728443616833795 0.76329078354656166 0.34007997303560028
0.81484673910641103 0.81927318851340458 0.24376185881191587
0.7622393770378445 0.87531534927564336 0.14757127978440657
0.70916351123140209 0.93116416608832175 0.05152568768895055
0.65570828378422596 0.98688103660631299 -0.044385962939645855
0.60213435149268113 1.0432570031397546 -0.13984291319000974
0.54857762358196838 1.1013577724121926 -0.234269790081575
0.49483637657760304 1.161183528785475 -0.32750629383413482
0.44092970399975473 1.223083218986577 -0.4192826542980897
0.3866715193975393 1.2869282171197789 -0.50950458617662542
0.33168789408705029 1.3531606878690554 -0.59754020388255769
0.27571665942633738 1.4217189403568198 -0.68313801237796101
0.21810748599025262 1.4929875041130631 -0.76536973990613633
0.15829621972634927 1.5668157518362511 -0.84367893454606835
0.095702500104775212 1.6431141200954555 -0.91730884422189951
0.029641847257870418 1.7215716687910594 -0.98543615018650688
-0.04050460550823512 1.8014208034168304 -1.0475974381262265
-0.11497022791804606 1.8821021821372574 -1.1033176923794972
-0.19432677934863035 1.9627255806861117 -1.1519081805678779
-0.27912125807982935 2.0424884256393345 -1.1919673197727745
-0.36903615103777831 2.1202449801513557 -1.2240050069767898
-0.4642584687674276 2.1945824771662141 -1.247707351553875
-0.56435199404072856 2.2646327947016922 -1.2628874022467167
-0.66879483118979932 2.3294355203669692 -1.2697706770808306
-0.77730304736919908 2.3875859428040802 -1.2689222722678866
-0.88896993666545232 2.4387602238226944 -1.2606738647955895
-1.0031210373917392 2.4821727607879072 -1.2451087645191203
-1.1189988177719934 2.5177046419748321 -1.2234754463398305
-1.2360818063409196 2.5442041686480796 -1.1961138851360398
-1.3536756820618285 2.5622217371142222 -1.1643871672178467
-1.4710106447875502 2.5714337765385369 -1.1282215574158314
-1.5875754839729019 2.572113992821238 -1.0885831208913961
-1.7028372187684573 2.5645644298341623 -1.0459572430830453
-1.8162751049567452 2.5492370938738684 -1.0006234218091332
-1.9274195667467304 2.5262211192949522 -0.95292491460786255
-2.0360225029719636 2.4957530814165731 -0.90357835781999185
-2.1417866887691011 2.4582027806711824 -0.85296946365868231
-2.2442977625960374 2.4137617501454653 -0.80125812308916744
-2.3434016554897434 2.3630113762564662 -0.74871790752085399
-2.4389559709198454 2.3063579748767702 -0.69564190030631456
-2.5306701931265003 2.2439676981361112 -0.6422237496208365
-2.6184745038335131 2.1763302108645761 -0.58862106976344541
-2.7022654010172937 2.1037837271017872 -0.53501480962839809
-2.7818774691776373 2.0265645262164687 -0.48156381367904794
-2.8573465793119865 1.9451795791630915 -0.42828089427548938
-2.9286666532145276 1.859978151561325 -0.3752499318961296
-2.9957083648280318 1.7711498262991692 -0.32258836392561469
-3.0584606185969863 1.6790303045510528 -0.27029428974178143
-3.1169799329848771 1.5839340873295331 -0.21841973673960446
-3.1713628539577323 1.4861452322556712 -0.16705055012972492
-3.2215448664256487 1.3860188807378722 -0.11591011497549916
-3.267261753499731 1.2837560944765565 -0.064809483868388917
-3.3085378947518875 1.17956765483443 -0.013817337616626627
-3.3454433048250181 1.0736780164690409 0.037021450882243102
-3.3779066879373483 0.96631298530057563 0.087796391614533051
-3.4057901227531198 0.85778565430830067 0.13882047708963702
-3.4288605542796176 0.74830902433591895 0.19021732157224561
-3.4469287868536211 0.63807013545200775 0.24198615786465286
-3.4600467282648864 0.52747357520801441 0.29447688380198223
-3.468033048205724 0.41667016954834474 0.3475585546769438
-3.4706215595411263 0.30583342657347717 0.4011040950473338
-3.46754079312994 0.19525257943332111 0.45514809320090249
-3.458581194507051 0.085218859578373787 0.50965007851363109
-3.4437115316553579 -0.024005997745484314 0.56448615549233405
-3.4228433917170284 -0.13216416780709214 0.61947673452983709
-3.3955865498692912 -0.23885613722738491 0.67453134020674321
-3.3617880110063587 -0.34371061258875441 0.7294867188154095
-3.3216122861171495 -0.44645725007420406 0.78412742167256333
-3.2747313950462402 -0.54662672667956103 0.83820113797084694
-3.2210961275296452 -0.6437838620160965 0.89148326836840375
-3.1608898259293734 -0.73761144899566911 0.94369593197151136
-3.0937581152029998 -0.82746292739642113 0.99442588001140775
-3.0200931318899742 -0.91305543918644227 1.0434195225183944
-2.939727342041782 -0.99375380828860138 1.0901130371241297
-2.8527332461122019 -1.0689732568899264 1.1339784913291497
-2.7597009514578037 -1.1385368070177686 1.174664373964069
-2.660555862562445 -1.2016089164721708 1.2112565896770084
-2.5560927258182606 -1.2581408798867382 1.2434769461435267
-2.4464751881353681 -1.3072810855795167 1.2701924161363014
-2.3327565815981282 -1.3492724905581583 1.2913734438684583
-2.2154218742682947 -1.3834428330852713 1.3057470484257991
-2.0955221388009986 -1.410085728386651 1.3132338153148544
-1.9739477779706609 -1.4290414413725943 1.3129366828156188
-1.8517263724518176 -1.4406365430554946 1.3046682931990998
-1.7298948635602442 -1.4451389427273338 1.2880076224951553
-1.6093867512305045 -1.4432214002186798 1.2631907136312597
-1.4912129049832912 -1.4352209874140909 1.2298146973623625
-1.3759857644495779 -1.4221482858042525 1.1886035793943042
-1.2642581160960653 -1.4056642197554805 1.139677040226234
-1.1564149643725896 -1.3865220466476245 1.0835100290244757
-1.0525638237031036 -1.3656606741355506 1.0208071726246541
-0.95301321693303975 -1.3438797523931378 0.95174896743540927
-0.85761579429686607 -1.3219806342103453 0.87707829498946333
-0.76605653140881225 -1.3006472278838535 0.79758619464254488
-0.67795050873947038 -1.280466913781259 0.7139885885246291
-0.59287025444161412 -1.2619053338061721 0.62694756577861699
-0.51024170703705929 -1.2452422934298661 0.53719905336524443
-0.42952483195057567 -1.2308628280362279 0.4453381936105234
-0.35003503932370972 -1.2186933418824815 0.35209699948371276
-0.2715170220683038 -1.2085985109867354 0.25779026551005407
-0.19350594240037433 -1.2007852761431521 0.16284771511650464
-0.11544878482614052 -1.195026903236224 0.067795905229094983
-0.036814700765440439 -1.1900439854500222 -0.02682321532350912
0.042739561797941375 -1.1840201377260997 -0.12060878176072437
0.12289003790135103 -1.1764405491465124 -0.21377161631878228
0.20300976297718154 -1.1678663677369749 -0.30687484297132672
0.28258220038258669 -1.159344847598814 -0.40045109296063697
0.36149532995176414 -1.1517740033217982 -0.49466484879835199
0.44004176370061615 -1.1457293023768846 -0.58929399165293794
0.51871403786388348 -1.1416307957867626 -0.68392224087517051
0.59824550381783981 -1.1397030132062786 -0.77789779328356434
0.67947437341675787 -1.1401895083113054 -0.87042551644369492
0.76336965384122124 -1.1428165904248153 -0.96050003100079107
0.85074246275868648 -1.1469328125671425 -1.0471394294503196
0.94239640385932122 -1.1518292859074435 -1.12917879228283
1.0387681256859822 -1.1565568709479916 -1.2056175363327157
1.1398883955121077 -1.160148313421143 -1.2757049974790087
1.2454685578455653 -1.1617280950148789 -1.3389536180262109
1.3550530771515026 -1.1601862741871338 -1.3949484192698547
1.4682825038025151 -1.1534053137295834 -1.4426474511834659
1.5842248042122671 -1.1403922964490096 -1.4817582299966048
1.7018312223181222 -1.1206013848713643 -1.5120322016777628
1.8200127322197406 -1.0934054640573243 -1.5328394855759035
1.9374973930122699 -1.0587823630208186 -1.5446200429310049
2.0530192068433588 -1.0164873105372574 -1.5473259999810838
2.1654299794102116 -0.96674090227865206 -1.5416417730348395
2.2736143321777824 -0.90967992357441207 -1.5280165194251036
2.3766949976178551 -0.84571510460813615 -1.5072780148614062
2.4738595072787439 -0.77521301278285948 -1.4801047151523514
2.5646035621752303 -0.69872632062075435 -1.447448797807144
2.6483170841831378 -0.61663445400767514 -1.4099467980220612
2.7248459604843069 -0.52955778917279872 -1.3685289398640779
2.7937823947182614 -0.4378978740499338 -1.3237844618540575
2.8552494685013228 -0.34228239942647709 -1.2764917404868872
2.909141206762861 -0.24315165232319849 -1.2272325264268005
2.9553917024215837 -0.14093310071355128 -1.1765294811942468
2.9943254008753586 -0.036080323494331837 -1.1250589606488077
3.0260912924289483 0.07108994790453381 -1.073435648724212
3.0508410889949817 0.17973629452704654 -1.0210587929688368
3.0687330723729676 0.28941798226736815 -0.96805060571976809
3.0800688614214788 0.39984562632989018 -0.91478215361258375
3.0849840615680102 0.51065840819255037 -0.86133364998873352
3.0837575621378512 0.62155472608114981 -0.80784554791511487
3.076599657200497 0.7322275990129149 -0.75435929680036151
3.0636700963523622 0.8423774953948403 -0.70087707145788403
3.045252278214829 0.95175513802595502 -0.64741817579446603
3.0216225594557926 1.0601413886712423 -0.59398959950731778
2.9927956807412679 1.1672661953901535 -0.5405684559158318
2.9590523155271566 1.2729454851047575 -0.48714729246426597
2.9204899897189116 1.3769101245636008 -0.43362326156461928
2.8772073241076273 1.4789375105174816 -0.3799804656822961
2.8293709461129994 1.5788542868642836 -0.32623249585017017
2.77701161703793 1.6763891225631742 -0.27232528983236992
2.720251771485962 1.7713599013840233 -0.21829358003897703
2.6591484554059717 1.863499043247544 -0.16409627341167876
2.5937778602929824 1.9526153954379921 -0.10982288986201502
2.5241403965417164 2.0386258520193925 -0.055845695794469345

0.49034334682619951 3.3750920492459779 -0.01678860743111248
0.38156504501951666 3.39526697728077 0.032952828220499622
0.27214459297118032 3.4108653429285809 0.082929948592165598
0.16214411278091184 3.4217133524828878 0.13288971625751814
0.052092430554567734 3.4280449084266693 0.18350840264082841
-0.057853712401399929 3.4296570327214586 0.23472240281212503
-0.16769204478784872 3.4261317148620485 0.28607034712640095
-0.27715194279491429 3.4173903487584254 0.33760205236916269
-0.38585394094117292 3.4034047589166625 0.38957864847579982
-0.49335031135113316 3.3841037700794705 0.4423538274218804
-0.59948585483616379 3.3594555145880487 0.49565427650707378
-0.70399718463460559 3.3292737500251826 0.5493156748147322
-0.80647296114016676 3.2932762167964658 0.6033138701716434
-0.90656535504497082 3.2513769296518058 0.65752566846990046
-1.004018790159118 3.2036833531601019 0.71175935374109756
-1.0984483937242084 3.1500866901705029 0.76582723537405117
-1.1893082229639886 3.0903422319557405 0.81956853066537216
-1.2763757147367583 3.0247190311741163 0.87273151224576018
-1.3592066230033106 2.9531754552495295 0.92501624394199278
-1.4372516748003563 2.8756741156053596 0.97616646722478617
-1.5102068511566116 2.7924536211490465 1.0258209919642149
-1.5773682097506869 2.7034083774735738 1.0734954075834946
-1.638646961747678 2.6091071938008104 1.1189415369572671
-1.693405289420429 2.50959555645152 1.1614874740179848
-1.7413676462196963 2.4053465416922539 1.2007773163209297
-1.7818570224388013 2.2965613234610212 1.2359393798465546
-1.8151105076764835 2.1841118344921755 1.2669201929690013
-1.8403275079737849 2.0682576341223124 1.2924250676458093
-1.8579680919040442 1.9499699857780199 1.3125703123826034
-1.8675404805250349 1.8298265705256065 1.3260285469984716
-1.8694461945639911 1.7087506237922725 1.3327556695861837
-1.8638742853420789 1.587609791062325 1.3320203351539004
-1.8512526610189459 1.4672825582536435 1.323610137584015
-1.8322001595261703 1.3486289502535138 1.3072948027557978
-1.8073880325980427 1.2323513924298659 1.2833427520895619
-1.7773688244589654 1.1192897325179545 1.2513088017325389
-1.7438627811734748 1.0097797853240558 1.2113501879838786
-1.707892297491141 0.90392830521672829 1.1642900105876941
-1.6701926479014808 0.80194499054412571 1.1105125990084919
-1.6316194133955264 0.70373182637442588 1.050677516913098
-1.5930485635550766 0.60917370722417419 0.98522293077906153
-1.5550554949819739 0.51797360473735932 0.91485216063121455
-1.5181739935958483 0.4296743913079199 0.84031530999123283
-1.4826986619491165 0.3438558629342191 0.76228031358684112
-1.4488285517513322 0.25976233447443287 0.68169379023538246
-1.4166162344311353 0.17702074829837677 0.59905360352692594
-1.3860313791125549 0.094888038855741222 0.51519467108456229
-1.3559769768530703 0.012409727652853933 0.4314810688158347
-1.3258408572717271 -0.070888370301957243 0.34861372505333316
-1.295686999341533 -0.15513823964033546 0.26672106784877575
-1.2653438665607653 -0.24018482165063282 0.18572645907500485
-1.2343973072943895 -0.32565808618400655 0.10541185356209766
-1.2025570193676791 -0.41090755099140275 0.025208868436242843
-1.1698315840745022 -0.49499475715221308 -0.055857234225866678
-1.1367268815611085 -0.57751008066545895 -0.13837003478572457
-1.103793400130243 -0.65833082018170186 -0.22260910616234414
-1.071461224389948 -0.7376798663413322 -0.30846588963119759
-1.0401946881384996 -0.81679170020123881 -0.39493772486108558
-1.0102768519401784 -0.89662626959804659 -0.48122046480531
-0.98169340402248439 -0.97772653281165411 -0.56677011644982755
-0.95408754541404306 -1.0605502135086471 -0.65097618891588682
-0.92701106959887358 -1.1455569806716326 -0.73314808401779252
-0.9001226725521958 -1.2331433683865332 -0.81262059815010168
-0.87286941464706791 -1.3235612191616877 -0.88871619190881235
-0.844631747363632 -1.416985167312069 -0.96069648321515022
-0.81480137594032453 -1.5133976086299497 -1.0279245572941333
-0.78273617435704934 -1.6126487349521874 -1.0897578208603722
-0.7477126159464339 -1.7145165647359992 -1.1453918347314183
-0.70923714600395682 -1.8184421408660656 -1.1945738247438398
-0.66681151093664714 -1.9237123606930415 -1.2371870716103623
-0.61977935717082233 -2.0296408015881866 -1.2726851159467059
-0.56728872561208277 -2.1352650604003558 -1.3006076815688008
-0.50897041684349698 -2.239540452977022 -1.3209725097580953
-0.44475466506534472 -2.341546890344731 -1.3336243571116091
-0.37474434542115981 -2.4403404505802424 -1.3386794496432748
-0.29907695371789877 -2.534990970266203 -1.3363498543932919
-0.2180949491948454 -2.6246703103497633 -1.3270859219815729
-0.13198269798856421 -2.7084359392223192 -1.3110385396549289
-0.04131481233256748 -2.7857539123254771 -1.288924478538076
0.053566477141369542 -2.8558314672474481 -1.2610597256454184
0.15207142810502672 -2.9182884203265531 -1.2281114357101111
0.25368842606172937 -2.9726866222724269 -1.1906199623881191
0.35785648598615666 -3.0188109358720063 -1.1492107081977874
0.46401059884494578 -3.0565901953457932 -1.1045330285153496
0.57165693404720064 -3.0857833259234004 -1.0570413239326488
0.68024294956135156 -3.1067505458579201 -1.0073934257799799
0.7892977179607733 -3.1192909635811912 -0.95595290514532627
0.8983614139977053 -3.1237653481125456 -0.90319339056689674
1.0070267007277871 -3.1203466203800114 -0.84954355822472383
1.114893380763659 -3.109181482443756 -0.79531998014232841
1.2216381312591347 -3.0907326105611297 -0.74085916240479044
1.326928618486378 -3.0651627001987407 -0.68644142282070775
1.4304770398159703 -3.0328707317440751 -0.63223901179914577
1.5320928769771716 -2.9943750755785659 -0.57842252819918061
1.63160847993022 -2.9498333250106525 -0.52535390591453313
1.7286728748537799 -2.8994920371973749 -0.47292533119207991
1.8229437624159686 -2.8438563069096023 -0.42074089800134862
1.9143118262873127 -2.7833466958375301 -0.36881041243097634
2.0027051664411566 -2.7183504210955118 -0.31714585968205439
2.0879972496329935 -2.6491826741776827 -0.26568302160181489
2.1700852017692229 -2.5760516132900451 -0.21448684288859521
2.2488754839991629 -2.499219761014996 -0.16352660575427125
2.3242088800123804 -2.4189109465518528 -0.11270013648489778
2.3959611630668576 -2.3353256109701452 -0.061972488853490437
2.4640218359758839 -2.248672129945803 -0.011305527635967778
2.5282607868459324 -2.159166871075628 0.039394570686669142
2.5885445270307015 -2.067007138270688 0.090195275622780915
2.6447130373286529 -1.9723343336425485 0.1410895781286472
2.6966235277405604 -1.8752691758033442 0.19199750614510661
2.744152831422765 -1.7759389822639302 0.2428140663697132
2.7870787410091298 -1.6744679026909928 0.29349192837247917
2.8251397497792436 -1.5709807234097193 0.34397601145164347
2.858168838620573 -1.4656356691481796 0.39415783828682743
2.886035343546538 -1.3586045805309368 0.44390022357020653
2.9086091597558839 -1.2500660601367963 0.49305400391164372
2.9257314633240985 -1.1402186299198016 0.54149205461342109
2.9372244590008147 -1.0292624986311518 0.58905386039907881
2.9429331269683918 -0.91745095923862541 0.63564561602314817
2.9428415697972792 -0.80500930952677829 0.68105722225104859
2.9368244500744436 -0.69210031446381359 0.72486987362969368
2.9247008415368483 -0.5789529666259754 0.76675689809340741
2.9064298157119977 -0.46583000761341081 0.80641625844655818
2.8820436885189373 -0.35298662999476632 0.84349706203281305
2.8515865519526016 -0.2406978452649578 0.87765189748420869
2.8151154830986624 -0.12924974321998944 0.90850092404078098
2.7727113949231583 -0.018943723937600132 0.93564104458248332
2.7245615598519954 0.089927713701939027 0.95867539125431556
2.6709160038139852 0.1970779097891095 0.97719068914312956
2.6120503926157972 0.30220433612631081 0.99078475094525342
2.5483131249710125 0.40501830952368056 0.99905301486378117
2.480151315998488 0.50526295389260867 1.0016327003162533
2.4081083515003772 0.60273235660119862 0.99821712831790954
2.3328093233956042 0.69728348143056773 0.98857924996186008
2.2548286674724727 0.78877605322053446 0.97271015296393359
2.1747726814746438 0.87714172764140208 0.95063709421328313
2.0934321327309315 0.962579781927412 0.92252752922357117
2.0111530476733335 1.0450389187600586 0.88879386607855848
1.928688168812708 1.1250805938296078 0.85003704282904113
1.8461808260891874 1.2029034686098208 0.80706326800599004
1.763534396171093 1.2784891193084862 0.76050565262018099
1.6807490252459865 1.3522203880791877 0.71128424348136121
1.5975292009571953 1.4243362457853783 0.66042250074900843
1.5133826333451472 1.4949498978380844 0.6089789878265941
1.4276960553549678 1.5639338271957577 0.55787203283236353
1.3398968135315559 1.6308415054840635 0.50760667717002617
1.2494760921619337 1.695189337419293 0.45867681878027516
1.1560712172319485 1.7563499812525039 0.41130347341221013
1.0593929292394673 1.8136738734366433 0.36575139751231006
0.95950131541284289 1.8666511234018006 0.32190691963921969
0.85671042231287964 1.9152881105370112 0.27976007156862548
0.75125111921316878 1.9596169572318289 0.23949849268073528
0.64325755739952772 1.9990332484794142 0.20089365288434094
0.53295863807142507 2.0330808099437259 0.16373454587617134
0.42064638868804083 2.061076399593341 0.1275841391881847
0.30678449498664467 2.0825362933625766 0.091823511960337834
0.19186791945952653 2.0973051648386103 0.056042617787827445
0.076472657500089372 2.1052487406859295 0.019649796877938781
-0.038842272379479327 2.1063682610575163 -0.017830996072228739
-0.15349733625323828 2.1008313865707886 -0.056911753656441508
-0.26696470875783229 2.0889905495175429 -0.098012090860209206
-0.37882339305876189 2.0711118872158458 -0.14128238009066843
-0.48854979691862732 2.0475410475805491 -0.18720596636305575
-0.59594249372171537 2.0187646339939125 -0.23562619460257322
-0.70107596498155322 1.9855731215573011 -0.2861575017144537
-0.80428558051133214 1.9489300869847197 -0.33827004146304623
-0.90612758043242525 1.9097569076234078 -0.39124221153236133
-1.0073347118477312 1.8688325385856284 -0.44411626122032338
-1.1086952153792535 1.8267313071286042 -0.49575486189425372
-1.2107522418076557 1.7837576247714306 -0.54525039933546871
-1.3138106887029661 1.7400637016934575 -0.59195256125139217
-1.4180134443517418 1.6954993627043136 -0.63514510434292548
-1.5230982639683341 1.649351066316068 -0.67434056937646214
-1.6286827474925702 1.6011647943887504 -0.70954029448733302
-1.7345189457079004 1.5505167201139936 -0.74018730028559554
-1.8401797691663513 1.4968601893255522 -0.76592695679593537
-1.9452074009942555 1.4399719732570166 -0.78686913239041412
-2.049126894081295 1.3795962059475542 -0.80298385245649817
-2.1513828525199687 1.3153806174627825 -0.81408397145762235
-2.2514928549675957 1.2472335906698111 -0.82016408722845102
-2.3488958746237794 1.1750306921216567 -0.82143615973932649
-2.4430358706538415 1.0986904376915561 -0.81799444697823021
-2.5334467018989204 1.0183041915427524 -0.80989797790059326
-2.6194470247806652 0.93381919497981114 -0.79703544332308274
-2.7005742945972608 0.84537962303139602 -0.77976763203494803
-2.7769424164875076 0.75351155743239284 -0.75896666615885122
-2.8485275498042175 0.65858998166162397 -0.73508277081241225
-2.9147725645244438 0.56071589499246655 -0.70796441902554563
-2.975157225759665 0.46008487323314501 -0.6774709672131255
-3.0295043628205427 0.35710382125121204 -0.64363712321167987
-3.077677573119602 0.25219326410908149 -0.60653065657078853
-3.1193103106407274 0.14545009874099893 -0.56682444103253338
-3.1542444719095153 0.037163893451998234 -0.52489278490173652
-3.1824649192008301 -0.072245136864597631 -0.4808651956480009
-3.2039373513403921 -0.1824212501980263 -0.43497605183625149
-3.2186317565532159 -0.29303604053219501 -0.38749381455335946
-3.2265474864955652 -0.40375309047976454 -0.33865072768029852
-3.2277067151057488 -0.51423367913829721 -0.28865377807010195
-3.2221471104752961 -0.62414350664131357 -0.23769964463915802
-3.2099193106479129 -0.73315361972374982 -0.18597864507465542
-3.1910860948377766 -0.84093974605700628 -0.13367556889982019
-3.1657219855906793 -0.94718169291224341 -0.080970601013819643
-3.1339132214266034 -1.0515630289214091 -0.028040592461844302
-3.0957581508304122 -1.1537710649873774 0.024939543095056829
-3.051368230211621 -1.2534972524775803 0.077795494602848958
-3.0008698043677215 -1.3504379380674016 0.13035300639103703
-2.944407423227656 -1.444292923842257 0.1824441324625489
-2.8821509130734744 -1.5347523064029143 0.23394029307750422
-2.8142999301932226 -1.6215012239550648 0.28475274263654393
-2.7410542452990527 -1.7043826170880334 0.33452456015572768
-2.6626493831044731 -1.7832596219537156 0.3829296876917942
-2.5794118723493198 -1.8578844088205579 0.42999468694549492
-2.4916721292240194 -1.9281601387886038 0.47555783146253361
-2.3998317826352773 -1.9940532441628576 0.51956754602166888
-2.3043558970549252 -2.0556121400569398 0.56209441643378721
-2.2057000784946545 -2.1129893449953396 0.60318432889202966
-2.1035002384743797 -2.1653306428204364 0.64228048495656143
-1.9972978653735698 -2.2114406609798838 0.67843742928140249
-1.8875306406050314 -2.2511588260520146 0.71137540099153229
-1.7746162627840154 -2.2843396815813675 0.74071660610906975
-1.6590620142018007 -2.31098589489193 0.7661727106501548
-1.5414010434070597 -2.3312000501150285 0.78756785929310635
-1.4221883084966165 -2.3453508782741324 0.80484668617981914
-1.3018382180687076 -2.3532008578325514 0.81766294397181705
-1.1808654379913983 -2.3550432385354223 0.82616231917498073
-1.0597061060249089 -2.3511018053693422 0.83002035665632878
-0.93879360574072868 -2.3416648699680001 0.8289082995714443
-0.81850671907483608 -2.3272747651962287 0.82305228824469079
-0.69922150707784658 -2.3081616440543637 0.81227947316837223
-0.58129368155259209 -2.2848037592973385 0.79621457875809554
-0.46499256301663988 -2.2575786146211043 0.77514755622829656
-0.35045633694304396 -2.2272819955745398 0.74916718761491297
-0.23796329944955566 -2.194308626987544 0.71802295436480401
-0.12756725213719564 -2.1592302498049367 0.68204575031993753
-0.019228537320681558 -2.1227906680976765 0.64145358490452775
0.087186891449087617 -2.0851908394625136 0.59701112246337784
0.19150600884025995 -2.0467996680745473 0.54845992102072061
0.29420227532733439 -2.0081630929916177 0.49674487953475388
0.39556638905290747 -1.9693859714069946 0.44256473315058148
0.49557160174920573 -1.9298464410155636 0.38644439566181671
0.59390830758618407 -1.8887208313817199 0.328543328286375
0.69056688688455292 -1.8453134423301083 0.26949409374823696
0.78565133496421702 -1.7989936465739944 0.21010351330415056
0.87893346743804956 -1.7491670811618074 0.15069450257518927
0.97024017250100192 -1.6955816743290018 0.09148975314532945
1.0593207897218417 -1.637909870621161 0.032736751911049279
1.1458185875495042 -1.5758966650494468 -0.02545009769891568
1.229361274795933 -1.5095360889107625 -0.083156042593209523
1.3095488750775792 -1.4388770264909154 -0.14051529736900475
1.3859723929805601 -1.3639079833670837 -0.19754257601614938
1.4582740612306138 -1.2847363915065089 -0.25426080715034144
1.5264238353821578 -1.2019472485757807 -0.31095727325683853
1.5903709571307993 -1.1158143531191149 -0.36756966543298702
1.6499940990045823 -1.0262666980216959 -0.4236002043214005
1.7037331142094556 -0.93281944133741179 -0.47920136809066727
1.7490352580378361 -0.83480814005902315 -0.53445391706517864
1.7850847280516029 -0.73325162590886939 -0.59011790478868698
1.8131119631422739 -0.62947393407766328 -0.64630659384521771
1.8361055750057256 -0.52483213245620852 -0.70318125258436903
1.8576915025779384 -0.42014947459972724 -0.76053520095675298
1.8803042031729136 -0.3155683604523225 -0.81767841610203362
1.9050295460689246 -0.21093063684559143 -0.87383163731022417
1.9321991738236191 -0.10588116920726817 -0.9280493439441857
1.9615916564329896 -7.4775595712020526e-05 -0.97956495934638121
1.992965110682114 0.10679314114436872 -1.0275978561794805
2.0254416285298023 0.21509763241885491 -1.0714974377269355
2.0585924045208661 0.32499986980901785 -1.1106589986263538
2.0915144998134645 0.43667402693881652 -1.144652673906716
2.1236128659249358 0.55013499562514734 -1.1730454902284781
2.1541717125048101 0.66537091117979308 -1.1953152051746956
2.1823001243149327 0.78224466412212912 -1.2113874813108541
2.2072805196948191 0.90051125089409967 -1.2212664206464878
2.2283174137117503 1.0199034119066712 -1.2246275157533872
2.2449080364553051 1.1400068253430617 -1.221670402319754
2.2564022939249511 1.2604065634553889 -1.2126862156447593
2.2620528074082427 1.3806254638160957 -1.1976895295876864
2.261662165809728 1.5001777907942853 -1.1772650022938733
2.254930430770191 1.6185771494712486 -1.1518220936976025
2.2413322911221241 1.7352536886354419 -1.1215999921870061
2.2207536235823904 1.8497074381105787 -1.0871157209601614
2.1933230310768059 1.9615349427437896 -1.048961051222145
2.1591853682444038 2.0703607903561512 -1.0076748689137249
2.1181839798154374 2.175731154027928 -0.96375884410880253
2.0706554236350767 2.277469864332335 -0.91790189040192871
2.0169457730474494 2.3753111930081388 -0.87042132757623991
1.9572624676909711 2.4689570594062018 -0.82163158986183416
1.8920656366115438 2.5583145109132892 -0.7718635296769798
1.8217640776804698 2.6433120397033827 -0.72141347575764536
1.7466617271791209 2.7238015375444808 -0.67048961240979721
1.6671822229797348 2.7997199220483613 -0.61918692794061148
1.5836751417434805 2.8714082342653771 -0.56819702829431828
1.4965909391993637 2.9385880278875378 -0.5170507371484202
1.4061819903207815 3.0013671918240736 -0.4660812784444569
1.3127306438296165 3.0597860826867147 -0.4154139389382519
1.2166217129599455 3.1140377996350233 -0.36508401099771493
1.1181206120598484 3.1641220953838092 -0.31505951273111577
1.0174886255425011 3.2099227031008262 -0.26516994928858822
0.9150049138382732 3.2514241764883258 -0.2152873547605792
0.81081161614353825 3.2886507570615815 -0.16557202156979689
0.70517239541191434 3.3216987427148381 -0.11595396274216235
0.5982828657605086 3.3505410216807587 -0.066389659673527418
