3.262799856959222 0.015016787687432941 -0.0063176713505011589
3.2713158401487772 0.12438167174839231 0.045173725335413417
3.274990590605952 0.2341183090102352 0.096659688040432415
3.273804269834216 0.3440064489907142 0.14817297107820809
3.2677613309068692 0.45380507891551147 0.19970724665474929
3.256929142031066 0.56333002986620562 0.2512929532653293
3.2413659393697838 0.67230678252216436 0.30297144055485831
3.220901358813594 0.78038626989962157 0.3547139723295834
3.195484018009449 0.88745067257265642 0.40661762786278738
3.1651579223559612 0.99302898340907109 0.45867237515368908
3.1297236055181399 1.0968755312389551 0.51097315043266101
3.0891044992317518 1.198636562904573 0.56348836884688325
3.0431348801832381 1.2979334688100239 0.61622705895293173
2.9918878641911419 1.3942114558032881 0.66934345921876659
2.9351085585078529 1.4871294969400439 0.72233600436172396
2.8727779498093411 1.576052028850091 0.77513413274782028
2.8046386758935342 1.660914159789916 0.82867533830821916
2.7317889461816418 1.740240456349966 0.88173201049503391
2.6530715461153851 1.81421532924236 0.93447772068925283
2.5686117274238192 1.8826991149112129 0.9866609643185329
2.4801497591855788 1.9441704363427561 1.036928302455381
2.3852334298138711 1.999485846080886 1.0861470603202561
2.287069743786327 2.0470121092632838 1.1325806133302629
2.1838821000989239 2.0874215233281319 1.1766812367189781
2.0770974410088732 2.1199125525991032 1.2175546397341579
1.9675664580390559 2.1445055409908842 1.254693610476638
1.8545132672485609 2.1610512037716019 1.2879817057692149
1.7407059081477421 2.169398065413306 1.3164451316231629
1.624000614701566 2.1695546894468052 1.3404634883993229
1.5084213109852791 2.1617690851039701 1.3588440288181931
1.390721085554111 2.1466629061433888 1.3711653973375479
1.275166170553369 2.1249178969442979 1.3769010178961469
1.159524762507419 2.0962517112831458 1.3758966259981931
1.04678254846103 2.061494454470894 1.36820597466607
0.93519225139459483 2.0208478990916841 1.3531733303399129
0.82770365235763821 1.976058324803639 1.331266608510528
0.72190918668771364 1.92650103303786 1.301451481481942
0.62063434170181364 1.8744065556702421 1.265202309547917
0.52240919507188655 1.819661575522588 1.221715530567369
0.42821035664532192 1.7635346432922221 1.1714550980812919
0.33733405840188407 1.7064993717648129 1.1147855764781891
0.24999644535908261 1.6494285365391059 1.0521732566100661
0.1661391448356915 1.593081922032473 0.98453919777745236
0.085030920729422588 1.537603802242699 0.91198665485447927
0.0065010794617456511 1.483701594690519 0.8354228540917964
-0.070194606786759622 1.4314002876291201 0.75539505130608842
-0.1454601339315946 1.3808705487165709 0.6728678675330243
-0.22002410362626501 1.331880914866501 0.58857818236958115
-0.29424785815040122 1.284099209210954 0.50320420831176449
-0.36885718376629778 1.237019380045536 0.41770035365415897
-0.4442105950393343 1.1904854825430169 0.33262538708290229
-0.5202608806059783 1.1440965888261601 0.2481639967988333
-0.59671302220573463 1.0973830157519731 0.16438727761296851
-0.67306108625070393 1.0498566200431549 0.081141961432868906
-0.74854618888074509 1.001535757996973 -0.0022840145607639058
-0.82255432503307746 0.9527869802536314 -0.086903956030560919
-0.89490764972948411 0.90420343006690096 -0.17310131075187801
-0.96577485453529677 0.85633439033911452 -0.26097443162968148
-1.036496949364242 0.80962937143719427 -0.34996731118208779
-1.1082366814752589 0.76438846085597045 -0.43885542179506232
-1.1820565955865301 0.71998615446922609 -0.52716495714680212
-1.257531475964101 0.67632590203439624 -0.61382238121398836
-1.3359151206233431 0.63269077424797238 -0.69883668317160585
-1.416618674397875 0.58882738395541967 -0.78063661986780264
-1.5005902921413801 0.54390114844771642 -0.85942762861670829
-1.587103212736416 0.49755881157684978 -0.93343151976577354
-1.676761842614614 0.44882459333449343 -1.002827670036881
-1.7685727418700361 0.3973381859871985 -1.0662475771887601
-1.8623838237525849 0.342129040307105 -1.1231381615591189
-1.956792190935088 0.28310694529953101 -1.1723627987709111
-2.0526356646779629 0.21860436139715239 -1.2150048472093049
-2.1475658944773328 0.14942966937818619 -1.2496401011731579
-2.239904596361733 0.075854052027286373 -1.275301929179038
-2.3305226974150872 -0.0037709271296826768 -1.2928128107938279
-2.4170900998854941 -0.088314687729483157 -1.302151050660417
-2.497588771308036 -0.17766165055683339 -1.3035236585871239
-2.573143958490721 -0.2726267705043614 -1.2979819986767931
-2.6409810770327482 -0.37070425398662837 -1.2855344827945629
-2.7022483594710351 -0.47284027567212877 -1.266959861529934
-2.7558393637092911 -0.5781372520830389 -1.242662088167519
-2.8009477187742808 -0.68446018789325236 -1.213620835029481
-2.8389839679526259 -0.79498568834769312 -1.179546818986577
-2.8676328924293748 -0.90345592095122229 -1.1425118982405
-2.8893476995418861 -1.0165044481535099 -1.1009262571460841
-2.902632394252135 -1.126147420264056 -1.0580590776042551
-2.908126735383183 -1.238130973203859 -1.0116630828502211
-2.906213271427295 -1.3483214608025189 -0.96391643706699592
-2.896909267824904 -1.4568805853794 -0.9148447569136029
-2.8802288636139912 -1.565902655963739 -0.86365417456147153
-2.8568921671803671 -1.6715459479660351 -0.81231811368313278
-2.8268336971071708 -1.7758682881604579 -0.75991549831660166
-2.790433551414464 -1.878467001699492 -0.70680628134098367
-2.748074444662902 -1.9777799403481431 -0.6539216193434898
-2.699863965134595 -2.0749864547362291 -0.60078055250864593
-2.6461689157275492 -2.1695501577419711 -0.54741999590177015
-2.587373495351204 -2.2607075361127849 -0.49426667747988018
-2.523759750347522 -2.3486568585752412 -0.44131812959619771
-2.4553229963489569 -2.433666648021402 -0.38834409409735537
-2.3827983237215231 -2.515214964796332 -0.33574158165962648
-2.3062623673793481 -2.5931778102452019 -0.28350787719148351
-2.2259327125907729 -2.6675782204931151 -0.23167622288037529
-2.142074442168143 -2.7385217023708468 -0.18003761234317561
-2.0550466770925691 -2.8056622795836601 -0.12875702507068551
-1.9649486762939321 -2.8689582749057299 -0.077777845504340692
-1.8722411059040389 -2.9283817858134249 -0.026904098847964721
-1.7770901304757201 -2.9838588395278371 0.023965569654215129
-1.679663869850567 -3.0353332049389952 0.074801308109864503
-1.5802068540669181 -3.0826504114129549 0.12572942101842749
-1.478871567065525 -3.1256792186878402 0.17673091513275249
-1.3758762418404671 -3.1639950492943041 0.22782253691903609
-1.271330013780327 -3.1971695781661058 0.27905633867565011
-1.165432735903384 -3.2253675642156621 0.33073508150643038
-1.0584712120314379 -3.2485729679663931 0.38271482635255621
-0.95081880424565879 -3.2662352657217331 0.43490088789180781
-0.84271588082692106 -3.2781625551002 0.4871885539447553
-0.73390312320987416 -3.2844188867317299 0.53962662829793739
-0.62494319833168144 -3.28465865185622 0.59196359613853178
-0.51660045642964991 -3.2785647759604362 0.64389200982227757
-0.40835033436283391 -3.26614330291113 0.69563545647067582
-0.30060616482676861 -3.2472625795074488 0.74702481001506271
-0.19495615243627321 -3.2218150140080808 0.79745513887332642
-0.089720042990650811 -3.1894266831481231 0.84703912201700815
0.01349374157190367 -3.1502629445599761 0.89515090781539841
0.1137101698070994 -3.1045994772523371 0.94127621803506245
0.21295568275805629 -3.051357827174539 0.98623791163443797
0.30763341943195799 -2.9921726292067938 1.0282144892364431
0.399929827181562 -2.9257014352363608 1.0680140411114429
0.48834554583491868 -2.8527138891422612 1.104683395791656
0.57151681143045574 -2.774354380940161 1.1374009049468241
0.65217181136445812 -2.6876864137512619 1.1670367976937031
0.7255473664137998 -2.598213020749744 1.191003271645025
0.79669662934079766 -2.5002201789553609 1.21041454761573
0.86014761807464624 -2.4012636060942021 1.223598039253263
0.92038769001794485 -2.29465504794705 1.231087587515584
0.97343557427116933 -2.1878061871420171 1.231495012343127
1.022297796895121 -2.076360538902831 1.225007477356334
1.065618945466718 -1.963957025973853 1.210866150203461
1.1037570417286391 -1.8512256316728111 1.189040894383121
1.1380745898702389 -1.736997066037425 1.1592621217112391
1.168393033938947 -1.62520719949714 1.1220735244705
1.1962115799308111 -1.5139842497130891 1.0773077730782079
1.2224387423514 -1.4056229225038901 1.025983831385588
1.2479600356868179 -1.2995919493607271 0.96851741579593653
1.273976625659434 -1.1964863136597801 0.90611890077772284
1.301634271599539 -1.0957297989151491 0.83994043556561715
1.331406943079509 -0.9972350251264106 0.7714601635483489
1.3642878233986939 -0.90036506903343483 0.70170924779426957
1.4001971199054839 -0.80473818068192227 0.63212036059329291
1.439395380487676 -0.70956826891608427 0.56369311362877916
1.481360025903899 -0.61510255883457099 0.49753676246148798
1.5253547677554911 -0.51970584837735501 0.43352330244673343
1.569257926816634 -0.4238743603445379 0.37292271561261869
1.610419478418794 -0.32587980304875219 0.31554388157740548
1.647041495803117 -0.22557885321515581 0.26031868300820299
1.6772408594186541 -0.1226619601875469 0.20496606798205991
1.6996650208692909 -0.018697277710331851 0.14840591083016061
1.7141251026797519 0.085700924782845203 0.090070391701416036
1.721084015505431 0.19019525906589049 0.03028806102120192
1.721076865923866 0.29472534556237201 -0.030388115262496102
1.7148924845183471 0.39896283269276489 -0.091605245871837937
1.702849775562371 0.50280830799679299 -0.1530222567095581
1.6856428380379731 0.60627821546905791 -0.21431060093846341
1.663541816951051 0.70891900802984809 -0.27515726343218039
1.637016377233997 0.81103309708065263 -0.3353819064068001
1.606190215516629 0.91269261622912834 -0.3948116676530336
1.5715496300395979 1.0132535939057601 -0.45323744438416752
1.5332047264596811 1.1137500204653681 -0.51056506703518811
1.491916716933628 1.213346768605204 -0.56628250570534433
1.4477626233040279 1.312651867062238 -0.62019627166368596
1.4007502159226941 1.412274420224225 -0.67185223301679964
1.3515972066384081 1.5112559665961609 -0.72042830352647902
1.3000412731117279 1.6104428544031479 -0.76557736840643942
1.2457288560048869 1.7100788814357559 -0.80675567294304273
1.1890880893046369 1.8092244759424601 -0.84311548446806561
1.1294104057953871 1.9083845405667601 -0.87445741307679303
1.0666689453045399 2.0066830406315388 -0.9002518301936463
1.000479351996753 2.1039816133558151 -0.9202622668832785
0.93077332863318929 2.1995299980494041 -0.93435179589243023
0.85723736707891762 2.292648352871598 -0.94270362647107986
0.77999801263348834 2.3828301026575871 -0.94518457058706828
0.69856751595990785 2.469803571246949 -0.94209000388599162
0.61370000548680848 2.5521435852365348 -0.93377932994953528
0.52499663009318476 2.6297985328946631 -0.92046429030237509
0.43241816959827428 2.70267603535319 -0.90244130856308991
0.33687593487973327 2.7697863448498539 -0.88017861693051747
0.2383579878569978 2.8309322011745039 -0.85400264320461505
0.13712396029428889 2.8859459314291498 -0.82438948225568232
0.033239697334324601 2.934706242035408 -0.79162389737462335
-0.072519218173587599 2.9768515472566901 -0.75606324318274576
-0.17982780408848381 3.0125006012046591 -0.71794536215750859
-0.28840039255973138 3.0416034031648471 -0.67732076179104928
-0.3981983080344515 3.0640407271837811 -0.63535643158149102
-0.50839965145421062 3.0800625925946208 -0.5913815639773522
-0.6187743513859767 3.089510925258002 -0.54574496531137329
-0.72891154368205069 3.092640131531732 -0.49855106593937021
-0.83879763983978584 3.0893100763433292 -0.45057841799933918
-0.94792633929512515 3.0798373409742679 -0.40157505169120528
-1.0559590827339529 3.0643014319459518 -0.35160267902560249
-1.1626296374979701 3.042712585459407 -0.30088968175602487
-1.267605994122782 3.015207096681078 -0.24949034410148069
-1.3705910932697221 2.9819008547426709 -0.19748531823497201
-1.4713667314518031 2.9427929235798942 -0.14522002959770211
-1.5696835957968061 2.8979586183072761 -0.092906879686688912
-1.6652058447858229 2.847592309801982 -0.040498468356066138
-1.7576219303749001 2.7918598147081188 0.0119772305522281
-1.846683859160325 2.7308654642420631 0.064326640906570351
-1.9321454922109349 2.6647301126404872 0.1163510196617645
-2.013753151749992 2.5936047673226952 0.16788724314170719
-2.0912555743016812 2.5176609762435689 0.21878312488763371
-2.164420257195288 2.4370823962321402 0.26886180096279277
-2.2330328178553969 2.3520711085928721 0.31793998641827093
-2.2968946342830172 2.2628564267005711 0.36585449594365171
-2.355854583629891 2.169688788059418 0.41242251912021588
-2.4098055598614119 2.07284611946229 0.45749516351561248
-2.458694978135624 1.9726382947465151 0.50097239652731751
-2.5025612404145292 1.8693906794759041 0.54278680246867483
-2.5415644575820302 1.7634383754425029 0.582901140754298
-2.5758175038584601 1.6551455232759229 0.62156289571740531
-2.605131630531679 1.544640427252298 0.6588240528874747
-2.6283510687143061 1.43193079686515 0.69296885627737692
-2.6446482120359098 1.3178922129520749 0.72340480158045428
-2.6545724151105952 1.200326479508778 0.75070487682254672
-2.658031284236396 1.083272348725401 0.77386668737384989
-2.6552039306783022 0.96484892401394562 0.79343136332919106
-2.646123492943778 0.84507641111866316 0.80910745454068878
-2.6312218752761858 0.72693029013483712 0.82033451549843306
-2.6106061249828452 0.60812324706089604 0.82752678399919122
-2.584598741068278 0.48993189326841591 0.83037307447221165
-2.553929790117242 0.37388632662866228 0.82848096430858997
-2.5186192842650481 0.25828459203630738 0.82192551423369409
-2.479148747966692 0.1437253644402241 0.81087235667242141
-2.4364856936515 0.031838279677621567 0.79524541944620242
-2.3908486935738078 -0.077748284175614121 0.77496948795247755
-2.34169344829369 -0.18812951273854031 0.74982286456753366
-2.2915755036371208 -0.29380134541894631 0.72070067258109749
-2.240451477726674 -0.39755925992910979 0.68708063241203776
-2.1861053929565588 -0.50323831999398105 0.64790975820832031
-2.132742490768484 -0.60404921062718464 0.60592440636746892
-2.079941469745954 -0.70283955002638432 0.56062399655707607
-2.0267985017292389 -0.80161594336651221 0.51206855075319235
-1.9729533331183819 -0.89997271519888156 0.46152848354393983
-1.917939139595223 -0.99692494243878549 0.41048104671645957
-1.860765527276842 -1.0921662423830221 0.36009369218646142
-1.799676334783866 -1.185746336831621 0.31120602125050478
-1.7340211600779349 -1.275943333476123 0.26470426247512091
-1.66302550839615 -1.362060854644138 0.22044355126727269
-1.5860726051290259 -1.445575923395048 0.17773390955376961
-1.5045658050102091 -1.526619001344135 0.13676647791034241
-1.4206989785386701 -1.602630880600874 0.098449707691987187
-1.3308338542370211 -1.6760291830213601 0.061330229202887901
-1.2381503396286191 -1.7435831212928159 0.025604415448181119
-1.1414714252651821 -1.806014251991009 -0.0091733886608885828
-1.0408264757355661 -1.863231737321339 -0.0447185854189837
-0.93795359669080325 -1.914223442097823 -0.080030971149480698
-0.83235497266413327 -1.9597997771355691 -0.117253603043228
-0.72405542158374148 -1.9999042262289599 -0.1558544742320716
-0.6165990071462788 -2.0342612902325499 -0.19631611605278279
-0.50612447750235068 -2.0647101699458839 -0.2394801894625273
-0.3962926391231692 -2.0905091846011299 -0.28435728431062762
-0.28717252862188941 -2.110920013653709 -0.33077996919479852
-0.17697545311397411 -2.1257199992887599 -0.37961356650124423
-0.066219399165710027 -2.135510014798335 -0.43006641396314532
0.044380423152683472 -2.1411460501789659 -0.4814932123163792
0.154653371725371 -2.1438026080121948 -0.53350190190734592
0.26542974520240198 -2.1446652242841049 -0.58537929772452735
0.37718337000106611 -2.144248888897307 -0.63609679940107089
0.48986377875023901 -2.1427589804661911 -0.68441703108339169
0.60319011636086028 -2.139988179943273 -0.72964009535679974
0.71740226050439615 -2.1357820823544178 -0.77116194985315056
0.83420579240863568 -2.129999637744409 -0.80897563616727797
0.95149881441425921 -2.121811169825548 -0.84212646730802432
1.068581878020767 -2.1108057699257201 -0.87016043250250108
1.1866143502826081 -2.096453430433852 -0.8930368860892659
1.3070344862242309 -2.0779671004185918 -0.91108861352088044
1.4241860192880651 -2.055701165618959 -0.9233040888582007
1.54091534254912 -2.0285222765291651 -0.92987469080235496
1.6593765197430279 -1.995462255408921 -0.93081466603724983
1.771323180472709 -1.9587331570550099 -0.92609211928326385
1.886050863203333 -1.914709601153723 -0.91507477671332049
1.991876228872842 -1.86710499519229 -0.8990807394372512
2.099159615517928 -1.8111322716821561 -0.87714327530322744
2.1966855925586009 -1.7514925661071381 -0.85129411480334394
2.2918367948759948 -1.6842612363352369 -0.82048826096797278
2.381885351849462 -1.6117449206644801 -0.78620438864141973
2.4680651765683068 -1.535013247071257 -0.74950884409023089
2.550711667353823 -1.4553928255851349 -0.71133688331587497
2.629734406476409 -1.3729889644509981 -0.67178077864488583
2.7048737310523472 -1.2878021117973271 -0.63087332497721327
2.775912324804727 -1.19990702697896 -0.58862081966738877
2.8426598898930591 -1.109398332669006 -0.54507501455028073
2.9049493140658491 -1.0164065952488781 -0.500274995331081
2.9626331838619531 -0.92104747230713335 -0.45433901036551461
3.0155908182921149 -0.82346175393309085 -0.40738568401896902
3.063728632277734 -0.72382111201655375 -0.35949248925829802
3.106979750291968 -0.62232463587996889 -0.31074083441232592
3.1453539603412621 -0.51920598048712596 -0.26114181309826651
3.1789115512935728 -0.4147089552095406 -0.21074493048267209
3.207469842188599 -0.30882619280612861 -0.16003341792634621
3.2309094017993858 -0.2018043652142148 -0.1089489467802042
3.249340272832602 -0.093780343821871212 -0.057692508303421652

2.45032725921393 2.121232086893873 -0.0020996621603480031
2.3727947368209992 2.1997741228186931 0.051133623001387157
2.291357539187715 2.274383880049903 0.1040290794145093
2.206140932801131 2.3448525114919221 0.1564932455167285
2.117271927526057 2.4110054587158389 0.20838509407729389
2.0248744307266549 2.472708119261811 0.25949261105344418
1.9292505719965589 2.5297054146863478 0.31006673705400739
1.830523813071123 2.5819720816018261 0.35974764010554589
1.7288989030976589 2.6294345835963662 0.40842869097988538
1.6246002521874181 2.6720839949495092 0.45598889817574317
1.517884136723705 2.7099734847281818 0.50236581846530493
1.409017370158228 2.7432237789745639 0.54756079361155163
1.298204596606928 2.7716329219741032 0.5916436467388928
1.1857113225978979 2.7942132526543371 0.63431620811867118
1.0710361799450001 2.8100660393099379 0.67508640189134339
0.95653056430460304 2.8185354131149021 0.71270669901284578
0.83920794094998352 2.8193098913395169 0.74760380126268811
0.72195357957475814 2.812751466210051 0.77897237243176121
0.60444706368182877 2.799291237873331 0.80695481661404422
0.48620631520130908 2.7787581511613459 0.83123957767921652
0.36950161443359458 2.7518077924096298 0.85121989136802989
0.25297867224803422 2.7183065654234539 0.86705853639431241
0.13779953029215139 2.6789229912199439 0.87843621593947185
0.024699396515601751 2.634218592096282 0.88518338049160927
-0.087243010098840959 2.584055623234224 0.88711024080919543
-0.19695316640384711 2.5293541009690772 0.88435621396810649
-0.30375101657930609 2.4707065390119669 0.87683536932325901
-0.40916236237356218 2.4077034297357942 0.86408586483945393
-0.51126589737575745 2.3419159546327362 0.84649099204075051
-0.61131102297156981 2.2732932061363149 0.82400928169845356
-0.7083196235475171 2.202843841551485 0.79645874830306429
-0.80370303180943681 2.1305184874704022 0.76362549641197341
-0.89676642665908446 2.0570787579470808 0.72660165173773206
-0.98681975319406168 1.9836429559449149 0.68538293072440248
-1.075619578823914 1.910192442676574 0.63984968432569755
-1.163643463392062 1.8367626463960409 0.59066664679929326
-1.2502519186156671 1.763871345797593 0.53924040393455153
-1.335838308189147 1.6905551412712669 0.48614663539804043
-1.4198967222264991 1.6159527629877559 0.43263217141330967
-1.501663439411083 1.5391768933715571 0.38044746033004362
-1.580629073281173 1.4591618523968239 0.33008159789197578
-1.6563218762973511 1.374579715726884 0.28153955302857342
-1.727189746247191 1.285450328267328 0.2353971633323711
-1.7932854609880411 1.191945975036838 0.1915408253891786
-1.8558162344719169 1.0938562783105119 0.1493042046972832
-1.9130460005877781 0.99385826239078534 0.1098473727991862
-1.966163429687968 0.88899244014874745 0.071542068741778708
-2.0124842952035951 0.78263921989276886 0.035016730971109071
-2.053273579952632 0.67225621000439661 -0.0012656486513190021
-2.0870275319742841 0.56074805233843528 -0.03711327196560326
-2.1144890621238428 0.4466986853462927 -0.073832826837123638
-2.1346350082589232 0.33203081353277691 -0.1112040215281592
-2.1472908794070689 0.21539376495850249 -0.1498194174303806
-2.1527067635509489 0.1004919944958455 -0.1902533671668481
-2.15168238565504 -0.01588083480065676 -0.23352171880052591
-2.144871334103275 -0.12891846403590049 -0.27886537667186162
-2.1328924554201971 -0.2417332236949386 -0.32765643619876528
-2.1165603913384041 -0.35387002581276022 -0.37880619943726102
-2.0972408064081138 -0.46480682385830591 -0.43091080045214381
-2.0761208323321831 -0.57564436588196799 -0.48324089730543462
-2.0540845829721111 -0.68703539196215979 -0.53469205139079767
-2.0315905368855041 -0.79900134696446035 -0.58378219851785651
-2.0084005659377659 -0.91193748436520028 -0.62943531945568276
-1.9842424831125729 -1.0257145854191401 -0.67136688299138336
-1.9585305818371701 -1.142247323207747 -0.70953658164782452
-1.931010592953998 -1.258776467841231 -0.74324552619014395
-1.901079894070675 -1.3742333736903951 -0.77177889550284562
-1.8679435084595799 -1.4908222052018369 -0.79532891060180666
-1.830691930431072 -1.6084734942086309 -0.81404357214297607
-1.790351312039377 -1.72343656512625 -0.82769547579135827
-1.7456118212025351 -1.837189638871467 -0.83620555306280819
-1.695763020174077 -1.9506802006534061 -0.83960624846451581
-1.6418420711211359 -2.0608545759907591 -0.83842871853435053
-1.5834932508167801 -2.1679963428446669 -0.83259584378805651
-1.51979027543264 -2.2727942487871431 -0.82189204740453348
-1.4514209900202999 -2.3737803366636552 -0.80689936732227796
-1.379178212150838 -2.4693255392627398 -0.7880569298622444
-1.3008434979592891 -2.561958781916156 -0.76464366414968066
-1.219217514122146 -2.648444794556315 -0.73761879125131991
-1.133933135817045 -2.728761131148373 -0.70703066643874579
-1.0426407415499599 -2.804747848612045 -0.67227904996444476
-0.94966239180516132 -2.87256621027388 -0.63526899586951957
-0.85229066968515255 -2.9340725082385331 -0.5949487617481265
-0.75163956457553527 -2.9883966353629541 -0.55162074542634509
-0.64813274155834844 -3.0364313057287919 -0.50664238492754621
-0.54317607331542561 -3.079457112777007 -0.46073573540885893
-0.43696199905213351 -3.117532679188916 -0.41388541406164048
-0.32957963183382921 -3.1502983486722971 -0.36605463363736102
-0.22117148944207679 -3.17745900284398 -0.31725905394437498
-0.1119255472634684 -3.198794158379306 -0.26755471291678562
-0.0020588382507332002 -3.2141447471269751 -0.21703642911534279
0.1082111763240364 -3.2234108153252459 -0.16587583829595501
0.21868715714297501 -3.2265475545845712 -0.1143200446126996
0.32894387343813219 -3.2235509008923029 -0.062187066468091343
0.43865249523517208 -3.2144576715831179 -0.0094555463979103405
0.54764824572136395 -3.1993305325273922 0.043507386670023997
0.65563686362095763 -3.1782558299622048 0.09664627993133576
0.76236299627799597 -3.151344840972035 0.14985150927380689
0.8675455033376871 -3.118716975826501 0.20306705146192941
0.97092746618307324 -3.080504593131574 0.25622256938854648
1.072267070811233 -3.036838361939227 0.30924563779268482
1.171248080809955 -2.9878945122762581 0.36214535708739948
1.2675075850259241 -2.9337967469564332 0.41524763194444109
1.361010667198101 -2.874553455267995 0.46755721309002651
1.451659158404099 -2.810311371585235 0.51944978875095005
1.538731826626788 -2.741277490721866 0.57085254696927812
1.6221461774121499 -2.6673909132640392 0.62192700525223266
1.7015586831019549 -2.5890848990890891 0.67246325223249726
1.7766045042331251 -2.5062715161447482 0.72254060530478947
1.8469346310191661 -2.41925228218946 0.77209216013740489
1.9123993586698189 -2.3279799758782622 0.82115006842794303
1.972307725665839 -2.232978126476953 0.86941455392779776
2.0264701604624928 -2.134213165432655 0.91694627971621279
2.0744595323934512 -2.0318561413593068 0.96361988262671772
2.1161324631947021 -1.926250928502458 1.009339976913127
2.1509774067564589 -1.818150262660218 1.0538131952018781
2.1786275558777279 -1.7071291284405901 1.096724923836754
2.1991000328031651 -1.5937496186594939 1.137879170914142
2.2119989181316821 -1.478921163212485 1.1767945317529169
2.2168430683693319 -1.362220966230848 1.2134949853561541
2.2140089241780698 -1.2450632581617329 1.247333760091462
2.2030503441776892 -1.127134985688508 1.278053218303703
2.1840239827764898 -1.009274339190936 1.305330604205164
2.1572353787335659 -0.8925697309145213 1.328410172257148
2.12228016092237 -0.77610115082895292 1.34679729618618
2.0802147653474461 -0.66176619697945394 1.360139634398299
2.0309238189720178 -0.55031706539191549 1.367698590833843
1.974082227836097 -0.44005834091534868 1.3687518929030851
1.912181675247401 -0.33454755586647011 1.363212859157787
1.8443043290244019 -0.2326241702037837 1.349640976006997
1.7708654290192241 -0.13401780537879651 1.3274654348248429
1.695812551269952 -0.042073606753960588 1.297646501365409
1.616337607016048 0.046674946354632173 1.2568080194580571
1.536927518544992 0.12893098687749599 1.2079650807903359
1.457339901370845 0.20657340598517959 1.150272154162838
1.37938498327922 0.27883483683942961 1.083395040967549
1.3036727889802171 0.34689606557508929 1.0084879544436169
1.2321784996070431 0.41024986235091387 0.92697537338730152
1.164705761326251 0.47059676647401788 0.8391059135121135
1.1015438058660241 0.52825008329646295 0.74653340495365894
1.0419873373980399 0.58452084661941239 0.65104604905602348
0.98540179196117039 0.64026557202056023 0.55389505776261294
0.93082769921066433 0.69620183084580112 0.45619276527030511
0.87731105030945478 0.75258623514001344 0.35850797261750128
0.8242457189372715 0.80923949818457963 0.2609787478386259
0.77113922735880291 0.86593225639213889 0.1636991931892684
0.71758710266784775 0.92239214526251023 0.066654411702529434
0.66361495314097385 0.97859677285343705 -0.030279272792051989
0.60937423954669945 1.0354278299376289 -0.12705288321320771
0.55519166226499883 1.0940205566360131 -0.22277215158901029
0.50059084781684737 1.1545914084801501 -0.31768850391321762
0.44598550574700979 1.217145372045543 -0.41085149921074687
0.3908659917204737 1.2818811457398831 -0.50276989204507894
0.33513501398080259 1.348940408757435 -0.59225220586951111
0.27828717742517112 1.4185387240325631 -0.6794587017320467
0.2200046174545276 1.490645260039005 -0.76288143733180691
0.15933504015085381 1.565549377434714 -0.84245645268052005
0.095910442197623125 1.6428671557350929 -0.91709439683193505
0.029048114265432041 1.7222768213010471 -0.98604845762662363
-0.042295690262183827 1.803458877272111 -1.0491824148309861
-0.1172966588772788 1.88461968310907 -1.105050651263555
-0.1974377303761351 1.965879978223525 -1.1538005764001009
-0.2826289997846485 2.0457782278001408 -1.1936063170250859
-0.37390098899539642 2.1244375577119499 -1.225716493799283
-0.46846075857750957 2.1978447337164781 -1.248730088771538
-0.56961798475576719 2.268300547101842 -1.2636648693525481
-0.67314278126300975 2.332115700479982 -1.2700383579772669
-0.78189471044816083 2.390031219426175 -1.268873072225142
-0.89243788912656463 2.4403384588327381 -1.260408308862728
-1.0063273925886529 2.483384649260413 -1.2446655554643959
-1.1206833967030629 2.5182177688528058 -1.223158627667126
-1.237371019459313 2.5444944846725468 -1.1958117454708219
-1.3531705318412941 2.5621818063945239 -1.164542748460675
-1.4701295905368941 2.5714270946258591 -1.128520521859171
-1.5847202440611201 2.572296149783333 -1.089636956043246
-1.6999728080272161 2.5649433326560871 -1.0470986030498171
-1.8117649690990569 2.550155521435685 -1.002553630707262
-1.9221809826105269 2.527670808496941 -0.95529874116498059
-2.0303823082036061 2.4977279290327892 -0.90626809213270798
-2.1351562200722598 2.4610425806373359 -0.85630279883971305
-2.2374254354773009 2.4172411349591201 -0.8048890015302661
-2.3361841545950299 2.367240664728683 -0.7527114933995096
-2.4313493713519692 2.3114760503479692 -0.70005469829497491
-2.5230542324416279 2.2497727365420448 -0.64685418169675379
-2.6109279233033531 2.1827936420547678 -0.59342780863214539
-2.6947163166043731 2.1110312706769641 -0.54005940883619263
-2.7745774293975409 2.0343601323942928 -0.48669302898217093
-2.850441997060178 1.953345465328876 -0.43338842885095669
-2.9220643475784018 1.8686394049289821 -0.38040714507347012
-2.9895077909040149 1.78016353258613 -0.32772551628898777
-3.0527075679871718 1.688290710003941 -0.27536473675697759
-3.11173009399789 1.593285023667645 -0.22334527592869469
-3.1666043003269411 1.495543890794949 -0.17186082956492649
-3.21730365692326 1.3954071732582269 -0.1206103674843567
-3.263508922370185 1.293127729681566 -0.069404122021354653
-3.3052580822473159 1.188871001100388 -0.018290102710571719
-3.3426346561588249 1.0828505475381109 0.032681297297697802
-3.375545352887801 0.97537025216159989 0.083537597018429915
-3.4038806630619338 0.86668577475709263 0.13464185089025049
-3.427374676122021 0.75717859478074423 0.18605571364670509
-3.4458465205486699 0.64691563374964955 0.23779116299851499
-3.45937175980422 0.53637215636072311 0.2902166233318465
-3.4677974242047802 0.42529073137111112 0.34339766373911812
-3.4708259357727398 0.31448932277959613 0.39687823570012348
-3.4682190209180388 0.20407929993932231 0.4507810570758517
-3.4597949785317712 0.094445532377680885 0.50502256422922742
-3.4453856826749432 -0.01508784047257436 0.55995756176393252
-3.425122968743167 -0.12302677041708721 0.61476838716638715
-3.3986364593086029 -0.22919460743363121 0.66947488992250226
-3.3657163277673461 -0.33347928802136267 0.72405323455905546
-3.32603677338445 -0.43682492542328122 0.77893634281034141
-3.2804328747192901 -0.53610683782408652 0.83244162378271891
-3.2280668687628391 -0.63272817018995575 0.88534065553888208
-3.1684004591294941 -0.72735991955648749 0.93791865851509593
-3.1035821974692661 -0.81583266212042027 0.98777768006531752
-3.0303193264579531 -0.90256510202158269 1.037356480599217
-2.9521471199322402 -0.98275649657450503 1.0837042556126211
-2.867806831396861 -1.057437094831658 1.127225040493653
-2.7745978344781328 -1.128772087365745 1.16898566785795
-2.6799970262759061 -1.1907817285563891 1.2050475867472019
-2.5741234722658421 -1.2497449100548781 1.238860851052072
-2.469744483999428 -1.2983487124050821 1.265583168776873
-2.354387019443783 -1.3426309256653091 1.2884334987567629
-2.2415108666578818 -1.3772892298074659 1.303775291464697
-2.1204480159299131 -1.405844290268806 1.3129249939556611
-2.001498245528623 -1.4260850259379909 1.3143987326562521
-1.877995540295305 -1.4393379880954891 1.3078446837957649
-1.75770440286664 -1.4452842995311379 1.2932994328739591
-1.6343386358772549 -1.444639482894988 1.2698244576522959
-1.5171701206376389 -1.4379804812194701 1.2386738672889459
-1.39929864079822 -1.425449644985759 1.1984444573514299
-1.2853210612662711 -1.409309168665015 1.1503320136851709
-1.1759201940769539 -1.390377316146693 1.094990116962403
-1.069955154291115 -1.3694329954672739 1.032622844516736
-0.96861142363743358 -1.3474507144079491 0.9637699028936908
-0.87086385148243606 -1.3250729581811911 0.88843962433365864
-0.77775412658570797 -1.303339550015455 0.80859016151194174
-0.68736102589360126 -1.282534645942683 0.72355706965023781
-0.60101940199860215 -1.263563175015721 0.63576612415145062
-0.51643972737132793 -1.246356507802155 0.54423866159908962
-0.43464491324526588 -1.2316523034654809 0.45133747445324129
-0.35355964769801529 -1.219149606508227 0.35632857669827922
-0.27391904105873449 -1.2088400379764941 0.2607135918205824
-0.194660631149915 -1.2008704735248379 0.1642538236255166
-0.1155433284149226 -1.1950328943142119 0.06790966799916226
-0.036022529608339543 -1.189993786814207 -0.027776422054500819
0.044341690582528827 -1.183898625524199 -0.1224971190683172
0.12530113210564109 -1.1762116184898761 -0.21657334823080879
0.20633603975332601 -1.167509153699626 -0.31074015061396237
0.2868411592718132 -1.1588888056977471 -0.40546216777692912
0.36670369622964138 -1.1512776278824739 -0.50088821490766156
0.44631426702600629 -1.1452547617817439 -0.59685521528127949
0.52628535133146526 -1.141251814165325 -0.69302740427323528
0.60719697561861818 -1.139510350355647 -0.78845523191727074
0.69001306885509195 -1.140288535656883 -0.88237752204896325
0.77580430801741063 -1.143245120280501 -0.97374255561362466
0.86515550669603891 -1.147642075707372 -1.0612560349515481
0.95841589848622344 -1.152697698804823 -1.143265736972412
1.057103392298401 -1.1574374806412651 -1.2198453543394661
1.159046917120474 -1.1607756679705641 -1.288632316903783
1.2681490396341559 -1.1619780498184711 -1.352159932371896
1.377797580667572 -1.1597173311056479 -1.4061470116310399
1.4912302165187981 -1.1518045347667709 -1.4519042596311891
1.608349674346309 -1.137431707298787 -1.489503015751505
1.723855808656886 -1.11663610083987 -1.517340158288885
1.8421106436112631 -1.0880668099680659 -1.5364014002912061
1.9570151585124309 -1.0527902627353229 -1.5463017182242771
2.071328239266975 -1.0095639365710241 -1.547521341825749
2.181030456731492 -0.95964156730047123 -1.5406670399486939
2.2876216433107959 -0.90212106642985812 -1.5261025816458269
2.3878919601918911 -0.83862459534884493 -1.504911673418476
2.483915266953761 -0.76779565988046916 -1.477203006088345
2.572008154200685 -0.69238797529715868 -1.4447183178439971
2.654778248748439 -0.61022031653300524 -1.4070026535843549
2.7295930006766049 -0.52409295737074568 -1.365922371719458
2.797409411585563 -0.43302742737021971 -1.321403462436374
2.8581036308933978 -0.33780451576183879 -1.274275536793688
2.9110803573102508 -0.23955535785148391 -1.2254451476622381
2.956791919990239 -0.13781668398645719 -1.174983769246237
2.9953312701286712 -0.033353865021797019 -1.123721013068103
3.0267265241807451 0.073246839261824154 -1.072397194988058
3.0512893338977811 0.18171573541234701 -1.0201045075732571
3.0689975365711999 0.29105085405129633 -0.96726141747103689
3.080221326479244 0.40134385725205463 -0.91405945293277702
3.0850428462626369 0.51200763765325974 -0.86068287471627791
3.0837415818972032 0.62291675086742271 -0.80718860896971378
3.0765113292358799 0.73357950415575479 -0.75370592872183939
3.0635036244127321 0.84378793727325807 -0.70019220557180073
3.0450053486669599 0.95321586819771653 -0.64670417545877368
3.0212912215119232 1.061656540767979 -0.59324262535252548
2.9923725193990531 1.1688345082556799 -0.53978623976424966
2.958521192398222 1.2746050111986891 -0.48630822909894911
2.9198864354022138 1.3785337043728521 -0.43278715233482262
2.8765063781441089 1.480586505552856 -0.37911318816097228
2.828633117688911 1.580392508942652 -0.3254047347330844
2.7762475858283202 1.677809933812324 -0.27153968011584712
2.71951841515778 1.7725850904722731 -0.21759623569456521
2.6584958610537508 1.864481815678785 -0.16351794317304069
2.5932697711638388 1.953307315974192 -0.1094013398673393
2.52384678153346 2.0389882276781091 -0.055618227500960293

0.49034334682619951 3.3750920492459779 -0.01678860743111248
0.38105845568638291 3.3953609335493402 0.033184478101931369
0.27121840040838768 3.4109971908706109 0.08335297908297791
0.16084678001516889 3.421840810822383 0.13347890765764001
0.050475427651911292 3.428137153416265 0.1842522610612731
-0.059780346754710417 3.4296840637832839 0.2356200145615194
-0.16996829135313471 3.426056783022609 0.28713452643514542
-0.27978730794249418 3.4171772638475608 0.33884291659744792
-0.38856170044434618 3.4030531626600942 0.39087387352688419
-0.4959667555599635 3.3836306267860401 0.44363921927958172
-0.60225799519252932 3.3588081286987559 0.49704718892890881
-0.70692491189682438 3.3284238454201871 0.5508197940427505
-0.80907488224554103 3.2923575513136658 0.60468592563254964
-0.90863897600432253 3.250505272416333 0.65864956904282834
-1.0064197850610881 3.202504705555985 0.71309628570553107
-1.100213372765835 3.1490813864947982 0.76683854068836588
-1.1902587557915461 3.089715557186905 0.82013109501514603
-1.2777109475916399 3.0237112680337499 0.87354707524435005
-1.3593833124728101 2.9530225276827768 0.92512783342286797
-1.4373101246178599 2.8756160560746982 0.97620477801933969
-1.5099801058712441 2.7927533193262581 1.0256601760457089
-1.5760840478390561 2.705381134796971 1.072543471225142
-1.6380415579740619 2.610200666702351 1.118471952701134
-1.691705473529781 2.5132735578734109 1.1600966186937189
-1.7404183816066729 2.4078702926392279 1.1999554104205059
-1.780210105778276 2.3020785037301672 1.234408451686321
-1.814201233483262 2.1882080307457361 1.2660056635240231
-1.8392304512322371 2.075453716659613 1.2911795404324939
-1.8574851759280779 1.9557128676843569 1.311904773247863
-1.867384267958369 1.8379919403611751 1.325547380807848
-1.8697280417549009 1.715480798856597 1.332766676498526
-1.8647205035142631 1.595906752750319 1.3325711182803031
-1.852247527365289 1.4736122799476541 1.3244527570530249
-1.833775658397425 1.356087156935299 1.3088076842464771
-1.808638848319684 1.237092768363462 1.284669923569411
-1.7787969021616279 1.1239730794457361 1.253006282667785
-1.7449800697091431 1.0130715801236989 1.212809990637262
-1.708415637747781 0.90534416402672646 1.1650364271461431
-1.670257512613754 0.80211014570201966 1.110613217622245
-1.6310228786108949 0.70221296052129401 1.0497521678136941
-1.5919844545078421 0.60656657893138266 0.98341470474947401
-1.553311071229875 0.51378871324739239 0.91161345225708779
-1.515941975751429 0.42433118463901032 0.83578622742298814
-1.479948838300511 0.33719909748451332 0.7562000442917588
-1.445662890497565 0.25188520391232289 0.67411476099807544
-1.4131240017129181 0.1680199152686255 0.59002912134940744
-1.382261981184205 0.084713197257225176 0.50478295030143905
-1.351814102846691 0.00095870293947568363 0.41987192113562388
-1.3212084614597659 -0.083702482432252534 0.33590464069393761
-1.290621398508321 -0.1693170915242117 0.25298923843298959
-1.2598211795183709 -0.25566814872960159 0.17103074903628429
-1.22834405044313 -0.34232223020906433 0.089788425899236704
-1.195936771484805 -0.42851530984417641 0.0086295004073912319
-1.1626217400751131 -0.51335533954233925 -0.073667460577748492
-1.1290385077469709 -0.59655809482769118 -0.15758070461729939
-1.0957508788575809 -0.67801021570151931 -0.24332568660610071
-1.063142420629223 -0.75811573194020554 -0.33077532868154119
-1.0317077333400879 -0.83849233186869143 -0.418667448760983
-1.0016643380272841 -0.91998878736679823 -0.50635889522831312
-0.97296912803920244 -1.002949190189238 -0.59316067816801876
-0.9451164239723836 -1.0879179286849019 -0.6784458125394689
-0.9176837815576383 -1.175250740275176 -0.76132891009069625
-0.89031817234058297 -1.2654652612916291 -0.84125713621136922
-0.8623526253694439 -1.358577061408623 -0.91732091534253435
-0.83315501764004229 -1.4548125280613959 -0.98878818775247457
-0.80205011342880206 -1.554099816606463 -1.055114699171062
-0.76848636242626778 -1.655846089571446 -1.1153174939510799
-0.73160317200866321 -1.7600138336751019 -1.1687136225098811
-0.69109262294899299 -1.865842325711861 -1.2155530114595019
-0.64583192008087098 -1.9737137632687269 -1.255879532247401
-0.59649643902748495 -2.079622243325308 -1.2877041001047289
-0.54066892451463489 -2.1859777164023271 -1.3123679576004459
-0.47946596221433008 -2.2893957757410339 -1.328981486753906
-0.41188249970580099 -2.390934847688392 -1.338021231175009
-0.33970054528979932 -2.486959893750238 -1.339300548803666
-0.26042344752147573 -2.58069272734607 -1.333542257126239
-0.1781635741655303 -2.666157380036299 -1.320995218314573
-0.088876511937669031 -2.7478996217919751 -1.3017447696297151
0.0027519368205889401 -2.820826576657506 -1.2770462539099321
0.099413114952740703 -2.887414091637488 -1.2466361262863059
0.1993289947441744 -2.9459962134197908 -1.2114866760668921
0.30081754271492911 -2.9958269561914692 -1.172528717514882
0.40700699028453408 -3.0386162500537628 -1.129117560403663
0.51187372191414338 -3.0716820321132809 -1.083890607709272
0.62107437894289563 -3.0974396067580372 -1.0348474177476299
0.72870564932321225 -3.1143767778486899 -0.9849069172149455
0.83755171446550081 -3.1232044972579849 -0.93289465959239004
0.94670054258890801 -3.1242111822769578 -0.87958311993918437
1.0539848010403789 -3.1173384313817452 -0.82616065442557041
1.1618429230400631 -3.102893944288204 -0.77154737622228575
1.2677917269545149 -3.0813457500304402 -0.71717212367157113
1.3719268344337829 -3.052848756192704 -0.66305793618010234
1.4749567034367821 -3.0176937430130719 -0.60882636310436888
1.575759611196031 -2.976553615195316 -0.55518617728918418
1.674188150591438 -2.929461539837166 -0.50260951880340954
1.7702503274768839 -2.8766222219782649 -0.45027324070662939
1.8635078289585301 -2.818632694884506 -0.39800653050301399
1.9537723618807139 -2.7559393166045369 -0.34613317211630368
2.0411060421485692 -2.6888518767674832 -0.29439755837623882
2.1251654529631492 -2.617738975733948 -0.24292251278536919
2.206070423795917 -2.5426558567882132 -0.19170702060751371
2.2835797973819809 -2.4640038339100618 -0.14067926145242671
2.3575243938632049 -2.3819351495095629 -0.089757483955199599
2.427843526951873 -2.2966641339778189 -0.038925512150467093
2.494354974356527 -2.2084339834226649 0.01185201717336784
2.5569603688849112 -2.1174647135747811 0.06270797084084484
2.6154875201118131 -2.0239641008076479 0.1136434314716591
2.6697827925666959 -1.928046131102872 0.16463298281206079
2.7197245642579349 -1.829845592441983 0.2155493518267699
2.7652222051715012 -1.7294445457283729 0.26632987520632723
2.805926779614984 -1.6270586564093901 0.31691519317954492
2.841658488978926 -1.522766587742032 0.36724209658814899
2.8722883411257012 -1.416777821451763 0.41717593848400542
2.897695466637197 -1.3092623945798181 0.46656759817855448
2.9177803368483111 -1.2003212065390769 0.51531150326391384
2.9323355072926489 -1.0902986519361111 0.56323708819571072
2.9412238357785561 -0.9793322500417051 0.61017311159845855
2.9443055733069099 -0.86776442748178462 0.65609833094874925
2.9416908765617089 -0.7556843664831302 0.70067468026939195
2.9330895797331591 -0.64330101775460313 0.74343912774654974
2.9184429486421308 -0.53095013204903407 0.78415166068576425
2.8977587824390989 -0.41882655156238952 0.8224867597149903
2.8711252784809491 -0.30724288425602481 0.85809443554477038
2.8385344150823371 -0.1962448479988167 0.89071654986563142
2.800147985853207 -0.08643186207429393 0.91986726524132179
2.7560448360560819 0.022052441728619761 0.94522294280795915
2.7065271353284959 0.12880840265819021 0.96638129722767785
2.6517171048488151 0.2338837992418055 0.98301831703456921
2.5920301034532889 0.33668657141041108 0.99470456793790007
2.527814099953023 0.43705927067277961 1.001092014936926
2.4595599495559339 0.53472843864589192 1.0018662882406699
2.3876958368328371 0.62971171244577306 0.99676938843688356
2.3127875734038388 0.72193261617041682 0.98559161429918707
2.235529212209252 0.81103392545360053 0.96842081756724718
2.156085994042789 0.89747428813084873 0.94516741258939785
2.075719764804385 0.98098523110514668 0.91612719035229828
1.9939052645691939 1.0621496556967041 0.8814922830101225
1.9121012498192489 1.141086065414703 0.84203690858890956
1.8297633542450129 1.2182990837926311 0.798353087957549
1.7468217596637701 1.293677855688977 0.7509549900713024
1.6634723360243391 1.3675280811429951 0.70091114229121787
1.5794047737248029 1.4399499324142939 0.6492942242934987
1.4941142362573141 1.5110015006414561 0.59721308656275729
1.4070178575467649 1.5804134281735009 0.54562384897715821
1.3174928319647059 1.6476736291658931 0.49491712460290932
1.225318477314342 1.712065567925557 0.44580529108634631
1.1302810084800381 1.7728431141620069 0.39845373641066539
1.031975449718213 1.8294660421375399 0.3531030690959065
0.93044419822214297 1.8815597701127591 0.30939942052454078
0.82586198838353031 1.929399234893433 0.26735968264644883
0.719455861620794 1.972494173062278 0.227625507931459
0.60965220227205263 2.0107376435215651 0.1891042372109161
0.4987466848611446 2.0430477918172611 0.1524174725082805
0.38531299403399472 2.0692327311929462 0.1163492782495063
0.27113222234401052 2.0885761671834668 0.080688709727791338
0.15595999274606981 2.1012595326520711 0.044877565791557668
0.040151778350788113 2.1070715662021051 0.0081222404051686584
-0.075174737324494534 2.1060447834123619 -0.029767908356224719
-0.1897529310192006 2.098418100931299 -0.069476661729652403
-0.3033962818121041 2.0845422575844679 -0.1114762358579319
-0.41430052189054128 2.064794914817579 -0.15530169491588319
-0.52395096971725863 2.039314608530852 -0.20241754420120381
-0.63150648181937064 2.0086128965505772 -0.25203134873627908
-0.73623525446258931 1.973929192613944 -0.30340430644687683
-0.84012826027509424 1.935762847538917 -0.35663411769124281
-0.94286676116275081 1.895280441436479 -0.41050715261554138
-1.04493786609379 1.853405887671207 -0.46371993221513608
-1.1478374983437909 1.8103550933860271 -0.51542193237792211
-1.2516357444841799 1.766473954530954 -0.56463364945387517
-1.3559335419884939 1.7221710405984529 -0.61046082897926868
-1.461035787387613 1.677015472878107 -0.65225169313994413
-1.5672990849351589 1.629648509328808 -0.69007224039057002
-1.6741501982675979 1.5800666413465509 -0.72396046354293908
-1.7802108801510199 1.5281509576788439 -0.75246907839268407
-1.885392580387806 1.473268896811029 -0.77607335980053216
-1.9906939771234411 1.414651107412207 -0.79507884909280102
-2.093468197662455 1.3529951031997149 -0.80898249452690185
-2.1941329847882338 1.2876152056786181 -0.81784966451214125
-2.2930480976086609 1.2179785068510749 -0.82184080646176694
-2.3881114809481709 1.144873277002594 -0.8211520219022308
-2.4797107943690899 1.0678525509574039 -0.81588602447078917
-2.5677534913536308 0.98667087199155423 -0.80607500993797587
-2.6505858422833501 0.90198274240876575 -0.79159024744530759
-2.728807234592626 0.81341079025184904 -0.77309034606152183
-2.8023460748910569 0.72189934388548749 -0.75151280132393583
-2.8711427532081819 0.62758720172096161 -0.72703693679238268
-2.9345321818170449 0.53043037715620844 -0.69932661747405067
-2.9921802846720702 0.43060808893239449 -0.66831282273244164
-3.0439959154423319 0.32856484545144371 -0.63405646601066057
-3.0898046654742961 0.22469565015292869 -0.59661997947723477
-3.129174849059448 0.11895615895401079 -0.55686298341869978
-3.1620323002733111 0.011755289221081801 -0.51496130646284477
-3.18836657315493 -0.096507393627334209 -0.4710170480403128
-3.20812056080727 -0.20550266937064371 -0.42529336066174739
-3.2212581798965618 -0.31490792788898331 -0.37804887482751998
-3.227775975984708 -0.42438818628316122 -0.32950015023576368
-3.227691779495478 -0.53360821330610608 -0.27984555176952791
-3.2210389725211419 -0.64223757039337315 -0.22927651259404719
-3.207864856795859 -0.74995114737250135 -0.17797898899472539
-3.1882299299238239 -0.85642828113376979 -0.12613401879264849
-3.1622074240245142 -0.96135262066619676 -0.073918441564127191
-3.1298833012287028 -1.0644116237892269 -0.021506247834398719
-3.091356459093058 -1.165297247564911 0.030930434029835249
-3.046739575569648 -1.2637064408707821 0.083220145462250331
-2.996160761357201 -1.35934189245749 0.13519171963304311
-2.9397663806489049 -1.45191100932263 0.18668154917452059
-2.877727818541616 -1.541111968201166 0.2375683100065715
-2.8102441703247099 -1.6266415419734639 0.28776984967356262
-2.7375079438579668 -1.7083672042458911 0.33692095380840148
-2.6597460465189462 -1.786164271657384 0.38471410404969458
-2.5772621113236358 -1.859803656229569 0.43120640578540109
-2.4903620109815061 -1.929206465386621 0.4762367147901812
-2.3993910662194371 -1.994368929215719 0.51977848781409075
-2.304769207485486 -2.055371428019066 0.56192211019703142
-2.2068604325780941 -2.1123935087386352 0.60273959580167979
-2.1052804876026512 -2.1645543232987841 0.64167250730794878
-2.000132758027509 -2.2104064649065509 0.67758179009811736
-1.89229715415858 -2.2497459291122759 0.71012918405155823
-1.7792390454153899 -2.2832587795555428 0.73968851053502027
-1.665440342824134 -2.3098672658235948 0.76499706423438718
-1.549295985267102 -2.3302366230924432 0.78640466264433095
-1.429688576215761 -2.3448324253192681 0.80402695041333549
-1.311185378671071 -2.3530239106406632 0.81697866268649943
-1.1902128086266071 -2.3553139918188402 0.82583474949614166
-1.069215425975669 -2.3518092159929749 0.83007498724022377
-0.94935998576370273 -2.3428930146089471 0.82938642352423997
-0.82850254802966494 -2.3288455911631791 0.82391767871963184
-0.70892470424712251 -2.3100541549617022 0.81356520795497189
-0.59110507343666763 -2.2870746222862892 0.79795336422608365
-0.47488257128055728 -2.2601747306350441 0.77735628685011482
-0.35843938400301389 -2.2296085253156468 0.75135108780691884
-0.24551327652231611 -2.1966980406814369 0.72045820367922608
-0.1349943333975715 -2.1617210502095592 0.68481025695284115
-0.025339117365022128 -2.1249462732968549 0.643994415382378
0.08318307364233421 -2.0866633283940428 0.59886997736933645
0.18841760206568911 -2.047961098223448 0.55001267944083498
0.29156236710768618 -2.009172347723541 0.49815458104253052
0.39363948060703807 -1.9701475782056039 0.44364576905485498
0.49502007012623239 -1.930077098266425 0.38676913980887412
0.59456304778813263 -1.888447011044464 0.32815781449247911
0.69178980870883244 -1.8447639957346771 0.26874682004473932
0.78739127067661108 -1.7981451896156371 0.20901642695725689
0.88124846517225064 -1.7479284806681841 0.14921960763520231
0.97299011940611091 -1.693964097338901 0.08970583372798023
1.0619422722352569 -1.636207750452209 0.031006851619041639
1.1485986208277481 -1.573897688057688 -0.02732133151866584
1.232564329418403 -1.50698350169962 -0.085370452603460517
1.3119317542450679 -1.4367689475309591 -0.1422221789341433
1.3889416482278729 -1.3609860366650739 -0.19976109252444149
1.4608575142271669 -1.2818951897404141 -0.25629156657387409
1.528596588112727 -1.199297914216175 -0.31276879876828428
1.5921649234973141 -1.1133899382178281 -0.36916111692354903
1.6526051163616 -1.022333038405139 -0.42605815743674669
1.7053073423282881 -0.93006332282204984 -0.48083764449611921
1.750071763903474 -0.83255025618634815 -0.53572481187252785
1.7858584922557961 -0.73105718943359488 -0.59131995749338861
1.813789837671351 -0.62694725768942072 -0.64767427432811076
1.8369376526687999 -0.52102460803989836 -0.7052509183121799
1.858803899527711 -0.41474261316254663 -0.7634984134524313
1.8818428198397801 -0.30847119751629942 -0.8215556755334904
1.907121883988343 -0.2021287123412116 -0.87854894737886347
1.934873219841353 -0.09561808411615301 -0.93332767901074265
1.964809950545475 0.0114336248394748 -0.98513434086955376
1.9966716656563599 0.1193469780888666 -1.0331880695944331
2.0294559225591771 0.22845779147350539 -1.0768427719715401
2.0628026633152312 0.33895032322590052 -1.1155454864958529
2.0957994565108882 0.45125832003157812 -1.1489966328048871
2.1276758509083362 0.56457890799003485 -1.176558549167978
2.157822826420591 0.67925998906864038 -1.197899861178815
2.1856412281030329 0.79630187294569887 -1.213228515354323
2.209912440909271 0.9131859205524786 -1.2222440466176741
2.2303024570201848 1.031413281786894 -1.224884581575189
2.2463503252656549 1.1507303473671651 -1.2213530047940231
2.2571904178381401 1.2690057196542379 -1.2120066966360341
2.2623860509779359 1.388275316107132 -1.1967083034258781
2.2616258296089828 1.5057948568189801 -1.17628902471606
2.2547003297792578 1.622453142212509 -1.150981237878854
2.2410013087270149 1.7380465437417341 -1.120872535054378
2.220640890579932 1.850329132283985 -1.0869277732032161
2.1932719856036131 1.961742739156831 -1.0488901075492381
2.1597269426752881 2.0689628759727938 -1.0082564533731391
2.1192561394046621 2.1734262973822269 -0.96479577853336063
2.0720235452324598 2.274963754739884 -0.91911498310834749
2.019083217295397 2.3719392457520412 -0.87217359586710763
1.959802020600774 2.4654589100541862 -0.82357510666093303
1.89483979749385 2.5549422036645622 -0.7738595951518964
1.8251084896933349 2.6397085185018661 -0.72368649347306446
1.75031979643931 2.7202914851752018 -0.67285662441820282
1.670731638652577 2.796659257881462 -0.62135783863568761
1.5873312942905169 2.86857544607241 -0.57034811866010116
1.5003671402904879 2.9359553011231339 -0.51918292480363859
1.4098054646835101 2.999093926807074 -0.46804833686578812
1.3161616040936539 3.0578434282594289 -0.41721233634817179
1.2195785639125569 3.1125300046605648 -0.36658665842222737
1.120817876328551 3.1628913082229611 -0.31639728627611979
1.0198429687727579 3.208967112225388 -0.26631633514175179
0.916987403667061 3.250714567838445 -0.21623350811765121
0.81233784547901144 3.288172632247214 -0.16628897404845591
0.70623186067674804 3.3214126592259361 -0.1164452532940277
0.59876920231627895 3.3504304036021848 -0.066613144131752997
