1.969145434175928 -2.17096739209898 0.49741625754329261
1.9395803338245741 -2.2028475512252181 0.48172799364680707
1.909237624014424 -2.2340191322809511 0.46593649241150908
1.8781377476709069 -2.2644710303037878 0.45006972644801851
1.8463070805968 -2.294188504375303 0.43415749325295933
1.8137717832652871 -2.323159473823722 0.41822812400176401
1.780555434562282 -2.3513762413281638 0.40230732320209789
1.7466820781054171 -2.378832402261386 0.38641967332518662
1.7121770989457641 -2.405522066893143 0.37058899086330038
1.6770599425749011 -2.431445271517676 0.35483497988882551
1.6413364086580791 -2.456612465245148 0.3391700709453026
1.605004432681975 -2.481038794992128 0.32360242693523139
1.5680713791581971 -2.5047320800305171 0.30814347376261159
1.530561393103175 -2.52768949726793 0.29281051218679088
1.492500736988043 -2.549908025258905 0.27762019651091019
1.453902060876112 -2.5713933124708102 0.26258231667133219
1.414776120693866 -2.5921519278899812 0.24770476004843989
1.375159160762357 -2.612177293717084 0.23300373319886841
1.3351103823434081 -2.6314533213935669 0.21850192447672959
1.2946693893693131 -2.6499758721044202 0.2042126872290515
1.2538303462701581 -2.6677620193092451 0.19013185167299859
1.2125797555336211 -2.6848303677885288 0.1762519773825445
1.170949775303558 -2.7011795451548188 0.16258008953006189
1.128996973966043 -2.716799894631472 0.1491294228292934
1.086718880822434 -2.7317047252269102 0.13589261041476219
1.0440372868837631 -2.7459312223203272 0.1228383609047181
1.000909513285527 -2.7594998693418029 0.1099467869065863
0.95743422122346944 -2.772385897672069 0.097239247955245425
0.91378097101436051 -2.784548971591962 0.084754610907019107
0.87000497488152517 -2.7959862015326129 0.072495934695060466
0.82600292623160043 -2.8067348654263111 0.060421268466843987
0.78169296750408479 -2.816820923792668 0.048495505361421297
0.73717312621191122 -2.8262271773699368 0.036731605014857942
0.69260896254771998 -2.8349267948197059 0.02515805488033699
0.64798395528578812 -2.8429321609053888 0.01375427070597468
0.60308097397600324 -2.8502864512521828 0.002449059304420432
0.5577622626723705 -2.857009914766456 -0.0088072252700530738
0.51218545009598815 -2.863076175270117 -0.019991140580897859
0.4666411609470818 -2.868449167610386 -0.031048847108265519
0.42121430842274088 -2.873125744107889 -0.041978225134433299
0.3757325020287034 -2.8771278770970592 -0.052838965924929121
0.33005313676357301 -2.880466528492569 -0.063682820389920569
0.28427314423192318 -2.8831312994728981 -0.074504555182142967
0.23857496406892259 -2.8851112215580721 -0.085279092817920565
0.19295186390647151 -2.8864075676675922 -0.096025941464992048
0.14721926852805911 -2.887022527428686 -0.10680619201244081
0.1012862737625092 -2.8869490949119578 -0.11765879711967531
0.055296644726488903 -2.8861789853139541 -0.12856718156314059
0.0094511927375079754 -2.8847110414594268 -0.139500498843902
-0.036219481944666392 -2.882543991524642 -0.15046741096817079
-0.081822329935297658 -2.87966818307136 -0.16150906776563939
-0.12740080798046749 -2.8760729192093049 -0.1726511699871893
-0.17287071860792139 -2.8717564841794578 -0.18388762856308899
-0.218157106725196 -2.866719065071659 -0.19521332418723061
-0.26329915989539049 -2.8609488242745691 -0.20665061190109299
-0.30836883310086649 -2.854426173435638 -0.21822988030642509
-0.35334033014607857 -2.8471426350559081 -0.22995606433904431
-0.39810391991421717 -2.8391050203240771 -0.24181079968142699
-0.44258922802848649 -2.830317055055064 -0.25378409823321119
-0.48681045092882019 -2.8207669701437821 -0.26588726548465408
-0.53078304416982602 -2.810440947216835 -0.27813119496767358
-0.57445429237236623 -2.7993406606973359 -0.2905067203466063
-0.617755855406809 -2.787474173326959 -0.30299840604378758
-0.66069882688148474 -2.7748293149589331 -0.31561210519406419
-0.7033708200863189 -2.7613681988180789 -0.3283757359171835
-0.74583332043360162 -2.747055256109129 -0.34130967907071669
-0.78804771798412354 -2.7318858033185922 -0.35440329159509448
-0.82991457416434644 -2.7158798268087381 -0.36762509658696951
-0.87136675090340732 -2.6990499327007802 -0.38095136142562958
-0.91240052047621878 -2.681385192585795 -0.39437700653445568
-0.95301819128220777 -2.662871256873129 -0.40789793467083402
-0.99316332880696834 -2.6435209938754718 -0.42148923030189062
-1.032729884417978 -2.6233761087531202 -0.4351070120474051
-1.0716367540669181 -2.602472833283747 -0.44871349078994771
-1.109889291456063 -2.5808047458447341 -0.46229946808197531
-1.1475694552580731 -2.5583187771593692 -0.47588268846255982
-1.184769191372522 -2.534947515464153 -0.48948503277999877
-1.2215272068984619 -2.5106491373525319 -0.50310917052328652
-1.2578151401008171 -2.485423440496711 -0.51673223544456504
-1.2935702686458641 -2.459296907024378 -0.53031700365132595
-1.3287350735121111 -2.432297428794115 -0.54382657963134196
-1.363269540077233 -2.4044440227997752 -0.55722937772342385
-1.3971375703729649 -2.3757560133272468 -0.57049416849735735
-1.430294131242964 -2.34626415594043 -0.58358515001985967
-1.4626918933938831 -2.3160063228446721 -0.59646459832554521
-1.4943001396357289 -2.285009821216931 -0.60910055542576724
-1.525115203514438 -2.2532779476203362 -0.6214712943766646
-1.555152155039103 -2.2207938308020641 -0.6335621950515572
-1.584426178469698 -2.187537561922221 -0.64535827194184181
-1.612938950968446 -2.153502102146402 -0.6568386058129424
-1.640677199373727 -2.1186979417829139 -0.66797573211130723
-1.667619242021769 -2.0831480805194511 -0.67873834374121711
-1.693741660585443 -2.0468811495467278 -0.68909408976333308
-1.7190224852685769 -2.0099276021543329 -0.69901096701041598
-1.7434422683606321 -1.972318075915604 -0.70845784612049967
-1.766985180456178 -1.9340812813796839 -0.71740497068990849
-1.789640065007948 -1.895241416098155 -0.72582437868087002
-1.811400060138318 -1.855817525337242 -0.73368971233400593
-1.8322603884354309 -1.815826316551951 -0.74097534051895819
-1.8522156062509649 -1.77528702874161 -0.74765538045354896
-1.8712580079082759 -1.7342253469527911 -0.75370327875142185
-1.8893777970673351 -1.69267444664964 -0.75909210752030509
-1.9065643557107981 -1.6506735794788261 -0.76379523510010594
-1.922807609263115 -1.6082658089195829 -0.76778696335297225
-1.9380990660853601 -1.5654957774432541 -0.77104297233729679
-1.952432705470496 -1.52240707338134 -0.77354059623143701
-1.96580583061321 -1.479038701470702 -0.77525890050150148
-1.9782195071220869 -1.435421623807152 -0.77617843332963832
-1.989678017398484 -1.3915776888685909 -0.77628064293618326
-2.0001872609829392 -1.3475226840141461 -0.77554724768387595
-2.009752811516389 -1.303272755464437 -0.77395999851959596
-2.0183786503763841 -1.258851064264024 -0.77150106063903656
-2.0260671327442661 -1.214291390322642 -0.76815382031273161
-2.0328199318361428 -1.169637589817444 -0.76390367877578302
-2.0386392407749252 -1.1249403840444361 -0.75873852210754333
-2.0435286632767471 -1.080253768447021 -0.75264885296698192
-2.047493669574076 -1.035632118798004 -0.74562769404715978
-2.0505417481119248 -0.99112753397432451 -0.73767025290017652
-2.0526823185802718 -0.94678682193239017 -0.7287732442728394
-2.053926351070928 -0.90264877205731009 -0.71893395060633936
-2.0542857155868801 -0.85874336761222958 -0.70814944702345906
-2.0537725044648738 -0.81509404573693034 -0.6964165378216024
-2.0523986610872189 -0.77172232481773717 -0.68373262792695266
-2.050176074744861 -0.72865261650866897 -0.67009719321957051
-2.0471170003926722 -0.68591499767846331 -0.65551315150797396
-2.0432344760025538 -0.64354498959597606 -0.6399875174339037
-2.038542450735223 -0.60158092010724795 -0.62353113349117895
-2.0330555298781881 -0.56006032123836902 -0.6061577082902232
-2.026788443180227 -0.51901683432515444 -0.58788264430940873
-2.019755447229584 -0.47847851973919808 -0.5687221333229292
-2.0119698412954441 -0.43846764796587001 -0.54869276620622442
-2.003443647770665 -0.39900138184232331 -0.52781158200592837
-1.9941874084939171 -0.36009267852242449 -0.50609633362724082
-1.9842100986118589 -0.32175130168693411 -0.48356594979452339
-1.9735192953385789 -0.28398536062610319 -0.46024147688471551
-1.9621216886171029 -0.24680339531765491 -0.43614761378861422
-1.950023632791521 -0.21021581403551889 -0.41131413401298561
-1.93723104399357 -0.17423392448006289 -0.38577582767516422
-1.923748171869011 -0.13886622084337791 -0.35957025849134733
-1.909575756280999 -0.1041142454950153 -0.33273460112257169
-1.8947099860496881 -0.069971536402478371 -0.30530429244417112
-1.879143377820536 -0.036427063464571113 -0.2773152428593208
-1.86286712803832 -0.003470675474370266 -0.24880828487717779
-1.8458730928929159 0.028903778069975721 -0.21983230338473481
-1.828153901512547 0.060699724333251652 -0.19044364642171291
-1.8097016723272681 0.091921384277694085 -0.16070305677403851
-1.7905073504798641 0.12257554326017139 -0.1306736554140821
-1.7705620025502591 0.15267003655571529 -0.1004218344616306
-1.749859126564588 0.18221130390540741 -0.07001913007402602
-1.728395802596413 0.21120428074076519 -0.039541712679811943
-1.70617201295104 0.2396548021713078 -0.0090669586896214988
-1.683190224024776 0.26757118318938361 0.02132950644578812
-1.659458015127637 0.29496191767318941 0.05157271749665461
-1.634993717888573 0.3218305968366228 0.081584071243089945
-1.6098311428962719 0.34817293668717658 0.111279240838127
-1.5840186272863701 0.37398012236974792 0.1405733699032109
-1.557611237516878 0.39924781604519383 0.1693929906295974
-1.530660399847815 0.42398550784629352 0.19768859306982481
-1.5032087289105369 0.44822061671001229 0.22544257294214989
-1.475291182249804 0.47199588509682278 0.25266820365456449
-1.446921768476338 0.49536230528266861 0.27938191229444759
-1.4180919226098969 0.51837115542653178 0.30558417089711809
-1.3888942389766661 0.54107496818776313 0.33138939654070582
-1.359096472193309 0.56359821728975246 0.35675424491425789
-1.32857249107654 0.58545427072777334 0.38020825632402011
-1.2966131708971429 0.60721689792649258 0.40230615105132339
-1.2639484886568659 0.62842138340469644 0.42252829696538768
-1.230052784824565 0.64944626988845167 0.44131791528977471
-1.195493248333469 0.67003864594908424 0.45836029316277921
-1.159996230895322 0.69028939424242841 0.47370802979665261
-1.1237048437643009 0.7101774027785891 0.48747742874541922
-1.0867552086359391 0.729650895853037 0.49951131325276532
-1.0490669763911351 0.74872958264336464 0.5099452767654169
-1.0106444698017489 0.76731867677003862 0.51875142063989232
-0.97177882270574256 0.78541253423204282 0.52579538669436821
-0.9320551950568372 0.80315699991135858 0.53121251630662103
-0.89213245203229508 0.82015930453843033 0.53485061084801988
-0.85136273406166063 0.83661395051100884 0.53690366798706302
-0.81038484826615242 0.85236070659370222 0.53715824026421366
-0.76904359290797353 0.86753904281085359 0.53563409249797767
-0.7270774911455703 0.88203323987846127 0.53232924981565632
-0.68519326729362839 0.89566670666182602 0.52732595656169168
-0.64280102687176854 0.90853353688788641 0.52035121162272913
-0.60050005316716348 0.92053042282262165 0.51162168589832935
-0.55790630769947525 0.93164657327346834 0.50082487523190933
-0.5155063907335542 0.94176090563227854 0.48817933992560231
-0.47350146143942612 0.95079093506773715 0.47335955758252901
-0.43141765569995699 0.95909791164942571 0.45620754063136038
-0.39018982340127389 0.96669868549023541 0.43671212534270432
-0.34981190152840352 0.97409689093547391 0.41511084973218337
-0.31043719046688439 0.98155691601905526 0.39106266991955341
-0.27212492851257958 0.98927892140717222 0.36464265666422341
-0.23515423484717041 0.99676345382589793 0.33635674799820048
-0.19926797600573989 1.004371949688958 0.30608457876689771
-0.16480554914171361 1.0117071627155121 0.27413904709733172
-0.13147027910619311 1.018904453550262 0.24014366339901291
-0.099539624192835879 1.025481349249193 0.20458771470651421
-0.069102950492499773 1.031612998430232 0.16734073811590089
-0.039998664072494028 1.037171994100001 0.12836580093734479
-0.01340339380561768 1.041795117250683 0.089209637897080432
0.01411677120783069 1.0462749439285279 0.044834123840543381
0.035075882428052242 1.0491350043098691 0.0066022285628155979
0.057481373499147052 1.0494575562337389 -0.034806970885218697
0.084648696979900614 1.048352345021101 -0.079653210939539171
0.11109316743011211 1.047014710193521 -0.1190004235078314
0.13989242645660471 1.0450399609665411 -0.158193563925698
0.17048740594998871 1.0424537418453621 -0.1958422598998909
0.2022350523092285 1.0395367665225621 -0.23190010054812801
0.2358752551332996 1.0362972615445001 -0.26641086766526773
0.27060730952877399 1.0327016403193461 -0.29920258806014671
0.30654547236518059 1.0291766568528979 -0.33017156642543632
0.34367281180530052 1.0253850002657121 -0.35934751188500308
0.38181978998816679 1.0216465058502511 -0.3864791091235299
0.42104244996290668 1.0180094847749439 -0.41169327188746802
0.46135473607464561 1.0145905588419151 -0.43476884489215611
0.50223202438275216 1.011556933881304 -0.45536367996427568
0.54431745479706661 1.0082957673437341 -0.47352946474155511
0.58703134719925787 1.0047700790244991 -0.4894100848587068
0.63005014248808222 1.000395673851451 -0.50286963665064166
0.67361583801821323 0.99536957231758205 -0.51404396888758497
0.71723851368477398 0.9894222871968098 -0.52338328145870638
0.76094738159950959 0.98264506731373946 -0.53053525133050083
0.8047846015269553 0.97520989082426057 -0.53599563501235503
0.84824645305644142 0.96693423116453292 -0.53933922235185794
0.89152972555264809 0.95787770813714801 -0.54106184161496418
0.93476086683799564 0.94818499096575826 -0.54087619640236839
0.97736609456858237 0.93811387692289017 -0.53897857225558443
1.019880300325491 0.9273048420670712 -0.53522048626295193
1.06176206826441 0.91585604431622647 -0.52993173621164835
1.1032720916596499 0.90381010314693566 -0.52281795502843309
1.144357228846733 0.89149574482387728 -0.51407136367572459
1.184803955420676 0.87853565584982751 -0.50360044104533697
1.224614452251324 0.86488118842033945 -0.49146729544575751
1.2637556051315511 0.8509743432213035 -0.47764827768293378
1.3022730076744129 0.83673149092683441 -0.46206235074931451
1.3398454011509411 0.82214106588253277 -0.44490775806496452
1.376791120872811 0.80689484558624058 -0.42602644430920372
1.412684662195715 0.79132345694984252 -0.40560968450557588
1.447711216812251 0.77545343107353693 -0.38342594476093128
1.4818970242911189 0.75910403327434806 -0.35946533674312031
1.514663097984331 0.7424658160821318 -0.33417448212506062
1.547003168473841 0.72492048146519228 -0.30660183705933769
1.5787248234360549 0.7070912711603331 -0.27847584405394599
1.6100805439635679 0.68887454427577965 -0.24987884318203529
1.6411046007410051 0.67023388078372814 -0.22087307263165981
1.6717757464085019 0.65113731825688237 -0.1914815743307331
1.702066399270765 0.6315523047727245 -0.16172935749803119
1.731927092091625 0.61144555029714465 -0.13162568826948209
1.7613267000061761 0.59078686241906109 -0.10120328353110319
1.790237761664097 0.56954964219388959 -0.07050661234067214
1.8186291495340909 0.54771343552755614 -0.039590732206199311
1.846468159854789 0.52526594946355576 -0.0085254505568199482
1.8737235465939419 0.50220152274875107 0.02260861459958691
1.900371215318251 0.47851594512691892 0.053729323149766292
1.926399597571917 0.45420045534720449 0.084762115225655119
1.951810267124652 0.4292389918971577 0.11564365780470599
1.9766129820708569 0.40361065163792248 0.14631846266574389
2.0008185736549939 0.37729536566925981 0.17673207782496669
2.024434214694228 0.35027854478739751 0.2068264570628861
2.0474629895779821 0.32255184837617767 0.23654035971295051
2.0699061227457518 0.29411076873822939 0.26581309590121888
2.0917649154669018 0.26495195182343761 0.29458790619679609
2.1130409839885669 0.2350722569665111 0.32281301000750651
2.133735602373477 0.2044690233282811 0.35044125647152757
2.1538495105149331 0.1731398316603994 0.37743017455264333
2.1733833507861711 0.1410813041717254 0.40374269316463379
2.1923377120882228 0.108288388641069 0.42934719446528602
2.2107119897437122 0.074755749643875782 0.45421584295422962
2.2285025217458769 0.040481075110863823 0.47832183446268972
2.2457012869536821 0.0054682546704291233 0.50163735004926313
2.2622960495408648 -0.03027163974660993 0.52413345396217803
2.2782717473255998 -0.066721983108263855 0.5457816756997611
2.2936122117564799 -0.10386359591533841 0.566556034319042
2.3083014150398782 -0.14167750201100071 0.58643441073164382
2.322323964045395 -0.18014650314004221 0.60539889573498751
2.3356649383511572 -0.21925531487287839 0.62343526023304707
2.3483092767889491 -0.258989270862444 0.6405318370475851
2.360240966538802 -0.29933182325035701 0.65667816239010468
2.3714423838273628 -0.34026157801106072 0.67186384244547936
2.381894130260926 -0.38175004636309162 0.68607809664577613
2.3915754822181512 -0.42376106710121147 0.699310125820368
2.4004652558701691 -0.46625198588063632 0.71155003876475298
2.4085427437444138 -0.50917591471885981 0.72278988252427845
2.4157884781742371 -0.55248436669458068 0.73302446042757918
2.4221847486410759 -0.5961300328899205 0.74225185671739713
2.4277158527060338 -0.64006964052079651 0.75047366018950135
2.4323680138727148 -0.68426633780582513 0.75769480732566707
2.436128926602803 -0.72869046703160323 0.7639229706816032
2.438987063754587 -0.77331781131243327 0.76916761601390182
2.440931065392685 -0.81812560781346999 0.77343908921868398
2.4419495202571389 -0.86308795967101082 0.77674812387411041
2.4420312226530698 -0.90817265058362795 0.77910591972288257
2.4411657182491808 -0.95334046237410996 0.78052462177192106
2.4393438472041868 -0.99854667203516856 0.78101787284118396
2.4365580857778002 -1.043743557611674 0.78060118739015327
2.4328026380090688 -1.0888829268841831 0.77929206653283589
2.4280732965623368 -1.133918399274815 0.77710987869688908
2.4223670816023319 -1.1788075566328771 0.77407553868598766
2.4156816937081742 -1.2235137682600801 0.77021102643309558
2.408014942999102 -1.2680069321292029 0.76553886884494349
2.3993644478583551 -1.312262328821119 0.76008180709382656
2.3897278615961342 -1.356257581558556 0.7538628531212711
2.379103624262791 -1.399968866389647 0.74690574689277267
2.3674919087409929 -1.4433680917530081 0.73923557595999134
2.354895303800824 -1.486422215703058 0.73087921639277142
2.341318969933746 -1.5290945864719361 0.72186539191367005
2.3267703284091832 -1.571347242334902 0.71222438875106175
2.3112584739704389 -1.6131432222383151 0.70198756822358899
2.294793351460243 -1.654448733065716 0.69118672415661675
2.2773846159519802 -1.695235365256021 0.67985325307743005
2.2590403574596891 -1.7354818860051471 0.6680172769885383
2.2397663827622281 -1.7751742764267131 0.65570717785350352
2.2195668717399522 -1.8143029953106391 0.64295004464859595
2.1984465076285251 -1.8528582272848491 0.62977303177578703
2.1764130298772031 -1.890825657962991 0.61620489862227223
2.153478648236947 -1.928185260622713 0.60227674320437885
2.1296595387969282 -1.9649134440562559 0.58802151021855253
2.104974070590337 -2.0009866040388271 0.57347275788820262
2.079441025506509 -2.0363838552666489 0.55866349425306461
2.0530782563340222 -2.071088523548672 0.5436253466192501
2.0259012015214259 -2.105089426084465 0.52838771912445748
1.997921209392755 -2.1383820159706448 0.51297692450030796

-2.3960319862838539 2.1456037590697918 -0.16625839172778431
-2.4220018880217551 2.1130748229157268 -0.14508594001424979
-2.4473249261426 2.0800018936673248 -0.1237930377024349
-2.472036850418307 2.0463400080971801 -0.10235185482403961
-2.4961294562496539 2.0120985675678451 -0.0807699790926142
-2.5195574478601959 1.97734104437122 -0.0590888186278491
-2.5422734867538952 1.942140195069133 -0.037354628255770288
-2.5642589404742271 1.9065295279270329 -0.01558869809483056
-2.5855210321932729 1.8705005320976591 0.0062132928798212944
-2.60606134893946 1.834050569612748 0.02805153315531831
-2.6258507638104218 1.7972308217921891 0.049893747783664517
-2.644840048636675 1.7601363547846081 0.07168225660841944
-2.6629983413031129 1.7228359731413529 0.093375746235966436
-2.6803412101166462 1.6853056652660829 0.1149869656015344
-2.6969192436639879 1.6474341055608659 0.13657745999557641
-2.7127763753749359 1.6091035717900359 0.1582099013061741
-2.72791480299828 1.5702789512657589 0.17989818554863629
-2.7422957947496149 1.5310271169190279 0.2015985617915248
-2.7558715643234608 1.491451742933585 0.2232476096436293
-2.7686152860572961 1.4516099849349109 0.24480819497480549
-2.780522482589348 1.4114934027293879 0.26627861682022119
-2.791589161550458 1.371086093190174 0.28766029119227809
-2.8017942067920569 1.33043239374998 0.30892214313034638
-2.811104722797793 1.289637609166608 0.33000171656568478
-2.819496500004806 1.2487954512192521 0.35084379867875409
-2.8269669206301571 1.2079120130494561 0.37143852479615769
-2.8335283251714358 1.1668982839941071 0.39182286013619572
-2.8391905680727718 1.125635155758179 0.41204613498215209
-2.843949326501678 1.0840519825278161 0.43213113218607191
-2.8477876267444868 1.0421575713575899 0.45206058020141549
-2.850684959217832 1.000012032794835 0.47179259164236192
-2.852624175355511 0.95767811783324575 0.49128464854151238
-2.8535923208425311 0.91519682239590283 0.51050480650574681
-2.8535786959154179 0.87259735305915243 0.52942664916265358
-2.8525743009460292 0.82991787006606843 0.54801991656240001
-2.850572962963231 0.78721118298092074 0.56624843619154763
-2.847571779088232 0.74453121762564278 0.58407637487684771
-2.8435695465597299 0.70191472656840137 0.60147584737592807
-2.8385642251530401 0.65937305880967989 0.61842963465802281
-2.8325512740458381 0.61689717717785408 0.63492828440629823
-2.8255237131424669 0.57446973703599069 0.65096470954529406
-2.8174735546391791 0.53207695323497173 0.666529432539404
-2.8083937983580052 0.48971649857565358 0.68160786354786573
-2.7982802545814591 0.44740064488902631 0.69617967947401238
-2.7871326377930008 0.40515510299888402 0.71021986274951876
-2.774954697725561 0.36301492737092789 0.72370066817104839
-2.7617536817910331 0.32101982984404281 0.73659356917471086
-2.7475397698843111 0.27921108746502132 0.74887047029657094
-2.732325818765414 0.23763033857651489 0.76050420406135111
-2.7161269863254418 0.19631845048313681 0.77146893449148124
-2.6989594369431611 0.1553125358172088 0.78174094644906733
-2.6808379712166941 0.1146414428313537 0.79129956415149882
-2.6617736284371678 0.074322493942921702 0.8001274182928293
-2.6417728999779841 0.034362388727629888 0.80820955231539715
-2.6208394579424681 -0.0052372901913938352 0.81553168128286224
-2.5989777574391439 -0.044472523243892448 0.82207852757171151
-2.576196751410087 -0.083330915085207485 0.82783305852619282
-2.5525120844991722 -0.1217896490805848 0.83277681464760278
-2.527946262310238 -0.15981711134403909 0.8368909066339415
-2.5025274579784842 -0.1973762505446531 0.84015708342188
-2.4762880088023458 -0.23442772033593429 0.84255850425561485
-2.4492632098627531 -0.2709320062975728 0.84408017301097771
-2.4214902955530211 -0.30685089886933659 0.84470914648643114
-2.3930071338591419 -0.34214903691867621 0.84443457925179366
-2.3638503525216699 -0.3767958180700493 0.84324756027046177
-2.334053133103938 -0.410767294009179 0.84114067569991935
-2.3036433440649451 -0.44404728601184401 0.83810732938679833
-2.2726427721847231 -0.47662706772760122 0.83414099530373809
-2.2410679429822919 -0.50850342419159966 0.82923466861721951
-2.2089325488317222 -0.53967543780949323 0.82338076937688365
-2.1762509929423639 -0.57014077696242671 0.81657163125682697
-2.1430421294890531 -0.59989247925780464 0.80880050695103811
-2.1093320771483959 -0.6289171555444415 0.80006280408966879
-2.0751551975985079 -0.65719511310078782 0.79035713815761521
-2.040553044049056 -0.68470216158013908 0.77968586675997131
-2.0055720126262142 -0.71141216359267134 0.76805505974275523
-1.9702609279333581 -0.7372992231193698 0.75547416985359839
-1.9346693580157699 -0.76233898313961901 0.74195570893997931
-1.8988463410746179 -0.78650940707438122 0.72751491240656152
-1.8628384381524039 -0.80979183566551061 0.71216899083597551
-1.826686494338519 -0.83217260357915834 0.69593560218567274
-1.790421949710937 -0.85364452468310803 0.67883077087528432
-1.754064656427037 -0.87420708668890923 0.66086716816195923
-1.717623783844854 -0.89386474915431391 0.64205378087313236
-1.6811017679353439 -0.91262383934825864 0.622397358148566
-1.6444997425842811 -0.93048925341518596 0.60190515520143573
-1.607822510806884 -0.94746206161387558 0.58058802146781552
-1.571081660427269 -0.96353854288589758 0.55846291038595341
-1.5342960786359801 -0.97871067583391103 0.53555408719402464
-1.4974896677999709 -0.99296778251360795 0.51189256548005679
-1.460686999792278 -1.006298652018484 0.4875139150295304
-1.4239089247331891 -1.01869316334814 0.46245558409402487
-1.387170543268136 -1.030142648067077 0.43675544508212338
-1.3504823592545789 -1.04063910866583 0.41045243598076392
-1.3138527597011229 -1.0501742553481239 0.38358827380220129
-1.2772888287727571 -1.058739271051566 0.35620810178249279
-1.240794406404822 -1.066325278875548 0.32835905195463899
-1.204367516769894 -1.0729236900421091 0.30008813832634013
-1.168000315164371 -1.078525831811427 0.27144195330984072
-1.1316822018204331 -1.083122167845805 0.24246889406185709
-1.0954033931268881 -1.0867019027632661 0.21322189735672961
-1.05915587754314 -1.089253282599189 0.18375912323685359
-1.0229319014284319 -1.090764158160523 0.1541425303538039
-0.98672333741923313 -1.0912223440693229 0.1244370210396417
-0.95052464440451634 -1.090615964209259 0.094712427691594575
-0.9143379873627745 -1.0889343532538041 0.06504715189448701
-0.87817581412623968 -1.0861695588674589 0.035529468198512319
-0.84205748111002277 -1.0823176424129231 0.0062536466088890588
-0.80600140443048218 -1.077378903655098 -0.022687711480410971
-0.7700180132073029 -1.071357086821775 -0.051210533210144418
-0.7341079773130843 -1.064258593672627 -0.079241616801497106
-0.69826585899940696 -1.056092706468738 -0.10671655514902161
-0.66248566215851201 -1.0468729006199491 -0.13357635472508089
-0.62676458591625617 -1.0366185180946761 -0.1597657688814777
-0.59110381583908422 -1.0253561096482591 -0.18523413800365829
-0.55550746826213548 -1.013120327523596 -0.20993771710962619
-0.51998098438909335 -0.99995452346464619 -0.2338423692877995
-0.4845290683430194 -0.98591101166698969 -0.25692640661516608
-0.4491526523289574 -0.9710509316332836 -0.2791840787622723
-0.41384520567041899 -0.95544326765404075 -0.30062962707178081
-0.37858907282094673 -0.93915969453477866 -0.321296532282837
-0.34335272969363601 -0.92226653376916867 -0.3412279839899674
-0.30809612710824757 -0.90484805525602008 -0.36050209049024867
-0.27276526762739978 -0.88696491301031466 -0.37919312452601961
-0.237284375150177 -0.86829705343422248 -0.39690215245579918
-0.2018981436227163 -0.84860297664578122 -0.41296315418587443
-0.16633258937093909 -0.82777146579822902 -0.42752526258283507
-0.13090387727318531 -0.80592023466357743 -0.44044251654422628
-0.095457011421147209 -0.78297590952627438 -0.45187094159846031
-0.060229064002975487 -0.75898420998267713 -0.46163534635838521
-0.025180448338296829 -0.73398761550559821 -0.46986061423503112
0.0095347021793327092 -0.70794709246748644 -0.47645940553510652
0.043939140512825783 -0.68079625809630118 -0.48150767667117761
0.077593551510550335 -0.65267178407020243 -0.48501599515978849
0.11108442251436861 -0.62342903497171331 -0.48686412322427952
0.14367964754460849 -0.59346147273980909 -0.48703884720566759
0.17564755281160629 -0.56246818516555885 -0.48561666709679668
0.20689653382227641 -0.53045315315587727 -0.4825654768445431
0.2371544710861602 -0.49776211806433041 -0.4778292731878459
0.26675378219191309 -0.46453799787370048 -0.47125846910507407
0.29560126732782649 -0.43079557527111062 -0.46290888488288212
0.32362397750345862 -0.39660227693949263 -0.45269367616711798
0.35072877952822212 -0.36209555883071731 -0.44065535310969273
0.37694437055638419 -0.32725039869990868 -0.42674617125385123
0.40222450057856712 -0.29230963244012892 -0.41088533132185939
0.42668486489864949 -0.25716781575019521 -0.39299407776081768
0.45012945899399032 -0.22233814915988409 -0.37318323250824031
0.47270090823761068 -0.1872837597492632 -0.35126232513287309
0.4945763720262511 -0.15314875935932659 -0.32713042207051851
0.51632433107394338 -0.1197971773291773 -0.30073851081065472
0.537633250150228 -0.087739586790472709 -0.27252654267597681
0.55842275736810398 -0.056605830158455113 -0.24226319085703049
0.57814904757262375 -0.027027494191212139 -0.21047408148984451
0.59737003823436585 0.0021573457546847051 -0.17620921975622431
0.61417542943888415 0.028474261975675399 -0.1423422814892891
0.63093696512058728 0.055745671845245898 -0.104631471879157
0.64680944749914238 0.082361509419869153 -0.067912810908268575
0.66244350800237617 0.1092972485221908 -0.031121125361081251
0.67776416991853117 0.13641487891881299 0.0057973924279974406
0.69280501818601625 0.16357734955194991 0.04281031188424618
0.70762970528148306 0.19098063886984751 0.080036368230515506
0.72208565870678243 0.21999393453424609 0.1165329103009121
0.73546627422523458 0.2498075356227141 0.15023189878470811
0.74873319692486928 0.28200862964525719 0.18352708063208559
0.76139936551993537 0.31555598261429552 0.21506092508363109
0.77369711322416446 0.3504760015825798 0.24518222151959621
0.78546127262429388 0.38676574057468438 0.27365948193650069
0.79709899195626255 0.42434926120720029 0.30038009287886119
0.80837160904480954 0.462923018439578 0.32549139148625128
0.81953684487314882 0.50282825131984998 0.34871154780712998
0.83065050990642064 0.54352553833093931 0.37017910625762168
0.84157325337641231 0.58507446338984836 0.38966895619619579
0.85261898795208058 0.62751836458729515 0.40708370846524983
0.86373953377742241 0.67076877432495674 0.42236262914570322
0.87502057752483708 0.71400321738225414 0.43458782577616861
0.8862051511008765 0.75826873761441593 0.44457489336404638
0.89641601761066858 0.80258258254184012 0.45169463947562732
0.90554416395655579 0.84751800735538807 0.45655925302101041
0.91330012875817856 0.8922816205861841 0.45932577061501062
0.91987618292129525 0.93767826151376998 0.46016952547609269
0.92515446070310614 0.98283367238470931 0.45913954753783698
0.92941003961494484 1.0281702922264071 0.45628810984294949
0.93240690467427356 1.073233210175653 0.4518946810658987
0.9343895144924228 1.1183383263887781 0.44577141065505788
0.93508863457266678 1.1630413563997191 0.43798862057361931
0.93479632843806848 1.207261665251224 0.42872555666635043
0.9335271066822961 1.251232720198882 0.41766645608951009
0.93127800058450161 1.2945718552676031 0.40517978925070047
0.92765609851110553 1.337315089630432 0.39111797709831331
0.92324597642265283 1.379649069156708 0.37537926365662361
0.91805694166362806 1.4209263443266169 0.35804917352003152
0.91147718965440605 1.4619540458781299 0.339209136895046
0.90411634460912016 1.5016929482157111 0.31906104122041712
0.89590215345892221 1.541017161776101 0.29683382496979738
0.88680836298654053 1.5788038208701911 0.27365588735821461
0.87639455316254267 1.6161910529914401 0.2484660993454921
0.8654690184263728 1.651323547940573 0.22276296662495509
0.85309094374634398 1.6865992331838131 0.1944904630065741
0.84015710446845715 1.7209994241232729 0.16573464740429611
0.82679490182312121 1.755073973737552 0.13677317505110501
0.81303598509395014 1.7889868332986401 0.1076512881099657
0.79878361383399255 1.8226781790926221 0.078313851583033223
0.78398036514467828 1.8561335776838319 0.04877857602686219
0.76858439392910272 1.889327964226396 0.01908443598160477
0.75255704766001763 1.922217409221235 -0.01072151967711827
0.73586600837024552 1.954760601151091 -0.04058203253117617
0.71848131039599061 1.9869250805238581 -0.070439673967384431
0.70037330158649724 2.0186884791659172 -0.1002408256399142
0.68151425899083506 2.0500359513068109 -0.1299329171119282
0.66188072944339715 2.080954757174573 -0.15946109520637861
0.64145482972380807 2.111431403431943 -0.18876714623700541
0.62022360137418808 2.1414526005337819 -0.217791401783862
0.59817718251710739 2.1710074791899299 -0.24647586141087011
0.57530736066904586 2.200088593624451 -0.27476618215579951
0.55160701597937711 2.228691476117687 -0.30261213999148823
0.52706961335050684 2.256814141346684 -0.3299678767570397
0.50168800418901915 2.284457379279031 -0.35679275575551223
0.4754532032519207 2.3116249373757318 -0.3830519455387878
0.44835472343444971 2.3383220630245871 -0.40871525857211732
0.4203831804015476 2.3645522055456918 -0.43375412355021059
0.39153394889740328 2.3903135263222399 -0.45813838461934631
0.36180962048550841 2.4155972757742998 -0.48183494591196302
0.3312199058985193 2.4403887182348711 -0.50480884772037482
0.2997794948391681 2.4646695587160732 -0.52702567040788262
0.26750544828163408 2.4884202841579461 -0.54845370594705189
0.234415258552295 2.5116215865070419 -0.56906513218134192
0.20052568662600931 2.534254983241131 -0.58883634744243607
0.16585210387924521 2.5563029863864561 -0.60774783460797477
0.13040846077895371 2.5777488465151448 -0.62578362592332826
0.094208303988717462 2.5985757377045791 -0.64293031161561043
0.057266826664906852 2.6187655604529629 -0.65917580881833804
0.019603136794838071 2.6382979355775231 -0.67450840290998437
-0.018758369009679931 2.6571499430942951 -0.68891648351037094
-0.057788109383422541 2.67529671250642 -0.70238897825933455
-0.097452647710534926 2.692712516258212 -0.71491612825521145
-0.13771656243371319 2.7093719026740719 -0.72649020699597533
-0.17854429209132611 2.7252505806985732 -0.73710596945061913
-0.21990164942652821 2.7403259617207389 -0.74676079036067966
-0.26175673914175768 2.754577325042979 -0.75545450987202489
-0.30407993624741991 2.7679855877808901 -0.76318902780720921
-0.34684273401963689 2.780532755324491 -0.76996775832468889
-0.39001574525728838 2.7922012823822882 -0.77579513749124873
-0.43356661604845792 2.802973642941097 -0.78067636965075748
-0.47745868252660723 2.8128323020797819 -0.78461747841361573
-0.52165079635101019 2.821760072205846 -0.78762557682817491
-0.56609818604270146 2.8297406730389318 -0.78970919322566746
-0.61075391090049969 2.8367592896360629 -0.79087851391105179
-0.65557054304653095 2.8428030034787288 -0.79114547694452364
-0.70050200105313043 2.8478610602031802 -0.7905237019438307
-0.74550565620543563 2.851924966112076 -0.78902824511380887
-0.79054474007273934 2.8549883790406252 -0.78667515709907743
-0.83559067543015941 2.8570467340976662 -0.78348084650518934
-0.88062438065739734 2.8580965877438249 -0.77946135099867375
-0.92563521347188427 2.8581348096256982 -0.77463177535602068
-0.97061655160365556 2.857157954531639 -0.7690062712034661
-1.0155584312519439 2.8551622483981798 -0.76259883926496896
-1.060439787477625 2.8521444257754709 -0.75542483044057884
-1.1052241900274371 2.8481031421750891 -0.7475024726162165
-1.1498617828940301 2.8430401971000632 -0.73885352689281092
-1.1942962586767201 2.836960880336302 -0.72950269586933469
-1.2384718618224231 2.8298735318973152 -0.71947643405402306
-1.282335629814628 2.8217891703532492 -0.70880234223483862
-1.3258354053331209 2.8127217387049561 -0.69750948493051712
-1.3689200809887661 2.8026880749088821 -0.68562826280104672
-1.41154821774919 2.7917057102093419 -0.67318783447290809
-1.45370277674827 2.779787880721007 -0.6602109866946394
-1.4954003127742179 2.7669383605503 -0.64670964802285036
-1.5366829392284089 2.7531507742239771 -0.63268554134282851
-1.577593284679091 2.738414932070393 -0.61813751896272029
-1.6181471777579339 2.7227272316584918 -0.60307170446696945
-1.658322560141017 2.7060980011494 -0.58750748826938282
-1.6980712161385241 2.68855040679516 -0.57147519151701065
-1.7373417568699161 2.670112626745047 -0.55500808913541255
-1.776094529952742 2.650810917912418 -0.53813613108564584
-1.8142992362870149 2.6306696577157278 -0.52088628166194639
-1.8519237568845179 2.6097165675716001 -0.50328715544715696
-1.888930450057507 2.5879851867415709 -0.48537094079193133
-1.9252870913970079 2.5655088930506631 -0.46716830879549659
-1.960983655907814 2.5423094612175601 -0.44869941372012562
-1.996039271478848 2.5183895975499331 -0.42996873588882212
-2.0304917728878031 2.493736607372588 -0.41096888312831942
-2.0643764806720641 2.4683356546698438 -0.39169134747706302
-2.0977081916920368 2.442183997154292 -0.37213717796168322
-2.1304762989480688 2.415297652442808 -0.35232131824246599
-2.1626529850281662 2.3877079258379719 -0.3322693011275874
-2.1942069364588428 2.3594517026236028 -0.3120097252919774
-2.2251138102832551 2.3305623030945011 -0.29156764386383349
-2.2553581293400642 2.3010666455946232 -0.27096278834001891
-2.284926767055194 2.270990488922819 -0.25021347483261991
-2.3138002854941662 2.2403672368886109 -0.2293426986554554
-2.3419520891756509 2.2092400151513649 -0.20837933989077781
-2.369361239968681 2.177648335041384 -0.18734904555596291

1.2919742046266149 -0.89654846483590178 -0.022035024782407091
1.2561087552793011 -0.89947967541429674 0.0076450664334548561
1.2200745216815689 -0.90133196667751569 0.0370449665970927
1.1838775957592731 -0.90210563615671824 0.066084847155586046
1.147528746993131 -0.90180528698104989 0.094684688490726809
1.111044073667347 -0.90044089411743677 0.1227653884651899
1.0744447037084399 -0.89802888674245829 0.15025072302497999
1.037753525918357 -0.89459288724023456 0.17707150287733639
1.000989308457525 -0.89016373073989685 0.2031713435600026
0.96416116422583897 -0.88477884569362897 0.22851161090109301
0.92726641908181895 -0.87848135815418971 0.25307304378392859
0.89029272190318087 -0.87131956440766711 0.27685377782960818
0.85322292756346052 -0.86334809080923414 0.29986669581267178
0.81603934168146841 -0.85462943941060054 0.32213744228284169
0.77872403335856644 -0.84523014990442735 0.34369867308184021
0.74125817640506964 -0.83521682711183753 0.36458554507367102
0.70363224473508812 -0.82469095330004971 0.38487406599330642
0.66578146494197044 -0.81366963511134327 0.40457406708681221
0.62769818234681785 -0.80174055850016213 0.42303186334169951
0.58942198380064947 -0.78862926841120384 0.43975808540835459
0.55086404927601262 -0.77452984117991308 0.45507227180104609
0.51218709046590638 -0.75929770461484503 0.46867190295446282
0.47341244913450392 -0.74307594337103011 0.48079320629780709
0.4345116932087783 -0.72569971100801878 0.49126254025803789
0.39569812215312877 -0.70731700597446545 0.5001469890404725
0.35703541851803489 -0.68783466793161019 0.50744875276032042
0.3185059949515584 -0.6671597899861228 0.51327271507374717
0.28035402975532392 -0.64550211318898443 0.51745660551455408
0.2424328302804632 -0.62274582252348187 0.51992132784314526
0.20492088480663859 -0.59893584614080297 0.52083924023002204
0.16810992052703899 -0.57416163359230266 0.52007551821462972
0.13177742734128581 -0.54815331585921367 0.51780665722663255
0.096157398280118961 -0.52128670038111402 0.5137144658819125
0.061019298110427458 -0.49384418423738641 0.50790622074163128
0.026561404807258718 -0.4657091805634877 0.50015565759611746
-0.007231604601887022 -0.43699847646087209 0.49069848971072549
-0.040194148345969703 -0.40774870323917939 0.47924370828976481
-0.072363540968194848 -0.37799312492735959 0.46608645621684702
-0.1035212109271231 -0.34796362104344097 0.4508412522242512
-0.1337653172121637 -0.31776400400864779 0.43389982072986061
-0.1631569366902226 -0.28745813690898381 0.41470050474788323
-0.1911987539001774 -0.25723688689108859 0.39407299362878379
-0.21870977447533571 -0.22713612435492281 0.37087626246654332
-0.2454229244114883 -0.19803446546387071 0.34597548182428572
-0.27174969896264017 -0.16972429071126521 0.31871714373771293
-0.29737257896872621 -0.1422647829429948 0.28970335696220051
-0.32191131391762218 -0.11593632016122329 0.25877497900723789
-0.34580779586015559 -0.0898692823306457 0.22573577666556741
-0.36740954525223868 -0.065771702293966117 0.1920581614474092
-0.38867646165548309 -0.041055160641757321 0.15552999188649561
-0.40871807441587538 -0.016954607250861259 0.1190019622819346
-0.42850977406761492 0.0074880174888336372 0.082602646066116919
-0.44801712766571078 0.032177845898071163 0.046174137904433248
-0.46724312483590169 0.057034279385088343 0.0096904957303223169
-0.48618187234615518 0.081999587225781795 -0.026869103920991198
-0.50481481185221622 0.1070661098619335 -0.063509804129551928
-0.52343163308324137 0.1328366784309904 -0.1006586012931622
-0.54128306357708955 0.15986663646493579 -0.13561455948501991
-0.55895328415943413 0.1888303865394482 -0.1695899154328917
-0.57626605758910476 0.21962895128461499 -0.20214642408210129
-0.59331834625154856 0.2519811127752562 -0.23328599677416809
-0.61004292026727736 0.28558067744493731 -0.26256849709822588
-0.62645257726779424 0.32057419320678082 -0.29022678769201488
-0.64275721047292234 0.35667449618307739 -0.31612155682745169
-0.65890533973978627 0.39375097301632489 -0.34017394565389952
-0.67517832612115025 0.43189834307243169 -0.36243725598635118
-0.69130650505763713 0.47093392697083031 -0.38256652221680693
-0.70787543088326221 0.5112616624874643 -0.40100755104329727
-0.72452693416087177 0.55180223773355697 -0.4166655073879505
-0.74163566846080575 0.59325830559302517 -0.43005205430127991
-0.75823119865229782 0.63539533845187712 -0.44082393904742501
-0.77429049912187276 0.67808437822022238 -0.44953585419893161
-0.78919892524811841 0.72122375446874487 -0.45573501827104912
-0.80277455172884249 0.7648809206237055 -0.46013505610944683
-0.81511080678555625 0.808662386018422 -0.4625083211213929
-0.82609514560534325 0.85304020066778807 -0.46313734983591692
-0.83570035270618481 0.89754236906822948 -0.46214971050614467
-0.8441085263048772 0.94215383363581384 -0.45939503704949991
-0.85125411387977834 0.98671561778583217 -0.45503446841170808
-0.8571390642980018 1.0312271639440149 -0.44911962571177261
-0.86179044505503555 1.075797596920586 -0.44153394564525111
-0.8652738972705778 1.1199933499741299 -0.43242903724465548
-0.86764166612532634 1.163864811372336 -0.42166260361325869
-0.86881019627965617 1.207415356665378 -0.40936164705335121
-0.86879600461475726 1.2501807512406891 -0.39555413905142101
-0.8677732930895119 1.292888128955211 -0.38015600923093712
-0.86555948290694928 1.334248057150361 -0.36339547717614029
-0.86234861767485127 1.375725169261337 -0.34489559831039418
-0.8579817622982604 1.4157037242435579 -0.32518643881866188
-0.85253392032825992 1.455439451508185 -0.30379764220135219
-0.84603355652934487 1.4938765192527099 -0.28106549321446272
-0.83843994800880917 1.531636742190909 -0.25684751033628972
-0.8297214402219476 1.568085451450081 -0.2312797186800459
-0.81970058673876156 1.6044285318152429 -0.203841266489416
-0.80919978585679098 1.640104993764544 -0.17612379941291459
-0.79827177797342597 1.6755330279395011 -0.14817326260227981
-0.78686945748279435 1.7107179460034689 -0.12001031948380569
-0.77491751621818705 1.7456203636180281 -0.091620053737879237
-0.76235765213769924 1.7802222860387571 -0.063012889097828054
-0.74913602291128656 1.814510682467162 -0.034208796766417721
-0.73520105010366965 1.848470420186286 -0.0052326966096824098
-0.72050802374458867 1.882084435046534 0.02387975995877073
-0.70502138026713923 1.915330895510204 0.053079687772464329
-0.68871513665555339 1.948182821802241 0.082306194419913201
-0.67157107382014269 1.9806123917393961 0.1114916275969164
-0.65357511386632228 2.012597391481822 0.14056887374638599
-0.63471398672761759 2.0441254142395451 0.1694766195114778
-0.61497420395261682 2.0751930679393551 0.19815994397849149
-0.59434349007858356 2.1058014134046461 0.22656725461154911
-0.57281284091515783 2.1359515050618341 0.25464708528458352
-0.55037711609796303 2.1656429508529502 0.28234753668516521
-0.52703374413393822 2.1948751865607292 0.3096181645619564
-0.50278100265645287 2.2236489205258292 0.33641193979552608
-0.4776175660568413 2.2519657718812178 0.36268539677572559
-0.45154354566870619 2.279826381236596 0.38839724115793289
-0.42456178994794352 2.307228711155497 0.41350706271339938
-0.39667825650333122 2.33416767659706 0.43797522985989101
-0.36790154034361011 2.3606356916129521 0.46176356191758999
-0.33824260143833801 2.386622974977513 0.48483570523026032
-0.30771536626910129 2.4121171121534259 0.50715678750449966
-0.27633769720625267 2.4371024813020679 0.52869293929768779
-0.2441315116927327 2.4615605246101322 0.54941154604402542
-0.211121223386358 2.485471257628963 0.56928249757886107
-0.17733070508540491 2.5088155402703349 0.58827992581409727
-0.14277982134939129 2.5315771678776349 0.60638358246525026
-0.1074818893338125 2.5537439002573761 0.62357916523950496
-0.071443288475062261 2.5753069061954101 0.63985730282493691
-0.03466590362459579 2.5962586187276542 0.65521139098838255
0.00284791991123783 2.6165896289993089 0.66963495817073915
0.041089468847349417 2.636285780657603 0.68311953866404163
0.080039079089399737 2.6553266674674698 0.69565387922481137
0.1196646305962521 2.6736860914977791 0.70722467001907297
0.1599232360334901 2.6913340459274111 0.71781824418881968
0.20076460703582261 2.7082391307067679 0.72742234729146327
0.2421341832636682 2.7243704371270581 0.73602733801719167
0.28397517337744832 2.7396986509165 0.7436267502865167
0.32623018328498182 2.754196777352619 0.75021752795671481
0.36884376263924429 2.767840982503337 0.755800191690572
0.4117664632875056 2.780611609851332 0.76037888446894808
0.4549595146823977 2.792493930580084 0.76396102872051819
0.49839814986174269 2.8034780556299839 0.76655642147000824
0.54207171137673105 2.8135577595842691 0.76817590868910723
0.58597981789279663 2.822728485446067 0.7688300672369619
0.6301253852094103 2.8309851837631639 0.76852838856927197
0.67450646384209978 2.8383207084845798 0.76727927503934001
0.71910929481544472 2.8447252604551632 0.76509083235950082
0.7639046111436314 2.850186967413022 0.76197212304196249
0.80884811256662492 2.854693279258572 0.75793437518806739
0.85388449196880467 2.858232597762163 0.75299170868160459
0.89895297491312642 2.860795570055239 0.74716123570224402
0.94399186305789295 2.8623757612761751 0.74046275523756588
0.98894061585769355 2.8629698123018792 0.7329184245169591
1.0337402065590939 2.8625773938202861 0.72455256441047433
1.078334355324289 2.8612011027766062 0.71539126447682089
1.1226739935047541 2.858846061490433 0.70546116608894771
1.1667245066335881 2.8555188185291351 0.69478718273013029
1.210471826050644 2.8512255455953461 0.68338988644469068
1.2539223982161181 2.8459702576299839 0.67128407717087202
1.297095007737854 2.839754158600905 0.6584797932656179
1.3400075374597811 2.8325767209688308 0.64498565405527863
1.3826650922724499 2.8244380121421901 0.63081292080931239
1.4250548570982591 2.8153409774985421 0.6159782366421741
1.4671485661950761 2.805292557506986 0.60050400421929273
1.508909169122133 2.794303456019279 0.58441691642483462
1.5502972032654401 2.782387223653517 0.56774601362597044
1.591274430525119 2.7695594330443241 0.55052133087774902
1.6318049861101089 2.7558372456221929 0.53277331666304872
1.6718555097117289 2.741239198899184 0.51453261543024575
1.7113953619779889 2.7257849363891822 0.49582979908782299
1.7503972320111081 2.7094947376639431 0.47669488848726271
1.7888381689853721 2.6923887684062322 0.45715660699610572
1.8267013503686931 2.6744858279974042 0.43724115711657507
1.863978933033674 2.6558012879073201 0.41697025312547131
1.9006751935459769 2.6363444363724828 0.39635873677883271
1.936807103749278 2.6161167412685971 0.37541339092428988
1.9723987604869331 2.5951135626263349 0.35413535626970399
2.00746925437597 2.5733306872496611 0.33252706793467363
2.0420197801507052 2.5507731929633448 0.31060076033747208
2.0760294461125111 2.527460454982434 0.28838248089246671
2.1094645409075752 2.503422317286542 0.26590748145744331
2.142294631337621 2.4786887360541048 0.24321005652823671
2.174501450476042 2.453282404365515 0.22031698729156801
2.2060726391770471 2.4272222294108299 0.19725117032271419
2.2369881300770298 2.400534197030348 0.17404135625149619
2.2672164947536242 2.3732558320921622 0.1507255772182691
2.2967302104556149 2.3454236937936952 0.1273400125252829
2.325528815998938 2.3170501149063081 0.1038998759498807
2.353647443108394 2.2881099030567338 0.080389981119914786
2.38113847002115 2.2585534857530019 0.056777260049854138
2.4080374794172879 2.2283412688849338 0.033039005455999568
2.434339696725865 2.1974737122824561 0.0091855477983870098
2.4600055081968502 2.165992240808964 -0.01474111770377416
2.484989006586023 2.1339501472824591 -0.038691130230094857
2.5092637439367458 2.1013799558333082 -0.062631315980738178
2.532824192619008 2.0682871743855382 -0.08654865953637754
2.555665533413479 2.0346747836878629 -0.1104315741595118
2.577764375944736 2.0005725889719939 -0.13424927423889829
2.5990804596167552 1.9660399016843011 -0.15795122609077319
2.6195782163887911 1.9311347951838369 -0.18148930610751421
2.639248327237492 1.8958750354706351 -0.20484364393305379
2.6581105169754702 1.8602239585798479 -0.22802991041311721
2.6761964364142479 1.8241125714147131 -0.25108262235889711
2.6935272277569742 1.787479838219429 -0.27402834823370159
2.710101516454146 1.7503020780827649 -0.29686799372934652
2.725898657459739 1.712595175100937 -0.31957722999428417
2.7408903839731789 1.6743957324355749 -0.34211950863372309
2.7550506120346592 1.635740211607801 -0.36445913189611251
2.768358280049644 1.5966564939426759 -0.38656604280602891
2.7807950509193762 1.557168371364775 -0.40841294359749197
2.7923424989497958 1.517303849276036 -0.4299706230788522
2.8029816268577332 1.477098590789907 -0.45120636716248802
2.8126945140164228 1.4365922159601181 -0.47208627794316882
2.8214663559793571 1.395820620715637 -0.49257936947581188
2.8292864661306938 1.354808818835165 -0.51266091794058632
2.83614784294228 1.31356724650294 -0.5323136873446197
2.8420456757785679 1.2720924972123799 -0.55152683754407006
2.846975463263373 1.2303721775755769 -0.57029299749531459
2.8509314498791101 1.188392578526438 -0.58860440793433699
2.8539059416875121 1.1461467434865791 -0.6064493992452179
2.8558896866132111 1.103639955800692 -0.6238104763912935
2.8568729924872081 1.06089072880671 -0.64066457417724665
2.8568469484135131 1.0179278931904101 -0.6569848904294644
2.855804268338987 0.97478645074739911 -0.67274298753627404
2.8537397044042678 0.9315046323296603 -0.68791019072073301
2.850650219682231 0.88812240369724005 -0.70245829620106981
2.8465349808025362 0.84467989730607329 -0.71636019875476409
2.841395036681404 0.80121472147293338 -0.72959074557839776
2.8352326524704741 0.75775904278898354 -0.74212744476187331
2.8280505929720809 0.71433842479802634 -0.75395045369333535
2.8198517920455002 0.67097343943623311 -0.76504174547603776
2.8106395996507731 0.62768312126816517 -0.77538394716039316
2.8004184016000302 0.58448828991896451 -0.78495948406590965
2.7891942245205792 0.54141330804317078 -0.79375032751014796
2.776975064525514 0.49848612186778413 -0.80173822664721694
2.7637709134062929 0.45573728566915062 -0.80890513066145775
2.7495935893930188 0.41319872893187881 -0.81523357639253757
2.7344564826353088 0.37090268233922419 -0.82070695299523588
2.718374290987458 0.32888090583461871 -0.82530963914680666
2.7013628089537809 0.28716427012148849 -0.82902703751974827
2.6834388242861742 0.24578270098837349 -0.83184554419610512
2.6646201412091091 0.20476541150046221 -0.83375249979497346
2.6449256942728829 0.16414125733126861 -0.83473616418916408
2.6243756797942628 0.1239390330028083 -0.83478573456729144
2.6029916416103349 0.084187605708326771 -0.83389140056903044
2.5807964990963752 0.044915908912771543 -0.83204441807252505
2.5578145585290928 0.0061529024624458186 -0.82923719090267256
2.5340715574426711 -0.032072411886675298 -0.82546336517460606
2.5095947439929378 -0.069730930798127186 -0.82071794469803561
2.4844129298028008 -0.10679344806907801 -0.81499742085361693
2.458556429484374 -0.14323082069249121 -0.80829988937584396
2.432056821443032 -0.17901434984656589 -0.80062511523001689
2.404946491933539 -0.21411637195806199 -0.79197450478656761
2.377257938906387 -0.248511033053744 -0.78235094520428317
2.349022867602701 -0.28217515473706167 -0.77175849005586961
2.3202712618168562 -0.31508894447431879 -0.76020193955805171
2.2910307901900522 -0.34723617196629619 -0.74768647345568029
2.2613269085187122 -0.37860353545439601 -0.73421755766465058
2.2311837366154221 -0.40917931621980791 -0.71980126813953671
2.2006253910114699 -0.43895180420697533 -0.70444498134439848
2.169677270652405 -0.46790804409907277 -0.68815822374531044
2.138366937756031 -0.49603318415476522 -0.67095346735370986
2.106724449701201 -0.52331044417796579 -0.65284672477914241
2.074781979807875 -0.54972171348671384 -0.63385776770310009
2.0425724457387591 -0.57524885963643502 -0.61400969890620916
2.010127117996773 -0.59987558299986909 -0.59332773375227599
1.9774729209788771 -0.62358912036595249 -0.57183753963156758
1.9446306914689211 -0.64638088405233596 -0.54956396883398462
1.9116152060678899 -0.66824569823497382 -0.52653088279044791
1.878436505603938 -0.68918026575686797 -0.5027619438231512
1.8451012165861691 -0.70918187798677523 -0.47828155947594769
1.8116131929104911 -0.72824774139337078 -0.45311545468275871
1.7779741903129751 -0.74637440538624955 -0.4272913331358244
1.744185610622746 -0.76355676688755258 -0.40084042844292461
1.7102508544120441 -0.77978706549566656 -0.37379964880036759
1.6761761191689299 -0.7950549509005389 -0.34621256837925968
1.641967996104025 -0.80934903550269255 -0.3181277457988807
1.607629145010647 -0.82265886113315856 -0.28959520854075771
1.573155793910151 -0.83497558855538545 -0.2606641942910467
1.5385397888317049 -0.84629083934736182 -0.2313846285675486
1.5037738624807331 -0.85659490665869531 -0.20181140243078749
1.468855617887513 -0.86587612463354569 -0.17200760149018579
1.43378678996458 -0.87412197941095626 -0.14204358043832679
1.398568757762908 -0.88132089904302069 -0.1119926184423318
1.3631986628901269 -0.88746326958885258 -0.08192695676539731
1.3276695779611749 -0.89254128930946164 -0.051917261260193102
