45.4381768999726 -50.4041596795578 11.3554028064156
44.6823431387971 -51.0642531789148 10.9758045369323
43.9265093776215 -51.7243466782717 10.5962062674489
43.170675616446 -52.3844401776286 10.2166079979656
42.4148418552704 -53.0445336769856 9.8370097284822
41.6590080940949 -53.7046271763425 9.45741145899886
40.9031743329193 -54.3647206756994 9.0778131895155
40.1473405717438 -55.0248141750563 8.69821492003215
39.3915068105682 -55.6849076744133 8.3186166505488
38.5487329970579 -56.2354386246557 7.95609674164713
37.6782395468293 -56.7510370670629 7.59902203249348
36.8077460966007 -57.2666355094701 7.24194732333984
35.937252646372 -57.7822339518773 6.88487261418619
35.0667591961434 -58.2978323942845 6.52779790503255
34.1962657459148 -58.8134308366917 6.17072319587891
33.3257722956862 -59.3290292790989 5.81364848672527
32.4552788454576 -59.8446277215061 5.45657377757162
31.5407115560304 -60.2871241840552 5.12193854294964
30.5871860392716 -60.6650035494443 4.80713825272783
29.6336605225128 -61.0428829148334 4.49233796250601
28.6801350057539 -61.4207622802226 4.1775376722842
27.7266094889951 -61.7986416456117 3.86273738206239
26.7730839722363 -62.1765210110008 3.54793709184058
25.8195584554775 -62.5544003763899 3.23313680161877
24.8660329387187 -62.9322797417791 2.91833651139696
23.8956029723511 -63.2700003770232 2.61714236077173
22.8878895854789 -63.5191493723984 2.34595707974979
21.8801761986068 -63.7682983677736 2.07477179872785
20.8724628117346 -64.0174473631488 1.8035865177059
19.8647494248624 -64.266596358524 1.53240123668396
18.8570360379903 -64.5157453538992 1.26121595566202
17.8493226511181 -64.7648943492745 0.990030674640076
16.8416092642459 -65.0140433446497 0.718845393618133
15.8309264357015 -65.2510227457171 0.450566537284288
14.7934807034005 -65.3783203556721 0.208482626933036
13.7560349710995 -65.5056179656271 -0.0336012834182164
12.7185892387984 -65.6329155755821 -0.275685193769468
11.6811435064974 -65.7602131855371 -0.51776910412072
10.6436977741964 -65.8875107954921 -0.759853014471972
9.60625204189539 -66.0148084054471 -1.00193692482322
8.56880630959437 -66.1421060154021 -1.24402083517448
7.53136057729335 -66.2694036253571 -1.48610474552573
6.48586338267447 -66.2886403071999 -1.72321763360123
5.43937675539943 -66.2945975365771 -1.95971963987914
4.3928901281244 -66.3005547659544 -2.19622164615705
3.34640350084937 -66.3065119953317 -2.43272365243495
2.29991687357433 -66.312469224709 -2.66922565871286
1.2534302462993 -66.3184264540863 -2.90572766499077
0.206943619024266 -66.3243836834635 -3.14222967126867
-0.839543008250766 -66.3303409128408 -3.37873167754658
-1.87837459722231 -66.2490455132929 -3.62703747957085
-2.91361222036169 -66.1267858553455 -3.88088504858835
-3.94884984350108 -66.004526197398 -4.13473261760585
-4.98408746664046 -65.8822665394506 -4.38858018662335
-6.01932508977985 -65.7600068815031 -4.64242775564085
-7.05456271291923 -65.6377472235557 -4.89627532465835
-8.08980033605862 -65.5154875656082 -5.15012289367584
-9.125037959198 -65.3932279076608 -5.40397046269334
-10.1439230422065 -65.2052830761627 -5.67259366547642
-11.1440907831628 -64.9421540927668 -5.9581292616257
-12.144258524119 -64.6790251093709 -6.24366485777499
-13.1444262650753 -64.415896125975 -6.52920045392427
-14.1445940060315 -64.1527671425791 -6.81473605007355
-15.1447617469878 -63.8896381591831 -7.10027164622284
-16.144929487944 -63.6265091757873 -7.38580724237212
-17.1450972289002 -63.3633801923913 -7.67134283852141
-18.1296054626562 -63.0623626206725 -7.96437033636672
-19.0657006540908 -62.6442084234834 -8.28055985005563
-20.0017958455255 -62.2260542262943 -8.59674936374455
-20.9378910369602 -61.8079000291052 -8.91293887743346
-21.8739862283949 -61.3897458319161 -9.22912839112237
-22.8100814198295 -60.971591634727 -9.54531790481128
-23.7461766112642 -60.5534374375379 -9.86150741850019
-24.6822718026989 -60.1352832403488 -10.1776969321891
-25.6173918439026 -59.7154682023719 -10.4939948291125
-26.4570079971158 -59.132994378568 -10.8209075215359
-27.2966241503289 -58.550520554764 -11.1478202139593
-28.1362403035421 -57.9680467309601 -11.4747329063827
-28.9758564567553 -57.3855729071561 -11.8016455988061
-29.8154726099684 -56.8030990833521 -12.1285582912295
-30.6550887631816 -56.2206252595482 -12.4554709836528
-31.4947049163948 -55.6381514357442 -12.7823836760762
-32.334321069608 -55.0556776119403 -13.1092963684996
-33.0756485218532 -54.3493532295432 -13.4170366055491
-33.7862176824737 -53.6042712731668 -13.7187770484437
-34.4967868430942 -52.8591893167904 -14.0205174913384
-35.2073560037146 -52.114107360414 -14.322257934233
-35.9179251643351 -51.3690254040376 -14.6239983771276
-36.6284943249556 -50.6239434476613 -14.9257388200222
-37.3390634855761 -49.8788614912849 -15.2274792629168
-38.0496326461965 -49.1337795349085 -15.5292197058115
-38.6820201244779 -48.3167732321621 -15.7954800976879
-39.2346627640019 -47.4264045351513 -16.0255510540994
-39.7873054035258 -46.5360358381405 -16.2556220105109
-40.3399480430498 -45.6456671411297 -16.4856929669224
-40.8925906825737 -44.7552984441189 -16.7157639233339
-41.4452333220977 -43.8649297471081 -16.9458348797454
-41.9978759616216 -42.9745610500973 -17.1759058361569
-42.5505186011456 -42.0841923530865 -17.4059767925684
-43.065366162455 -41.1707230708848 -17.6106142896454
-43.4392256240677 -40.1710809915411 -17.7203766000664
-43.8130850856804 -39.1714389121975 -17.8301389104874
-44.1869445472931 -38.1717968328538 -17.9399012209083
-44.5608040089059 -37.1721547535102 -18.0496635313293
-44.9346634705186 -36.1725126741665 -18.1594258417502
-45.3085229321313 -35.1728705948229 -18.2691881521712
-45.682382393744 -34.1732285154792 -18.3789504625922
-46.0562418553567 -33.1735864361356 -18.4887127730131
-46.2583887028816 -32.1231810113898 -18.4505350797822
-46.4432507557554 -31.0676656883076 -18.3974655709594
-46.6281128086292 -30.0121503652253 -18.3443960621365
-46.812974861503 -28.9566350421431 -18.2913265533136
-46.9978369143767 -27.9011197190609 -18.2382570444907
-47.1826989672505 -26.8456043959786 -18.1851875356679
-47.3675610201243 -25.7900890728964 -18.132118026845
-47.552423072998 -24.7345737498141 -18.0790485180221
-47.6293277048325 -23.685278248282 -17.9147770579159
-47.6291324416116 -22.640424753461 -17.6710885582828
-47.6289371783908 -21.59557125864 -17.4274000586497
-47.6287419151699 -20.550717763819 -17.1837115590167
-47.6285466519491 -19.505864268998 -16.9400230593836
-47.6283513887282 -18.461010774177 -16.6963345597505
-47.6281561255073 -17.416157279356 -16.4526460601174
-47.6279608622865 -16.371303784535 -16.2089575604843
-47.589139290469 -15.3451627427988 -15.9195405047113
-47.4239464261291 -14.3802420705076 -15.4805161746598
-47.2587535617892 -13.4153213982165 -15.0414918446083
-47.0935606974493 -12.4504007259253 -14.6024675145568
-46.9283678331095 -11.4854800536341 -14.1634431845053
-46.7631749687696 -10.520559381343 -13.7244188544538
-46.5979821044297 -9.55563870905183 -13.2853945244023
-46.4327892400898 -8.59071803676068 -12.8463701943508
-46.26759637575 -7.62579736446952 -12.4073458642993
-45.9903279861912 -6.7745640435803 -11.8232930640989
-45.6925585143506 -5.94412664348595 -11.2127113621252
-45.39478904251 -5.11368924339159 -10.6021296601515
-45.0970195706693 -4.28325184329724 -9.99154795817785
-44.7992500988287 -3.45281444320288 -9.38096625620416
-44.5014806269881 -2.62237704310853 -8.77038455423046
-44.2037111551475 -1.79193964301417 -8.15980285225677
-43.9059416833069 -0.961502242919817 -7.54922115028307
-43.5675485562955 -0.189852337314746 -6.89343585901363
-43.1661136977304 0.490568321913443 -6.16750147530866
-42.7646788391653 1.17098898114163 -5.44156709160369
-42.3632439806002 1.85140964036982 -4.71563270789872
-41.9618091220352 2.53183029959801 -3.98969832419375
-41.5603742634701 3.2122509588262 -3.26376394048878
-41.158939404905 3.89267161805439 -2.53782955678381
-40.7575045463399 4.57309227728258 -1.81189517307884
-40.3560696877749 5.25351293651077 -1.08596078937386
-39.8552739716225 5.83976815439838 -0.342499729342393
-39.3342529585559 6.40685562296886 0.404528955216788
-38.8132319454893 6.97394309153933 1.15155763977597
-38.2922109324228 7.5410305601098 1.89858632433515
-37.7711899193562 8.10811802868028 2.64561500889433
-37.2501689062896 8.67520549725075 3.39264369345351
-36.729147893223 9.24229296582122 4.13967237801269
-36.2081268801565 9.8093804343917 4.88670106257187
-35.6553936139417 10.3665215988499 5.61270186765271
-34.9364804265891 10.8715417101218 6.22851146881389
-34.2175672392366 11.3765618213937 6.84432106997508
-33.498654051884 11.8815819326656 7.46013067113626
-32.7797408645315 12.3866020439375 8.07594027229745
-32.0608276771789 12.8916221552094 8.69174987345863
-31.3419144898264 13.3966422664813 9.30755947461982
-30.6230013024738 13.9016623777533 9.923369075781
-29.9040881151213 14.4066824890252 10.5391786769422
-29.0846283390532 14.8809524765903 11.0029799169983
-28.1487776102486 15.3196266648276 11.2908189668004
-27.212926881444 15.758300853065 11.5786580166024
-26.2770761526393 16.1969750413023 11.8664970664045
-25.3412254238347 16.6356492295397 12.1543361162066
-24.4053746950301 17.074323417777 12.4421751660087
-23.4695239662255 17.5129976060144 12.7300142158108
-22.5336732374209 17.9516717942517 13.0178532656129
-21.5978225086163 18.3903459824891 13.305692315415
-20.6090342847704 18.7473308296803 13.2549284693204
-19.6017430822999 19.0757632089078 13.0858144417497
-18.5944518798293 19.4041955881354 12.916700414179
-17.5871606773588 19.7326279673629 12.7475863866082
-16.5798694748883 20.0610603465905 12.5784723590375
-15.5725782724177 20.389492725818 12.4093583314667
-14.5652870699472 20.7179251050456 12.240244303896
-13.5579958674767 21.0463574842731 12.0711302763253
-12.5507046650061 21.3747898635006 11.9020162487545
-11.6684239386672 21.5855304032349 11.3429810237844
-10.7969913594612 21.7860578917861 10.7501092544662
-9.92555878025519 21.9865853803372 10.157237485148
-9.05412620104917 22.1871128688884 9.56436571582979
-8.18269362184315 22.3876403574396 8.97149394651158
-7.31126104263713 22.5881678459907 8.37862217719336
-6.43982846343111 22.7886953345419 7.78575040787514
-5.56839588422509 22.989222823093 7.19287863855693
-4.69696330501907 23.1897503116442 6.60000686923871
-4.00346950291403 23.2774918395506 5.78991291599794
-3.32205971562019 23.3575739508805 4.96506716929986
-2.64064992832635 23.4376560622104 4.14022142260178
-1.95924014103252 23.5177381735403 3.3153756759037
-1.27783035373868 23.5978202848702 2.49052992920562
-0.596420566444836 23.6779023962001 1.66568418250755
0.0849892208490036 23.75798450753 0.840838435809466
0.766399008142842 23.83806661886 0.0159926891113879
1.44780879543668 23.9181487301899 -0.808853057586691
2.16051513761622 23.9130011842335 -1.60920528476719
2.8822897597201 23.8831580641811 -2.40246043394251
3.60406438182398 23.8533149441288 -3.19571558311783
4.32583900392785 23.8234718240765 -3.98897073229314
5.04761362603173 23.7936287040242 -4.78222588146846
5.7693882481356 23.7637855839718 -5.57548103064378
6.49116287023948 23.7339424639195 -6.36873617981909
7.21293749234335 23.7040993438672 -7.16199132899441
7.93471211444723 23.6742562238148 -7.95524647816972
8.80015673688881 23.5846051354054 -8.55650142348652
9.74219380793371 23.4630695983866 -9.05539842552152
10.6842308789786 23.3415340613679 -9.55429542755651
11.6262679500235 23.2199985243491 -10.0531924295915
12.5683050210684 23.0984629873304 -10.5520894316265
13.5103420921133 22.9769274503116 -11.0509864336615
14.4523791631582 22.8553919132929 -11.5498834356965
15.3944162342031 22.7338563762741 -12.0487804377315
16.336453305248 22.6123208392554 -12.5476774397665
17.3542039335278 22.4214534855963 -12.7216122319825
18.4036396478363 22.2015717168841 -12.7595547930818
19.4530753621447 21.9816899481718 -12.7974973541812
20.5025110764531 21.7618081794596 -12.8354399152805
21.5519467907615 21.5419264107474 -12.8733824763798
22.6013825050699 21.3220446420351 -12.9113250374792
23.6508182193783 21.1021628733229 -12.9492675985785
24.7002539336867 20.8822811046106 -12.9872101596778
25.7496896479951 20.6623993358984 -13.0251527207772
26.7012653446942 20.3580294772572 -12.6612636427746
27.6415545881877 20.0439153849984 -12.2510302650058
28.5818438316813 19.7298012927396 -11.8407968872371
29.5221330751749 19.4156872004809 -11.4305635094684
30.4624223186685 19.1015731082221 -11.0203301316996
31.402711562162 18.7874590159633 -10.6100967539309
32.3430008056556 18.4733449237046 -10.1998633761622
33.2832900491492 18.1592308314458 -9.78962999839344
34.1888901744727 17.8330178635252 -9.33452550818737
34.9144362786322 17.4440056280132 -8.6465173105751
35.6399823827918 17.0549933925012 -7.95850911296283
36.3655284869513 16.6659811569891 -7.27050091535057
37.0910745911108 16.2769689214771 -6.5824927177383
37.8166206952703 15.887956685965 -5.89448452012603
38.5421667994298 15.498944450453 -5.20647632251377
39.2677129035893 15.109932214941 -4.5184681249015
39.9932590077488 14.7209199794289 -3.83045992728924
40.654503760514 14.2913902728592 -3.10913769866442
41.2311781657592 13.8085712258062 -2.34400022947418
41.8078525710043 13.3257521787533 -1.57886276028394
42.3845269762495 12.8429331317004 -0.813725291093696
42.9612013814946 12.3601140846474 -0.0485878219034547
43.5378757867398 11.8772950375945 0.716549647286786
44.1145501919849 11.3944759905416 1.48168711647703
44.6912245972301 10.9116569434886 2.24682458566727
45.2678990024752 10.4288378964357 3.01196205485751
45.7856096571992 9.83219103863659 3.73407418162586
46.2851157801746 9.20040086013154 4.44290261790324
46.78462190315 8.56861068162649 5.15173105418062
47.2841280261254 7.93682050312143 5.860559490458
47.7836341491008 7.30503032461638 6.56938792673538
48.2831402720762 6.67324014611132 7.27821636301276
48.7826463950516 6.04144996760627 7.98704479929014
49.282152518027 5.40965978910121 8.69587323556752
49.7622109662147 4.73623347695782 9.37171945497204
50.179204242749 3.9277889714543 9.94061051437375
50.5961975192832 3.11934446595078 10.5095015737755
51.0131907958175 2.31089996044726 11.0783926331772
51.4301840723517 1.50245545494374 11.6472836925789
51.847177348886 0.694010949440215 12.2161747519806
52.2641706254202 -0.114433556063306 12.7850658113823
52.6811639019544 -0.922878061566828 13.353956870784
53.0981571784887 -1.73132256707035 13.9228479301857
53.4147332781496 -2.66250181123643 14.3380264824775
53.707809357922 -3.62240391825705 14.7172326335661
54.0008854376945 -4.58230602527768 15.0964387846546
54.2939615174669 -5.54220813229831 15.4756449357431
54.5870375972393 -6.50211023931894 15.8548510868317
54.8801136770118 -7.46201234633956 16.2340572379202
55.1731897567842 -8.42191445336019 16.6132633890088
55.4662658365567 -9.38181656038082 16.9924695400973
55.686804089612 -10.3822175925805 17.2794840705993
55.8165063016936 -11.4333337094946 17.4510509484206
55.9462085137751 -12.4844498264087 17.6226178262419
56.0759107258566 -13.5355659433228 17.7941847040631
56.2056129379382 -14.586682060237 17.9657515818844
56.3353151500197 -15.6377981771511 18.1373184597057
56.4650173621012 -16.6889142940652 18.3088853375269
56.5947195741828 -17.7400304109793 18.4804522153482
56.7037231677616 -18.7933460131718 18.6303589629091
56.6458552017434 -19.8643937910002 18.6056424757285
56.5879872357252 -20.9354415688286 18.5809259885478
56.530119269707 -22.006489346657 18.5562095013672
56.4722513036888 -23.0775371244854 18.5314930141865
56.4143833376706 -24.1485849023138 18.5067765270059
56.3565153716524 -25.2196326801422 18.4820600398252
56.2986474056342 -26.2906804579706 18.4573435526445
56.240779439616 -27.3617282357991 18.4326270654639
56.0270246689784 -28.3965166954939 18.2778674933553
55.774142387177 -29.4222040841999 18.090467170994
55.5212601053757 -30.447891472906 17.9030668486326
55.2683778235743 -31.473578861612 17.7156665262713
55.0154955417729 -32.499266250318 17.5282662039099
54.7626132599716 -33.5249536390241 17.3408658815485
54.5097309781702 -34.5506410277301 17.1534655591872
54.2568486963688 -35.5763284164361 16.9660652368258
53.908390566277 -36.5534624549426 16.7201400177653
53.4676087753579 -37.4836952823584 16.4176813458562
53.0268269844388 -38.4139281097741 16.115222673947
52.5860451935197 -39.3441609371899 15.8127640020378
52.1452634026006 -40.2743937646056 15.5103053301287
51.7044816116815 -41.2046265920214 15.2078466582195
51.2636998207624 -42.1348594194371 14.9053879863103
50.8229180298433 -43.0650922468529 14.6029293144012
50.3421238318988 -43.9653533881237 14.2857328529477
49.7308834489304 -44.7679025343662 13.9204890840551
49.119643065962 -45.5704516806086 13.5552453151625
48.5084026829935 -46.3730008268511 13.1900015462698
47.8971623000251 -47.1755499730936 12.8247577773772
47.2859219170567 -47.978099119336 12.4595140084846
46.6746815340882 -48.7806482655785 12.0942702395919
46.0634411511198 -49.583197411821 11.7290264706993

-55.3357508970231 49.3436109489825 -3.81548975156651
-55.8704563174868 48.5538974865346 -3.32222097976638
-56.4051617379506 47.7641840240866 -2.82895220796625
-56.9398671584144 46.9744705616387 -2.33568343616612
-57.4745725788781 46.1847570991907 -1.84241466436599
-58.0092779993419 45.3950436367428 -1.34914589256586
-58.5439834198057 44.6053301742948 -0.855877120765734
-59.0786888402695 43.8156167118469 -0.362608348965604
-59.6133942607332 43.0259032493989 0.130660422834525
-60.0608924452797 42.1886999719983 0.627243739017324
-60.4632260464657 41.3269017434604 1.12554365605896
-60.8655596476518 40.4651035149225 1.6238435731006
-61.2678932488378 39.6033052863846 2.12214349014224
-61.6702268500238 38.7415070578467 2.62044340718388
-62.0725604512098 37.8797088293088 3.11874332422552
-62.4748940523959 37.0179106007709 3.61704324126716
-62.8772276535819 36.156112372233 4.1153431583088
-63.2333835099472 35.2759938136338 4.61136791651513
-63.4891795163713 34.3560589846005 5.10244798545197
-63.7449755227954 33.4361241555672 5.59352805438881
-64.0007715292195 32.5161893265339 6.08460812332565
-64.2565675356436 31.5962544975006 6.57568819226249
-64.5123635420677 30.6763196684673 7.06676826119932
-64.7681595484918 29.756384839434 7.55784833013616
-65.0239555549159 28.8364500104006 8.048928399073
-65.27975156134 27.9165151813673 8.54000846800984
-65.3743503145166 26.9542477150003 9.00561125560563
-65.4622701707613 25.9902262775456 9.47015844124325
-65.5501900270061 25.026204840091 9.93470562688087
-65.6381098832508 24.0621834026363 10.3992528125185
-65.7260297394956 23.0981619651817 10.8637999981561
-65.8139495957403 22.134140527727 11.3283471837937
-65.901869451985 21.1701190902723 11.7928943694313
-65.9897893082298 20.2060976528177 12.257441555069
-65.9650823868353 19.2280515404713 12.6886780170054
-65.8621159598764 18.2402602845123 13.0967682891858
-65.7591495329175 17.2524690285533 13.5048585613663
-65.6561831059586 16.2646777725943 13.9129488335467
-65.5532166789997 15.2768865166352 14.3210391057271
-65.4502502520408 14.2890952606762 14.7291293779076
-65.3472838250819 13.3013040047172 15.137219650088
-65.244317398123 12.3135127487582 15.5453099222684
-65.100667132585 11.3272560706949 15.93436109982
-64.7924124682035 10.3472082038162 16.2463812292855
-64.484157803822 9.36716033693754 16.5584013587511
-64.1759031394405 8.38711247005888 16.8704214882167
-63.867648475059 7.40706460318021 17.1824416176822
-63.5593938106775 6.42701673630155 17.4944617471478
-63.251139146296 5.44696886942288 17.8064818766133
-62.9428844819145 4.46692100254421 18.1185020060789
-62.634629817533 3.48687313566555 18.4305221355445
-62.1686352909043 2.54683797911772 18.634334199078
-61.6592118901924 1.61781910554319 18.808354462345
-61.1497884894805 0.688800231968669 18.982374725612
-60.6403650887686 -0.240218641605855 19.156394988879
-60.1309416880566 -1.16923751518038 19.330415252146
-59.6215182873447 -2.0982563887549 19.504435515413
-59.1120948866328 -3.02727526232943 19.67845577868
-58.6026714859209 -3.95629413590395 19.852476041947
-58.032758118649 -4.85039277221861 19.9656137008148
-57.3511141456179 -5.67999047583013 19.9662955152414
-56.6694701725868 -6.50958817944166 19.9669773296681
-55.9878261995556 -7.33918588305318 19.9676591440947
-55.3061822265245 -8.1687835866647 19.9683409585214
-54.6245382534934 -8.99838129027623 19.969022772948
-53.9428942804623 -9.82797899388775 19.9697045873746
-53.2612503074311 -10.6575766974993 19.9703864018013
-52.5796063344 -11.4871744011108 19.9710682162279
-51.7890662381055 -12.1880819722059 19.7970727912271
-50.9867520060398 -12.8750752270954 19.6041908028526
-50.1844377739741 -13.5620684819848 19.4113088144781
-49.3821235419084 -14.2490617368742 19.2184268261036
-48.5798093098426 -14.9360549917637 19.0255448377291
-47.7774950777769 -15.6230482466531 18.8326628493546
-46.9751808457112 -16.3100415015425 18.63978086098
-46.1728666136455 -16.997034756432 18.4468988726056
-45.3459588530507 -17.6092320618695 18.1694115120712
-44.4871797549718 -18.1244995207169 17.7822820411783
-43.6284006568929 -18.6397669795642 17.3951525702854
-42.769621558814 -19.1550344384116 17.0080230993925
-41.910842460735 -19.670301897259 16.6208936284996
-41.0520633626561 -20.1855693561063 16.2337641576067
-40.1932842645772 -20.7008368149537 15.8466346867138
-39.3345051664982 -21.216104273801 15.4595052158209
-38.4757260684193 -21.7313717326484 15.072375744928
-37.6213357082511 -22.0732993390724 14.5219220296395
-36.7671754290082 -22.406139550794 13.9629059909582
-35.9130151497653 -22.7389797625156 13.403889952277
-35.0588548705224 -23.0718199742372 12.8448739135958
-34.2046945912794 -23.4046601859588 12.2858578749145
-33.3505343120365 -23.7375003976804 11.7268418362333
-32.4963740327936 -24.070340609402 11.167825797552
-31.6422137535507 -24.4031808211237 10.6088097588708
-30.8054735789633 -24.6587167642083 9.99616129567086
-29.9917559591046 -24.8120867449951 9.31263177560379
-29.178038339246 -24.9654567257818 8.62910225553672
-28.3643207193873 -25.1188267065685 7.94557273546965
-27.5506030995287 -25.2721966873553 7.26204321540258
-26.73688547967 -25.425566668142 6.57851369533551
-25.9231678598114 -25.5789366489288 5.89498417526845
-25.1094502399527 -25.7323066297155 5.21145465520138
-24.295732620094 -25.8856766105022 4.52792513513431
-23.5061097104608 -25.8817511982108 3.80344326019718
-22.7204826583616 -25.8517399780542 3.0721698623816
-21.9348556062624 -25.8217287578976 2.34089646456602
-21.1492285541632 -25.791717537741 1.60962306675044
-20.3636015020641 -25.7617063175844 0.878349668934858
-19.5779744499649 -25.7316950974278 0.147076271119278
-18.7923473978657 -25.7016838772712 -0.584197126696302
-18.0067203457665 -25.6716726571146 -1.31547052451188
-17.21618684026 -25.5936373602166 -2.03154902840289
-16.4082782253129 -25.3455355162842 -2.6938182075209
-15.6003696103658 -25.0974336723518 -3.35608738663892
-14.7924609954186 -24.8493318284195 -4.01835656575693
-13.9845523804715 -24.6012299844871 -4.68062574487495
-13.1766437655244 -24.3531281405547 -5.34289492399296
-12.3687351505772 -24.1050262966223 -6.00516410311098
-11.5608265356301 -23.8569244526899 -6.66743328222899
-10.752917920683 -23.6088226087576 -7.32970246134701
-9.92599393977997 -23.222356236178 -7.86937003904653
-9.08339479191493 -22.7218301556128 -8.30797195350801
-8.24079564404989 -22.2213040750477 -8.7465738679695
-7.39819649618485 -21.7207779944825 -9.18517578243098
-6.55559734831981 -21.2202519139174 -9.62377769689247
-5.71299820045476 -20.7197258333522 -10.062379611354
-4.87039905258972 -20.2191997527871 -10.5009815258154
-4.02779990472468 -19.7186736722219 -10.9395834402769
-3.18520075685964 -19.2181475916568 -11.3781853547384
-2.37451331899452 -18.5425154074035 -11.5077129137357
-1.569445464968 -17.8360474130251 -11.5828131401677
-0.76437761094149 -17.1295794186467 -11.6579133665996
0.0406902430850229 -16.4231114242682 -11.7330135930316
0.845758097111536 -15.7166434298898 -11.8081138194635
1.65082595113805 -15.0101754355113 -11.8832140458955
2.45589380516456 -14.3037074411329 -11.9583142723274
3.26096165919107 -13.5972394467545 -12.0334144987594
4.05402408454365 -12.8850768224377 -12.0729232268296
4.72076357255214 -12.1129944401158 -11.7379328229129
5.38750306056064 -11.3409120577938 -11.4029424189961
6.05424254856914 -10.5688296754719 -11.0679520150793
6.72098203657763 -9.79674729314996 -10.7329616111626
7.38772152458613 -9.02466491082801 -10.3979712072458
8.05446101259463 -8.25258252850607 -10.0629808033291
8.72120050060313 -7.48050014618412 -9.72799039941229
9.38793998861163 -6.70841776386218 -9.39299999549553
10.0171305077393 -5.95024364812111 -8.99380033036678
10.4967974673945 -5.24745357053735 -8.33891329022702
10.9764644270497 -4.54466349295359 -7.68402625008726
11.4561313867049 -3.84187341536983 -7.02913920994751
11.9357983463602 -3.13908333778607 -6.37425216980775
12.4154653060154 -2.43629326020231 -5.71936512966799
12.8951322656706 -1.73350318261856 -5.06447808952823
13.3747992253258 -1.0307131050348 -4.40959104938848
13.854466184981 -0.327923027451037 -3.75470400924872
14.3101672662416 0.372472466771465 -3.08389167206614
14.6317739670103 1.0594697384429 -2.3239737821499
14.953380667779 1.74646701011433 -1.56405589223365
15.2749873685477 2.43346428178576 -0.804138002317406
15.5965940693164 3.1204615534572 -0.0442201124011601
15.9182007700851 3.80745882512863 0.715697777515085
16.2398074708538 4.49445609680006 1.47561566743133
16.5614141716225 5.1814533684715 2.23553355734758
16.8830208723912 5.86845064014293 2.99545144726382
17.2039849064631 6.55681308558334 3.75406828799781
17.442209548996 7.42093327226432 4.34518303433609
17.6804341915289 8.2850534589453 4.93629778067438
17.9186588340618 9.14917364562628 5.52741252701267
18.1568834765947 10.0132938323073 6.11852727335095
18.3951081191276 10.8774140189883 6.70964201968924
18.6333327616605 11.7415342056692 7.30075676602753
18.8715574041934 12.6056543923502 7.89187151236582
19.1097820467263 13.4697745790312 8.4829862587041
19.3480066892592 14.3338947657122 9.07410100504239
19.5111491684982 15.3662657814728 9.29681444093523
19.6694836939402 16.4094108902674 9.49593696786031
19.8278182193823 17.452555999062 9.69505949478538
19.9861527448243 18.4957011078566 9.89418202171046
20.1444872702663 19.5388462166512 10.0933045486355
20.3028217957084 20.5819913254458 10.2924270755606
20.4611563211504 21.6251364342404 10.4915496024857
20.6194908465925 22.668281543035 10.6906721294108
20.7778253720345 23.7114266518296 10.8897946563358
20.7933506621319 24.7545297548095 10.6483183946377
20.8047116597151 25.797631632907 10.3939943487408
20.8160726572982 26.8407335110046 10.139670302844
20.8274336548814 27.8838353891022 9.88534625694719
20.8387946524645 28.9269372671997 9.63102221105036
20.8501556500476 29.9700391452973 9.37669816515354
20.8615166476308 31.0131410233948 9.12237411925672
20.8728776452139 32.0562429014924 8.8680500733599
20.8669201017213 33.0834366260777 8.58063299417987
20.702290586897 33.9648803093062 7.99001850331167
20.5376610720727 34.8463239925346 7.39940401244348
20.3730315572484 35.727767675763 6.80878952157529
20.2084020424241 36.6092113589915 6.2181750307071
20.0437725275998 37.4906550422199 5.62756053983891
19.8791430127755 38.3720987254483 5.03694604897072
19.7145134979512 39.2535424086767 4.44633155810253
19.5498839831269 40.1349860919052 3.85571706723434
19.3444758446759 40.9764399624595 3.23141503347256
19.0196033898059 41.7007404028593 2.50842258483875
18.6947309349358 42.425040843259 1.78543013620495
18.3698584800658 43.1493412836588 1.06243768757115
18.0449860251957 43.8736417240585 0.33944523893735
17.7201135703257 44.5979421644583 -0.383547209696452
17.3952411154556 45.3222426048581 -1.10653965833025
17.0703686605856 46.0465430452578 -1.82953210696406
16.7454962057155 46.7708434856576 -2.55252455559786
16.3438943304165 47.4623800931362 -3.26282608418042
15.8470949934829 48.1132669249476 -3.95738210904447
15.3502956565493 48.764153756759 -4.65193813390851
14.8534963196157 49.4150405885703 -5.34649415877256
14.3566969826821 50.0659274203817 -6.04105018363661
13.8598976457485 50.7168142521931 -6.73560620850065
13.3630983088149 51.3677010840045 -7.4301622333647
12.8662989718813 52.0185879158159 -8.12471825822875
12.3694996349477 52.6694747476273 -8.81927428309279
11.7228648273824 53.2756132221009 -9.41710753704851
11.032237631054 53.8686133714221 -9.98654253709213
10.3416104347256 54.4616135207433 -10.5559775371358
9.65098323839718 55.0546136700645 -11.1254125371794
8.96035604206878 55.6476138193857 -11.694847537223
8.26972884574039 56.240613968707 -12.2642825372666
7.57910164941199 56.8336141180282 -12.8337175373102
6.88847445308359 57.4266142673494 -13.4031525373538
6.15889212591227 57.9980487202804 -13.9336636738758
5.28895980199057 58.4917849251812 -14.3239374655202
4.41902747806887 58.9855211300819 -14.7142112571645
3.54909515414717 59.4792573349827 -15.1044850488088
2.67916283022547 59.9729935398835 -15.4947588404532
1.80923050630377 60.4667297447843 -15.8850326320975
0.939298182382066 60.960465949685 -16.2753064237419
0.0693658584603655 61.4542021545858 -16.6655802153862
-0.800566465461334 61.9479383594866 -17.0558540070306
-1.76469008870024 62.3317757331627 -17.3012346645932
-2.76428197354035 62.6742300860737 -17.4920550005436
-3.76387385838046 63.0166844389846 -17.682875336494
-4.76346574322056 63.3591387918956 -17.8736956724444
-5.76305762806067 63.7015931448066 -18.0645160083948
-6.76264951290077 64.0440474977175 -18.2553363443452
-7.76224139774088 64.3865018506285 -18.4461566802956
-8.76183328258099 64.7289562035394 -18.6369770162459
-9.77874794950129 65.0193345662229 -18.7748568990654
-10.8416172211952 65.17156355209 -18.7722941215256
-11.9044864928892 65.3237925379571 -18.7697313439857
-12.9673557645831 65.4760215238242 -18.7671685664459
-14.0302250362771 65.6282505096913 -18.764605788906
-15.093094307971 65.7804794955584 -18.7620430113662
-16.155963579665 65.9327084814255 -18.7594802338263
-17.218832851359 66.0849374672926 -18.7569174562865
-18.2817021230529 66.2371664531598 -18.7543546787466
-19.3411076114881 66.2149517791678 -18.6102868263596
-20.3998760040682 66.1606515720091 -18.44019185567
-21.4586443966483 66.1063513648504 -18.2700968849805
-22.5174127892285 66.0520511576917 -18.1000019142909
-23.5761811818086 65.997750950533 -17.9299069436014
-24.6349495743887 65.9434507433743 -17.7598119729118
-25.6937179669689 65.8891505362156 -17.5897170022223
-26.752486359549 65.8348503290569 -17.4196220315328
-27.7850111979443 65.6926502004697 -17.1925917375239
-28.7837652901488 65.4373386420877 -16.8922958964949
-29.7825193823534 65.1820270837057 -16.5920000554658
-30.7812734745579 64.9267155253237 -16.2917042144368
-31.7800275667625 64.6714039669417 -15.9914083734078
-32.778781658967 64.4160924085597 -15.6911125323788
-33.7775357511715 64.1607808501777 -15.3908166913498
-34.7762898433761 63.9054692917957 -15.0905208503208
-35.7702004010784 63.6413008976152 -14.7857413810155
-36.6713081204373 63.2074342179239 -14.3950549299532
-37.5724158397961 62.7735675382326 -14.004368478891
-38.473523559155 62.3397008585413 -13.6136820278288
-39.3746312785138 61.90583417885 -13.2229955767666
-40.2757389978727 61.4719674991587 -12.8323091257043
-41.1768467172315 61.0381008194674 -12.4416226746421
-42.0779544365904 60.6042341397761 -12.0509362235799
-42.9790621559493 60.1703674600848 -11.6602497725176
-43.8009046977342 59.6363147418368 -11.2315200904207
-44.5851625323397 59.0547573937139 -10.7847516712344
-45.3694203669453 58.473200045591 -10.3379832520482
-46.1536782015508 57.8916426974682 -9.89121483286188
-46.9379360361563 57.3100853493453 -9.4444464136756
-47.7221938707619 56.7285280012224 -8.99767799448932
-48.5064517053674 56.1469706530995 -8.55090957530305
-49.290709539973 55.5654133049767 -8.10414115611677
-50.0350867740904 54.9460626871671 -7.64736185714962
-50.6959523849703 54.2475714029594 -7.16961936278665
-51.3568179958503 53.5490801187516 -6.69187686842368
-52.0176836067303 52.8505888345439 -6.21413437406071
-52.6785492176103 52.1520975503362 -5.73639187969774
-53.3394148284903 51.4536062661285 -5.25864938533476
-54.0002804393703 50.7551149819208 -4.78090689097179
-54.6611460502503 50.0566236977131 -4.30316439660882

30.0042046082031 -21.5688143872783 -0.583392635228545
29.2072095517734 -21.5716607981941 0.135800522835398
28.4102144953438 -21.5745072091099 0.854993680899341
27.613219438914 -21.5773536200257 1.57418683896328
26.8162243824844 -21.5802000309416 2.29337999702723
26.0192293260546 -21.5830464418574 3.01257315509117
25.2222342696249 -21.5858928527732 3.73176631315511
24.4252392131953 -21.588739263689 4.45095947121906
23.6282441567656 -21.5915856746048 5.170152629283
22.8058105492008 -21.5223740104725 5.84356192072934
21.9263791973996 -21.2917086648799 6.41438765284573
21.0469478455984 -21.0610433192873 6.98521338496211
20.1675164937972 -20.8303779736946 7.5560391170785
19.288085141996 -20.599712628102 8.12686484919489
18.4086537901948 -20.3690472825093 8.69769058131128
17.5292224383936 -20.1383819369167 9.26851631342767
16.6497910865924 -19.9077165913241 9.83934204554405
15.7703597347912 -19.6770512457314 10.4101677776604
14.8619298105693 -19.3038717497034 10.7993071272699
13.9339515749545 -18.8346216281909 11.0659693449165
13.0059733393397 -18.3653715066785 11.3326315625631
12.0779951037249 -17.896121385166 11.5992937802098
11.15001686811 -17.4268712636536 11.8659559978564
10.2220386324952 -16.9576211421411 12.132618215503
9.2940603968804 -16.4883710206287 12.3992804331497
8.36608216126558 -16.0191208991162 12.6659426507963
7.43810392565076 -15.5498707776038 12.9326048684429
6.56575304603521 -14.949004021364 12.8585115934376
5.70355589688332 -14.3241131171211 12.7222197946261
4.84135874773143 -13.6992222128782 12.5859279958146
3.97916159857953 -13.0743313086352 12.4496361970031
3.11696444942764 -12.4494404043923 12.3133443981916
2.25476730027575 -11.8245495001494 12.1770525993801
1.39257015112385 -11.1996585959065 12.0407608005686
0.530373001971962 -10.5747676916635 11.9044690017571
-0.331528216176118 -9.94985302640909 11.7675225829005
-1.02065344715491 -9.31106576190277 11.2483836156023
-1.7097786781337 -8.67227849739645 10.7292446483042
-2.3989039091125 -8.03349123289013 10.210105681006
-3.08802914009129 -7.39470396838381 9.69096671370777
-3.77715437107008 -6.7559167038775 9.17182774640958
-4.46627960204887 -6.11712943937118 8.65268877911139
-5.15540483302767 -5.47834217486486 8.13354981181321
-5.84453006400646 -4.83955491035854 7.61441084451502
-6.52993872919101 -4.2016230169317 7.09097473536554
-7.0216351702061 -3.60827417233768 6.34356602579191
-7.51333161122119 -3.01492532774367 5.59615731621829
-8.00502805223628 -2.42157648314965 4.84874860664466
-8.49672449325137 -1.82822763855564 4.10133989707103
-8.98842093426646 -1.23487879396163 3.35393118749741
-9.48011737528154 -0.641529949367615 2.60652247792378
-9.97181381629664 -0.0481811047736021 1.85911376835016
-10.4635102573117 0.545167739820412 1.11170505877653
-10.9552066983268 1.13851658441442 0.364296349202902
-11.3423644085925 1.8214370490428 -0.366358937759287
-11.7169145981138 2.51515997941371 -1.09499373794496
-12.0914647876351 3.20888290978463 -1.82362853813064
-12.4660149771564 3.90260584015554 -2.55226333831631
-12.8405651666777 4.59632877052645 -3.28089813850199
-13.215115356199 5.29005170089737 -4.00953293868766
-13.5896655457203 5.98377463126828 -4.73816773887334
-13.9642157352416 6.67749756163919 -5.46680253905901
-14.3387659247629 7.37122049201011 -6.19543733924469
-14.6786405801621 8.23348773721245 -6.7152256379858
-15.0075061479689 9.14926588490384 -7.16870754849212
-15.3363717157758 10.0650440325952 -7.62218945899845
-15.6652372835827 10.9808221802866 -8.07567136950477
-15.9941028513895 11.896600327978 -8.5291532800111
-16.3229684191964 12.8123784756694 -8.98263519051742
-16.6518339870033 13.7281566233608 -9.43611710102374
-16.9806995548101 14.6439347710522 -9.88959901153007
-17.309565122617 15.5597129187436 -10.3430809220364
-17.5640456774011 16.5710218666273 -10.4916145878238
-17.7888976027868 17.6203821175896 -10.5186829454626
-18.0137495281725 18.6697423685518 -10.5457513031014
-18.2386014535582 19.719102619514 -10.5728196607401
-18.463453378944 20.7684628704763 -10.5998880183789
-18.6883053043297 21.8178231214385 -10.6269563760177
-18.9131572297154 22.8671833724008 -10.6540247336565
-19.1380091551011 23.916543623363 -10.6810930912952
-19.3628610804869 24.9659038743253 -10.708161448934
-19.4395634465396 25.9777242534736 -10.4136324518383
-19.4741553954739 26.9788742015537 -10.0276917839079
-19.5087473444082 27.9800241496338 -9.6417511159774
-19.5433392933425 28.9811740977139 -9.25581044804693
-19.5779312422768 29.982324045794 -8.86986978011645
-19.612523191211 30.9834739938741 -8.48392911218598
-19.6471151401453 31.9846239419542 -8.09798844425551
-19.6817070890796 32.9857738900343 -7.71204777632503
-19.7162990380139 33.9869238381144 -7.32610710839456
-19.5634331547071 34.8405979623087 -6.70144206372896
-19.3939182685749 35.681174071983 -6.05557479574053
-19.2244033824426 36.5217501816573 -5.40970752775211
-19.0548884963103 37.3623262913316 -4.76384025976369
-18.885373610178 38.2029024010059 -4.11797299177527
-18.7158587240457 39.0434785106802 -3.47210572378685
-18.5463438379134 39.8840546203545 -2.82623845579843
-18.3768289517811 40.7246307300288 -2.18037118781001
-18.1924884387605 41.5550514375642 -1.52860430522972
-17.8395595327249 42.2699908275192 -0.809750442048999
-17.4866306266893 42.9849302174741 -0.0908965788682791
-17.1337017206537 43.6998696074291 0.627957284312441
-16.7807728146182 44.414808997384 1.34681114749316
-16.4278439085826 45.1297483873389 2.06566501067388
-16.074915002547 45.8446877772939 2.7845188738546
-15.7219860965114 46.5596271672488 3.50337273703532
-15.3690571904758 47.2745665572038 4.22222660021604
-14.9584612272132 47.9703467356783 4.92256250301863
-14.4152747784209 48.6220752618804 5.58032114463233
-13.8720883296287 49.2738037880824 6.23807978624602
-13.3289018808365 49.9255323142845 6.89583842785972
-12.7857154320443 50.5772608404865 7.55359706947342
-12.2425289832521 51.2289893666886 8.21135571108712
-11.6993425344599 51.8807178928906 8.86911435270082
-11.1561560856677 52.5324464190926 9.52687299431452
-10.6129696368755 53.1841749452947 10.1846316359282
-9.94465200742419 53.7942781191033 10.7494879755748
-9.2065539626096 54.3811685783482 11.2625365948329
-8.468455917795 54.9680590375932 11.7755852140909
-7.7303578729804 55.5549494968381 12.288633833349
-6.99225982816581 56.1418399560831 12.801682452607
-6.25416178335121 56.728730415328 13.3147310718651
-5.51606373853661 57.3156208745729 13.8277796911232
-4.77796569372202 57.9025113338179 14.3408283103812
-4.02955968826381 58.4827258130195 14.8420894860249
-3.12374658001118 58.9609951341769 15.1633512017518
-2.21793347175854 59.4392644553343 15.4846129174788
-1.3121203635059 59.9175337764917 15.8058746332057
-0.406307255253266 60.3958030976491 16.1271363489326
0.49950585299937 60.8740724188065 16.4483980646596
1.40531896125201 61.3523417399639 16.7696597803865
2.31113206950464 61.8306110611213 17.0909214961135
3.21694517775728 62.3088803822787 17.4121832118404
4.18193777466968 62.704365339929 17.6234701071189
5.20014412800184 63.0254112131129 17.7358684611108
6.218350481334 63.3464570862968 17.8482668151028
7.23655683466616 63.6675029594807 17.9606651690947
8.25476318799832 63.9885488326645 18.0730635230867
9.27296954133048 64.3095947058484 18.1854618770786
10.2911758946626 64.6306405790323 18.2978602310705
11.3093822479948 64.9516864522162 18.4102585850625
12.3282836699087 65.2696997759001 18.5194903063887
13.3903510704687 65.3993820911209 18.4320640264646
14.4524184710286 65.5290644063417 18.3446377465405
15.5144858715885 65.6587467215625 18.2572114666163
16.5765532721484 65.7884290367833 18.1697851866922
17.6386206727083 65.9181113520041 18.0823589067681
18.7006880732682 66.0477936672249 17.9949326268439
19.7627554738281 66.1774759824457 17.9075063469198
20.824822874388 66.3071582976665 17.8200800669956
21.8749940149049 66.3303409128408 17.6427151384304
22.9144722309969 66.2577965314836 17.3845090741365
23.9539504470889 66.1852521501263 17.1263030098426
24.9934286631809 66.1127077687691 16.8680969455487
26.0329068792729 66.0401633874119 16.6098908812548
27.0723850953649 65.9676190060546 16.3516848169609
28.1118633114569 65.8950746246974 16.093478752667
29.1513415275489 65.8225302433401 15.8352726883731
30.1865561462662 65.7389465185183 15.5695693342281
31.1523773118674 65.4756886603743 15.1818415987787
32.1181984774685 65.2124308022303 14.7941138633293
33.0840196430697 64.9491729440863 14.4063861278799
34.0498408086709 64.6859150859424 14.0186583924305
35.015661974272 64.4226572277984 13.6309306569811
35.9814831398732 64.1593993696544 13.2432029215318
36.9473043054744 63.8961415115104 12.8554751860824
37.9131254710755 63.6328836533664 12.467747450633
38.8158133807751 63.2685980264497 12.0272104192797
39.6782533789242 62.8399064593728 11.553007076246
40.5406933770732 62.4112148922959 11.0788037332123
41.4031333752222 61.982523325219 10.6046003901786
42.2655733733712 61.5538317581421 10.1303970471449
43.1280133715202 61.1251401910652 9.65619370411123
43.9904533696692 60.6964486239883 9.18199036107753
44.8528933678183 60.2677570569114 8.70778701804382
45.6939805287619 59.81375505928 8.22435862263307
46.4411104506839 59.2483815305274 7.70033794232636
47.1882403726059 58.6830080017748 7.17631726201966
47.9353702945279 58.1176344730222 6.65229658171295
48.6825002164499 57.5522609442695 6.12827590140625
49.4296301383719 56.9868874155169 5.60425522109954
50.1767600602939 56.4215138867643 5.08023454079284
50.9238899822159 55.8561403580117 4.55621386048613
51.6710199041379 55.2907668292591 4.03219318017943
52.3253931591796 54.6377696586937 3.49083939321901
52.9530593161725 53.9595433237782 2.94449494634744
53.5807254731654 53.2813169888628 2.39815049947588
54.2083916301584 52.6030906539474 1.85180605260431
54.8360577871513 51.9248643190319 1.30546160573274
55.4637239441442 51.2466379841165 0.759117158861178
56.0913901011371 50.568411649201 0.212772711989612
56.71905625813 49.8901853142856 -0.333571734881953
57.2991691024547 49.1751109729616 -0.880012700912366
57.8006015678055 48.3990689525003 -1.4266133648391
58.3020340331562 47.623026932039 -1.97321402876584
58.803466498507 46.8469849115778 -2.51981469269258
59.3048989638577 46.0709428911165 -3.06641535661931
59.8063314292085 45.2949008706553 -3.61301602054605
60.3077638945592 44.518858850194 -4.15961668447279
60.80919635991 43.7428168297328 -4.70621734839952
61.3106288252607 42.9667748092715 -5.25281801232626
61.6731157780522 42.1042156209267 -5.77859533041065
62.0325349824511 41.2397462384502 -6.30391289427515
62.39195418685 40.3752768559738 -6.82923045813964
62.7513733912488 39.5108074734973 -7.35454802200414
63.1107925956477 38.6463380910209 -7.87986558586863
63.4702118000466 37.7818687085444 -8.40518314973312
63.8296310044455 36.917399326068 -8.93050071359762
64.1890502088444 36.0529299435915 -9.45581827746211
64.4540834878135 35.1439496768194 -9.9529368253712
64.6477653261828 34.2013212183024 -10.4287382075826
64.8414471645522 33.2586927597855 -10.9045395897941
65.0351290029215 32.3160643012685 -11.3803409720055
65.2288108412908 31.3734358427516 -11.8561423542169
65.4224926796601 30.4308073842346 -12.3319437364284
65.6161745180295 29.4881789257177 -12.8077451186398
65.8098563563988 28.5455504672007 -13.2835465008512
65.9754673801434 27.5944919082523 -13.7467648945185
65.9772576211542 26.5942354307657 -14.1365491873237
65.979047862165 25.593978953279 -14.5263334801288
65.9808381031758 24.5937224757924 -14.916117772934
65.9826283441866 23.5934659983057 -15.3059020657391
65.9844185851974 22.5932095208191 -15.6956863585443
65.9862088262082 21.5929530433325 -16.0854706513494
65.987999067219 20.5926965658458 -16.4752549441546
65.9897893082298 19.5924400883592 -16.8650392369598
65.845261624292 18.5780704838286 -17.1650003601564
65.6384257366137 17.5576909280526 -17.426711075178
65.4315898489353 16.5373113722766 -17.6884217901996
65.2247539612569 15.5169318165006 -17.9501325052212
65.0179180735785 14.4965522607246 -18.2118432202429
64.8110821859001 13.4761727049486 -18.4735539352645
64.6042462982217 12.4557931491726 -18.7352646502861
64.3974104105434 11.4354135933966 -18.9969753653077
64.1424213427649 10.4228515617642 -19.2191520029156
63.7312981890638 9.43563742997577 -19.3131415295797
63.3201750353627 8.44842329818735 -19.4071310562437
62.9090518816615 7.46120916639891 -19.5011205829077
62.4979287279604 6.47399503461049 -19.5951101095718
62.0868055742593 5.48678090282205 -19.6890996362358
61.6756824205582 4.49956677103363 -19.7830891628998
61.264559266857 3.5123526392452 -19.8770786895639
60.8534361131559 2.52513850745677 -19.9710682162279
60.3108821785119 1.60803546443565 -19.9183824099902
59.7255353475404 0.7137600766374 -19.8179401933466
59.1401885165688 -0.18051531116085 -19.7174979767029
58.5548416855972 -1.0747906989591 -19.6170557600593
57.9694948546256 -1.96906608675735 -19.5166135434156
57.384148023654 -2.8633414745556 -19.416171326772
56.7988011926825 -3.75761686235385 -19.3157291101283
56.2134543617109 -4.6518922501521 -19.2152868934847
55.5969190946268 -5.50890369201415 -19.0628907776526
54.890161904182 -6.25811797270263 -18.7602023966376
54.1834047137373 -7.00733225339112 -18.4575140156225
53.4766475232925 -7.7565465340796 -18.1548256346075
52.7698903328477 -8.50576081476809 -17.8521372535924
52.0631331424029 -9.25497509545657 -17.5494488725773
51.3563759519582 -10.0041893761451 -17.2467604915623
50.6496187615134 -10.7534036568335 -16.9440721105472
49.9428615710686 -11.502617937522 -16.6413837295321
49.192404507435 -12.1192408962117 -16.1991502974201
48.4268421475949 -12.6900323444861 -15.7086817292046
47.6612797877548 -13.2608237927604 -15.2182131609891
46.8957174279147 -13.8316152410348 -14.7277445927737
46.1301550680746 -14.4024066893092 -14.2372760245582
45.3645927082345 -14.9731981375836 -13.7468074563427
44.5990303483944 -15.543989585858 -13.2563388881272
43.8334679885543 -16.1147810341324 -12.7658703199118
43.0666690608242 -16.647077957461 -12.2446337525774
42.2950664763734 -17.0298364001421 -11.6038736985326
41.5234638919225 -17.4125948428232 -10.9631136444878
40.7518613074716 -17.7953532855043 -10.322353590443
39.9802587230207 -18.1781117281854 -9.68159353639814
39.2086561385699 -18.5608701708665 -9.04083348235332
38.437053554119 -18.9436286135476 -8.4000734283085
37.6654509696681 -19.3263870562287 -7.75931337426367
36.8938483852172 -19.7091454989098 -7.11855332021885
36.1273208554748 -19.9771357627011 -6.4233737425514
35.3638681182026 -20.1755921293155 -5.69522333972501
34.6004153809304 -20.3740484959299 -4.96707293689862
33.8369626436582 -20.5725048625443 -4.23892253407223
33.0735099063859 -20.7709612291587 -3.51077213124584
32.3100571691137 -20.9694175957731 -2.78262172841945
31.5466044318415 -21.1678739623875 -2.05447132559306
30.7831516945693 -21.3663303290019 -1.32632092276667
