1.969145434175928 -2.17096739209898 0.49741625754329261
1.9375150863086141 -2.2049692150695712 0.48065316022212179
1.9050459829261313 -2.2381234388562929 0.46379796982009197
1.871760314486276 -2.2704250747121519 0.4468816310247119
1.8376804098104662 -2.3018701005582392 0.42993385198840228
1.8028287386115169 -2.3324554187075806 0.41298305520650641
1.7672279583982222 -2.362178871143136 0.39605632545089775
1.7309008886662747 -2.3910391812213758 0.37917935598646285
1.6938704681874366 -2.4190358756458257 0.36237639930757748
1.6561598413551371 -2.4461693718137525 0.34567020399402398
1.6177925449646755 -2.4724412266224887 0.32908191915191781
1.5787925487982493 -2.4978542374480419 0.31263100034404023
1.5391840077666927 -2.5224121569293483 0.29633517943473098
1.4989909446599088 -2.5461192608091179 0.28021049088312061
1.4582371893307831 -2.5689802379995768 0.26427126425599629
1.4169465251250675 -2.5910004005226765 0.24853005177738924
1.3751424658979952 -2.612185329184836 0.23299768792759731
1.3328250819633467 -2.63250002151308 0.21769444679353264
1.2900421754929809 -2.6519911080381524 0.20261727674117291
1.2468161178644537 -2.6706643121638249 0.1877717252656578
1.2031693026017924 -2.6885260977223249 0.1731614484797199
1.1591236658068671 -2.7055827782500614 0.15878847008784505
1.1147004801004072 -2.7218400183298663 0.14465334565991608
1.0699208351495995 -2.7373037979392145 0.13075489508460397
1.0248061187889095 -2.751981637399032 0.11708986044014842
0.97937761293827363 -2.765881900714545 0.10365315552698462
0.9336555114681464 -2.7790113425836904 0.090438641829739111
0.88765862162641862 -2.7913738834827919 0.077439519273907367
0.84140519582852447 -2.8029724538073753 0.064647827689562856
0.79491378446336702 -2.8138115341355427 0.052053809987388934
0.74820298945579367 -2.8238967627147344 0.039646130499926657
0.70129058439734882 -2.8332320072880819 0.027412718212129046
0.65419336975106257 -2.8418182420732756 0.015341067588617642
0.60692802517382871 -2.8496563743472083 0.0034176303390243603
0.55951174409883464 -2.8567503624932038 -0.0083726881831068835
0.51196123262115623 -2.8631026268581721 -0.020045578383777879
0.46428963819147762 -2.8686912507713602 -0.031614606779142185
0.41651703619973907 -2.8735390765942883 -0.043099901252449294
0.36865909275946257 -2.8776448643097905 -0.054518127188264813
0.32073157521983903 -2.8810091198150976 -0.065886304080004801
0.27275001415267031 -2.8836305512954623 -0.077221433584696811
0.224729775430001 -2.8855046221898513 -0.088540426358667171
0.17668634646523074 -2.8866262877869504 -0.099860107268388454
0.12863537166413033 -2.8869928175801491 -0.11119701597345667
0.080592509918768138 -2.8866025718699388 -0.12256719791179753
0.032573497687316155 -2.8854514037850452 -0.13398624420552402
-0.015405607001149176 -2.8835315991449115 -0.14546936924753542
-0.063328367913015091 -2.8808344499748939 -0.1570311899471879
-0.11117812516082286 -2.877352576358656 -0.16868537740181319
-0.15893799414444323 -2.8730791104856341 -0.18044459383698219
-0.20659062159554986 -2.8680056599100743 -0.19232065609278476
-0.25411808416607068 -2.8621223867072469 -0.20432447480132276
-0.30150212263778869 -2.8554199493292081 -0.21646568993497106
-0.34872432109848123 -2.8478902392334065 -0.22875245371576566
-0.39576586179175449 -2.8395248349659843 -0.24119161206934162
-0.44260706496072016 -2.8303132029630995 -0.25378898012837187
-0.48921591285770472 -2.8202020988638141 -0.26655705327883594
-0.53558126137137541 -2.8092213442077116 -0.27949091013944993
-0.58168171419098158 -2.7973600368186373 -0.29259169547065161
-0.62749503940547091 -2.7846064024658799 -0.30585911019884948
-0.67299861185157417 -2.7709492797987489 -0.31929109699972957
-0.71817006544851014 -2.7563797796418092 -0.33288353919452912
-0.76298736540500112 -2.7408910682855563 -0.34663033816131361
-0.80742817790616772 -2.72447652508363 -0.36052375740315684
-0.85146928859913784 -2.7071284513683507 -0.37455462009276519
-0.89508673964606811 -2.6888386496275549 -0.38871219242311417
-0.93825641368798529 -2.669599820967548 -0.40298399130441004
-0.98095421643187564 -2.6494058793184543 -0.41735578685359426
-1.023155515738102 -2.6282507953210223 -0.43181176278902988
-1.0648344569492247 -2.6061274652744126 -0.44633459698616734
-1.1059640544312344 -2.5830281899579335 -0.46090535975021585
-1.1465172402694126 -2.5589466956952229 -0.47550337832596307
-1.1864431690063963 -2.5338409556862027 -0.49010548253869135
-1.2257266441918917 -2.5077298823060028 -0.50468570580189309
-1.2643596088897493 -2.4806413493721537 -0.51921873444909294
-1.3023190470421568 -2.4525796096371022 -0.53367809969399127
-1.3395816097697761 -2.4235492705607347 -0.54803611143881314
-1.3761238581302566 -2.3935557368602618 -0.56226391436538625
-1.4119223324620787 -2.3626053703296286 -0.57633153649466096
-1.4469533511171873 -2.3307053067794401 -0.59020787785469009
-1.4811928795578171 -2.2978634039570691 -0.60386069571388357
-1.514616815457289 -2.2640886836976226 -0.61725670574003544
-1.5472016338926626 -2.229392095425391 -0.63036183827046677
-1.5789249897848467 -2.1937870961038111 -0.64314154744996177
-1.6097659248102953 -2.1572897171241494 -0.65556102399662108
-1.639704666665448 -2.1199182129349752 -0.66758525253079659
-1.6686888727165621 -2.0816630640199336 -0.67916237889652764
-1.6967031982645693 -2.0425522036222317 -0.69025580841747569
-1.7237577570633962 -2.0026346901680379 -0.70084282358467032
-1.7498351454626662 -1.9619352002861228 -0.710887361532896
-1.7749186347790638 -1.9204800513043812 -0.72035334098812809
-1.7989923505515195 -1.878297318389234 -0.72920484112026296
-1.8220414745088178 -1.8354169344261031 -0.73740630717188294
-1.8440523866830831 -1.7918707168065808 -0.74492273011555898
-1.8650126918978291 -1.7476923026082045 -0.75171975604514818
-1.8849111456456427 -1.7029170265319162 -0.75776372453138074
-1.9037375452180489 -1.6575817973766644 -0.76302167416407896
-1.9214826476581817 -1.6117250092307058 -0.76746135822372019
-1.9381357390642548 -1.5653855339041076 -0.77104936257120016
-1.9536135898760858 -1.518577524675367 -0.77369232731111537
-1.967986306525966 -1.4713773138743551 -0.77542041745268886
-1.9812491143816351 -1.4238293748696411 -0.77620545734572022
-1.9933989127299618 -1.3759796050889355 -0.77602097753319699
-2.0044344735694177 -1.327875215441386 -0.77484249110924563
-2.0143564891482755 -1.279564551605175 -0.77264764415004816
-2.0231674546360607 -1.2310968799959174 -0.7694162176276601
-2.0308714512306985 -1.1825221822745808 -0.76513003220973896
-2.0374739259648083 -1.1338909856375237 -0.75977284312837123
-2.0429815338376969 -1.0852542287090983 -0.7533302907563395
-2.0474020542185114 -1.0366631457351425 -0.74578992480360218
-2.0506841588075502 -0.98817757659623928 -0.73707834097466929
-2.0528778353848316 -0.93984992073737339 -0.72722686403659342
-2.0540157247599549 -0.89172953048146542 -0.71625185255063573
-2.0541108088103575 -0.84386730226749762 -0.70415077037805174
-2.053177607785702 -0.796313380368187 -0.69092419713854469
-2.0512321191256109 -0.74911684890923369 -0.67657596253772356
-2.0482916281906256 -0.70232545042224137 -0.66111315295569828
-2.0443744327805216 -0.65598534361387206 -0.6445460340114253
-2.0394995453867977 -0.6101408881759649 -0.62688796048132844
-2.033686425273141 -0.5648344295779274 -0.6081553339603275
-2.0269547609518379 -0.5201060583317032 -0.58836763327857722
-2.0192784679587801 -0.47602728388111354 -0.56749504926514238
-2.0107058701230467 -0.43261694536131845 -0.54559722130708577
-2.0012765183553576 -0.38989182957655277 -0.5227274704012973
-1.9910091594501786 -0.34787912139094279 -0.49891933183839554
-1.9799216797152233 -0.3066021897676009 -0.47420976693121303
-1.9680307802342867 -0.26608039310181059 -0.44863908221053123
-1.955351610946948 -0.22632896780514544 -0.42225078694923712
-1.9418973838157669 -0.18735900234838346 -0.39509141013762289
-1.9276790201897915 -0.14917745699289942 -0.36721033077488352
-1.9127048978244841 -0.11178716823041054 -0.33865967224385563
-1.8969807236836209 -0.075186815076538974 -0.30949425591442875
-1.8805094929130586 -0.039370903900240006 -0.27977154306938351
-1.8632914629241852 -0.0043298749412912507 -0.24955148413521175
-1.8453022768881215 0.029928070580003345 -0.21888556064722545
-1.8265420478078935 0.063427023443920913 -0.18784572293394142
-1.8070198658943284 0.09620434469740187 -0.15650738670115438
-1.7867252638265807 0.12828213618761089 -0.12493722962368717
-1.765646186577563 0.15968449358051776 -0.093202832621249232
-1.7437696593046519 0.19043704673390777 -0.061372229171600123
-1.721082604346879 0.22056651404319819 -0.029513363730673807
-1.6975728604615563 0.25010034312110835 0.0023065614344776695
-1.6732303632501355 0.27906644278179094 0.034021884671104272
-1.6480483405807578 0.30749294939519528 0.065569431794718538
-1.6220243993603036 0.33540799089928486 0.096889584027328168
-1.5951615507079049 0.36283949980772584 0.12792747975418697
-1.5674693199428391 0.38981519096786599 0.15863440376866209
-1.53896510316969 0.4163627692212919 0.18896951032867662
-1.5096769256834062 0.44251031028456367 0.21890314576284939
-1.4796464527360389 0.4682868297859909 0.24842087535770921
-1.4489123986094632 0.49372272610431017 0.27750745997721943
-1.4174836513687228 0.51884414076814778 0.3061217675375974
-1.3854532758697167 0.54367589025591845 0.3343184585775128
-1.3525897465496914 0.56825722106876209 0.36175388165567096
-1.3181361194639982 0.5925608945056301 0.38742436229668831
-1.2821860105828828 0.61658238047198743 0.41123775916722383
-1.244826968185855 0.64028211358126508 0.43312804946528605
-1.2061999944050044 0.66365900768201547 0.45308046504967875
-1.1663524082431231 0.68666324881197183 0.47095982887801974
-1.1254173841149777 0.70923891517022575 0.48682766985857379
-1.0834216748207814 0.73133841059639904 0.5004342000034524
-1.0405066787494595 0.75287111823639674 0.51190723134184613
-0.99677794486041627 0.77377422156418618 0.52126457398425863
-0.95236429416810353 0.79408496562126729 0.52844295499751315
-0.90733960745800213 0.81368287858492927 0.53346480754511416
-0.86176233713774575 0.83241667382159013 0.53637997097856394
-0.8157558889844948 0.85029675267172555 0.53712487304577883
-0.76946303941548 0.86738504409792427 0.53564955643229539
-0.72291618320932405 0.88338776070531755 0.53183215945536488
-0.67626373242964111 0.89837698590041437 0.52585679080210679
-0.62961647039051172 0.91227277989704891 0.51763035404220015
-0.58309852620527858 0.9250718875296764 0.50721068635247812
-0.53682614800217188 0.93667516192675959 0.49453783688867164
-0.49096700486600386 0.94703627165326199 0.47952158562149921
-0.44573997298633156 0.9562708110057726 0.46204486034518838
-0.40141083268966776 0.96462997731152689 0.44201820678909881
-0.35816604253663498 0.97256621157827516 0.41958012635756642
-0.31630196140947486 0.98044576276455064 0.39464458994855239
-0.27599345846442253 0.98849920213171272 0.36731038254081699
-0.23714489616096099 0.9963604543779403 0.33787978309774336
-0.19981689364027869 1.0042555698353208 0.30654762306472294
-0.16405437982647927 1.0118693448133957 0.27337300293250016
-0.12994470324191623 1.0192186830381125 0.23844487903947095
-0.09738154704124484 1.0259161067437028 0.20194676090395855
-0.066534552091154511 1.032103569316777 0.16390127339591634
-0.037351296867143148 1.0376321926425462 0.12446808751386909
-0.0099650867817581406 1.0423548166392798 0.083665461777736344
0.015801641398832122 1.0465048597121867 0.041760721537263318
0.039449890782760032 1.0491979730171987 -0.0014816908555420893
0.063428838751456398 1.0492156036067795 -0.044624701167289026
0.089337526021733588 1.0481151710138266 -0.086629805662913895
0.11721980357800507 1.0465946101490751 -0.12733821131732528
0.14685236090948037 1.0444516319052952 -0.16675812126665943
0.17829913618284163 1.0417359996839508 -0.20471454355632165
0.21134794907717858 1.0386592071749348 -0.24124882712287465
0.24613870819647415 1.0352347419118539 -0.27610094471344365
0.28241244722337583 1.0315437370792155 -0.30937542453839406
0.32020452899006807 1.027781715744607 -0.34090532481282604
0.35945559877611971 1.0238382496772915 -0.37057283666278762
0.40013692951267887 1.0199480024205272 -0.39825422426457979
0.44220020863362719 1.0162150737707258 -0.42380440355260102
0.48563059785882101 1.0127889750457069 -0.4469995331391432
0.53038637436906566 1.0093752756884684 -0.46751624338968417
0.576241706679406 1.0056606770807801 -0.4853985988371799
0.62296401172009175 1.0011162334784762 -0.50065255587383595
0.67039789241970726 0.99574082132696307 -0.5132185856864091
0.7182376225078605 0.98926737171845924 -0.52354676307107162
0.76641894208408579 0.98171704272771387 -0.53121679134680899
0.81474370485452008 0.97331355767795935 -0.53676180420733877
0.86308454713032046 0.96382953198370347 -0.53992975964733825
0.91132768300877509 0.95343887084328993 -0.540976824289221
0.95941535550895674 0.9423571106726647 -0.53977809282398892
1.0072138152027434 0.93052523573913792 -0.53634015295948778
1.0545961080783257 0.91781493079352938 -0.53083664004371833
1.1014574326445956 0.90433670549378409 -0.52312894225752549
1.1477637667938374 0.89040420939869913 -0.5131894728948625
1.1932685403146848 0.87563241655514978 -0.50102066814283086
1.2379231664715085 0.86015260444059138 -0.48676857441493215
1.2817154323519 0.8443332109162639 -0.47038089887966972
1.324513305864655 0.82809495293490798 -0.4519080001389274
1.3661714834929759 0.81127720251902113 -0.43145366854114575
1.4066131013630363 0.79395743035761113 -0.40906327516799434
1.4457494624262264 0.77634227364483765 -0.38466840349599457
1.4834045873383876 0.75833851093419014 -0.35830170761217783
1.5194567511176358 0.73986513380196617 -0.33008748743357785
1.5540453615172443 0.72096240484756891 -0.30035787934284042
1.5879528025363487 0.70173009392892749 -0.27005975531678789
1.6213056144622735 0.68213001169121124 -0.23938402551092938
1.6541254461988661 0.66212680215894937 -0.20839547687112994
1.6863971972055423 0.64168353354249807 -0.17712002931880022
1.7180922557091669 0.62076126376771679 -0.14557309869251386
1.7491810232825955 0.59932145734392639 -0.11377150192980495
1.7796494982176732 0.57732747080753477 -0.081748829777660875
1.8094883616225785 0.55474374115554759 -0.049544296459591103
1.8386925888037073 0.53153564155383204 -0.017202134889488928
1.8672622221895112 0.50766931319446473 0.015227787575208464
1.8952009798899969 0.48311146955444023 0.047691219345521479
1.9225149852744574 0.45782942658700282 0.080130618556071523
1.9492119355259117 0.43179139056963095 0.11248590992504201
1.9753004256096702 0.40496690008369574 0.1446951559671297
2.0007892376658041 0.37732725850451754 0.17669521801584204
2.0256585798666045 0.34880440638436389 0.20840624876799302
2.0499417827846358 0.31941059557205992 0.23977346709868089
2.0736437444316769 0.28912492035094911 0.27073328323000312
2.0967660826194194 0.25792841040677289 0.30122251831560864
2.1193074950529294 0.2258053307235475 0.33117908416918163
2.1412635870334253 0.19274352112225746 0.36054233478382708
2.1626268169634355 0.1587347010691483 0.38925340214550008
2.18338656622509 0.12377475431251619 0.41725553797300924
2.2035293139995078 0.087863969584828921 0.44449445734975601
2.2230388684805642 0.051007176151970132 0.4709186393697733
2.2418966059401209 0.013213730089821255 0.49647953212444085
2.2600817008957823 -0.025502629864004221 0.52113165041376941
2.2775713666720576 -0.065123986222652475 0.54483260944344503
2.2943111469026629 -0.10566284039952301 0.56750187839620336
2.3102738002267831 -0.14708847885637358 0.58910191927685651
2.3254593489793751 -0.18933782427466453 0.60963778745420527
2.3398405824366542 -0.23237698661058898 0.62908120368901288
2.3533902778127334 -0.27616877806406065 0.64740760211654413
2.366081503003826 -0.32067302669150555 0.66459613525235817
2.3778878322024641 -0.36584694621960417 0.68062957764781606
2.3887834814821018 -0.41164552772806828 0.69549414687877842
2.3987433941066203 -0.45802191262924974 0.7091792879545431
2.4077433119513838 -0.50492771850621609 0.7216774712659827
2.4157598595349858 -0.55231331033367914 0.73298403668644696
2.4226916687725559 -0.60015705379132378 0.74300537674669587
2.4285897842084152 -0.64837220887015312 0.75183018842219096
2.433437996119415 -0.69690503298649775 0.7594667240646773
2.4372184699215738 -0.74570274538406267 0.76592226881799974
2.4399152732374207 -0.79471235172950716 0.77120713175125899
2.44151445589831 -0.8438809064523779 0.77533456781880328
2.4420040091022432 -0.89315577728791418 0.77832058171121032
2.4413737325775275 -0.94248488267946529 0.78018365256075506
2.4396150667352163 -0.99181688343812324 0.78094444320737266
2.4367209426396834 -1.0411013274184642 0.78062554700842657
2.432655415859013 -1.0902848597217283 0.77922413606330798
2.4273877654217335 -1.1393112762449413 0.77674534027987674
2.4209716939153996 -1.1881387275718898 0.77326892987000595
2.413405820194972 -1.2367215556280025 0.76882409732741863
2.4046903184679973 -1.2850155050584759 0.76344156908691485
2.3948269832054758 -1.3329778497284779 0.75715356227138575
2.3838192188979921 -1.3805675019641426 0.74999367610390488
2.3716719360222944 -1.427745081900101 0.74199671178794757
2.3583913762094157 -1.4744729376608563 0.73319844750766228
2.3439849186434811 -1.5207151260884151 0.72363541274367582
2.3284609178927518 -1.5664373752841412 0.71334469806174483
2.3118285981399631 -1.6116070488281031 0.7023638132963389
2.2940583585529044 -1.6561707355259108 0.6907082275504286
2.2751676180059626 -1.7000993641945803 0.67842281451872732
2.2552031560903436 -1.7433841322864132 0.66556649400271461
2.2341780739411301 -1.7859994575242237 0.65217784489379549
2.2121066410613013 -1.8279216489890993 0.63829560047480816
2.1890042180775824 -1.8691288985794363 0.6239585052018537
2.1648870753189664 -1.9096011841282092 0.60920513342498817
2.1397721821936546 -1.9493201229621868 0.59407371330725045
2.1136770512035068 -1.9882688378876363 0.57860199053703021
2.0866196719875365 -2.0264318753077215 0.56282713662051287
2.0586185155089094 -2.0637951752815424 0.54678568364061664
2.0296925772487904 -2.1003460792622426 0.53051346716539693
1.9998614521020219 -2.1360733768365727 0.51404556961557513

-2.3960319862838539 2.1456037590697918 -0.16625839172778431
-2.4209591273841098 2.1144072339181252 -0.14594865530812687
-2.4452510287252589 2.0827629950316466 -0.12556195902363004
-2.4689061219544701 2.0506839519927111 -0.10510604998654563
-2.4919231074012753 2.0181828738750314 -0.084588453174451156
-2.5143003717537704 1.9852720126751429 -0.064016449937008182
-2.5360348538828767 1.9519624482490174 -0.043397049651795243
-2.5571222210600495 1.9182643183810617 -0.02273709750171372
-2.5775578630764286 1.8841874878855041 -0.0020434050974493991
-2.5973366654463383 1.8497414473838334 0.018677215179595565
-2.6164534586015606 1.8149355933904616 0.039417887503565487
-2.6349018338829748 1.7797786201208194 0.060171661612193478
-2.6526734115839852 1.7442782460661188 0.080931438317632817
-2.6697587272041625 1.7084417769966425 0.1016898714630651
-2.6861480919866882 1.6722765762327847 0.12243931600174079
-2.7018330114495517 1.6357907142593293 0.14317183243044171
-2.7168070661570605 1.598993264088975 0.16387924878265298
-2.7310643944548616 1.5618935363439013 0.18455315140364181
-2.7445980751571066 1.5245004094559922 0.20518478829988684
-2.7573996130537792 1.4868222104586208 0.22576497178761892
-2.7694588544681373 1.4488667945757205 0.24628398919488126
-2.7807649730328516 1.4106420078338533 0.2667316082478442
-2.7913078578916641 1.3721562008553445 0.2870971870071129
-2.8010762794825097 1.3334176124504844 0.30736946104294049
-2.8100580389788514 1.2944345047300634 0.32753649122571044
-2.8182390161770949 1.2552149653475209 0.34758546320165462
-2.8256036614049207 1.2157671859940558 0.36750265626972628
-2.8321372705827499 1.1761001569099665 0.38727376215771608
-2.8378270324486534 1.1362238855185391 0.40688411137421643
-2.842662554079852 1.096149416137286 0.42631885891047405
-2.8466349224290077 1.0558885029268259 0.44556288490510537
-2.8497353802167256 1.0154532882110743 0.46460054348606289
-2.8519545432833882 0.97485618793643836 0.48341545824476506
-2.8532822021723767 0.93410994021153249 0.50199041435293879
-2.8537083829706491 0.89322784967700064 0.52030760062872317
-2.853223028620369 0.85222377236690794 0.53834850488141905
-2.8518160625232931 0.81111217602091945 0.55609390061485287
-2.8494772189650353 0.76990817737125516 0.57352375833603597
-2.8461961288575721 0.72862761757379901 0.59061723313370829
-2.8419627765568012 0.68728715356158399 0.60735279795055197
-2.8367677614720317 0.64590430615644967 0.62370832940448651
-2.8306032750539156 0.6044974955303013 0.63966151395442061
-2.8234631950165858 0.56308598404598442 0.65518995372314393
-2.8153432202078919 0.5216898086759042 0.67027129724407752
-2.8062406606072261 0.48032971445749256 0.68488321674882957
-2.7961543516569942 0.43902709982980753 0.69900342969757245
-2.785084592826589 0.39780396500220905 0.71260973038462561
-2.7730326014702817 0.35668292445464544 0.72567974505697319
-2.7600005171082809 0.31568721109100384 0.73819093909987721
-2.7459914178661537 0.27484068020573171 0.7501206296833185
-2.731009716336136 0.23416773756289364 0.76144624143287098
-2.7150606921180773 0.19369340804304463 0.77214503839902093
-2.6981505366339698 0.15344335209516496 0.7821941336737025
-2.6802874297325432 0.11344358380210696 0.79157125186336985
-2.6614802658769618 0.073720762323695496 0.80025387410031923
-2.6417409942986203 0.034301439514148054 0.8082210197664943
-2.6210830194998107 -0.0047876081643703234 0.81545219581075212
-2.5995218914643039 -0.043519712840599745 0.82192802071072957
-2.5770748646599477 -0.081868277810204268 0.82762997847663422
-2.5537611601332109 -0.11980701942481077 0.8325407657026439
-2.5296016424011429 -0.15730997533506882 0.83664415206667109
-2.5046180326369201 -0.19435117651358996 0.83992430763110915
-2.4788335673793047 -0.23090506542605305 0.84236651587932865
-2.4522720148998083 -0.26694595390740339 0.84395621040245838
-2.4249587177551253 -0.30244873670543737 0.84468015704164046
-2.3969194373493146 -0.33738813723381506 0.84452521133115266
-2.3681814547097546 -0.37173957321803353 0.84347968177473198
-2.3387728899113229 -0.40547872834508636 0.84153262541297946
-2.3087228375735935 -0.43858171598761014 0.83867409285460937
-2.2780619094439687 -0.47102579485264778 0.83489609732259784
-2.2468217096522891 -0.5027890822131984 0.83019212261440567
-2.2150349413066954 -0.53385090918845335 0.82455754555021343
-2.1827351936526602 -0.56419185593311894 0.81798960528317011
-2.1499569863875636 -0.59379419622502827 0.81048789245606201
-2.1167351824391756 -0.62264140570582216 0.80205365042565735
-2.0831046710178724 -0.65071784472468175 0.79268938340135953
-2.049100595256796 -0.6780094995129935 0.78239974461712558
-2.0147575754144462 -0.70450266900941438 0.77118999943842559
-1.9801100469938859 -0.73018488174270324 0.75906715529920132
-1.9451917835623207 -0.75504391664719195 0.74603891315705961
-1.9100361306645595 -0.77906872133470306 0.73211476348115168
-1.8746755666681894 -0.80224823583840155 0.71730480012674724
-1.8391419576802208 -0.82457278786262622 0.70162128120654532
-1.8034661142889712 -0.84603263810804719 0.6850772108009624
-1.7676779651127796 -0.86661976891491821 0.66768821063477257
-1.7318061566590761 -0.88632644864278609 0.64947115882523676
-1.6958780394990425 -0.90514698947780226 0.63044589426915876
-1.6599193200739222 -0.92307627947240556 0.61063386179544932
-1.6239539113343158 -0.94011113921602629 0.59005933256933263
-1.5880036988078905 -0.95624874332317644 0.56874803845307298
-1.5520883863859811 -0.97148743687090566 0.54672789363950336
-1.516225378739847 -0.98582579059689857 0.52402825544968579
-1.4804297061335647 -0.99926241642071656 0.50067986584772994
-1.4447139618255598 -1.0117958473917117 0.4767148462515034
-1.4090882535864837 -1.0234244371590713 0.45216670535841286
-1.3735601674162989 -1.0341463061515124 0.42707037365632106
-1.3381347513814892 -1.0439592742149386 0.40146222073501653
-1.3028145280478016 -1.0528607498591189 0.3753800424972738
-1.2675995366922059 -1.0608476027229359 0.34886304081296377
-1.2324874002806407 -1.0679160759378927 0.32195182497195846
-1.1974734147449475 -1.0740617669316537 0.29468843828684749
-1.1625506840238335 -1.0792794435756476 0.26711632784382894
-1.1277102236188994 -1.0835635422565884 0.23928051517134888
-1.0929411946535204 -1.0869077552291375 0.21122743498948229
-1.0582311447087216 -1.0893046629784329 0.18300489118126215
-1.023566215734812 -1.0907463648765034 0.15466219573400691
-0.98893144539995914 -1.0912247427076696 0.12625009591560518
-0.95431111291846937 -1.0907294729051256 0.097820714927504548
-0.91968899566912288 -1.0892510708767846 0.069427694113463403
-0.88504876326981852 -1.0867788449028204 0.04112610266656222
-0.85037430759255506 -1.0833014417432107 0.012972523066316615
-0.8156501395125576 -1.0788077288101092 -0.014975084925253486
-0.78086175534202662 -1.0732867039757248 -0.042657427958650761
-0.74599605473923114 -1.0667287349995269 -0.070014265036673545
-0.71104175141857273 -1.0591266940128294 -0.096985012072633062
-0.67598974113884103 -1.0504771434870555 -0.12350958018940096
-0.64083333922666819 -1.0407810862074338 -0.1495291979081094
-0.60556855162555301 -1.0300462063031037 -0.17498819454695932
-0.57019395791525473 -1.0182867163575768 -0.19983480760663672
-0.53471072128481911 -1.0055261246602771 -0.22402383281590602
-0.49912215971699986 -0.99179789595824952 -0.2475183946285788
-0.46343318578647358 -0.97714724809445064 -0.27029263142146021
-0.42764969534169578 -0.96163307752108318 -0.29233512927211469
-0.39177786286435157 -0.94532795025785921 -0.3136514531741853
-0.35582133829945373 -0.92830966398192993 -0.33425604040554963
-0.31978114520494977 -0.9106681095688447 -0.3541794087511958
-0.28366254450648593 -0.89253686309121572 -0.37351271091894045
-0.24743585715567012 -0.87373841979540234 -0.39198392739854121
-0.21107835405748912 -0.85381390351580044 -0.40895111774768933
-0.17463902591425892 -0.83273337402744063 -0.42426743719758048
-0.13820907826175888 -0.81051327322391498 -0.43790198524743457
-0.10187923136716105 -0.78722007411916295 -0.44991763459721357
-0.065748429472806152 -0.76281769965120338 -0.46020615724418618
-0.029878876324867139 -0.73741053990574845 -0.46884697263381403
0.0056030903909962751 -0.71096055950342363 -0.47578944899326636
0.040600286346641333 -0.68350157085986063 -0.48108016124852226
0.074921343425124104 -0.65495257849734012 -0.4847952609215192
0.10868156687024425 -0.62557467776510334 -0.48678757907469533
0.14171279109645507 -0.59531535770221478 -0.48707396297324373
0.1739094850670953 -0.56419672596941139 -0.48573636117168717
0.20518148673305348 -0.53225804253600384 -0.48277868267007273
0.23548864449483004 -0.4995970945431667 -0.4781405514327825
0.26501354990383624 -0.46652773748415771 -0.47169891322110447
0.29368048744247138 -0.43308724910285207 -0.46352996284044634
0.32141738732124986 -0.39934720485760861 -0.45357760642910011
0.34819151454120195 -0.36539050537249362 -0.44187800454726961
0.37395718990799803 -0.3312915740843253 -0.4284551920035764
0.39873406429714486 -0.29721828193628652 -0.41322739642894724
0.42250251161633984 -0.26325629666556921 -0.39624433260398456
0.44533182965873347 -0.22959650283841163 -0.37746623861235479
0.46704147058069923 -0.19615280707574179 -0.35704593307580651
0.48795508184774539 -0.16343577531838713 -0.33471028166450589
0.50846037981266423 -0.13177371591224629 -0.31054762050991208
0.52864143791362095 -0.10122100179703666 -0.28473985867053286
0.54831941758191549 -0.071734087507992067 -0.2573518976902881
0.56728688981270614 -0.043331679848144851 -0.22836435384475129
0.58546285393043018 -0.015995707308897118 -0.19788130533761084
0.60266500116811061 0.010347824429429438 -0.16599345441068081
0.61862627753617772 0.035616901271892959 -0.13262521469551219
0.63365706356028628 0.060256757053984047 -0.098360876311687093
0.64842760309107372 0.085115381285429226 -0.064141118787192142
0.66293708156675446 0.11015996430005161 -0.029945253710967221
0.67714797852911335 0.13531171079479012 0.0042973360290508725
0.69111431485973251 0.1605077992335906 0.038607899860262376
0.70484446795128419 0.18570929870137406 0.073009449780645094
0.71822077708617882 0.21193019047315262 0.10677862957162844
0.73113513340808167 0.23985748763001929 0.13933617092587158
0.74362651132542079 0.26927529088613772 0.17072764493106082
0.75568712601201826 0.30011352914926032 0.20089911495022172
0.76740556952371308 0.33226871358421728 0.22980595771207316
0.77871573754959622 0.36565969291131156 0.25744503944830111
0.78972261341219119 0.40033199370436429 0.2835881596268045
0.8006011004256699 0.43609095461121972 0.30828357215928331
0.81119199421420662 0.47288750870582746 0.33153412189872006
0.82172308634899338 0.51074116531931368 0.35305314853497605
0.83221845161026875 0.54940830449593003 0.37309160895346261
0.84259035272674276 0.58897048654188877 0.39136790345392375
0.85308213066356975 0.62931490566525083 0.40777101997933246
0.86363774605369792 0.67037524045774066 0.42223595092342708
0.87454307821145427 0.71216578122773899 0.43411928083426066
0.88529747660378688 0.75454963650565421 0.44384517715479882
0.89532767291472815 0.79761199798238291 0.45102234732881968
0.90434283219361411 0.84120749074633994 0.45600521475805522
0.91216045307559546 0.88521283257037586 0.45902031046075481
0.91878966900788095 0.92950143091766968 0.46015757812865521
0.92420120504088521 0.97396498997581271 0.45948930930626136
0.92860210780753016 1.0184779112644062 0.45703427340349195
0.93181751409407665 1.0629807350565317 0.45303739258430986
0.93401857986166781 1.1073705522737558 0.44742521046529321
0.93501594695436241 1.1515593319557895 0.4401366287734948
0.93496848657184339 1.1954902858749579 0.43136544144153172
0.93397093733222458 1.2390373375876227 0.42090460356128956
0.93206018936963297 1.2821617883811525 0.40892564137832799
0.92883535924968008 1.3247560007692141 0.39543327158702368
0.92466449551903895 1.3667461183765763 0.38039032469923656
0.9198193429747088 1.4080172602140237 0.36365752146805086
0.91376639094599066 1.4485440682491233 0.34555374789297155
0.90669667554963718 1.4882799018302093 0.32611406565568124
0.89895232032533257 1.5270128819566671 0.30498302141250189
0.8903441397421572 1.5647871110677938 0.28249148701234505
0.88065248693135245 1.6014573514930472 0.25865721645515749
0.87007845981951148 1.6370006483452859 0.23352288687177522
0.85862561608448695 1.6712599678440729 0.20703080619756423
0.84643435353346752 1.7045140705856485 0.17959737074288665
0.8338011273385646 1.7373589845403072 0.15187170737886521
0.82081535919025161 1.7699649938532966 0.12402699575413922
0.80746483117223067 1.802334721088904 0.096079488373564975
0.79367086286708055 1.8344066487906674 0.068004337622266403
0.77939785559357544 1.8661815792179419 0.039831153668800211
0.76460550644665781 1.8976483252600909 0.011580145351403196
0.74925289359241509 1.928794350541815 -0.016727231788105968
0.7333023453442068 1.9596116494792675 -0.045063699092993972
0.7167180100137549 1.9900936979446797 -0.073398868692025818
0.69946622962270755 2.0202352706899118 -0.1016996617545462
0.68151569718881366 2.0500328026634227 -0.1299300410199857
0.66283859719092342 2.0794843240327272 -0.1580518917061495
0.64340776407483213 2.1085875759266983 -0.18602516825861282
0.62319904375833013 2.137340828024441 -0.21380851663569225
0.60219084271759837 2.165742327288207 -0.24135959678183735
0.58036343683590697 2.1937896640550925 -0.26863519671562885
0.55769932925419663 2.2214796217087955 -0.29559158407690889
0.53418369193357196 2.2488080742075813 -0.32218496476133285
0.50980410269934473 2.2757696153046325 -0.34837166778263684
0.48455074356361477 2.3023574234020643 -0.37410848855353213
0.45841649114462607 2.3285631246862146 -0.39935298922555507
0.43139737446654636 2.3543768734693584 -0.42406403163000611
0.40349222822171621 2.3797871426037669 -0.4482018536552661
0.3747024625109423 2.404780599902745 -0.47172812783011014
0.34503237942552417 2.4293422880668398 -0.49460638113210187
0.31448870052036154 2.4534554750950628 -0.51680184739244406
0.28308031735688599 2.4771016134587178 -0.53828138602291131
0.25081875536292042 2.5002607203884422 -0.55901398452672102
0.21771768434121352 2.5229112783057261 -0.5789704681680895
0.1837930894546182 2.5450305147907679 -0.59812374305719485
0.14906356743657578 2.5665948471979476 -0.61644923510956218
0.11354984888963039 2.5875798457802177 -0.63392456358588267
0.077274784789528095 2.6079604876936031 -0.65052963703138167
0.04026369005356574 2.6277117756699671 -0.6662472308030648
0.0025436156601603616 2.6468084989736598 -0.68106231972794007
-0.035856676626375303 2.6652255120366508 -0.6949621679810607
-0.074906997383627175 2.682937760683374 -0.70793607839688344
-0.1145757051001572 2.6999206137194598 -0.71997555631260568
-0.15482994288054563 2.7161499184745521 -0.73107411266357913
-0.19563581667706928 2.7316020661265572 -0.74122710906046474
-0.23695843465940677 2.7462542283771971 -0.75043182864236568
-0.27876204772596835 2.7600844577782828 -0.75868738890151011
-0.32101005560928925 2.7730720353775373 -0.7659949445218539
-0.36366517964471368 2.7851975826119704 -0.77235761202015663
-0.40668968425194274 2.7964430168803336 -0.77778024386212208
-0.45004550670046045 2.8067916459792341 -0.78226937561593568
-0.49369447851869819 2.8162279395661574 -0.78583285793532642
-0.537598297618197 2.8247380332528178 -0.78848024444291975
-0.58171881003148607 2.8323092242082328 -0.79022216882115159
-0.62601808058590536 2.8389299224048012 -0.79107022461575083
-0.67045843224176715 2.844589733105146 -0.79103697695030017
-0.71500248041361991 2.8492798347365405 -0.7901362280301204
-0.75961327169532944 2.8529925269297323 -0.78838253583609164
-0.80425431477074527 2.8557212853028044 -0.78579122133136492
-0.84888965409568617 2.8574616654252161 -0.78237906450641659
-0.8934840196470627 2.8582107971084629 -0.77816378697244537
-0.93800293025124626 2.8579675264126179 -0.77316410608273056
-0.9824128763560338 2.8567329428483461 -0.76740006865693933
-1.0266814599395535 2.8545100768163407 -0.7608927185629053
-1.0707773865981693 2.8513031644671547 -0.75366348621677393
-1.1146706369770403 2.8471182055014745 -0.74573454938961536
-1.1583322676810015 2.8419617118171576 -0.73712789214078578
-1.2017343710901467 2.8358407186921801 -0.72786532212627952
-1.2448501572213337 2.8287631288584074 -0.717968694635572
-1.2876537620519684 2.8207371047194418 -0.70745950008211667
-1.3301202046743457 2.8117711090497135 -0.69635890798223221
-1.3722254742744646 2.801874224305561 -0.68468796924523678
-1.4139464917697204 2.7910560572788827 -0.67246754476097992
-1.4552610967989237 2.7793267342128858 -0.65971829809829163
-1.4961484188046441 2.7666976745293699 -0.64646112706917169
-1.5365895305257555 2.7531826646562041 -0.63271769791982857
-1.5765674823452103 2.7387975043144261 -0.6185101494452192
-1.61606662932735 2.7235585468607741 -0.60386027166674805
-1.6550732760167239 2.7074837422818203 -0.5887900191474188
-1.6935747512336807 2.6905909366896563 -0.57332061007942237
-1.7315591330048685 2.672897539335283 -0.55747238905976737
-1.7690152149251943 2.654420601235127 -0.54126489590478166
-1.8059325030529947 2.6351769155331106 -0.52471693817959331
-1.8423011920424119 2.6151830672054532 -0.50784663532364294
-1.8781121723268686 2.5944555064028383 -0.49067146547715124
-1.9133567010448511 2.5730101888629049 -0.47320813431477937
-1.948026509385995 2.5508628034946748 -0.45547269250673594
-1.982114076645191 2.5280291496523151 -0.43748069328379585
-2.015613002038283 2.504525556169245 -0.41924734266994573
-2.0485182048098944 2.4803690406359613 -0.40078753661289546
-2.0808258360425844 2.4555771359738414 -0.38211577999663926
-2.1125331192756995 2.4301676637866194 -0.36324609764256588
-2.1436376820523151 2.4041580400870042 -0.34419181717779307
-2.1741369534398398 2.3775647548681564 -0.32496544776955699
-2.2040287861575965 2.3504040487764097 -0.30557891798438147
-2.2333104213750192 2.3226910137953967 -0.28604335848786694
-2.2619794895137617 2.2944405894337354 -0.26636941939281705
-2.2900331640326761 2.2656668630251957 -0.2465671216469956
-2.3174687957624518 2.2363836770489049 -0.22664604962478632
-2.344282955147706 2.2066038936692833 -0.2066152185898506
-2.3704719965181007 2.1763399327440478 -0.18648324696274873

1.2919742046266149 -0.89654846483590178 -0.022035024782407091
1.258418480061285 -0.89932371658918298 0.0057454770488476773
1.2246460452436307 -0.9011571021506728 0.033340824167768429
1.1906425621827668 -0.9020429766446566 0.060698031017397631
1.1563951706939404 -0.90197684927377875 0.087763626642550205
1.1218929749732658 -0.90095622399334785 0.11448417360277927
1.0871274082564686 -0.89898116131768702 0.14080682196668998
1.0520924698458212 -0.89605469795000536 0.16667984033856706
1.0167853925266361 -0.89218507976873429 0.1920541990761501
0.98120667256538219 -0.88738610468388124 0.21688452784082327
0.94536043455110463 -0.88167926339497571 0.24113118759894137
0.90925426906530094 -0.87509493665748772 0.26476200211009759
0.87289893113203187 -0.8676735578824345 0.28775421050039673
0.83630798705768439 -0.85946691168341272 0.3100967847317852
0.79949685146506433 -0.85053843108903093 0.33179168571659085
0.76247898131178837 -0.84095377489046108 0.35284557377914949
0.72526963377627685 -0.83079288751000169 0.37328304581939731
0.68789405702658446 -0.82017747865822987 0.39317941004336199
0.65029035617035735 -0.80894531721063234 0.41228819996807187
0.61233307457417208 -0.79659865274048181 0.42994961903868506
0.57406335816792842 -0.78312797834824244 0.4460516668507819
0.53556846293658245 -0.76863101213615248 0.46065027037943318
0.49692312698284608 -0.75303028487171764 0.4736287505122761
0.45821804358923313 -0.73641942212740197 0.48508152787839293
0.41953301634558848 -0.71873250277666145 0.49487364392668703
0.38095992569970699 -0.70003676746669707 0.5031076451715587
0.34263256097353595 -0.68025102391971948 0.50979903036284246
0.30462835916935649 -0.65941902578909783 0.51498906659373167
0.26697786220130387 -0.63761951498780189 0.51851023508443073
0.22977805457412381 -0.61486377215749444 0.52040839200483202
0.19312777781929213 -0.59116129973093368 0.52076877388055498
0.15714736828506315 -0.56647933609272227 0.51956433077071895
0.12192767699372363 -0.54083898506528205 0.51686278832490928
0.087382608815102319 -0.51452643829807709 0.51243922487318283
0.053439690162932679 -0.48776319056774819 0.50637500434718064
0.020290119991659715 -0.46046621432945228 0.49854888676557307
-0.012099378238322505 -0.4327593041026439 0.48914574243383646
-0.043581914084892211 -0.40467179196550224 0.47795654047873265
-0.074192198075875682 -0.37626383185936213 0.46526109289641782
-0.10379923346949656 -0.34768991413071249 0.45069473876619787
-0.13252911902308895 -0.31901538763558074 0.43464551984811212
-0.16027036935531758 -0.29049652961700995 0.41669324026622978
-0.18695742189950718 -0.26186234933483765 0.39737636112136099
-0.21270265022936174 -0.23371192112431274 0.37616723541194547
-0.23782127609057294 -0.20627965990138189 0.35332443162571076
-0.26233946574010225 -0.17981622905688238 0.32875489273699304
-0.28622061527432907 -0.15421090385139344 0.30269023515755589
-0.30928520263596543 -0.1295114706432221 0.27506682110196196
-0.33143311870418812 -0.10561002759394751 0.24602313949836704
-0.35254234274886953 -0.082433119160379612 0.21565371345291362
-0.37236738797535479 -0.060104229868423689 0.18381562512799496
-0.39114395404906493 -0.038126030228038885 0.1511076741055018
-0.4092834202057985 -0.016264917623360797 0.11796312422406945
-0.42724867819708684 0.0059120936228936258 0.084933712871480382
-0.4449704666496449 0.02828465703055686 0.051904592891762427
-0.46245106930662805 0.050794190400387483 0.018839989592452394
-0.4796998068748618 0.073394470245247173 -0.014284423750855372
-0.49670200478851123 0.096105623462935774 -0.047460413566281973
-0.51345356072965742 0.11882619024435419 -0.080757214226466742
-0.52996343359031473 0.14244022546762816 -0.11354357210411282
-0.54622511961069764 0.16774077947822136 -0.14517760791381407
-0.56221234754138005 0.19444549931560953 -0.17577944524283104
-0.5778981997316196 0.22264484817147162 -0.20517340558029612
-0.59338545061347514 0.25211289218370631 -0.23340526112375903
-0.60873135761575392 0.28286811574132437 -0.26030969959826294
-0.62382056575316436 0.31485781901560933 -0.28588769378410372
-0.63886371502010819 0.34792801899898707 -0.3100813163210005
-0.65384454235791434 0.38203431991157172 -0.33283205565469165
-0.66890408043374772 0.41705769114916291 -0.35408833478955121
-0.6839610991400108 0.45305923133230991 -0.37364187901467083
-0.69909198028265263 0.48987552152931385 -0.3915557497147677
-0.71450177425771089 0.52743415556125295 -0.40758438462799773
-0.7302897007171153 0.56569025439259757 -0.42145417512921768
-0.74618913504022766 0.60460219542047611 -0.43320385366334596
-0.76164304909698566 0.64427418219094512 -0.44282401587021319
-0.77659258584992419 0.68454022400762105 -0.45057387744410915
-0.79058902679989429 0.72549084311835099 -0.45624284980593843
-0.80340622571550702 0.76701725769998164 -0.46029843640912571
-0.81519536421456285 0.80898419592430804 -0.46251805085766856
-0.82570272321660731 0.85134446872646374 -0.46314242952392265
-0.83497875251543974 0.89398768852803345 -0.46229248451460397
-0.84316294124382496 0.93679057161893309 -0.45981508036613089
-0.85020980191559159 0.97968179947367851 -0.45582475977356779
-0.85609531322716714 1.0225900814604421 -0.45039607462771974
-0.86081336368736194 1.0654223482696834 -0.44344218265672675
-0.86444323842305881 1.1081023467683997 -0.43504568038396352
-0.86704235129707574 1.150525924580915 -0.4251107003466682
-0.86855205996823348 1.1926378271794404 -0.41372840338470218
-0.86891976091643641 1.2343437876009633 -0.40085654752949934
-0.86833043021451484 1.2755978931571936 -0.38660676458588167
-0.86665298601571239 1.3162837036005035 -0.37089054788944387
-0.86399237168616616 1.3563460686676194 -0.3537662120567367
-0.86031802775808996 1.3957110323212467 -0.3352713957788257
-0.85557676495014512 1.4342962789407603 -0.31542229286658191
-0.84988018802006937 1.4720275639225366 -0.29423097342625543
-0.84318199425989426 1.5088207876091175 -0.27172161100391917
-0.83549752938832356 1.5446370302941528 -0.24798727877727517
-0.82674176312849446 1.5793120616732876 -0.22296339539486126
-0.81717747890878079 1.6131549045444482 -0.19710513737315888
-0.80721296459743375 1.6466715126295439 -0.17097373772337787
-0.79687573869498007 1.6799390485029813 -0.14466941596347244
-0.78612513483769264 1.7129502808955142 -0.11820846170063747
-0.77490033709289008 1.745668125467541 -0.091580658104037121
-0.76315815017125588 1.7780776181377249 -0.064799403137953543
-0.75085664493591397 1.8101663876289487 -0.037883426207657007
-0.73795644708023733 1.8419227974737487 -0.010853862842621855
-0.72442151895174911 1.8733378256185105 0.016264028212634389
-0.71021962305951825 1.9044054761778337 0.043440895828874504
-0.69532179179350551 1.9351220588748783 0.070644165326294972
-0.6797018358923762 1.9654855455409088 0.097838729193595084
-0.66333586194761951 1.9954949942128022 0.12498745712029852
-0.64620253589144538 2.0251503830479844 0.15205162848497245
-0.6282826802831446 2.0544521804694167 0.17899123777328971
-0.6095593982955898 2.0834011712913552 0.20576530232274759
-0.59001807597237399 2.1119982054171293 0.23233218032191161
-0.56964629674517075 2.1402439041113386 0.25864986383569172
-0.54843373281689423 2.1681383656128226 0.28467623798399583
-0.52637201883839557 2.1956808780002244 0.31036929877553682
-0.50345481359199884 2.2228697298563609 0.33568741657910361
-0.4796778003699872 2.2497020228838212 0.36058956986744534
-0.45503867787214852 2.2761735121347 0.3850355504139184
-0.42953705775843326 2.3022784427979963 0.40898609494500088
-0.40317454087825877 2.3280094963972915 0.43240309086228484
-0.3759548045529032 2.3533577842669375 0.45524979648860769
-0.3478831208033763 2.3783126176226226 0.47749064245511286
-0.31896692222814332 2.4028617843465989 0.49909172809859143
-0.2892154186858335 2.4269914308587364 0.52002065980006362
-0.2586392879830049 2.450685965675039 0.54024634042736919
-0.22725143631436215 2.4739285597648428 0.55973968141115582
-0.19506621820542458 2.496700857538436 0.57847299622507631
-0.16209976471305193 2.5189832856529697 0.59642032480156693
-0.12837007561907163 2.5407552820298318 0.61355759675844035
-0.093897121543956769 2.5619955761767441 0.6298628417172516
-0.058702905934607363 2.5826824925647682 0.6453164006281803
-0.022811439820513372 2.6027942351510585 0.65990107620931238
0.013751395832691105 2.6223091092993238 0.67360216650536453
0.050958089372036275 2.6412056529171326 0.68640735716623325
0.088779793251826167 2.659462678373163 0.69830649522667487
0.12718661218469801 2.6770592566705482 0.70929130650565386
0.16614788635448219 2.6939746189156066 0.71935503597296757
0.20563219724779747 2.7101883357952263 0.72849249367105329
0.24560758602059168 2.7256801998400433 0.73669972088406577
0.28604158575393002 2.7404302939204874 0.74397393422522784
0.32690134397970194 2.754418869911968 0.75031325492894796
0.36815322000333295 2.7676272502962709 0.75571767964948611
0.40976334343993209 2.7800369767936792 0.7601879176864168
0.45169749321559388 2.7916300347906202 0.76372560047370064
0.49392070816293632 2.8023901610688835 0.76633465309472992
0.53639768482459116 2.812302374985487 0.76802060229532976
0.5790927998371751 2.8213534863395262 0.76879100235876829
0.62197030290033339 2.8295322139633758 0.76865541548420357
0.66499448384714421 2.8368295499640501 0.76762563820321461
0.70812997863019245 2.8432383344307968 0.76571512464916636
0.7513419502759674 2.8487531044396994 0.76293873269745516
0.79459623809670721 2.8533696597584495 0.75931222621673045
0.83785942736210683 2.857085094126901 0.75485224947824914
0.88109890542292146 2.8598973844102127 0.74957590232090243
0.92428285986578884 2.8618052279835497 0.74350057785040902
0.96738022807068746 2.8628077160128798 0.73664367967916344
1.0103607888166206 2.8629052464541362 0.7290233978981856
1.0531950630505695 2.8620985086431081 0.72065782597820993
1.0958543012429747 2.8603887130024201 0.71156517352993365
1.138310644291245 2.8577783071590144 0.70176432571043268
1.1805370545737688 2.8542704331082565 0.69127438366766392
1.2225074565510938 2.8498693775310677 0.68011499919274754
1.2641970371741176 2.8445812642196762 0.66830684196286327
1.3055823849553891 2.8384140050189117 0.65587148403164541
1.3466415772084912 2.8313771502013116 0.64283122345918953
1.3873541165139427 2.823481439102788 0.62920871977345516
1.4277012159043316 2.8147392523479979 0.61502724387362295
1.4676649246018099 2.8051625068519228 0.60030926741814505
1.5072293515426676 2.7947652846628257 0.58507813832703326
1.5463787182274273 2.7835597885382435 0.56935553088105406
1.5850987143144524 2.7715592614999998 0.55316330507165801
1.6233759929915532 2.7587769699092344 0.53652286861328058
1.6611980593551134 2.7452260777535704 0.51945512239881686
1.6985532431711929 2.7309196749365636 0.50198049649267773
1.735430670746507 2.715870791863741 0.48411897394941422
1.7718202239496572 2.7000923875071901 0.46589009827867145
1.8077125144639843 2.683597357392407 0.44731299014529147
1.8430988758754301 2.6663985612710088 0.42840637156612338
1.877971364778739 2.6485088557222309 0.40918858994586849
1.9123230178641568 2.6299414431526014 0.3896777718224545
1.946147777048419 2.6107097522351284 0.3698917559479703
1.9794406090676739 2.5908275698441088 0.34984813602281983
2.0121974372610847 2.5703089310267599 0.32956419995364727
2.0444149075705553 2.5491678349882454 0.30905681446766076
2.0760897543588737 2.5274175610746847 0.28834220144600325
2.1072198271202276 2.5050718514604196 0.26743634485279877
2.1378012952031082 2.4821419444650705 0.24635408252815871
2.1678313969453162 2.458639658274334 0.22511013557550735
2.1973070181895307 2.4345759113591932 0.20371867208459388
2.2262248132036806 2.4099609408680314 0.18219342708612948
2.2545813829596542 2.3848045445879698 0.16054779991920273
2.2823727362037278 2.3591156288732185 0.13879479199224326
2.3095943688424074 2.3329023758245175 0.11694710051970542
2.3362416723676547 2.3061726840049031 0.095017239622964961
2.3623104770124908 2.2789346748957962 0.073017629805653114
2.3877972932542577 2.251196884801252 0.050960606022198783
2.412699407192084 2.2229683108014435 0.028858390814604208
2.4370140790155697 2.194257724082139 0.0067230130096698369
2.4607378085541818 2.1650731174256337 -0.01543369422631936
2.4838659883401824 2.1354215196767776 -0.037600027710442886
2.5063932312145409 2.1053093441960087 -0.05976433213806006
2.5283132864793885 2.0747424014339537 -0.08191493402115424
2.5496196767746677 2.0437264339572034 -0.10404010338566098
2.5703055058267275 2.0122670067078583 -0.12612802142415516
2.5903626381913272 1.9803689853641488 -0.14816667518623508
2.6097819366538024 1.9480367944504868 -0.17014379766144408
2.6285529701543187 1.9152743061479567 -0.19204677000494078
2.6466646551104902 1.8820853503548454 -0.2138626240844359
2.6641061424976082 1.8484743185652315 -0.2355781348638519
2.6808673871743278 1.8144464969067939 -0.25717992731445577
2.6969391734825972 1.7800080309367361 -0.27865452359294113
2.7123126670574753 1.7451656203008983 -0.29998829413070238
2.7269788182042611 1.7099261731346542 -0.32116734126811136
2.7409275708878371 1.6742964141402121 -0.34217728575790068
2.7541495563986991 1.6382838381728402 -0.36300364846075001
2.7666326288333347 1.6018949507728879 -0.38363092569750268
2.7783657493777998 1.5651373619043465 -0.40404353693630773
2.789337038379549 1.5280188103409986 -0.42422529577238
2.7995341818227786 1.4905474296590275 -0.44415947538094164
2.8089443777126646 1.4527317793774537 -0.46382875246514255
2.8175543572102706 1.4145809145152188 -0.48321517250594415
2.8253505291303247 1.3761045042021331 -0.50230016103079456
2.8323192403774606 1.3373129822113721 -0.52106458906606423
2.8384471047179836 1.2982176985524418 -0.53948888389298566
2.8437211487353951 1.2588309817414225 -0.55755308210169507
2.8481294707231264 1.2191663455033281 -0.57523712126732085
2.8516613021859882 1.1792384528324127 -0.59252090923955503
2.8543064546763048 1.1390629152416047 -0.6093840939025037
2.8560563005874746 1.0986565262849719 -0.62580655548526731
2.8569026532367352 1.0580369163455345 -0.64176789673509549
2.8568377170098862 1.0172225585633339 -0.65724739882806982
2.8558556456520456 0.97623305496581458 -0.67222488085907284
2.8539491839241227 0.93508849448044684 -0.68667885956405128
2.8511132836443571 0.89381013187124003 -0.70058853601497884
2.8473428781158647 0.85241999207451835 -0.71393255077131978
2.8426340130862195 0.81094104075208939 -0.72668963699230593
2.8369833649501541 0.76939712203679289 -0.73883832877417965
2.8303891450468419 0.72781300059420284 -0.75035755623061517
2.8228503346576459 0.68621428569309928 -0.76122616241629137
2.8143678568879893 0.64462740974020638 -0.7714237327526926
2.8049440373425067 0.60307953058173092 -0.78093028421421007
2.7945826862355783 0.56159846455307283 -0.78972636537663743
2.7832889570943178 0.5202126337385099 -0.79779298901259621
2.7710698957869244 0.47895092345318591 -0.80511212094858386
2.7579337864829823 0.43784266855281756 -0.81166622386146681
2.7438903565697701 0.39691756473970563 -0.81743846381117957
2.7289507770223858 0.35620559112085504 -0.82241276516960449
2.7131276703381144 0.31573692658799007 -0.82657387654543746
2.6964350842013705 0.2755418718503424 -0.82990740907988558
2.6788885561654925 0.23565073579875792 -0.83239996814464245
2.6605051240957618 0.19609372088867549 -0.8340392494374278
2.6413031899156971 0.15690086532592626 -0.83481398902859727
2.6213025273137971 0.11810193142777066 -0.83471405991861114
2.6005242239420396 0.079726314281520702 -0.83373050974676077
2.578990613968891 0.041802954437831018 -0.83185559231373973
2.5567252026587717 0.0043602550520411678 -0.82908279427567344
2.5337523773643014 -0.03257383388239201 -0.8254065830467775
2.510098224224472 -0.068972589714358115 -0.82082362319164615
2.4857889722633302 -0.10480948057550478 -0.8153308842332605
2.4608517459392925 -0.14005880200628781 -0.80892671421271711
2.4353146310436307 -0.17469595096184493 -0.80161114850646231
2.4092061751451874 -0.20869711995126369 -0.79338536440856144
2.3825553664546328 -0.24203940114750119 -0.78425180768343139
2.3553916462155091 -0.27470098684377231 -0.77421442734018753
2.3277447139058047 -0.30666113793523558 -0.76327858684807248
2.2996444363219037 -0.33790028228384289 -0.75145115958677744
2.2711207389221864 -0.36840011782360538 -0.73874062240490812
2.2422034640861583 -0.39814368769380099 -0.72515711013965489
2.2129222034927811 -0.42711542106955525 -0.71071243123724148
2.1833060934366486 -0.45530108657194901 -0.69541999580651104
2.1533836049061774 -0.48268768626188524 -0.67929470283617777
2.1231824768212837 -0.50926374271323571 -0.66235323620675446
2.0927293629339863 -0.53501877154067534 -0.64461353841425217
2.0620496481041704 -0.5599430112716226 -0.62609462391579762
2.0311675048313762 -0.58402811474447791 -0.60681727811694985
2.000105533815367 -0.60726627910253028 -0.58680330368384148
1.9688847300798489 -0.62965052192607585 -0.56607585762989276
1.9375244063774841 -0.65117500947204587 -0.54465976446263353
1.9060419545282512 -0.67183435758161458 -0.52258100298585786
1.8744528606096438 -0.69162454891056802 -0.4998674540668549
1.8427704631973147 -0.71054196150477422 -0.47654819528123876
1.8110059158455338 -0.72858372087693812 -0.45265381126096732
1.7791681643159813 -0.74574844044730426 -0.42821683275676731
1.7472636979952729 -0.7620337567288924 -0.40327023893756919
1.7152967151849106 -0.77743850640971612 -0.37784884364552179
1.6832690316617001 -0.79196150548409094 -0.35198856472186923
1.6511801073756125 -0.80560129785264123 -0.32572636217555284
1.6190271138069827 -0.81835614805025769 -0.29910030165346635
1.5868050236753934 -0.83022399414842329 -0.27214958375103271
1.5545067302550009 -0.84120244181136694 -0.24491457926427354
1.5221231919555844 -0.85128872152907331 -0.21743684057299309
1.4896435936199051 -0.86047953018332657 -0.1897590834318868
1.4570555259574611 -0.86877083035869773 -0.16192518427868766
1.4243452425730621 -0.8761580523021204 -0.13398024288742241
1.3914978695530915 -0.88263572640536769 -0.10597055714452054
1.3584977132869185 -0.88819774169254206 -0.077943692728176514
1.3253285935971548 -0.89283756250529445 -0.049948490516918638
