1.5040450366500171 1.423189643620093 -5.3690542841566588e-05
1.5034387903002813 1.4231896443637555 0.031444366706428792
1.5026402285018436 1.423189643503546 0.062937158298939519
1.5007797052014547 1.4231896444818632 0.094386010798994349
1.4986181582797742 1.4231896434042652 0.12581531202795593
1.4955126424372656 1.4231896448016323 0.15716577577743859
1.4920420651301782 1.4231896431197077 0.18847792297599927
1.4876352370285415 1.423189645296659 0.21967182152491715
1.4828839027819678 1.4231896427259387 0.25081533940726009
1.4771451205496364 1.42318964584965 0.28179205687256115
1.4711047969776554 1.4231896424132495 0.31271146603612765
1.4640591131631473 1.423189646529835 0.34341706048145115
1.4567997360829914 1.4231896416976133 0.37407314497085886
1.4484213614201458 1.4231896478642054 0.40444121571132274
1.4399903950930562 1.4231896405319535 0.43479602753994001
1.4302371173177961 1.4231896491191642 0.46475108162006962
1.4205441188822927 1.423189640612732 0.49472610163594172
1.4095422215018507 1.4231896483757438 0.52424650237362347
1.3985022386643555 1.4231896419315493 0.55375192226202374
1.3863712206506964 1.4231896478704791 0.58282655045678944
1.3740764910250665 1.4231896424580945 0.6118323331455624
1.3607721827538684 1.4231896481654769 0.64038869011428545
1.347307720709146 1.4231896421911168 0.66887031993598023
1.3327885023494812 1.4231896491055211 0.69682824685455746
1.3181692584179301 1.4231896419196686 0.72473475914106988
1.3024555974144756 1.4231896497869594 0.75203960832316363
1.2867221741598693 1.4231896414743452 0.77933347572739753
1.269835857483794 1.4231896514504929 0.80592762853362776
1.2530992037527788 1.4231896397421808 0.83261800066285785
1.2349869357720125 1.4231896538940747 0.85839166666548661
1.2172477622347624 1.4231896384357741 0.88442637617672415
1.1979856698739688 1.4231896547288059 0.90935440309867432
1.1791177856140285 1.4231896399303299 0.93458194996673249
1.1589084603768818 1.4231896527431678 0.9587496349591772
1.1388699129029907 1.4231896423806791 0.98305844621578797
1.1177841468535326 1.4231896516315254 1.0064654168882852
1.096685917626014 1.4231896436416733 1.0298611542668292
1.0746892903491847 1.4231896515410967 1.0524135666939693
1.0526121480344355 1.4231896441701275 1.0748878014993635
1.0296983491270515 1.4231896513752913 1.0965084700626868
1.006657985746618 1.4231896451921191 1.1179942202532953
0.98289448718094707 1.4231896513426681 1.1386772524850712
0.95897315190615184 1.423189645496822 1.1591775892145708
0.93437377501643026 1.4231896524158709 1.1788577031346907
0.90965231272402403 1.4231896448457353 1.1983857380421574
0.88420903676583584 1.4231896536124795 1.2169624710359845
0.85867520481120008 1.423189645365627 1.2354147647282934
0.83247407665059647 1.4231896528288324 1.2529074704887855
0.80613114278502351 1.4231896471946632 1.270184491050506
0.77926924999088898 1.4231896518698104 1.2866443929876301
0.75219936461653958 1.4231896485768549 1.302759852014314
0.7247125907531079 1.4231896515155915 1.3181537816145255
0.69697504905772545 1.4231896495412208 1.3330910988400368
0.66888401975614975 1.423189651346964 1.3473523291786615
0.64052229847581532 1.4231896504757378 1.3610672955779284
0.61187537414718973 1.423189651173971 1.3741763353587411
0.58295400443078427 1.4231896513628048 1.386668339989011
0.55380474127970314 1.423189651057492 1.3986185986144672
0.52438318580912568 1.4231896522009817 1.4098809930033496
0.49478055649315111 1.4231896509484165 1.4206591013577037
0.46489726530219116 1.4231896529955312 1.4306320501976124
0.43486553110291393 1.4231896511012267 1.4401490412908029
0.40457648878470631 1.4231896532601682 1.4488128656025858
0.37416206163095894 1.4231896516696037 1.4570244037880513
0.34354507490124381 1.4231896534517321 1.4644467050267624
0.31281639121864341 1.4231896520345098 1.4713924810878232
0.28191953659353586 1.4231896538754774 1.4775467884628157
0.25093134999274436 1.4231896521987391 1.4832232663827853
0.21980331342810594 1.423189654450735 1.4880735519100672
0.18860471712581875 1.4231896523517211 1.4924486175584963
0.15729785895654308 1.4231896548840217 1.4959666336932755
0.12594486188651571 1.4231896524956558 1.4990461763233816
0.094518527884123418 1.423189655545511 1.5012500473077375
0.063067574677327112 1.4231896522471568 1.5030741740694469
0.031575521454055122 1.4231896564804496 1.5039159606987129
7.6203790876812338e-05 1.4231896520411353 1.5044518987388003
-0.031423047303973592 1.4231896568335687 1.5039135457443589
-0.062915196630570422 1.4231896527366878 1.5030749304128994
-0.094365578962455135 1.4231896565294058 1.501240898377399
-0.12579183378774889 1.4231896535516144 1.4990368759946171
-0.15714373637837084 1.4231896564747228 1.4959463115934575
-0.18845098360599516 1.4231896539178717 1.4924317594194074
-0.21964800959083366 1.423189656731084 1.4880453508892957
-0.25077757046334315 1.4231896542386577 1.483204795637701
-0.28176267448703324 1.42318965682139 1.4775114741779016
-0.31266133106458494 1.4231896545534504 1.4713665117376116
-0.3433852144179067 1.4231896571365246 1.4643995326471315
-0.37400622576024134 1.42318965453191 1.45699370767595
-0.40441123504284071 1.4231896578318253 1.4487474370113003
-0.43471069858672573 1.4231896541100184 1.4401199867459546
-0.46472723784456754 1.4231896585886283 1.430555409772104
-0.49463047202509758 1.4231896542864655 1.4206425471479294
-0.52421163663090808 1.4231896583026966 1.4098053697811739
-0.55365399805377702 1.4231896550553387 1.3985980205210369
-0.58277538647045346 1.4231896580515981 1.3865799197467437
-0.61172603255197633 1.4231896553752921 1.3741559710833393
-0.64033025071369731 1.4231896582853576 1.3609539064981171
-0.66874174971050726 1.4231896553475627 1.3473421602413318
-0.69676553810256003 1.4231896587375528 1.3329493531854986
-0.7245817349112037 1.4231896552923693 1.3181591674346098
-0.75197114568926893 1.4231896591150801 1.3025926654773272
-0.77915611296497067 1.4231896550452172 1.2866718534246322
-0.80586454455703282 1.4231896599452216 1.2699646970775647
-0.83240124460792442 1.4231896540878459 1.252985442845423
-0.85835191327783322 1.4231896613661223 1.2351246096275914
-0.88418655073194274 1.4231896530756711 1.2170950048169786
-0.90931890693197337 1.423189661862414 1.1980988587904877
-0.93434537676166007 1.4231896537254591 1.1789644826624477
-0.95867591506814631 1.4231896610858434 1.1589515218379665
-0.98285040761252673 1.4231896545053551 1.138751075444804
-1.0063568210470608 1.4231896611524542 1.1177762318813795
-1.029682035362014 1.4231896541275784 1.0966000617102372
-1.0522757877864144 1.4231896620666806 1.0746454792143356
-1.0747269580893271 1.423189653238742 1.052545015782288
-1.0963404523874416 1.4231896627921958 1.0296244469139864
-1.1178662992765369 1.4231896526207881 1.0066216338377085
-1.1384741207052589 1.4231896640165826 0.982792796226161
-1.1590862078237192 1.423189650884827 0.95896764838015491
-1.1786044089274965 1.4231896669535855 0.93424017242046564
-1.1983376273361046 1.4231896474907459 0.90968225582581197
-1.2166584308767843 1.4231896698611091 0.88405464957389346
-1.2353712834084112 1.4231896473298022 0.85871234482051884
-1.2526169059553753 1.4231896674591449 0.83234803408098845
-1.2701044662464411 1.42318965074884 0.80614591738522723
-1.2863825118815719 1.4231896642432307 0.77917331969023906
-1.3026480106271874 1.4231896531732995 0.75219376462050924
-1.3179012918894726 1.4231896628436733 0.72462869619643111
-1.3329724877916218 1.4231896541548974 0.69696370634504157
-1.3471051021313745 1.423189661872035 0.66880765731743086
-1.360931393170312 1.4231896553917838 0.640500285651049
-1.3739374070343859 1.4231896608266024 0.6118064501854007
-1.386529423202655 1.423189656146979 0.5829284839347505
-1.3983821646958936 1.4231896604629033 0.55373943360741851
-1.4097508634526965 1.4231896561041555 0.52435853356558582
-1.4204099391010945 1.4231896609572889 0.49471310452034961
-1.4305284565839689 1.4231896556000816 0.4648785468153232
-1.4399034214571289 1.4231896608846883 0.43480210664671665
-1.4486919820804394 1.4231896564415134 0.40454927600709545
-1.4568011550160664 1.4231896598710694 0.37410725400563122
-1.4643036710541728 1.4231896573387928 0.34350996027605613
-1.4711851216213108 1.4231896592117319 0.3127668292010789
-1.4773994248518743 1.4231896578678074 0.28188190988251305
-1.4830229960328012 1.4231896587783308 0.25088408140545349
-1.487925828579397 1.4231896582219781 0.21976417009557592
-1.4922535568095565 1.4231896584205785 0.18855901117795701
-1.4958189453936162 1.423189658584358 0.15725751264832788
-1.4988639370891683 1.4231896580565553 0.12590112187995126
-1.5011045084539567 1.423189658938306 0.094477247699209496
-1.5028953902642963 1.4231896576542622 0.063024415612156937
-1.5037811649758064 1.4231896593313182 0.03153344982072076
-1.5042823567742425 1.4231896573008305 3.3592871304398958e-05
-1.5037844312222035 1.4231896594251425 -0.031466330660062276
-1.5029146105104432 1.4231896574213909 -0.062957628067328866
-1.5011119563875284 1.4231896591713906 -0.094409780819141975
-1.4988867219010829 1.4231896576283605 -0.1258345153609047
-1.495820349356433 1.4231896590236093 -0.15718876813248356
-1.4922916104209094 1.4231896576175391 -0.18849438395941029
-1.4879275461489587 1.4231896590387063 -0.21969454211615697
-1.4830775934595197 1.4231896575899132 -0.2508226424035882
-1.4774022678908132 1.4231896589592112 -0.28181102983816647
-1.4712505970550762 1.4231896575766274 -0.31270831773322638
-1.4642999542883994 1.423189659004821 -0.34343590096207399
-1.4568887319853605 1.4231896573740577 -0.37405561888411637
-1.4486562169631814 1.4231896592544668 -0.40446443089515888
-1.4400220822070999 1.423189656955304 -0.43476198543602129
-1.4304736297493144 1.423189659533953 -0.46478370878473879
-1.4205535620572682 1.4231896569093665 -0.49468453917694677
-1.4097307091330655 1.4231896591929729 -0.52427092893974026
-1.3985179671433206 1.4231896572339571 -0.55371120217356651
-1.386509959046196 1.4231896588379398 -0.58283672326352376
-1.3740792950310241 1.4231896573455818 -0.61178441111249382
-1.3608922901016489 1.4231896587424775 -0.64039557513894241
-1.3472730930857402 1.4231896572689247 -0.66880351953778339
-1.3328936002437628 1.4231896587318407 -0.69683418679324316
-1.3180916544010175 1.4231896572052227 -0.72464406814553517
-1.3025456276248422 1.4231896586986006 -0.75204510567023752
-1.2866097734079098 1.4231896570547513 -0.77922127734215108
-1.2699245292234778 1.4231896588157136 -0.8059435485555918
-1.2529214281186627 1.4231896566503011 -0.83246495189061132
-1.235094466698472 1.4231896591593676 -0.85843910333251705
-1.2170323215277006 1.4231896562175215 -0.88425098658228607
-1.1980746844108439 1.4231896591563329 -0.90941247776277689
-1.1789080362811992 1.4231896563839916 -0.93441430844917484
-1.1589280299297267 1.423189658714066 -0.95877187106199491
-1.1386995663949739 1.4231896566154065 -0.98292289169605718
-1.117755883594002 1.4231896584805765 -1.0064570506929578
-1.0965512370092947 1.4231896565062319 -1.0297563804939065
-1.0746335418950475 1.4231896584993682 -1.0523860956644762
-1.0524914242483296 1.4231896562845765 -1.0747961361466025
-1.0296174086193763 1.4231896584383956 -1.0964588691253647
-1.0065659701190339 1.4231896561280157 -1.117932477809958
-0.98279318317678299 1.423189658503073 -1.1386049330815036
-0.95890842250140251 1.4231896556993586 -1.1591479026563716
-0.93425183516688914 1.4231896588998043 -1.1787564398841761
-0.90960961261909823 1.4231896549279921 -1.1983843919772956
-0.88407452566150324 1.4231896592798565 -1.2168347576589429
-0.85863870431018818 1.4231896548156637 -1.2354208274880949
-0.83235316905404699 1.4231896586299135 -1.2527864731233511
-0.80608820576348594 1.4231896553794887 -1.2701802751577784
-0.77916346086551846 1.4231896577850347 -1.2865373118742813
-0.75214644445832934 1.4231896557958752 -1.3027404930117332
-0.72461226274179447 1.4231896572133118 -1.3180494282567201
-0.69692316170178314 1.4231896559875283 -1.3330761449599904
-0.66878770048282965 1.4231896567055553 -1.3472496448980276
-0.64046721564360132 1.4231896561784954 -1.3610490038892635
-0.61178285046382053 1.423189656178713 -1.3740758080666111
-0.58290196486626344 1.4231896563742594 -1.3866611270159457
-0.55371469118235372 1.4231896556060952 -1.3985184729493632
-0.52433386497023349 1.4231896566055544 -1.4098874445177783
-0.49468707871021922 1.4231896549499856 -1.4205429078673268
-0.46485586816044211 1.4231896568630757 -1.4306713877895338
-0.43477595618847203 1.4231896545596603 -1.4400353075425625
-0.40452707662853565 1.4231896565052453 -1.4488372232507258
-0.3740822278485057 1.4231896546080649 -1.4569357305392214
-0.34348745355304955 1.4231896560703883 -1.464448178683426
-0.31274156621418941 1.4231896544481724 -1.4713170148735546
-0.28186022275067302 1.4231896559190542 -1.4775490636413393
-0.25085975052874931 1.4231896540513849 -1.4831582901677793
-0.21974188241589571 1.4231896558683323 -1.4880742648823515
-0.18853439270448327 1.4231896536804483 -1.4923847672003898
-0.15723525882667275 1.4231896557409387 -1.495970611645848
-0.12587733631440445 1.4231896531993522 -1.4989998857619173
-0.09445496867636495 1.4231896558374466 -1.5012627679039534
-0.063000870964637218 1.423189652368142 -1.5030310266831479
-0.031510786092496676 1.4231896562619391 -1.5039502550007129
-1.0532383892287073e-05 1.4231896515030926 -1.5044235572054803
0.031489896784706879 1.4231896560622856 -1.5039604634387005
0.062980497843933655 1.4231896516435392 -1.5030651906270336
0.094434145931535929 1.4231896551681782 -1.5012896105598825
0.12585769362670107 1.4231896518977165 -1.4990476223407379
0.15721399977308734 1.423189654546736 -1.4960025115386344
0.18851846099859312 1.4231896516554652 -1.4924636378297174
0.2197212556225398 1.4231896543011868 -1.4881184838690715
0.2508484864089669 1.423189651330566 -1.4832628859471197
0.28183939975964284 1.4231896538964093 -1.4776014315375576
0.31273610615407704 1.4231896510216608 -1.4714469199802556
0.34346616925986106 1.423189653760341 -1.4645072494210545
0.37408571662491102 1.4231896503063461 -1.4570952863184907
0.40449655319730826 1.4231896540395315 -1.44887008999138
0.43479387094018662 1.4231896491451581 -1.4402351136195115
0.46481763628926215 1.4231896543848639 -1.4306929468792544
0.49471832758100048 1.4231896487390039 -1.4207725216553679
0.52430680752258396 1.4231896535058599 -1.4099554036082282
0.55374739312592691 1.423189649075274 -1.3987435962365526
0.58287369690433111 1.4231896526088212 -1.3867375250080665
0.61182198792829268 1.4231896489019127 -1.3743083911591585
0.64043424302626528 1.4231896524148495 -1.3611237537290184
0.66884439280566288 1.4231896481875901 -1.3475091241045178
0.69687274017218104 1.423189652409083 -1.333125052923956
0.72468423842574969 1.4231896476002288 -1.3183262938526543
0.75208316075839921 1.4231896523842398 -1.3027765785428089
0.77926364612577015 1.4231896466233742 -1.2868480814024708
0.80598147488886296 1.4231896529854995 -1.2701555773713595
0.83250683939779202 1.4231896448026946 -1.2531586233497027
0.85847456017079948 1.4231896544008584 -1.2353221577670983
0.88429010453748536 1.4231896429174389 -1.2172653496516932
0.90944524918812231 1.4231896544834994 -1.1982992351438886
0.93445178438756171 1.4231896432372422 -1.1791388970203718
0.95880292310610526 1.4231896530375849 -1.1591510568369858
0.98295652883741769 1.4231896437961375 -1.13892587339259
1.0064842552909636 1.4231896525885914 -1.1179749813741402
1.0297892309818679 1.4231896425767281 -1.09677654893676
1.0524096531616849 1.4231896536713657 -1.0748491162014324
1.0748181358266262 1.4231896410759151 -1.052705596579752
1.0964746885749004 1.4231896539638857 -1.0298257384876219
1.1179423707213814 1.4231896399322113 -1.0067690475011621
1.1386142756710396 1.4231896555717294 -0.98299578201852877
1.1591507382824753 1.423189636714338 -0.95910541894983503
1.1787553093060141 1.4231896591524082 -0.93444527202508476
1.1983667964925915 1.423189631551212 -0.90978994101908772
1.2168237770970582 1.4231896620481175 -0.88425906614087801
1.2353733812026793 1.4231896314023458 -0.85879690658259367
1.2527579674244893 1.4231896591062936 -0.83252388541161881
1.2701198516622092 1.4231896351663154 -0.80623798645833133
1.2864872119878075 1.423189654601009 -0.77931954539878612
1.3026478446219061 1.4231896380790119 -0.75227730616811139
1.3179802100788227 1.4231896525590768 -0.72475623613934703
1.3329414601258174 1.4231896387129355 -0.69703188648963121
1.3471648087217523 1.4231896514590454 -0.66892173590589354
1.3608755849111396 1.4231896396806392 -0.64055823317959315
1.3739709473590787 1.4231896501518873 -0.61190535953509906
1.3864357677979786 1.423189639674036 -0.58297234032663714
1.3984217268566108 1.4231896507999793 -0.55383760862372988
1.4095953338772931 1.4231896377256812 -0.52438197950558718
1.4204704155548409 1.4231896532704451 -0.49481467826487313
1.4302971858353186 1.4231896346504143 -0.46488307568233794
1.4399491769991868 1.4231896535464248 -0.43489517037028874
1.4484621706618097 1.4231896369063788 -0.40456328104272832
1.4567689581865653 1.4231896502383483 -0.37417562879210742
1.4640778512844124 1.4231896396975865 -0.3435313730479107
1.4710724295438167 1.4231896479110164 -0.31281430486076461
1.4771537261310546 1.4231896410867924 -0.28190296258503289
1.482858465509179 1.4231896466880891 -0.2509200693794254
1.4876419932512392 1.423189642055058 -0.2197815064201678
1.4920262328859977 1.4231896455220745 -0.18858456263861467
1.4955135351256934 1.4231896429824751 -0.15727431499456587
1.4986131891457293 1.4231896446288934 -0.12592327113775323
1.500780145256754 1.4231896436493303 -0.094494066532582702
1.5026279943432126 1.4231896440250633 -0.063044457042264523
1.5034373808402011 1.4231896440772154 -0.031551718628568939

1.504045036649462 -1.423189643620119 -5.3690541585125829e-05
1.5034387902982351 -1.4231896443637342 0.031444366707695112
1.5026402285001563 -1.4231896435035625 0.062937158300253412
1.5007797052002143 -1.4231896444818524 0.094386010800372039
1.4986181582770282 -1.4231896434042741 0.12581531202927076
1.4955126424369052 -1.4231896448016275 0.15716577577902818
1.4920420651262363 -1.4231896431197106 0.18847792297723015
1.4876352370291888 -1.423189645296659 0.21967182152683956
1.4828839027768048 -1.4231896427259376 0.25081533940833262
1.477145120551165 -1.4231896458496531 0.28179205687491476
1.4711047969714877 -1.4231896424132435 0.31271146603701611
1.4640591131655183 -1.4231896465298424 0.34341706048434917
1.4567997360752496 -1.4231896416976013 0.37407314497139577
1.4484213614244272 -1.4231896478642199 0.40444121571526642
1.439990395083464 -1.4231896405319358 0.43479602754007096
1.4302371173233284 -1.4231896491191851 0.46475108162520912
1.4205441188725207 -1.4231896406127118 0.49472610163618863
1.4095422215046811 -1.4231896483757616 0.52424650237860804
1.3985022386567048 -1.4231896419315333 0.55375192226314562
1.3863712206507939 -1.4231896478704951 0.58282655046118514
1.3740764910194638 -1.4231896424580772 0.61183233314758356
1.3607721827520267 -1.4231896481654955 0.64038869011811173
1.3473077207050177 -1.4231896421910941 0.66887031993876667
1.3327885023461787 -1.4231896491055454 0.69682824685782208
1.3181692584153537 -1.4231896419196413 0.72473475914475771
1.3024555974096004 -1.4231896497869898 0.75203960832557004
1.2867221741593855 -1.4231896414743108 0.77933347573237954
1.2698358574773032 -1.4231896514505338 0.80592762853478683
1.2530992037563136 -1.4231896397421295 0.83261800067033476
1.2349869357640095 -1.4231896538941342 0.85839166666472
1.217247762242472 -1.4231896384357083 0.8844263761866743
1.1979856698671834 -1.4231896547288712 0.90935440309740689
1.1791177856169124 -1.4231896399302735 0.934581949972635
1.1589084603744559 -1.4231896527432146 0.95874963496068588
1.1388699128998674 -1.4231896423806365 0.9830584462167552
1.1177841468555125 -1.4231896516315639 1.0064654168939009
1.0966859176175521 -1.4231896436416351 1.0298611542630796
1.0746892903559706 -1.4231896515411351 1.0524135667051864
1.0526121480201163 -1.4231896441700866 1.0748878014898988
1.0296983491373071 -1.4231896513753284 1.096508470079316
1.0066579857275233 -1.4231896451920814 1.1179942202385067
0.98289448719528061 -1.4231896513427069 1.1386772525087776
0.95897315187916066 -1.4231896454967767 1.1591775891900757
0.9343737750389367 -1.4231896524159247 1.1788577031725731
0.90965231268387492 -1.4231896448456718 1.1983857380007166
0.88420903679420015 -1.423189653612549 1.2169624710889118
0.85867520476906045 -1.4231896453655619 1.2354147646840885
0.83247407666793416 -1.4231896528288857 1.2529074705336272
0.806131142754411 -1.4231896471946197 1.2701844910228175
0.77926924999690339 -1.4231896518698437 1.2866443930196669
0.75219936459322934 -1.4231896485768258 1.3027598519972379
0.72471259075384153 -1.4231896515156164 1.3181537816404592
0.69697504903788654 -1.4231896495411982 1.3330910988278375
0.66888401975330614 -1.4231896513469826 1.3473523292000076
0.6405222984591904 -1.4231896504757213 1.3610672955709084
0.61187537414097892 -1.4231896511739848 1.3741763353745502
0.58295400441640577 -1.4231896513627924 1.3866683399860076
0.55380474127174817 -1.4231896510575037 1.3986185986272803
0.52438318579506427 -1.4231896522009699 1.4098809930002267
0.4947805564845954 -1.4231896509484305 1.4206591013699104
0.46489726528781616 -1.4231896529955166 1.4306320501924306
0.43486553109350917 -1.4231896511012403 1.4401490413014031
0.40457648877147262 -1.4231896532601571 1.4488128655999992
0.37416206162064924 -1.4231896516696121 1.4570244037963667
0.34354507488885455 -1.4231896534517252 1.4644467050266847
0.31281639120772303 -1.4231896520345149 1.471392481094417
0.28191953658144003 -1.4231896538754727 1.4775467884637041
0.25093134998144506 -1.4231896521987428 1.4832232663882601
0.21980331341606335 -1.423189654450731 1.4880735519109995
0.18860471711420732 -1.4231896523517242 1.4924486175627651
0.15729785894454312 -1.4231896548840197 1.4959666336944251
0.12594486187469739 -1.4231896524956575 1.4990461763267948
0.094518527872088837 -1.4231896555455101 1.5012500473086237
0.063067574665342296 -1.4231896522471588 1.5030741740719178
0.031575521441964433 -1.4231896564804478 1.5039159606988184
7.6203778769639435e-05 -1.4231896520411373 1.5044518987402313
-0.031423047316093293 -1.423189656833568 1.5039135457439334
-0.062915196642752774 -1.4231896527366887 1.5030749304135484
-0.094365578974606762 -1.4231896565294047 1.5012408983768371
-0.12579183379998612 -1.4231896535516153 1.4990368759947872
-0.15714373639053808 -1.4231896564747228 1.4959463115925327
-0.18845098361828205 -1.4231896539178717 1.4924317594192062
-0.21964800960298378 -1.423189656731084 1.4880453508878251
-0.25077757047558519 -1.4231896542386568 1.4832047956365926
-0.28176267449917197 -1.42318965682139 1.4775114741760211
-0.31266133107680172 -1.4231896545534504 1.4713665117359436
-0.34338521443003628 -1.4231896571365257 1.4643995326449082
-0.37400622577245396 -1.423189654531908 1.4569937076739015
-0.40441123505489379 -1.423189657831827 1.4487474370085036
-0.43471069859884415 -1.4231896541100166 1.440119986743247
-0.4647272378564995 -1.4231896585886292 1.4305554097686715
-0.4946304720370111 -1.4231896542864637 1.4206425471443318
-0.52421163664278725 -1.4231896583026984 1.4098053697773709
-0.55365399806554849 -1.4231896550553369 1.3985980205168496
-0.58277538648228722 -1.4231896580515992 1.3865799197426119
-0.61172603256347002 -1.4231896553752912 1.3741559710783258
-0.64033025072559102 -1.4231896582853596 1.3609539064938805
-0.6687417497217083 -1.4231896553475607 1.3473421602355586
-0.69676553811445607 -1.4231896587375548 1.3329493531809882
-0.72458173492181721 -1.4231896552923673 1.3181591674276123
-0.75197114570130297 -1.4231896591150819 1.3025926654727518
-0.77915611297509779 -1.4231896550452134 1.286671853416725
-0.80586454456935708 -1.4231896599452254 1.2699646970730747
-0.83240124461696152 -1.4231896540878413 1.2529854428357317
-0.85835191329078764 -1.4231896613661281 1.2351246096234723
-0.88418655073975483 -1.4231896530756643 1.2170950048054276
-0.90931890694515005 -1.4231896618624198 1.198098858785958
-0.9343453767694887 -1.4231896537254525 1.178964482650827
-0.95867591508074335 -1.4231896610858488 1.1589515218320903
-0.98285040762056253 -1.4231896545053493 1.1387510754333947
-1.0063568210595155 -1.4231896611524602 1.1177762318748656
-1.029682035369514 -1.4231896541275715 1.0966000616982099
-1.0522757877993583 -1.4231896620666886 1.0746454792078368
-1.074726958095449 -1.4231896532387329 1.0525450157688081
-1.0963404524007117 -1.4231896627922045 1.0296244469071962
-1.1178662992815267 -1.4231896526207772 1.0066216338231253
-1.1384741207193336 -1.4231896640165931 0.98279279621938387
-1.1590862078270587 -1.4231896508848119 0.95896764836403936
-1.1786044089438927 -1.4231896669536033 0.93424017241451562
-1.1983376273362587 -1.4231896474907249 0.90968225580673923
-1.2166584308960242 -1.4231896698611322 0.88405464956832291
-1.2353712834074129 -1.4231896473297803 0.85871234479988956
-1.2526169059726535 -1.423189667459164 0.83234803407223934
-1.2701044662481402 -1.423189650748824 0.80614591736593355
-1.2863825118956294 -1.4231896642432424 0.77917331967835901
-1.3026480106306855 -1.4231896531732882 0.75219376460220677
-1.3179012919016353 -1.4231896628436824 0.72462869618287973
-1.3329724877956157 -1.4231896541548863 0.69696370632700377
-1.3471051021419078 -1.4231896618720434 0.66880765730263603
-1.360931393175026 -1.4231896553917751 0.6405002856333657
-1.3739374070431085 -1.423189660826609 0.61180645016949609
-1.3865294232079846 -1.4231896561469703 0.58292848391732477
-1.398382164703506 -1.4231896604629115 0.55373943359087119
-1.4097508634576932 -1.4231896561041446 0.52435853354798789
-1.4204099391080431 -1.4231896609573 0.4947131045034025
-1.430528456588239 -1.4231896556000667 0.46487854679743029
-1.4399034214631086 -1.4231896608847003 0.4348021066293159
-1.4486919820840627 -1.4231896564415012 0.40454927598896978
-1.4568011550208846 -1.4231896598710765 0.37410725398778905
-1.464303671057245 -1.4231896573387852 0.34350996025774827
-1.471185121625372 -1.423189659211737 0.31276682918295712
-1.4773994248543105 -1.4231896578678016 0.28188190986402534
-1.4830229960367238 -1.4231896587783346 0.25088408138719243
-1.4879258285804842 -1.4231896582219721 0.2197641700768313
-1.4922535568128108 -1.4231896584205825 0.18855901115947968
-1.4958189453938056 -1.4231896585843533 0.15725751262946303
-1.4988639370925108 -1.4231896580565579 0.12590112186135133
-1.5011045084526871 -1.4231896589383004 0.094477247680244528
-1.5028953902681375 -1.4231896576542669 0.063024415593435759
-1.5037811649727153 -1.4231896593313116 0.031533449801777545
-1.50428235677821 -1.4231896573008365 3.359285243879662e-05
-1.5037844312178892 -1.4231896594251359 -0.031466330678837806
-1.5029146105125062 -1.4231896574213951 -0.062957628086290698
-1.5011119563830184 -1.4231896591713851 -0.094409780837771295
-1.4988867219011914 -1.4231896576283631 -0.12583451537988163
-1.4958203493514 -1.4231896590236053 -0.1571887681509968
-1.4922916104200719 -1.423189657617542 -0.1884943839784281
-1.4879275461428005 -1.4231896590387023 -0.21969454213446768
-1.4830775934579052 -1.4231896575899161 -0.25082264242263452
-1.4774022678839573 -1.4231896589592075 -0.2818110298562948
-1.471250597052985 -1.4231896575766292 -0.3127083177523346
-1.4642999542805752 -1.4231896590048172 -0.34343590097992371
-1.4568887319838415 -1.4231896573740614 -0.37405561890353545
-1.4486562169534931 -1.4231896592544622 -0.40446443091239342
-1.4400220822070364 -1.4231896569553097 -0.43476198545604727
-1.4304736297377763 -1.4231896595339462 -0.46478370880114034
-1.4205535620562815 -1.4231896569093723 -0.49468453919685834
-1.4097307091219906 -1.4231896591929682 -0.52427092895601191
-1.3985179671395123 -1.4231896572339615 -0.55371120219261305
-1.386509959035664 -1.423189658837936 -0.58283672327984481
-1.3740792950254868 -1.4231896573455858 -0.61178441113099247
-1.3608922900910287 -1.4231896587424724 -0.64039557515513945
-1.3472730930795871 -1.4231896572689295 -0.66880351955616724
-1.3328936002322878 -1.4231896587318347 -0.69683418680894293
-1.3180916543934176 -1.4231896572052285 -0.72464406816333116
-1.3025456276130358 -1.4231896586985935 -0.75204510568569005
-1.2866097733999586 -1.4231896570547589 -0.77922127735991131
-1.2699245292108203 -1.423189658815704 -0.80594354857045458
-1.2529214281108576 -1.4231896566503113 -0.8324649519086369
-1.235094466684574 -1.4231896591593542 -0.85843910334639029
-1.2170323215203274 -1.4231896562175363 -0.88425098660077694
-1.198074684396464 -1.4231896591563176 -0.90941247777604295
-1.1789080362719424 -1.4231896563840054 -0.93441430846637907
-1.1589280299156479 -1.4231896587140533 -0.95877187107529704
-1.1386995663839499 -1.4231896566154176 -0.98292289171194713
-1.1177558835799297 -1.4231896584805639 -1.0064570507061863
-1.0965512369975852 -1.4231896565062447 -1.0297563805093368
-1.0746335418807547 -1.4231896584993515 -1.0523860956774638
-1.0524914242355565 -1.4231896562845932 -1.0747961361611311
-1.0296174086046399 -1.4231896584383774 -1.0964588691378763
-1.0065659701053749 -1.4231896561280353 -1.1179324778236672
-0.98279318316161601 -1.4231896585030495 -1.1386049330935368
-0.95890842248759656 -1.4231896556993859 -1.1591479026700453
-0.93425183515099886 -1.4231896588997697 -1.1787564398952877
-0.90960961260539963 -1.4231896549280338 -1.1983843919912209
-0.88407452564497047 -1.4231896592798099 -1.2168347576690186
-0.85863870429545575 -1.4231896548157073 -1.2354208275006353
-0.83235316903732037 -1.4231896586298756 -1.2527864731329406
-0.80608820574760909 -1.4231896553795198 -1.2701802751686679
-0.77916346084850241 -1.4231896577850085 -1.2865373118833712
-0.75214644444167722 -1.4231896557958967 -1.3027404930214812
-0.72461226272433243 -1.4231896572132912 -1.3180494282650914
-0.6969231616845879 -1.4231896559875472 -1.3330761449689159
-0.66878770046488079 -1.4231896567055371 -1.3472496449055409
-0.64046721562591991 -1.4231896561785111 -1.3610490038973952
-0.61178285044539116 -1.4231896561786967 -1.3740758080731881
-0.58290196484833223 -1.4231896563742741 -1.3866611270237612
-0.55371469116347982 -1.4231896556060781 -1.3985184729549727
-0.52433386495192902 -1.4231896566055737 -1.4098874445249774
-0.49468707869067668 -1.4231896549499612 -1.4205429078711997
-0.46485586814172175 -1.4231896568631024 -1.4306713877959671
-0.43477595616845893 -1.4231896545596348 -1.4400353075450019
-0.40452707660935772 -1.423189656505266 -1.4488372232561413
-0.37408222782846789 -1.4231896546080489 -1.4569357305415775
-0.3434874535335099 -1.4231896560704012 -1.4644481786879395
-0.31274156619396626 -1.4231896544481608 -1.4713170148751822
-0.28186022273092076 -1.4231896559190651 -1.4775490636454933
-0.25085975050834181 -1.423189654051374 -1.483158290168539
-0.21974188239588813 -1.4231896558683421 -1.4880742648858827
-0.18853439268385241 -1.4231896536804383 -1.492384767199687
-0.15723525880639067 -1.4231896557409476 -1.4959706116484817
-0.12587733629366146 -1.4231896531993435 -1.4989998857601767
-0.094454968655871746 -1.4231896558374559 -1.5012627679063193
-0.063000870943776849 -1.4231896523681309 -1.5030310266795963
-0.031510786071748273 -1.4231896562619517 -1.5039502550029322
-1.0532362994363626e-05 -1.4231896515030789 -1.5044235571997964
0.031489896805729833 -1.4231896560622979 -1.5039604634393773
0.062980497864823001 -1.4231896516435274 -1.5030651906214185
0.094434145952664056 -1.4231896551681873 -1.5012896105579654
0.125857693647633 -1.4231896518977085 -1.4990476223355491
0.15721399979411707 -1.4231896545467428 -1.4960025115340647
0.18851846101966091 -1.4231896516554585 -1.4924636378251994
0.21972125564322853 -1.4231896543011937 -1.4881184838615651
0.2508484864302537 -1.4231896513305591 -1.4832628859432708
0.28183939977982875 -1.4231896538964157 -1.4776014315274477
0.31273610617574793 -1.423189651021654 -1.471446919977474
0.34346616927916457 -1.4231896537603477 -1.4645072494076206
0.37408571664757828 -1.4231896503063377 -1.4570952863187687
0.40449655321496225 -1.4231896540395408 -1.448870089973092
0.43479387096473554 -1.4231896491451443 -1.440235113625203
0.46481763630467454 -1.4231896543848768 -1.4306929468561633
0.49471832760584922 -1.4231896487389908 -1.420772521660856
0.5243068075372862 -1.4231896535058706 -1.4099554035857511
0.55374739314928811 -1.4231896490752642 -1.3987435962369803
0.58287369691862445 -1.4231896526088297 -1.3867375249863299
0.61182198795181009 -1.4231896489019029 -1.3743083911588694
0.6404342430384935 -1.4231896524148604 -1.3611237537041372
0.66884439283151742 -1.4231896481875774 -1.347509124107972
0.69687274018138812 -1.4231896524090966 -1.3331250528948762
0.72468423845356555 -1.4231896476002133 -1.3183262938585603
0.75208316076442672 -1.4231896523842567 -1.3027765785102294
0.7792636461578013 -1.4231896466233549 -1.2868480814141867
0.80598147488858862 -1.4231896529855228 -1.2701555773314157
0.83250683943950488 -1.4231896448026644 -1.253158623375112
0.858474560159877 -1.4231896544008942 -1.2353221577162226
0.88429010459032931 -1.4231896429173974 -1.2172653496919135
0.90944524917262914 -1.4231896544835392 -1.1982992350933468
0.93445178443219923 -1.4231896432372046 -1.179138897048843
0.95880292309473303 -1.423189653037618 -1.159151056797038
0.98295652887159157 -1.4231896437961056 -1.1389258734073222
1.0064842552815152 -1.4231896525886252 -1.1179749813397912
1.0297892310150385 -1.4231896425766879 -1.0967765489492296
1.0524096531486267 -1.4231896536714117 -1.0748491161661557
1.0748181358601203 -1.4231896410758651 -1.052705596591665
1.0964746885607823 -1.4231896539639375 -1.0298257384543794
1.1179423707539804 -1.4231896399321529 -1.0067690475115034
1.1386142756521498 -1.4231896555717971 -0.98299578198404636
1.1591507383212627 -1.4231896367142562 -0.959105418964878
1.1787553092754937 -1.4231896591525093 -0.93444527198515015
1.1983667965428386 -1.4231896315510892 -0.90978994104335797
1.2168237770557977 -1.4231896620482458 -0.88425906609901206
1.2353733812495595 -1.4231896314022225 -0.85879690660540942
1.2527579673899949 -1.4231896591064022 -0.83252388538057731
1.2701198516951984 -1.4231896351662232 -0.80623798647237521
1.2864872119666317 -1.4231896546010856 -0.77931954537978698
1.3026478446420717 -1.4231896380789431 -0.75227730617393185
1.3179802100670721 -1.4231896525591425 -0.7247562361273161
1.3329414601372658 -1.4231896387128682 -0.69703188649010994
1.347164808718416 -1.42318965145911 -0.66892173589883264
1.3608755849135945 -1.4231896396805768 -0.64055823317529237
1.3739709473646053 -1.4231896501519483 -0.61190535953218106
1.3864357677901666 -1.4231896396739654 -0.58297234031791723
1.3984217268745203 -1.423189650800063 -0.55383760862555143
1.4095953338553506 -1.4231896377255784 -0.52438197949228449
1.4204704155893604 -1.4231896532705732 -0.49481467827226416
1.4302971857973759 -1.4231896346502633 -0.46488307566603282
1.4399491770388224 -1.4231896535465636 -0.43489517037920949
1.448462170630419 -1.423189636906262 -0.40456328103162947
1.4567689582127423 -1.4231896502384402 -0.37417562879702815
1.464077851263681 -1.4231896396975137 -0.34353137304154874
1.4710724295605095 -1.423189647911077 -0.31281430486297246
1.4771537261158427 -1.4231896410867391 -0.28190296258091063
1.4828584655210972 -1.4231896466881346 -0.25092006938028272
1.4876419932401292 -1.4231896420550187 -0.21978150641743746
1.4920262328928595 -1.4231896455221054 -0.18858456263840392
1.4955135351187376 -1.423189642982448 -0.15727431499276937
1.4986131891487753 -1.4231896446289161 -0.12592327113690632
1.5007801452525473 -1.4231896436493088 -0.094494066531199766
1.5026279943439373 -1.4231896440250853 -0.063044457041129431
1.5034373808371464 -1.423189644077191 -0.031551718627309495
