1.5040450366500171 1.423189643620093 -5.3690542841566588e-05
1.5034653766874491 1.4231896443986469 0.030311775516979771
1.5027390373014149 1.4231896434454141 0.06125413650730225
1.500883390360557 1.423189644537143 0.092861586983346261
1.4986942741219069 1.423189643370016 0.12504691570651949
1.495504896132269 1.423189644805118 0.1572439754280926
1.4919793018954139 1.42318964308916 0.1890440330695568
1.4875588522353851 1.4231896453354751 0.22021037179009359
1.482859270590821 1.4231896427121891 0.25097659621225848
1.4771178689900739 1.4231896458646129 0.28193902000016119
1.4709888402682629 1.423189642346693 0.31330488510294058
1.4637634758424529 1.423189646708297 0.34470171176917791
1.4563882557726049 1.423189641401537 0.37580867313069638
1.447984992004705 1.4231896482181841 0.40600950133376701
1.439716676648944 1.4231896402687929 0.43578161858994868
1.4301855465909701 1.4231896491673119 0.46490868137888047
1.420766823749416 1.423189640444626 0.49412853189087952
1.4099354641596289 1.423189648620542 0.52319162724372981
1.3988853067975799 1.4231896417416861 0.55283372214893001
1.386449937772624 1.423189647905132 0.58264084066063726
1.3738234366585169 1.423189642346695 0.61242934017118111
1.36031854739955 1.423189648367726 0.64136050092347008
1.3469042882708071 1.423189641999596 0.66972332902038068
1.332579391632339 1.4231896492107881 0.69722977807910125
1.317966694649169 1.423189641817177 0.72512139766416439
1.3020012314710081 1.423189650020418 0.7528281223784542
1.2859086146430989 1.423189641019295 0.78074479856121359
1.268765052431936 1.4231896521454439 0.80760536815771777
1.2521935557618249 1.4231896390251439 0.83406398937631265
1.2343268525811579 1.4231896544644791 0.85932492902965962
1.2169603125154611 1.423189638166003 0.88484884621407023
1.1980645433428001 1.423189654793577 0.90924866100374191
1.1795838748136831 1.423189639617189 0.9340248580567615
1.1595420779707091 1.423189653082223 0.95797976387903006
1.139239940280063 1.423189642218339 0.98264768475979725
1.117640358346071 1.423189651694609 1.0066250342040279
1.096238516286407 1.423189643469734 1.0303572720769989
1.0742930295169519 1.4231896516895179 1.052819151826649
1.0526801435093041 1.423189644148378 1.074823636339949
1.0299094618941591 1.423189651431946 1.096311601805827
1.0065769575118491 1.4231896451703741 1.1180697812321689
0.98219248133212644 1.4231896515256299 1.139288107904578
0.95776177552130914 1.423189645182293 1.1602152439858899
0.93320136419529742 1.4231896527784811 1.1797922259825939
0.90896159850073799 1.423189644613061 1.1989311019714031
0.88413109834263537 1.423189653640816 1.2170192464311169
0.85928550750169497 1.423189645177136 1.2350070434858009
0.83362746021669298 1.4231896531015791 1.2521482605931491
0.80753975938844802 1.423189646932483 1.2693203802638311
0.78031345638248573 1.423189652000008 1.2860222578730649
0.75255461121588729 1.423189648538874 1.30256089664879
0.72459753234640878 1.423189651527893 1.318218219915704
0.6968423509938847 1.4231896495316769 1.3331625479641569
0.66923422902721863 1.4231896513580859 1.3471828070302241
0.64104678607198917 1.4231896504629 1.3608272084880919
0.61203985532822947 1.423189651172897 1.374105291016952
0.58233278104442254 1.4231896513668609 1.386936664950621
0.55241978832935967 1.4231896510424731 1.399185722350514
0.52287037626019284 1.423189652263493 1.410458092441855
0.4937352147914591 1.423189650899477 1.4210387242996629
0.46462493867767429 1.423189653015325 1.430722643256618
0.43548520516442468 1.4231896510537001 1.4399714041847469
0.40580028658525241 1.423189653330424 1.4484809471161659
0.37547997308146069 1.4231896515897959 1.4567044237080189
0.34421928561052079 1.423189653482827 1.4642943094131731
0.31259824876617498 1.4231896520244489 1.471441789045167
0.28117625575907629 1.4231896539203239 1.4776946997909051
0.2502267970011301 1.4231896521586349 1.4833520539598319
0.2196945396652237 1.42318965445893 1.4880904327875399
0.18866563295144809 1.423189652346794 1.4924417723217029
0.15701095871389831 1.423189654907228 1.495998873264466
0.1249800210949524 1.4231896524207579 1.4991408184765891
0.093093713425415212 1.423189655691669 1.501348704970858
0.06184468991789973 1.423189652106871 1.503144447835955
0.030899020708352581 1.423189656578197 1.5039332036245501
2.5522274155798721e-05 1.4231896520336751 1.504452751621753
-0.030822287130541109 1.42318965691778 1.50392882188246
-0.061746141570514737 1.423189652583047 1.503142489678797
-0.092904621815478303 1.42318965667799 1.5013418524601081
-0.12468487676064439 1.423189653445831 1.499145794558693
-0.15673211376336821 1.42318965650834 1.49599252035611
-0.18847041285109489 1.4231896539162849 1.4924295782919801
-0.21959738988953079 1.4231896567353139 1.4880531926592999
-0.25014104055801228 1.4231896541830029 1.483321511565437
-0.28098539168474213 1.4231896568798661 1.4776658039120829
-0.31230597380994568 1.423189654523574 1.4714470929107091
-0.34386555789941531 1.4231896571769089 1.464290609469894
-0.37520723699833047 1.423189654426515 1.456702948987449
-0.40562816111783212 1.423189657973724 1.4484159320595149
-0.4354047542855855 1.4231896540178111 1.4399220037422891
-0.46464881940090652 1.4231896586005861 1.430581326208799
-0.49377428858366929 1.4231896541593421 1.420955677661786
-0.52281983218220596 1.423189658471935 1.41033290040148
-0.55220951931421947 1.4231896548982541 1.3991934332889759
-0.58192878409304782 1.423189658130174 1.3869431805033261
-0.61167105619300066 1.423189655369699 1.374181345013777
-0.64072855085891589 1.423189658325879 1.36077007402237
-0.66909606008699496 1.4231896553098931 1.3471723242575011
-0.69665644957948314 1.4231896587512589 1.333007329682838
-0.72439434246734336 1.4231896552662151 1.318265670085133
-0.75215062732695948 1.4231896591401301 1.302490658855606
-0.77998441865462542 1.423189654919619 1.2861866628704739
-0.80713313816875332 1.423189660191567 1.269169527755281
-0.83354794484213235 1.4231896538108511 1.252250987574655
-0.85902642434515586 1.423189661571578 1.234658880464196
-0.88430673537000715 1.423189653035088 1.217011105872863
-0.90887144827335831 1.423189662018802 1.1984400138550639
-0.93344770459470183 1.423189653429338 1.1797023849123081
-0.95759963131559733 1.4231896613964961 1.1598490779681929
-0.9821580461583902 1.4231896543080891 1.139368832179301
-1.00627101332428 1.423189661178297 1.117854133799667
-1.0299740433233351 1.423189654039634 1.096334957596004
-1.052534009096149 1.4231896621596221 1.074394347042839
-1.0745720709793369 1.4231896531682751 1.0527092524116399
-1.0960397322198649 1.4231896629351271 1.0299457292079359
-1.117808194194766 1.4231896525886569 1.0066888207823701
-1.138913157611906 1.4231896642593631 0.98228513755927305
-1.159946214108039 1.4231896503146511 0.95797359011836269
-1.1793733365882271 1.423189667639297 0.93326208844566672
-1.1987565753594711 1.423189647045636 0.90916134394997461
-1.2166219407618151 1.4231896699074069 0.88410389950317325
-1.234896686440748 1.423189646720862 0.85943886534113334
-1.2517659017840039 1.4231896683652121 0.83361520453292282
-1.269136756696126 1.4231896498704011 0.80774948634965626
-1.2855902641229799 1.4231896648060831 0.7804847622833132
-1.302288283300238 1.4231896529429771 0.75284379601797979
-1.3178227265981139 1.42318966288921 0.72477287916136413
-1.332931863795962 1.4231896541319251 0.69704460168546045
-1.346845325609032 1.423189661999803 0.66933845876442988
-1.3605841452600469 1.4231896552425241 0.64126592439890517
-1.3737432194107571 1.4231896608987691 0.61225179138942343
-1.386677711784418 1.42318965609187 0.58258840553886193
-1.398869363962568 1.423189660644848 0.5525385916649872
-1.4103179944018369 1.4231896558674999 0.52288982209698343
-1.4207898324469641 1.423189661148885 0.49365244199842778
-1.430606511492905 1.4231896555556081 0.46464792452857567
-1.439665545528142 1.423189661015914 0.43561760008146311
-1.448292793896315 1.4231896562566371 0.40604140700411517
-1.4564033160571119 1.423189660012868 0.37572497480637862
-1.464078564268414 1.42318965727724 0.34451533984516441
-1.47116732883503 1.4231896592155799 0.31285525886862919
-1.4774988757621379 1.4231896578462999 0.28138764154289603
-1.4831174562702161 1.4231896587942681 0.2503624827813461
-1.4879223184916781 1.4231896582218171 0.21978944410993501
-1.4922258086818569 1.423189658419304 0.18880261940127191
-1.495826604704072 1.4231896585847099 0.1571902695163879
-1.4989360883547 1.4231896580440091 0.12515785400105339
-1.5011951130433749 1.423189658975673 0.093195298810229796
-1.502961005194156 1.4231896576032681 0.061860099369791158
-1.503798048310125 1.4231896593668909 0.030909162974967749
-1.5042829325146541 1.423189657298209 7.0620780619343808e-05
-1.5038043205445659 1.42318965947748 -0.030710613730147149
-1.50299124320129 1.423189657337923 -0.061604391931691968
-1.5012271336302889 1.4231896592593789 -0.092756329731673082
-1.4990135272294749 1.4231896575683189 -0.124534221118283
-1.495885116206481 1.4231896590496 -0.15661374721812901
-1.492305320765893 1.4231896576130361 -0.18839632188290939
-1.487946490058454 1.42318965904464 -0.21957248782205341
-1.4832011585611899 1.4231896575583001 -0.25014632931620823
-1.4775716669580079 1.423189658998564 -0.28095841780286002
-1.471356805804015 1.423189657554804 -0.31223878731968041
-1.464224242412254 1.4231896590203781 -0.34377061000320341
-1.456630173316279 1.423189657316029 -0.37512309082999012
-1.448351653828966 1.4231896593285049 -0.4055851155461172
-1.439845074416777 1.4231896569048721 -0.43538200931026172
-1.430517444147771 1.4231896595463169 -0.46465121781649821
-1.420892573585671 1.4231896568302831 -0.49375599763500189
-1.410294475458304 1.423189659302573 -0.52278384345261075
-1.3991716417795439 1.4231896571402161 -0.55212331230514478
-1.386954588971635 1.423189658892217 -0.58180066752231152
-1.374189328167603 1.423189657333926 -0.61154567789476444
-1.3607791628339989 1.423189658754461 -0.64064102153317148
-1.3471583316459359 1.4231896572563021 -0.66904281704473667
-1.3330066314327369 1.423189658743784 -0.69662165719034597
-1.318277146038678 1.4231896571874041 -0.72431712522968739
-1.302541821992458 1.4231896586989661 -0.75205181338258498
-1.2862316097041639 1.4231896570157241 -0.77986617275941117
-1.2692220562471881 1.4231896588932531 -0.80706690425442862
-1.2522536479937181 1.423189656558415 -0.83350542169889807
-1.2346902959899999 1.423189659220631 -0.85902639614079757
-1.217000426116609 1.4231896562120969 -0.88429654949118397
-1.198475419830745 1.42318965921909 -0.90888826410347823
-1.179711866945077 1.4231896562806301 -0.93343341342436548
-1.1599245136345739 1.423189658825013 -0.95757943980606819
-1.139458319839846 1.4231896565463391 -0.98207008531484152
-1.1179800774253941 1.423189658501451 -1.006210710062093
-1.096409511688182 1.423189656493036 -1.0299121060319181
-1.074480585856491 1.4231896585134609 -1.0525439546465289
-1.052739816243738 1.4231896562602251 -1.074560824654335
-1.030060239255733 1.4231896584836541 -1.0960460786226369
-1.0067912572823601 1.423189656105508 -1.1177365715067371
-0.982461633209194 1.4231896585361969 -1.138893243909002
-0.95806158180054812 1.423189655597362 -1.1598761460208109
-0.93338849272795221 1.423189659019551 -1.179441040153244
-0.90918071417133184 1.4231896548541929 -1.198726072248008
-0.88421524920380967 1.423189659306153 -1.216731596073763
-0.85946941596711235 1.4231896546819749 -1.2348722663656899
-0.83373718045567291 1.423189658823141 -1.2518645691418571
-0.80783238716126282 1.4231896552064669 -1.269120013750074
-0.78066358602470209 1.423189657901597 -1.2856355157359369
-0.75299146074662326 1.4231896557514261 -1.302270538195752
-0.72492940126886229 1.423189657227534 -1.31787721960606
-0.69714630029847136 1.4231896559816 -1.3329636563550109
-0.66943142761249252 1.4231896567179361 -1.346935274944973
-0.64139071806558012 1.423189656178633 -1.360629208504212
-0.6124324050779002 1.4231896561743149 -1.3737927540042421
-0.5828000892699462 1.4231896563749491 -1.3867055209756971
-0.55274901503607754 1.4231896555805681 -1.3989106795783981
-0.52306401922574375 1.42318965665136 -1.4103779855923191
-0.49379111510176482 1.423189654896267 -1.4208638515728751
-0.46474939491587108 1.4231896568703131 -1.430707476653899
-0.43571316984836322 1.423189654492186 -1.439761320105251
-0.40616607717245579 1.4231896566194131 -1.448399192715021
-0.37591514882846289 1.423189654512224 -1.4564838943322611
-0.34478019022197492 1.423189656140228 -1.464159021495107
-0.31312345790362173 1.4231896544299829 -1.4712399467357851
-0.28162352849092848 1.4231896559303281 -1.4775968300272651
-0.25054995911841949 1.423189654032464 -1.483214294101449
-0.21994931271394491 1.423189655883303 -1.4880455403370401
-0.1889984783077725 1.4231896536495161 -1.492331551848799
-0.15740889509185141 1.4231896557550121 -1.495953837835545
-0.1253569190876713 1.4231896531571719 -1.4990501597057311
-0.093310682280074955 1.4231896559366961 -1.501344699867077
-0.061887226142087429 1.423189652237026 -1.5030929857995641
-0.030918746786206399 1.423189656340385 -1.5039669632477071
-0.0001037892094344065 1.4231896514888061 -1.504424895437966
0.030620810221896302 1.4231896561957069 -1.503983998411633
0.061491496939425801 1.4231896514564679 -1.503148016350246
0.092645773170390161 1.423189655370549 -1.501415058732706
0.12444071545396369 1.423189651772661 -1.499184753339357
0.15656162987233949 1.4231896546074969 -1.496076185292579
0.18838198491743979 1.423189651643787 -1.492482633527954
0.21958991707707851 1.4231896543142599 -1.488138894633338
0.25016768077271678 1.423189651270611 -1.4833869345412141
0.28095297593427182 1.423189653981709 -1.4777775911688431
0.31220513108963632 1.42318965097434 -1.4715668283582399
0.34371595656387482 1.4231896537826021 -1.464450840763716
0.37506089501967288 1.423189650194723 -1.456859098157568
0.40552291347474578 1.423189654173592 -1.4485915298658201
0.43532590672662769 1.4231896490537601 -1.4400832254383791
0.4646248268437439 1.4231896544236819 -1.430756700415899
0.49373578405774371 1.4231896485628039 -1.421130997315551
0.52275309810987025 1.4231896537664901 -1.4105441881153891
0.55205223404402504 1.4231896488516449 -1.39944116127519
0.58170019878030366 1.4231896527628709 -1.3872409000209009
0.61145495136456118 1.423189648856849 -1.3744775230224049
0.64056742329481109 1.4231896524312011 -1.3610623837479521
0.66898225992002447 1.4231896481669 -1.347443043869275
0.69653567708366182 1.4231896524694509 -1.333304196839139
0.72420078457557224 1.4231896475146371 -1.3186006121427789
0.7519115570405237 1.4231896524206109 -1.302877142947473
0.77972390001154401 1.423189646525824 -1.286578360218162
0.80693421588344294 1.4231896532198851 -1.2695596861462051
0.83338163495111761 1.4231896445147569 -1.252597571144944
0.85890511693108362 1.423189654570489 -1.2350257377223479
0.8842047012501052 1.423189642876062 -1.2173297190243371
0.90880798654736095 1.4231896547960969 -1.19878595931506
0.93336660689198947 1.423189642749318 -1.1800287415404971
0.95747698462442299 1.423189653589974 -1.160258254600897
0.98193642483312804 1.4231896434001139 -1.139833900168375
1.0060669103373041 1.4231896527680239 -1.1183545932954051
1.02978072484942 1.4231896425725561 -1.096784794479023
1.052412292134687 1.42318965367266 -1.074846558074863
1.074424382284179 1.4231896408271709 -1.053121410767621
1.0958707418889171 1.4231896543753799 -1.030473486011517
1.117528463392137 1.423189639619066 -1.0072450524386509
1.1386540579636151 1.4231896556018271 -0.98295003127590441
1.159614749676031 1.423189636286756 -0.95856561583918032
1.179179948652449 1.42318965965969 -0.93391015459743354
1.1984553414123069 1.4231896314214949 -0.90967862922922993
1.2165118340280849 1.423189662606412 -0.88468552736345374
1.2346629466582779 1.423189630120784 -0.85987091709222363
1.2516814793401041 1.42318966082073 -0.8341428847171023
1.268865562095292 1.423189633453017 -0.80829864319731692
1.285313390200375 1.4231896559199479 -0.78127671084582817
1.301878397233301 1.423189637307043 -0.75365713541967649
1.3175234335080721 1.423189653003349 -0.72560131378272263
1.3325777811980259 1.42318963836112 -0.69774941969919035
1.346635058828038 1.423189651959841 -0.67001461637479043
1.3602233253323039 1.4231896391142631 -0.64198185743536584
1.373452901695051 1.4231896506018891 -0.61310693337948075
1.386241126855059 1.423189639493361 -0.58344546155311783
1.3986107728392421 1.4231896509754609 -0.55337808728242288
1.409956069612148 1.423189637290555 -0.52342974006601606
1.4207293346491749 1.423189653663955 -0.49411002331759951
1.4302616162487849 1.423189634575114 -0.46499297497593428
1.4395950459255571 1.4231896543338389 -0.43615549250101449
1.447898264065788 1.4231896358715459 -0.40660505099042848
1.4562147283438791 1.4231896511332061 -0.37649313714880778
1.4636383820525829 1.423189639146998 -0.34545117913408302
1.470844546160275 1.423189648175232 -0.31397130134079099
1.4770490405781991 1.423189640981535 -0.28247019717814342
1.48279169159494 1.423189646755552 -0.25135386618495698
1.487533313378091 1.423189641964999 -0.22054991518085701
1.4919210368207809 1.4231896456009421 -0.1895270124558362
1.4954550574320851 1.4231896429514139 -0.1578657799532707
1.4986314972997321 1.4231896446386181 -0.12573809571644079
1.5008505226373849 1.4231896436169269 -0.09347069137839159
1.5027079046893901 1.423189644043412 -0.061676575398520513
1.5034615652025729 1.423189644078336 -0.0305529876190479

1.504045036649462 -1.423189643620119 -5.3690541585125829e-05
1.5034653766853061 -1.4231896443986241 0.030311775521815049
1.502739037299716 -1.4231896434454321 0.061254136508301721
1.5008833903594641 -1.423189644537131 0.092861586983675845
1.498694274119224 -1.4231896433700251 0.12504691570660051
1.495504896131943 -1.4231896448051129 0.1572439754293955
1.491979301891375 -1.4231896430891631 0.18904403307106901
1.4875588522359029 -1.4231896453354751 0.22021037179351741
1.48285927058573 -1.423189642712188 0.25097659621265189
1.477117868991829 -1.423189645864616 0.28193902000147347
1.47098884026198 -1.423189642346687 0.31330488510362903
1.463763475844843 -1.4231896467083049 0.34470171177369141
1.456388255763106 -1.4231896414015239 0.37580867313588368
1.4479849920077379 -1.4231896482182 0.40600950134484221
1.4397166766375149 -1.423189640268774 0.43578161859476278
1.430185546598338 -1.423189649167333 0.4649086813786939
1.420766823743937 -1.4231896404446049 0.49412853187877293
1.4099354641673689 -1.4231896486205611 0.52319162723671719
1.398885306793104 -1.423189641741669 0.55283372214174176
1.386449937774819 -1.423189647905148 0.58264084066018618
1.3738234366540001 -1.423189642346677 0.61242934017031481
1.3603185473984549 -1.423189648367746 0.64136050092605956
1.346904288267434 -1.423189641999572 0.66972332902137799
1.3325793916305011 -1.4231896492108129 0.69722977807958919
1.3179666946463231 -1.423189641817149 0.72512139766839168
1.3020012314634919 -1.4231896500204499 0.7528281223852874
1.2859086146347689 -1.423189641019257 0.78074479858035795
1.268765052407016 -1.4231896521454901 0.80760536818674555
1.252193555744068 -1.4231896390250871 0.83406398941916493
1.2343268525558011 -1.423189654464543 0.85932492905228464
1.2169603125215891 -1.423189638165935 0.88484884622694948
1.1980645433502031 -1.4231896547936429 0.909248660983349
1.179583874842663 -1.42318963961713 0.93402485803173907
1.159542077991246 -1.423189653082273 0.95797976385264716
1.139239940289231 -1.423189642218295 0.98264768474693909
1.1176403583515371 -1.4231896516946481 1.006625034205844
1.0962385162768149 -1.423189643469694 1.0303572720740539
1.074293029522561 -1.4231896516895579 1.052819151839639
1.052680143502162 -1.4231896441483369 1.0748236363235619
1.029909461915391 -1.4231896514319839 1.096311601812759
1.0065769575028769 -1.4231896451703361 1.118069781207734
0.9821924813593147 -1.423189651525671 1.139288107919127
0.95776177551242314 -1.423189645182243 1.1602152439414279
0.93320136425126199 -1.4231896527785399 1.1797922259991891
0.90896159848847902 -1.4231896446129939 1.198931101904013
0.88413109838396264 -1.4231896536408859 1.2170192464750731
0.85928550744813692 -1.423189645177068 1.235007043445967
0.83362746021681167 -1.423189653101637 1.252148260654391
0.80753975933997413 -1.423189646932435 1.2693203802424751
0.78031345638509342 -1.423189652000044 1.28602225790976
0.7525546111944289 -1.423189648538844 1.3025608966299469
0.72459753235169233 -1.4231896515279181 1.318218219939326
0.69684235097829805 -1.4231896495316541 1.3331625479494309
0.66923422903262553 -1.423189651358105 1.3471828070480201
0.64104678606573173 -1.4231896504628829 1.36082720847581
0.61203985533403282 -1.423189651172911 1.374105291027699
0.58233278104574737 -1.4231896513668481 1.3869366649403549
0.55241978834664607 -1.423189651042486 1.399185722353927
0.52287037628038646 -1.4231896522634799 1.410458092424667
0.49373521481527521 -1.4231896508994919 1.4210387243008189
0.46462493867750648 -1.4231896530153101 1.4307226432465301
0.43548520514592792 -1.4231896510537141 1.4399714041982741
0.40580028655513728 -1.423189653330412 1.448480947117661
0.37547997306148873 -1.423189651589805 1.456704423719078
0.34421928559862519 -1.4231896534828199 1.46429430941283
0.31259824876146058 -1.423189652024454 1.4714417890504079
0.28117625575475652 -1.423189653920319 1.477694699790105
0.2502267969970095 -1.4231896521586389 1.483352053964111
0.21969453966114519 -1.423189654458926 1.48809043278722
0.18866563294857441 -1.4231896523467971 1.4924417723249961
0.15701095871198689 -1.423189654907226 1.4959988732644529
0.124980021096067 -1.4231896524207599 1.49914081847881
0.093093713430368652 -1.4231896556916681 1.501348704970463
0.061844689924449983 -1.423189652106873 1.5031444478374381
0.030899020711921792 -1.423189656578195 1.503933203624215
2.5522271951636761e-05 -1.4231896520336771 1.5044527516230199
-0.03082228713763031 -1.4231896569177791 1.5039288218821389
-0.061746141580532772 -1.4231896525830481 1.5031424896796191
-0.092904621825301806 -1.4231896566779889 1.501341852459662
-0.1246848767673991 -1.4231896534458319 1.499145794559438
-0.15673211376690929 -1.42318965650834 1.4959925203561439
-0.188470412853014 -1.4231896539162849 1.4924295782929431
-0.2195973898913747 -1.4231896567353139 1.4880531926594249
-0.25014104056305092 -1.423189654183002 1.4833215115656639
-0.28098539169002562 -1.4231896568798661 1.477665803911552
-0.31230597381452802 -1.423189654523574 1.471447092910779
-0.34386555790234902 -1.42318965717691 1.464290609469747
-0.37520723700018832 -1.423189654426513 1.4567029489879211
-0.40562816111943728 -1.423189657973726 1.448415932059544
-0.43540475428836051 -1.4231896540178091 1.4399220037422531
-0.46464881940438202 -1.423189658600587 1.430581326208161
-0.49377428858895012 -1.4231896541593401 1.420955677660618
-0.52281983218802008 -1.423189658471937 1.4103329003999869
-0.55220951931954931 -1.4231896548982521 1.3991934332874321
-0.58192878409718651 -1.4231896581301751 1.3869431805025181
-0.61167105619585516 -1.4231896553696981 1.3741813450127489
-0.6407285508615076 -1.423189658325881 1.36077007402244
-0.66909606009039235 -1.4231896553098911 1.347172324255447
-0.69665644958294914 -1.4231896587512609 1.3330073296828191
-0.72439434246851597 -1.4231896552662131 1.3182656700834789
-0.7521506273295675 -1.4231896591401321 1.3024906588564089
-0.77998441865419654 -1.423189654919615 1.286186662868618
-0.80713313816859311 -1.423189660191571 1.269169527758879
-0.83354794483719585 -1.4231896538108459 1.2522509875735779
-0.85902642434699883 -1.423189661571584 1.2346588804680021
-0.8843067353711328 -1.4231896530350809 1.2170111058659261
-0.90887144828272759 -1.423189662018808 1.198440013853648
-0.93344770459928506 -1.4231896534293309 1.179702384902964
-0.95759963132476911 -1.423189661396502 1.159849077965599
-0.98215804616109814 -1.4231896543080831 1.1393688321723801
-1.0062710133303769 -1.423189661178303 1.117854133798962
-1.0299740433235161 -1.4231896540396269 1.0963349575904959
-1.0525340091026061 -1.4231896621596301 1.074394347042781
-1.074572070979666 -1.423189653168266 1.052709252404197
-1.096039732225754 -1.4231896629351359 1.029945729209256
-1.1178081941922069 -1.423189652588646 1.0066888207764639
-1.1389131576191101 -1.423189664259374 0.98228513756083069
-1.1599462141040899 -1.4231896503146351 0.95797359010972805
-1.1793733365984309 -1.4231896676393161 0.93326208844877068
-1.198756575351658 -1.423189647045614 0.90916134394004211
-1.2166219407730321 -1.42318966990743 0.88410389950851509
-1.234896686431062 -1.4231896467208389 0.85943886533260683
-1.2517659017942211 -1.423189668365233 0.83361520453645099
-1.2691367566899501 -1.4231896498703831 0.80774948634159716
-1.2855902641306769 -1.423189664806096 0.78048476228312669
-1.3022882832970459 -1.4231896529429651 0.75284379601127627
-1.317822726604033 -1.4231896628892191 0.72477287915936828
-1.332931863793974 -1.423189654131914 0.69704460167928517
-1.346845325614253 -1.4231896619998119 0.66933845876076226
-1.3605841452589911 -1.423189655242515 0.64126592439363861
-1.373743219413982 -1.423189660898776 0.61225179138627006
-1.386677711784388 -1.4231896560918611 0.58258840553361813
-1.398869363965342 -1.4231896606448571 0.5525385916606792
-1.4103179944020481 -1.4231896558674879 0.5228898220913859
-1.420789832449936 -1.423189661148897 0.49365244199286468
-1.4306065114938979 -1.423189655555593 0.46464792452029718
-1.4396655455301779 -1.4231896610159269 0.43561760007780392
-1.4482927938957091 -1.423189656256624 0.40604140700147368
-1.4564033160583549 -1.4231896600128759 0.37572497480342842
-1.4640785642683121 -1.423189657277232 0.34451533984083599
-1.4711673288363629 -1.423189659215585 0.31285525886409082
-1.477498875761925 -1.4231896578462939 0.28138764153743889
-1.4831174562719609 -1.4231896587942721 0.25036248277528261
-1.487922318491028 -1.4231896582218111 0.21978944410368409
-1.4922258086835229 -1.423189658419308 0.18880261939694951
-1.495826604702686 -1.423189658584705 0.15719026951129519
-1.4989360883570111 -1.423189658044012 0.12515785399391571
-1.501195113041343 -1.423189658975667 0.093195298799441023
-1.5029610051978199 -1.423189657603273 0.061860099357929861
-1.5037980483066291 -1.423189659366884 0.030909162965702761
-1.50428293251886 -1.423189657298215 7.0620776453827691e-05
-1.5038043205406271 -1.4231896594774729 -0.030710613727584019
-1.502991243205033 -1.4231896573379279 -0.061604391926272442
-1.5012271336270611 -1.4231896592593729 -0.092756329727652659
-1.499013527231652 -1.4231896575683221 -0.12453422111822079
-1.4958851162033191 -1.423189659049596 -0.1566137472192542
-1.4923053207674779 -1.4231896576130389 -0.18839632188471611
-1.4879464900550261 -1.423189659044636 -0.21957248782263819
-1.4832011585624101 -1.423189657558303 -0.25014632932040182
-1.477571666953148 -1.42318965899856 -0.28095841781018888
-1.47135680580436 -1.423189657554806 -0.31223878732842508
-1.4642242424066181 -1.4231896590203741 -0.34377061001109033
-1.456630173316567 -1.423189657316033 -0.3751230908429547
-1.448351653819457 -1.4231896593285001 -0.40558511556145338
-1.439845074417484 -1.4231896569048781 -0.43538200932839122
-1.430517444139664 -1.42318965954631 -0.46465121782234831
-1.420892573592061 -1.4231896568302891 -0.49375599763575939
-1.4102944754552109 -1.4231896593025679 -0.52278384344650242
-1.399171641784454 -1.4231896571402209 -0.55212331230408207
-1.386954588968033 -1.423189658892213 -0.58180066752194382
-1.3741893281686739 -1.42318965733393 -0.6115456778990368
-1.3607791628296899 -1.4231896587544559 -0.64064102153556124
-1.347158331646978 -1.423189657256307 -0.66904281704822066
-1.333006631429404 -1.423189658743778 -0.69662165719065583
-1.3182771460387259 -1.4231896571874101 -0.72431712523411951
-1.302541821987246 -1.423189658698959 -0.75205181338641236
-1.2862316097021651 -1.4231896570157321 -0.77986617276724046
-1.2692220562388259 -1.4231896588932429 -0.80706690426199146
-1.252253647989096 -1.4231896565584261 -0.83350542171242825
-1.234690295978724 -1.423189659220617 -0.8590263961505511
-1.2170004261143681 -1.423189656212112 -0.88429654950236924
-1.198475419826192 -1.423189659219074 -0.908888264103622
-1.1797118669494571 -1.423189656280645 -0.93343341342534603
-1.1599245136338889 -1.423189658824999 -0.95757943980296889
-1.1394583198405019 -1.4231896565463511 -0.98207008531781992
-1.1179800774204689 -1.4231896585014381 -1.00621071006522
-1.096409511684562 -1.4231896564930491 -1.0299121060384919
-1.074480585851131 -1.423189658513444 -1.0525439546502651
-1.052739816241635 -1.423189656260242 -1.074560824658797
-1.0300602392531999 -1.423189658483635 -1.0960460786237149
-1.006791257280673 -1.4231896561055279 -1.117736571510064
-0.98246163320334734 -1.423189658536173 -1.1388932439128889
-0.95806158179295087 -1.4231896555973911 -1.159876146029251
-0.93338849271738655 -1.4231896590195141 -1.179441040159992
-0.90918071416567403 -1.423189654854236 -1.1987260722556119
-0.88421524919966266 -1.423189659306106 -1.2167315960747289
-0.85946941597062687 -1.4231896546820211 -1.234872266366333
-0.83373718045910661 -1.423189658823099 -1.2518645691378401
-0.80783238716444283 -1.423189655206502 -1.2691200137495491
-0.78066358602377695 -1.4231896579015679 -1.285635515735263
-0.75299146074455625 -1.423189655751449 -1.30227053819744
-0.72492940126548822 -1.4231896572275129 -1.317877219606767
-0.69714630029498215 -1.4231896559816191 -1.3329636563570399
-0.66943142760845464 -1.423189656717917 -1.3469352749456629
-0.6413907180614431 -1.4231896561786499 -1.360629208506241
-0.61243240507436247 -1.423189656174298 -1.3737927540042969
-0.58280008926797033 -1.423189656374964 -1.3867055209765651
-0.55274901503654172 -1.4231896555805501 -1.3989106795760831
-0.5230640192310847 -1.4231896566513811 -1.410377985590485
-0.49379111510757789 -1.4231896548962411 -1.420863851567564
-0.46474939491395512 -1.4231896568703399 -1.430707476654649
-0.43571316983250802 -1.423189654492159 -1.4397613201063619
-0.40616607715461789 -1.423189656619436 -1.44839919272027
-0.37591514881360588 -1.423189654512206 -1.4564838943331759
-0.34478019021239309 -1.423189656140242 -1.4641590214975131
-0.31312345789490548 -1.4231896544299709 -1.4712399467350581
-0.28162352848141942 -1.423189655930339 -1.477596830029372
-0.2505499591061342 -1.4231896540324529 -1.4832142941007069
-0.21994931270738929 -1.423189655883313 -1.4880455403387349
-0.18899847830601951 -1.4231896536495059 -1.492331551845876
-0.15740889508951991 -1.423189655755021 -1.495953837836469
-0.12535691908306959 -1.4231896531571631 -1.499050159702358
-0.09331068227480982 -1.4231896559367061 -1.5013446998685229
-0.0618872261370952 -1.423189652237014 -1.503092985794914
-0.03091874678192694 -1.4231896563403981 -1.5039669632495869
-0.000103789204116487 -1.4231896514887921 -1.504424895432485
0.030620810227770089 -1.42318965619572 -1.503983998412894
0.061491496942961188 -1.423189651456455 -1.5031480163453881
0.092645773173182011 -1.423189655370559 -1.5014150587322459
0.12444071545767139 -1.4231896517726521 -1.4991847533357949
0.15656162987754449 -1.423189654607504 -1.4960761852897859
0.1883819849221407 -1.4231896516437801 -1.492482633525726
0.21958991707844219 -1.423189654314267 -1.4881388946288161
0.25016768077718099 -1.4231896512706039 -1.483386934540577
0.28095297594117252 -1.4231896539817159 -1.4777775911611351
0.31220513109852138 -1.4231896509743329 -1.471566828358539
0.34371595657436599 -1.423189653782609 -1.464450840752181
0.3750608950433027 -1.4231896501947141 -1.4568590981580869
0.40552291350194958 -1.423189654173602 -1.448591529844228
0.43532590675644378 -1.4231896490537459 -1.4400832254430489
0.46462482684455042 -1.423189654423695 -1.43075670039741
0.49373578404516349 -1.42318964856279 -1.421130997335839
0.52275309807922987 -1.4231896537665021 -1.410544188108473
0.552052234031573 -1.423189648851634 -1.3994411612919639
0.58170019876893608 -1.42318965276288 -1.3872409000090891
0.61145495136970462 -1.423189648856839 -1.3744775230309649
0.64056742329361127 -1.423189652431212 -1.36106238372912
0.66898225994068217 -1.4231896481668871 -1.3474430438753919
0.69653567708665798 -1.4231896524694649 -1.3333041968127921
0.72420078459573989 -1.4231896475146211 -1.318600612153934
0.75191155704638346 -1.423189652420628 -1.302877142914616
0.77972390006262504 -1.423189646525804 -1.2865783602197221
0.80693421593137504 -1.42318965321991 -1.2695596860734391
0.83338163506289675 -1.423189644514725 -1.2525975711286379
0.85890511696980643 -1.423189654570526 -1.2350257376352509
0.88420470130746087 -1.42318964287602 -1.217329719061663
0.90880798647940686 -1.4231896547961389 -1.198785959300994
0.9333666068598393 -1.423189642749277 -1.1800287416375359
0.95747698453520969 -1.423189653590011 -1.160258254620272
0.98193642482371379 -1.423189643400079 -1.139833900225834
1.006066910303268 -1.423189652768059 -1.118354593281871
1.029780724867615 -1.4231896425725159 -1.096784794506044
1.052412292106192 -1.423189653672706 -1.074846558054539
1.074424382303157 -1.423189640827119 -1.053121410796696
1.095870741861027 -1.423189654375435 -1.0304734859902791
1.1175284634162399 -1.4231896396190049 -1.0072450524608461
1.138654057935655 -1.423189655601895 -0.98295003125165292
1.1596147497053519 -1.4231896362866709 -0.95856561586788347
1.179179948607892 -1.423189659659795 -0.93391015457199145
1.1984553414529879 -1.423189631421371 -0.90967862926630549
1.2165118339814851 -1.423189662606545 -0.88468552732552175
1.2346629467112129 -1.4231896301206499 -0.85987091711404573
1.251681479306056 -1.423189660820853 -0.83414288467495989
1.268865562136906 -1.4231896334529099 -0.80829864320787459
1.28531339017698 -1.4231896559200361 -0.78127671082309114
1.301878397255001 -1.423189637306967 -0.75365713542671864
1.3175234334956709 -1.4231896530034189 -0.72560131377013193
1.332577781209916 -1.4231896383610489 -0.69774941969978532
1.3466350588234881 -1.423189651959911 -0.67001461636964632
1.3602233253325331 -1.423189639114194 -0.64198185743541281
1.373452901699497 -1.4231896506019559 -0.61310693338066791
1.3862411268467469 -1.4231896394932879 -0.58344546154442656
1.3986107728604731 -1.4231896509755471 -0.55337808727732274
1.4099560695946189 -1.423189637290446 -0.52342974003705134
1.420729334691279 -1.4231896536640889 -0.49411002330873233
1.430261616212112 -1.4231896345749619 -0.46499297495464059
1.4395950459639191 -1.4231896543339899 -0.43615549252737568
1.447898264023149 -1.4231896358714129 -0.40660505100242111
1.4562147283693381 -1.423189651133312 -0.37649313717432531
1.4636383820267591 -1.4231896391469161 -0.34545117913837481
1.4708445461770849 -1.423189648175297 -0.31397130134891682
1.4770490405618819 -1.4231896409814799 -0.28247019717714811
1.4827916916068971 -1.4231896467555989 -0.25135386618779187
1.487533313366227 -1.4231896419649579 -0.22054991518007599
1.491921036827804 -1.4231896456009749 -0.1895270124580743
1.495455057424758 -1.4231896429513859 -0.15786577995330281
1.4986314973027279 -1.4231896446386409 -0.12573809571670519
1.5008505226328659 -1.423189643616904 -0.093470691378067614
1.502707904690286 -1.423189644043436 -0.061676575398451297
1.5034615651993191 -1.4231896440783101 -0.030552987620558861
