50.459876177043 31.5377109712482 -0.000463773691626039
50.3564411932444 31.5377109712482 1.04952745208799
50.2530062094458 31.5377109712482 2.0995186778676
50.1495712256473 31.5377109712482 3.14950990364721
50.0461362418487 31.5377109712482 4.19950112942683
49.9427012580501 31.5377109712482 5.24949235520644
49.8392662742516 31.5377109712482 6.29948358098605
49.735831290453 31.5377109712482 7.34947480676566
49.6323963066544 31.5377109712482 8.39946603254528
49.5289613228559 31.5377109712482 9.44945725832489
49.2989126235757 31.5377109712482 10.4742621175149
48.9926393963264 31.5377109712482 11.4839041730761
48.6863661690772 31.5377109712482 12.4935462286373
48.380092941828 31.5377109712482 13.5031882841986
48.0738197145788 31.5377109712482 14.5128303397598
47.7675464873296 31.5377109712482 15.5224723953211
47.4612732600804 31.5377109712482 16.5321144508823
47.1550000328312 31.5377109712482 17.5417565064436
46.8487268055819 31.5377109712482 18.5513985620048
46.4949535218271 31.5377109712482 19.5413650779387
45.9975842133618 31.5377109712482 20.4718510483242
45.5002149048965 31.5377109712482 21.4023370187097
45.0028455964312 31.5377109712482 22.3328229890953
44.5054762879659 31.5377109712482 23.2633089594808
44.0081069795006 31.5377109712482 24.1937949298664
43.5107376710353 31.5377109712482 25.1242809002519
43.01336836257 31.5377109712482 26.0547668706375
42.5159990541047 31.5377109712482 26.985252841023
42.0186297456394 31.5377109712482 27.9157388114086
41.3709982168215 31.5377109712482 28.7458144084718
40.7016134731757 31.5377109712482 29.5613537607178
40.0322287295298 31.5377109712482 30.3768931129637
39.3628439858839 31.5377109712482 31.1924324652097
38.693459242238 31.5377109712482 32.0079718174556
38.0240744985921 31.5377109712482 32.8235111697016
37.3546897549463 31.5377109712482 33.6390505219475
36.6853050113004 31.5377109712482 34.4545898741934
36.0159202676545 31.5377109712482 35.2701292264394
35.2737858780109 31.5377109712482 36.0129189326876
34.458246525765 31.5377109712482 36.6823036763335
33.642707173519 31.5377109712482 37.3516884199793
32.8271678212731 31.5377109712482 38.0210731636252
32.0116284690271 31.5377109712482 38.6904579072711
31.1960891167812 31.5377109712482 39.359842650917
30.3805497645353 31.5377109712482 40.0292273945628
29.5650104122893 31.5377109712482 40.6986121382087
28.7494710600434 31.5377109712482 41.3679968818546
27.9199108516376 31.5377109712482 42.0163996800289
26.989424881252 31.5377109712482 42.5137689884942
26.0589389108665 31.5377109712482 43.0111382969595
25.1284529404809 31.5377109712482 43.5085076054248
24.1979669700954 31.5377109712482 44.0058769138901
23.2674809997098 31.5377109712482 44.5032462223554
22.3369950293243 31.5377109712482 45.0006155308207
21.4065090589387 31.5377109712482 45.497984839286
20.4760230885532 31.5377109712482 45.9953541477513
19.5455371181676 31.5377109712482 46.4927234562166
18.5559255160984 31.5377109712482 46.8473535616365
17.5462834605372 31.5377109712482 47.1536267888857
16.5366414049759 31.5377109712482 47.4599000161349
15.5269993494147 31.5377109712482 47.7661732433842
14.5173572938535 31.5377109712482 48.0724464706334
13.5077152382922 31.5377109712482 48.3787196978826
12.498073182731 31.5377109712482 48.6849929251318
11.4884311271697 31.5377109712482 48.991266152381
10.4787890716085 31.5377109712482 49.2975393796302
9.45416512687258 31.5377109712482 49.5284975491642
8.40417390109297 31.5377109712482 49.6319325329628
7.35418267531336 31.5377109712482 49.7353675167614
6.30419144953374 31.5377109712482 49.8388025005599
5.25420022375413 31.5377109712482 49.9422374843585
4.20420899797452 31.5377109712482 50.0456724681571
3.1542177721949 31.5377109712482 50.1491074519556
2.10422654641529 31.5377109712482 50.2525424357542
1.05423532063568 31.5377109712482 50.3559774195528
0.00424409485606351 31.5377109712482 50.4594124033513
-1.04574713092355 31.5377109712482 50.356904966936
-2.09573835670316 31.5377109712482 50.2534699831375
-3.14572958248278 31.5377109712482 50.1500349993389
-4.19572080826239 31.5377109712482 50.0466000155403
-5.245712034042 31.5377109712482 49.9431650317418
-6.29570325982161 31.5377109712482 49.8397300479432
-7.34569448560123 31.5377109712482 49.7362950641446
-8.39568571138084 31.5377109712482 49.6328600803461
-9.44567693716046 31.5377109712482 49.5294250965475
-10.4706627108045 31.5377109712482 49.3002858675211
-11.4803047663657 31.5377109712482 48.9940126402719
-12.489946821927 31.5377109712482 48.6877394130227
-13.4995888774882 31.5377109712482 48.3814661857735
-14.5092309330495 31.5377109712482 48.0751929585242
-15.5188729886107 31.5377109712482 47.768919731275
-16.528515044172 31.5377109712482 47.4626465040258
-17.5381570997332 31.5377109712482 47.1563732767766
-18.5477991552945 31.5377109712482 46.8501000495274
-19.5381205850929 31.5377109712482 46.4971835874376
-20.4686065554785 31.5377109712482 45.9998142789723
-21.399092525864 31.5377109712482 45.502444970507
-22.3295784962495 31.5377109712482 45.0050756620417
-23.2600644666351 31.5377109712482 44.5077063535764
-24.1905504370206 31.5377109712482 44.0103370451111
-25.1210364074062 31.5377109712482 43.5129677366457
-26.0515223777917 31.5377109712482 43.0155984281805
-26.9820083481773 31.5377109712482 42.5182291197152
-27.9124943185628 31.5377109712482 42.0208598112498
-28.7430853042836 31.5377109712482 41.3739995517885
-29.5586246565295 31.5377109712482 40.7046148081426
-30.3741640087755 31.5377109712482 40.0352300644967
-31.1897033610214 31.5377109712482 39.3658453208508
-32.0052427132673 31.5377109712482 38.696460577205
-32.8207820655133 31.5377109712482 38.0270758335591
-33.6363214177592 31.5377109712482 37.3576910899132
-34.4518607700052 31.5377109712482 36.6883063462673
-35.2674001222511 31.5377109712482 36.0189216026215
-36.0108451451039 31.5377109712482 35.2774425295824
-36.6802298887498 31.5377109712482 34.4619031773365
-37.3496146323956 31.5377109712482 33.6463638250906
-38.0189993760415 31.5377109712482 32.8308244728446
-38.6883841196874 31.5377109712482 32.0152851205987
-39.3577688633333 31.5377109712482 31.1997457683527
-40.0271536069792 31.5377109712482 30.3842064161068
-40.696538350625 31.5377109712482 29.5686670638609
-41.3659230942709 31.5377109712482 28.7531277116149
-42.0150971618017 31.5377109712482 27.9240828918665
-42.512466470267 31.5377109712482 26.993596921481
-43.0098357787323 31.5377109712482 26.0631109510955
-43.5072050871976 31.5377109712482 25.1326249807099
-44.0045743956629 31.5377109712482 24.2021390103244
-44.5019437041282 31.5377109712482 23.2716530399388
-44.9993130125935 31.5377109712482 22.3411670695533
-45.4966823210588 31.5377109712482 21.4106810991677
-45.9940516295241 31.5377109712482 20.4801951287822
-46.4914209379894 31.5377109712482 19.5497091583966
-46.8469078650743 31.5377109712482 18.5604524701921
-47.1531810923235 31.5377109712482 17.5508104146308
-47.4594543195728 31.5377109712482 16.5411683590696
-47.765727546822 31.5377109712482 15.5315263035083
-48.0720007740712 31.5377109712482 14.5218842479471
-48.3782740013204 31.5377109712482 13.5122421923858
-48.6845472285696 31.5377109712482 12.5026001368246
-48.9908204558188 31.5377109712482 11.4929580812633
-49.297093683068 31.5377109712482 10.4833160257021
-49.5289613228559 31.5377109712482 9.45887299542028
-49.6323963066544 31.5377109712482 8.40888176964066
-49.735831290453 31.5377109712482 7.35889054386105
-49.8392662742516 31.5377109712482 6.30889931808144
-49.9427012580501 31.5377109712482 5.25890809230182
-50.0461362418487 31.5377109712482 4.20891686652221
-50.1495712256473 31.5377109712482 3.1589256407426
-50.2530062094458 31.5377109712482 2.10893441496298
-50.3564411932444 31.5377109712482 1.05894318918337
-50.459876177043 31.5377109712482 0.00895196340375726
-50.3582962880109 31.5377109712482 -1.04103926237586
-50.2548613042123 31.5377109712482 -2.09103048815547
-50.1514263204138 31.5377109712482 -3.14102171393508
-50.0479913366152 31.5377109712482 -4.1910129397147
-49.9445563528166 31.5377109712482 -5.24100416549431
-49.8411213690181 31.5377109712482 -6.29099539127392
-49.7376863852195 31.5377109712482 -7.34098661705354
-49.6342514014209 31.5377109712482 -8.39097784283315
-49.5308164176224 31.5377109712482 -9.44096906861276
-49.3025866588498 31.5377109712482 -10.4661357567109
-48.9963134316006 31.5377109712482 -11.4757778122721
-48.6900402043514 31.5377109712482 -12.4854198678334
-48.3837669771022 31.5377109712482 -13.4950619233946
-48.0774937498529 31.5377109712482 -14.5047039789559
-47.7712205226037 31.5377109712482 -15.5143460345171
-47.4649472953545 31.5377109712482 -16.5239880900783
-47.1586740681053 31.5377109712482 -17.5336301456396
-46.8524008408561 31.5377109712482 -18.5432722012008
-46.5003412004313 31.5377109712482 -19.5339485448639
-46.002971891966 31.5377109712482 -20.4644345152495
-45.5056025835007 31.5377109712482 -21.394920485635
-45.0082332750354 31.5377109712482 -22.3254064560205
-44.5108639665701 31.5377109712482 -23.2558924264061
-44.0134946581048 31.5377109712482 -24.1863783967916
-43.5161253496395 31.5377109712482 -25.1168643671772
-43.0187560411742 31.5377109712482 -26.0473503375627
-42.5213867327089 31.5377109712482 -26.9778363079483
-42.0240174242436 31.5377109712482 -27.9083222783338
-41.3779284341387 31.5377109712482 -28.739428652712
-40.7085436904928 31.5377109712482 -29.554968004958
-40.0391589468469 31.5377109712482 -30.3705073572039
-39.369774203201 31.5377109712482 -31.1860467094499
-38.7003894595552 31.5377109712482 -32.0015860616958
-38.0310047159093 31.5377109712482 -32.8171254139417
-37.3616199722634 31.5377109712482 -33.6326647661877
-36.6922352286175 31.5377109712482 -34.4482041184336
-36.0228504849717 31.5377109712482 -35.2637434706796
-35.2820267285372 31.5377109712482 -36.007843810137
-34.4664873762913 31.5377109712482 -36.6772285537828
-33.6509480240454 31.5377109712482 -37.3466132974287
-32.8354086717994 31.5377109712482 -38.0159980410746
-32.0198693195535 31.5377109712482 -38.6853827847205
-31.2043299673075 31.5377109712482 -39.3547675283663
-30.3887906150616 31.5377109712482 -40.0241522720122
-29.5732512628156 31.5377109712482 -40.6935370156581
-28.7577119105697 31.5377109712482 -41.362921759304
-27.9291824794788 31.5377109712482 -42.0128670961912
-26.9986965090933 31.5377109712482 -42.5102364046565
-26.0682105387077 31.5377109712482 -43.0076057131218
-25.1377245683222 31.5377109712482 -43.5049750215871
-24.2072385979366 31.5377109712482 -44.0023443300524
-23.2767526275511 31.5377109712482 -44.4997136385177
-22.3462666571655 31.5377109712482 -44.997082946983
-21.41578068678 31.5377109712482 -45.4944522554483
-20.4852947163944 31.5377109712482 -45.9918215639136
-19.5548087460089 31.5377109712482 -46.4891908723789
-18.5659069716689 31.5377109712482 -46.8455346211289
-17.5562649161077 31.5377109712482 -47.1518078483781
-16.5466228605464 31.5377109712482 -47.4580810756273
-15.5369808049852 31.5377109712482 -47.7643543028765
-14.5273387494239 31.5377109712482 -48.0706275301257
-13.5176966938627 31.5377109712482 -48.3769007573749
-12.5080546383015 31.5377109712482 -48.6831739846242
-11.4984125827402 31.5377109712482 -48.9894472118734
-10.488770527179 31.5377109712482 -49.2957204391226
-9.46450841135122 31.5377109712482 -49.5284975491642
-8.41451718557161 31.5377109712482 -49.6319325329628
-7.364525959792 31.5377109712482 -49.7353675167614
-6.31453473401238 31.5377109712482 -49.8388025005599
-5.26454350823277 31.5377109712482 -49.9422374843585
-4.21455228245316 31.5377109712482 -50.0456724681571
-3.16456105667354 31.5377109712482 -50.1491074519556
-2.11456983089393 31.5377109712482 -50.2525424357542
-1.06457860511432 31.5377109712482 -50.3559774195528
-0.0145873793347045 31.5377109712482 -50.4594124033513
1.03540384644491 31.5377109712482 -50.3587600617025
2.08539507222452 31.5377109712482 -50.255325077904
3.13538629800414 31.5377109712482 -50.1518900941054
4.18537752378375 31.5377109712482 -50.0484551103068
5.23536874956336 31.5377109712482 -49.9450201265083
6.28535997534297 31.5377109712482 -49.8415851427097
7.33535120112259 31.5377109712482 -49.7381501589111
8.3853424269022 31.5377109712482 -49.6347151751126
9.43533365268182 31.5377109712482 -49.531280191314
10.460681255234 31.5377109712482 -49.3039599027952
11.4703233107953 31.5377109712482 -48.997686675546
12.4799653663565 31.5377109712482 -48.6914134482968
13.4896074219177 31.5377109712482 -48.3851402210476
14.499249477479 31.5377109712482 -48.0788669937984
15.5088915330402 31.5377109712482 -47.7725937665492
16.5185335886015 31.5377109712482 -47.4663205392999
17.5281756441627 31.5377109712482 -47.1600473120507
18.537817699724 31.5377109712482 -46.8537740848015
19.5288489572517 31.5377109712482 -46.5025712660418
20.4593349276372 31.5377109712482 -46.0052019575765
21.3898208980227 31.5377109712482 -45.5078326491112
22.3203068684083 31.5377109712482 -45.0104633406459
23.2507928387938 31.5377109712482 -44.5130940321806
24.1812788091794 31.5377109712482 -44.0157247237153
25.1117647795649 31.5377109712482 -43.51835541525
26.0422507499505 31.5377109712482 -43.0209861067847
26.972736720336 31.5377109712482 -42.5236167983194
27.9032226907216 31.5377109712482 -42.026247489854
28.7348444537572 31.5377109712482 -41.3809297691056
29.5503838060032 31.5377109712482 -40.7115450254597
30.3659231582491 31.5377109712482 -40.0421602818139
31.1814625104951 31.5377109712482 -39.372775538168
31.997001862741 31.5377109712482 -38.7033907945221
32.812541214987 31.5377109712482 -38.0340060508762
33.6280805672329 31.5377109712482 -37.3646213072304
34.4436199194788 31.5377109712482 -36.6952365635845
35.2591592717248 31.5377109712482 -36.0258518199386
36.0039149277868 31.5377109712482 -35.2856833801088
36.6732996714326 31.5377109712482 -34.4701440278628
37.3426844150785 31.5377109712482 -33.6546046756169
38.0120691587244 31.5377109712482 -32.8390653233709
38.6814539023703 31.5377109712482 -32.023525971125
39.3508386460161 31.5377109712482 -31.2079866188791
40.020223389662 31.5377109712482 -30.3924472666331
40.6896081333079 31.5377109712482 -29.5769079143872
41.3589928769538 31.5377109712482 -28.7613685621412
42.0097094831975 31.5377109712482 -27.9333545197078
42.5070787916628 31.5377109712482 -27.0028685493223
43.0044481001281 31.5377109712482 -26.0723825789367
43.5018174085934 31.5377109712482 -25.1418966085512
43.9991867170587 31.5377109712482 -24.2114106381656
44.496556025524 31.5377109712482 -23.2809246677801
44.9939253339893 31.5377109712482 -22.3504386973945
45.4912946424546 31.5377109712482 -21.419952727009
45.9886639509199 31.5377109712482 -20.4894667566234
46.4860332593852 31.5377109712482 -19.5589807862379
46.8432338298002 31.5377109712482 -18.5704339257625
47.1495070570494 31.5377109712482 -17.5607918702013
47.4557802842986 31.5377109712482 -16.55114981464
47.7620535115478 31.5377109712482 -15.5415077590788
48.068326738797 31.5377109712482 -14.5318657035176
48.3745999660463 31.5377109712482 -13.5222236479563
48.6808731932955 31.5377109712482 -12.5125815923951
48.9871464205447 31.5377109712482 -11.5029395368338
49.2934196477939 31.5377109712482 -10.4932974812726
49.5271062280894 31.5377109712482 -9.46921627989891
49.6305412118879 31.5377109712482 -8.4192250541193
49.7339761956865 31.5377109712482 -7.36923382833969
49.8374111794851 31.5377109712482 -6.31924260256007
49.9408461632836 31.5377109712482 -5.26925137678046
50.0442811470822 31.5377109712482 -4.21926015100085
50.1477161308808 31.5377109712482 -3.16926892522123
50.2511511146793 31.5377109712482 -2.11927769944162
50.3545860984779 31.5377109712482 -1.06928647366201

50.459876177043 -31.5377109712482 -0.000463773691626039
50.3564411932444 -31.5377109712482 1.04952745208799
50.2530062094458 -31.5377109712482 2.0995186778676
50.1495712256473 -31.5377109712482 3.14950990364721
50.0461362418487 -31.5377109712482 4.19950112942683
49.9427012580501 -31.5377109712482 5.24949235520644
49.8392662742516 -31.5377109712482 6.29948358098605
49.735831290453 -31.5377109712482 7.34947480676566
49.6323963066544 -31.5377109712482 8.39946603254528
49.5289613228559 -31.5377109712482 9.44945725832489
49.2989126235757 -31.5377109712482 10.4742621175149
48.9926393963264 -31.5377109712482 11.4839041730761
48.6863661690772 -31.5377109712482 12.4935462286373
48.380092941828 -31.5377109712482 13.5031882841986
48.0738197145788 -31.5377109712482 14.5128303397598
47.7675464873296 -31.5377109712482 15.5224723953211
47.4612732600804 -31.5377109712482 16.5321144508823
47.1550000328312 -31.5377109712482 17.5417565064436
46.8487268055819 -31.5377109712482 18.5513985620048
46.4949535218271 -31.5377109712482 19.5413650779387
45.9975842133618 -31.5377109712482 20.4718510483242
45.5002149048965 -31.5377109712482 21.4023370187097
45.0028455964312 -31.5377109712482 22.3328229890953
44.5054762879659 -31.5377109712482 23.2633089594808
44.0081069795006 -31.5377109712482 24.1937949298664
43.5107376710353 -31.5377109712482 25.1242809002519
43.01336836257 -31.5377109712482 26.0547668706375
42.5159990541047 -31.5377109712482 26.985252841023
42.0186297456394 -31.5377109712482 27.9157388114086
41.3709982168215 -31.5377109712482 28.7458144084718
40.7016134731757 -31.5377109712482 29.5613537607178
40.0322287295298 -31.5377109712482 30.3768931129637
39.3628439858839 -31.5377109712482 31.1924324652097
38.693459242238 -31.5377109712482 32.0079718174556
38.0240744985921 -31.5377109712482 32.8235111697016
37.3546897549463 -31.5377109712482 33.6390505219475
36.6853050113004 -31.5377109712482 34.4545898741934
36.0159202676545 -31.5377109712482 35.2701292264394
35.2737858780109 -31.5377109712482 36.0129189326876
34.458246525765 -31.5377109712482 36.6823036763335
33.642707173519 -31.5377109712482 37.3516884199793
32.8271678212731 -31.5377109712482 38.0210731636252
32.0116284690271 -31.5377109712482 38.6904579072711
31.1960891167812 -31.5377109712482 39.359842650917
30.3805497645353 -31.5377109712482 40.0292273945628
29.5650104122893 -31.5377109712482 40.6986121382087
28.7494710600434 -31.5377109712482 41.3679968818546
27.9199108516376 -31.5377109712482 42.0163996800289
26.989424881252 -31.5377109712482 42.5137689884942
26.0589389108665 -31.5377109712482 43.0111382969595
25.1284529404809 -31.5377109712482 43.5085076054248
24.1979669700954 -31.5377109712482 44.0058769138901
23.2674809997098 -31.5377109712482 44.5032462223554
22.3369950293243 -31.5377109712482 45.0006155308207
21.4065090589387 -31.5377109712482 45.497984839286
20.4760230885532 -31.5377109712482 45.9953541477513
19.5455371181676 -31.5377109712482 46.4927234562166
18.5559255160984 -31.5377109712482 46.8473535616365
17.5462834605372 -31.5377109712482 47.1536267888857
16.5366414049759 -31.5377109712482 47.4599000161349
15.5269993494147 -31.5377109712482 47.7661732433842
14.5173572938535 -31.5377109712482 48.0724464706334
13.5077152382922 -31.5377109712482 48.3787196978826
12.498073182731 -31.5377109712482 48.6849929251318
11.4884311271697 -31.5377109712482 48.991266152381
10.4787890716085 -31.5377109712482 49.2975393796302
9.45416512687258 -31.5377109712482 49.5284975491642
8.40417390109297 -31.5377109712482 49.6319325329628
7.35418267531336 -31.5377109712482 49.7353675167614
6.30419144953374 -31.5377109712482 49.8388025005599
5.25420022375413 -31.5377109712482 49.9422374843585
4.20420899797452 -31.5377109712482 50.0456724681571
3.1542177721949 -31.5377109712482 50.1491074519556
2.10422654641529 -31.5377109712482 50.2525424357542
1.05423532063568 -31.5377109712482 50.3559774195528
0.00424409485606351 -31.5377109712482 50.4594124033513
-1.04574713092355 -31.5377109712482 50.356904966936
-2.09573835670316 -31.5377109712482 50.2534699831375
-3.14572958248278 -31.5377109712482 50.1500349993389
-4.19572080826239 -31.5377109712482 50.0466000155403
-5.245712034042 -31.5377109712482 49.9431650317418
-6.29570325982161 -31.5377109712482 49.8397300479432
-7.34569448560123 -31.5377109712482 49.7362950641446
-8.39568571138084 -31.5377109712482 49.6328600803461
-9.44567693716046 -31.5377109712482 49.5294250965475
-10.4706627108045 -31.5377109712482 49.3002858675211
-11.4803047663657 -31.5377109712482 48.9940126402719
-12.489946821927 -31.5377109712482 48.6877394130227
-13.4995888774882 -31.5377109712482 48.3814661857735
-14.5092309330495 -31.5377109712482 48.0751929585242
-15.5188729886107 -31.5377109712482 47.768919731275
-16.528515044172 -31.5377109712482 47.4626465040258
-17.5381570997332 -31.5377109712482 47.1563732767766
-18.5477991552945 -31.5377109712482 46.8501000495274
-19.5381205850929 -31.5377109712482 46.4971835874376
-20.4686065554785 -31.5377109712482 45.9998142789723
-21.399092525864 -31.5377109712482 45.502444970507
-22.3295784962495 -31.5377109712482 45.0050756620417
-23.2600644666351 -31.5377109712482 44.5077063535764
-24.1905504370206 -31.5377109712482 44.0103370451111
-25.1210364074062 -31.5377109712482 43.5129677366457
-26.0515223777917 -31.5377109712482 43.0155984281805
-26.9820083481773 -31.5377109712482 42.5182291197152
-27.9124943185628 -31.5377109712482 42.0208598112498
-28.7430853042836 -31.5377109712482 41.3739995517885
-29.5586246565295 -31.5377109712482 40.7046148081426
-30.3741640087755 -31.5377109712482 40.0352300644967
-31.1897033610214 -31.5377109712482 39.3658453208508
-32.0052427132673 -31.5377109712482 38.696460577205
-32.8207820655133 -31.5377109712482 38.0270758335591
-33.6363214177592 -31.5377109712482 37.3576910899132
-34.4518607700052 -31.5377109712482 36.6883063462673
-35.2674001222511 -31.5377109712482 36.0189216026215
-36.0108451451039 -31.5377109712482 35.2774425295824
-36.6802298887498 -31.5377109712482 34.4619031773365
-37.3496146323956 -31.5377109712482 33.6463638250906
-38.0189993760415 -31.5377109712482 32.8308244728446
-38.6883841196874 -31.5377109712482 32.0152851205987
-39.3577688633333 -31.5377109712482 31.1997457683527
-40.0271536069792 -31.5377109712482 30.3842064161068
-40.696538350625 -31.5377109712482 29.5686670638609
-41.3659230942709 -31.5377109712482 28.7531277116149
-42.0150971618017 -31.5377109712482 27.9240828918665
-42.512466470267 -31.5377109712482 26.993596921481
-43.0098357787323 -31.5377109712482 26.0631109510955
-43.5072050871976 -31.5377109712482 25.1326249807099
-44.0045743956629 -31.5377109712482 24.2021390103244
-44.5019437041282 -31.5377109712482 23.2716530399388
-44.9993130125935 -31.5377109712482 22.3411670695533
-45.4966823210588 -31.5377109712482 21.4106810991677
-45.9940516295241 -31.5377109712482 20.4801951287822
-46.4914209379894 -31.5377109712482 19.5497091583966
-46.8469078650743 -31.5377109712482 18.5604524701921
-47.1531810923235 -31.5377109712482 17.5508104146308
-47.4594543195728 -31.5377109712482 16.5411683590696
-47.765727546822 -31.5377109712482 15.5315263035083
-48.0720007740712 -31.5377109712482 14.5218842479471
-48.3782740013204 -31.5377109712482 13.5122421923858
-48.6845472285696 -31.5377109712482 12.5026001368246
-48.9908204558188 -31.5377109712482 11.4929580812633
-49.297093683068 -31.5377109712482 10.4833160257021
-49.5289613228559 -31.5377109712482 9.45887299542028
-49.6323963066544 -31.5377109712482 8.40888176964066
-49.735831290453 -31.5377109712482 7.35889054386105
-49.8392662742516 -31.5377109712482 6.30889931808144
-49.9427012580501 -31.5377109712482 5.25890809230182
-50.0461362418487 -31.5377109712482 4.20891686652221
-50.1495712256473 -31.5377109712482 3.1589256407426
-50.2530062094458 -31.5377109712482 2.10893441496298
-50.3564411932444 -31.5377109712482 1.05894318918337
-50.459876177043 -31.5377109712482 0.00895196340375726
-50.3582962880109 -31.5377109712482 -1.04103926237586
-50.2548613042123 -31.5377109712482 -2.09103048815547
-50.1514263204138 -31.5377109712482 -3.14102171393508
-50.0479913366152 -31.5377109712482 -4.1910129397147
-49.9445563528166 -31.5377109712482 -5.24100416549431
-49.8411213690181 -31.5377109712482 -6.29099539127392
-49.7376863852195 -31.5377109712482 -7.34098661705354
-49.6342514014209 -31.5377109712482 -8.39097784283315
-49.5308164176224 -31.5377109712482 -9.44096906861276
-49.3025866588498 -31.5377109712482 -10.4661357567109
-48.9963134316006 -31.5377109712482 -11.4757778122721
-48.6900402043514 -31.5377109712482 -12.4854198678334
-48.3837669771022 -31.5377109712482 -13.4950619233946
-48.0774937498529 -31.5377109712482 -14.5047039789559
-47.7712205226037 -31.5377109712482 -15.5143460345171
-47.4649472953545 -31.5377109712482 -16.5239880900783
-47.1586740681053 -31.5377109712482 -17.5336301456396
-46.8524008408561 -31.5377109712482 -18.5432722012008
-46.5003412004313 -31.5377109712482 -19.5339485448639
-46.002971891966 -31.5377109712482 -20.4644345152495
-45.5056025835007 -31.5377109712482 -21.394920485635
-45.0082332750354 -31.5377109712482 -22.3254064560205
-44.5108639665701 -31.5377109712482 -23.2558924264061
-44.0134946581048 -31.5377109712482 -24.1863783967916
-43.5161253496395 -31.5377109712482 -25.1168643671772
-43.0187560411742 -31.5377109712482 -26.0473503375627
-42.5213867327089 -31.5377109712482 -26.9778363079483
-42.0240174242436 -31.5377109712482 -27.9083222783338
-41.3779284341387 -31.5377109712482 -28.739428652712
-40.7085436904928 -31.5377109712482 -29.554968004958
-40.0391589468469 -31.5377109712482 -30.3705073572039
-39.369774203201 -31.5377109712482 -31.1860467094499
-38.7003894595552 -31.5377109712482 -32.0015860616958
-38.0310047159093 -31.5377109712482 -32.8171254139417
-37.3616199722634 -31.5377109712482 -33.6326647661877
-36.6922352286175 -31.5377109712482 -34.4482041184336
-36.0228504849717 -31.5377109712482 -35.2637434706796
-35.2820267285372 -31.5377109712482 -36.007843810137
-34.4664873762913 -31.5377109712482 -36.6772285537828
-33.6509480240454 -31.5377109712482 -37.3466132974287
-32.8354086717994 -31.5377109712482 -38.0159980410746
-32.0198693195535 -31.5377109712482 -38.6853827847205
-31.2043299673075 -31.5377109712482 -39.3547675283663
-30.3887906150616 -31.5377109712482 -40.0241522720122
-29.5732512628156 -31.5377109712482 -40.6935370156581
-28.7577119105697 -31.5377109712482 -41.362921759304
-27.9291824794788 -31.5377109712482 -42.0128670961912
-26.9986965090933 -31.5377109712482 -42.5102364046565
-26.0682105387077 -31.5377109712482 -43.0076057131218
-25.1377245683222 -31.5377109712482 -43.5049750215871
-24.2072385979366 -31.5377109712482 -44.0023443300524
-23.2767526275511 -31.5377109712482 -44.4997136385177
-22.3462666571655 -31.5377109712482 -44.997082946983
-21.41578068678 -31.5377109712482 -45.4944522554483
-20.4852947163944 -31.5377109712482 -45.9918215639136
-19.5548087460089 -31.5377109712482 -46.4891908723789
-18.5659069716689 -31.5377109712482 -46.8455346211289
-17.5562649161077 -31.5377109712482 -47.1518078483781
-16.5466228605464 -31.5377109712482 -47.4580810756273
-15.5369808049852 -31.5377109712482 -47.7643543028765
-14.5273387494239 -31.5377109712482 -48.0706275301257
-13.5176966938627 -31.5377109712482 -48.3769007573749
-12.5080546383015 -31.5377109712482 -48.6831739846242
-11.4984125827402 -31.5377109712482 -48.9894472118734
-10.488770527179 -31.5377109712482 -49.2957204391226
-9.46450841135122 -31.5377109712482 -49.5284975491642
-8.41451718557161 -31.5377109712482 -49.6319325329628
-7.364525959792 -31.5377109712482 -49.7353675167614
-6.31453473401238 -31.5377109712482 -49.8388025005599
-5.26454350823277 -31.5377109712482 -49.9422374843585
-4.21455228245316 -31.5377109712482 -50.0456724681571
-3.16456105667354 -31.5377109712482 -50.1491074519556
-2.11456983089393 -31.5377109712482 -50.2525424357542
-1.06457860511432 -31.5377109712482 -50.3559774195528
-0.0145873793347045 -31.5377109712482 -50.4594124033513
1.03540384644491 -31.5377109712482 -50.3587600617025
2.08539507222452 -31.5377109712482 -50.255325077904
3.13538629800414 -31.5377109712482 -50.1518900941054
4.18537752378375 -31.5377109712482 -50.0484551103068
5.23536874956336 -31.5377109712482 -49.9450201265083
6.28535997534297 -31.5377109712482 -49.8415851427097
7.33535120112259 -31.5377109712482 -49.7381501589111
8.3853424269022 -31.5377109712482 -49.6347151751126
9.43533365268182 -31.5377109712482 -49.531280191314
10.460681255234 -31.5377109712482 -49.3039599027952
11.4703233107953 -31.5377109712482 -48.997686675546
12.4799653663565 -31.5377109712482 -48.6914134482968
13.4896074219177 -31.5377109712482 -48.3851402210476
14.499249477479 -31.5377109712482 -48.0788669937984
15.5088915330402 -31.5377109712482 -47.7725937665492
16.5185335886015 -31.5377109712482 -47.4663205392999
17.5281756441627 -31.5377109712482 -47.1600473120507
18.537817699724 -31.5377109712482 -46.8537740848015
19.5288489572517 -31.5377109712482 -46.5025712660418
20.4593349276372 -31.5377109712482 -46.0052019575765
21.3898208980227 -31.5377109712482 -45.5078326491112
22.3203068684083 -31.5377109712482 -45.0104633406459
23.2507928387938 -31.5377109712482 -44.5130940321806
24.1812788091794 -31.5377109712482 -44.0157247237153
25.1117647795649 -31.5377109712482 -43.51835541525
26.0422507499505 -31.5377109712482 -43.0209861067847
26.972736720336 -31.5377109712482 -42.5236167983194
27.9032226907216 -31.5377109712482 -42.026247489854
28.7348444537572 -31.5377109712482 -41.3809297691056
29.5503838060032 -31.5377109712482 -40.7115450254597
30.3659231582491 -31.5377109712482 -40.0421602818139
31.1814625104951 -31.5377109712482 -39.372775538168
31.997001862741 -31.5377109712482 -38.7033907945221
32.812541214987 -31.5377109712482 -38.0340060508762
33.6280805672329 -31.5377109712482 -37.3646213072304
34.4436199194788 -31.5377109712482 -36.6952365635845
35.2591592717248 -31.5377109712482 -36.0258518199386
36.0039149277868 -31.5377109712482 -35.2856833801088
36.6732996714326 -31.5377109712482 -34.4701440278628
37.3426844150785 -31.5377109712482 -33.6546046756169
38.0120691587244 -31.5377109712482 -32.8390653233709
38.6814539023703 -31.5377109712482 -32.023525971125
39.3508386460161 -31.5377109712482 -31.2079866188791
40.020223389662 -31.5377109712482 -30.3924472666331
40.6896081333079 -31.5377109712482 -29.5769079143872
41.3589928769538 -31.5377109712482 -28.7613685621412
42.0097094831975 -31.5377109712482 -27.9333545197078
42.5070787916628 -31.5377109712482 -27.0028685493223
43.0044481001281 -31.5377109712482 -26.0723825789367
43.5018174085934 -31.5377109712482 -25.1418966085512
43.9991867170587 -31.5377109712482 -24.2114106381656
44.496556025524 -31.5377109712482 -23.2809246677801
44.9939253339893 -31.5377109712482 -22.3504386973945
45.4912946424546 -31.5377109712482 -21.419952727009
45.9886639509199 -31.5377109712482 -20.4894667566234
46.4860332593852 -31.5377109712482 -19.5589807862379
46.8432338298002 -31.5377109712482 -18.5704339257625
47.1495070570494 -31.5377109712482 -17.5607918702013
47.4557802842986 -31.5377109712482 -16.55114981464
47.7620535115478 -31.5377109712482 -15.5415077590788
48.068326738797 -31.5377109712482 -14.5318657035176
48.3745999660463 -31.5377109712482 -13.5222236479563
48.6808731932955 -31.5377109712482 -12.5125815923951
48.9871464205447 -31.5377109712482 -11.5029395368338
49.2934196477939 -31.5377109712482 -10.4932974812726
49.5271062280894 -31.5377109712482 -9.46921627989891
49.6305412118879 -31.5377109712482 -8.4192250541193
49.7339761956865 -31.5377109712482 -7.36923382833969
49.8374111794851 -31.5377109712482 -6.31924260256007
49.9408461632836 -31.5377109712482 -5.26925137678046
50.0442811470822 -31.5377109712482 -4.21926015100085
50.1477161308808 -31.5377109712482 -3.16926892522123
50.2511511146793 -31.5377109712482 -2.11927769944162
50.3545860984779 -31.5377109712482 -1.06928647366201
