0.48838925829215168 -1.8746233257788529 -0.37048776283301099
0.45367634690675118 -1.9038522237190241 -0.35880048183531182
0.418469643423936 -1.93150114308112 -0.34564854611911738
0.38275942854821299 -1.957655341046513 -0.33121061393031342
0.34681443757880293 -1.982075603097716 -0.31555893537050023
0.31029956158684741 -2.0049561709998032 -0.29867987463180218
0.27357702381323462 -2.0260380094575821 -0.28071492809474002
0.2365420501758802 -2.045366720086931 -0.26174370328568142
0.19912156888054591 -2.062815868244535 -0.2416901972447314
0.16171667262497799 -2.0785057539996532 -0.22097844586888651
0.12381585680817481 -2.0921806184315619 -0.19923987245259819
0.086020630109649956 -2.1039739175152818 -0.17699119466732041
0.047928876526342819 -2.1138305724274979 -0.15402835924460589
0.0098772071677131357 -2.1216688041550729 -0.1306084074606704
-0.028312230676295329 -2.1275569394947551 -0.1067134907749757
-0.066433774251177483 -2.131340677340444 -0.082532793633137105
-0.1045746653599714 -2.133151518828972 -0.058085034243683178
-0.1426558016356827 -2.1328673745808708 -0.033477619260108109
-0.180549789864309 -2.1305889618794231 -0.0088688515508103145
-0.21841349577099439 -2.126201950698861 0.015797421670399811
-0.25596068128964827 -2.119848884802384 0.040260586984584339
-0.29340188659457161 -2.1113803218067648 0.064592970190458079
-0.33046424519781942 -2.1009711633993069 0.088558558499193737
-0.36731516265390768 -2.0885025362435901 0.11218336145562791
-0.40376141396638271 -2.0741009414026279 0.13529867413524641
-0.43986650754651829 -2.0577539933253708 0.15786349035959751
-0.47554482253683411 -2.039449871949893 0.17974937801358459
-0.51074219196894333 -2.0192935727356369 0.20087448610537331
-0.54556498711101009 -1.9972834430895401 0.22121550090226419
-0.57970406715335221 -1.973493876066686 0.24052995667654309
-0.61360006122720767 -1.947915080493845 0.25903876689311828
-0.64656818246178538 -1.920660641797364 0.27622923888919387
-0.67922085763798834 -1.891666827657003 0.29243868978988791
-0.71104024861576998 -1.861200388831038 0.30733881658899931
-0.74242116125139257 -1.8290424645666119 0.32105891409242499
-0.77290352365500758 -1.7955640667474051 0.33337145601008372
-0.80287262081790411 -1.7603976849182119 0.34432514663674518
-0.83195922869435912 -1.7239654851800119 0.35380420415456948
-0.86038315814428468 -1.686073834351524 0.36180297259937788
-0.88799714692415699 -1.646960029157913 0.36837277947630143
-0.91470497206187817 -1.606480513789313 0.37317789708716909
-0.94051564671123977 -1.5650059588012299 0.37659140086526338
-0.96525159156513107 -1.5221200483371671 0.37787652333227151
-0.98896150422336593 -1.4783677392511589 0.37763563042686737
-1.0117503818254221 -1.433252523222547 0.37550970345534951
-1.0331822666660999 -1.387677415456716 0.37168839789171387
-1.0533810503914429 -1.340977368922045 0.36568402685350659
-1.072211362074353 -1.293595905417199 0.35763928285420582
-1.0895649858556491 -1.2456813754629581 0.34741325980351823
-1.105487486412811 -1.197142932351337 0.33508096297395817
-1.1196850117658661 -1.148566285787993 0.32020032559761791
-1.1324888034248619 -1.099725338626852 0.30304573347875091
-1.1441474305207939 -1.0514233379770239 0.28280301799292762
-1.1553403462730489 -1.0034210024326651 0.25990869758545099
-1.16624844337084 -0.95625816378264339 0.2339129032234861
-1.1774788514572581 -0.90994766030140661 0.20483948130367219
-1.189115439428821 -0.86460405870680179 0.1724185639684799
-1.201842737610274 -0.82100488706733088 0.13717748693296999
-1.21606108446933 -0.77940300232404247 0.09917157184313237
-1.2327213368033489 -0.73970240690393396 0.058559042804825677
-1.2522178571135889 -0.70208289148364933 0.016311832086562089
-1.274873492392945 -0.66743918125040491 -0.026593624030205931
-1.3009476912523921 -0.63476552588245705 -0.069208875434632777
-1.3301816118198271 -0.60433912976627191 -0.11111549747410281
-1.3624637462254181 -0.57534676122970552 -0.1510535677189235
-1.39674510017272 -0.54835310255850978 -0.18815026744947691
-1.432803767778259 -0.52160067624678597 -0.2221462016880506
-1.469545170714023 -0.49432007763273528 -0.25333437346801208
-1.5064875799420689 -0.46538688392033001 -0.28179273688439871
-1.5433488494212559 -0.434721040221967 -0.30806659148939008
-1.579977632360132 -0.40249977106534962 -0.33201261604736793
-1.616164284510262 -0.36882309276374647 -0.35395314547874052
-1.6515834671899701 -0.3339638702669267 -0.37371133486422198
-1.6863076734776581 -0.29795648048726892 -0.39154759356100022
-1.720227563777188 -0.26089497232825198 -0.40737997400752879
-1.7531056800436551 -0.22312676761544831 -0.42120447556806978
-1.7852338720940151 -0.18440363358415451 -0.43327894482176488
-1.816284017987031 -0.1450964059773098 -0.44342128388548069
-1.846230809794571 -0.1052839028439829 -0.45167354783868291
-1.8751232979541881 -0.06502609095019557 -0.45819488573194239
-1.9030076104080369 -0.024245978732740179 -0.46291780974747071
-1.929872701341627 0.01671279504664866 -0.46614458285708038
-1.9553888509920101 0.058004042798682258 -0.46737117221313579
-1.9800052999712039 0.099543362630538118 -0.46715721944053812
-2.003273696877486 0.14113692986345519 -0.4652339418562515
-2.0254408579039169 0.18288205157232509 -0.46174712749454222
-2.046297735074242 0.22474264722055509 -0.45661925864190639
-2.0659561935567088 0.26656975592527721 -0.45001765989472231
-2.0841817579915309 0.30840136184472122 -0.44181704191128818
-2.1011685642431939 0.35027655241803901 -0.43214057861081789
-2.1166985929104571 0.39184962947979102 -0.42108983085057422
-2.130706481325559 0.43355137018792689 -0.40840124265370009
-2.1434400238769848 0.47483397308960912 -0.39459962080880789
-2.1544137875533371 0.51610712440090645 -0.37919082334223109
-2.1640461644098941 0.5569695299454871 -0.36265941151858072
-2.1720563893480072 0.59759312083008853 -0.34479695606296912
-2.1785113740837101 0.63781544492855713 -0.32577194418190553
-2.1832471326117329 0.67766692757559943 -0.30549641239243353
-2.186606904627554 0.71700847024889014 -0.28427348195293911
-2.1879741831440231 0.75581445489993149 -0.26187969100360092
-2.1877794910148389 0.79405555027151564 -0.23854715982388819
-2.186213222110637 0.83171829751660564 -0.2143977677168204
-2.1831851219064271 0.86877625710672957 -0.18944587222883119
-2.1784841403485271 0.90515021989912547 -0.16368896748087999
-2.1719940322872149 0.94076097695496219 -0.13716951815384271
-2.1636591912661212 0.97553434501967573 -0.10995696861714201
-2.1534543365549541 1.0094004233225971 -0.08213452888816522
-2.141370846954711 1.042292885584994 -0.053793013631844563
-2.1274109304525508 1.0741486479602671 -0.025027947454084869
-2.1115851227446418 1.1049078479997581 0.004061930465760609
-2.0939112584858881 1.134514083680352 0.033375589559829652
-2.074414171309571 1.1629149281978219 0.062810447414582735
-2.0531259961214712 1.190062934819015 0.092263157694242898
-2.0300874758838749 1.215917801255562 0.1216307327253725
-2.0053514512585182 1.2404514406767231 0.1508126135048439
-1.978990472466553 1.2636595064770271 0.17971499480985079
-1.9511090757509639 1.285583092628926 0.20825929623561579
-1.921860793539188 1.3063444079400479 0.23639616233988359
-1.8914218974702719 1.32614485288661 0.2641111645186161
-1.859410604477755 1.344417207962177 0.29119661290953641
-1.8260180087756741 1.361296738843824 0.31760999446079252
-1.7912778316278299 1.376864860206741 0.34328272096273532
-1.755200707726015 1.3908461709993289 0.36800718398355242
-1.717928863821323 1.403487975118328 0.39183308900316671
-1.6794087794022181 1.4145079202645789 0.41456734038585918
-1.6399148616366861 1.424261741504488 0.43624124654803342
-1.5992897351458111 1.432411139179951 0.45665452498668041
-1.557808203194015 1.439227684460602 0.47584384793555923
-1.515384890140653 1.444633597311513 0.49373802487658519
-1.4722248428924689 1.448618118048616 0.51017220593921675
-1.4283371456919789 1.451191245281225 0.52512076390555296
-1.383709674493383 1.452532651569854 0.53864827270528037
-1.338645094290809 1.4524948192906251 0.5504842696775003
-1.293053410298026 1.451307825678013 0.56081090829375457
-1.247026949262841 1.448918217108792 0.56945494344166225
-1.2006575667426329 1.4453843284145389 0.57642274059116838
-1.154059061958 1.440790686330915 0.58165532175150703
-1.107183646820401 1.4351736437397169 0.5851719735637827
-1.0601938513568181 1.428566590336833 0.58685337446810881
-1.013069089977173 1.4210729494965271 0.58680545569671583
-0.96592812670169959 1.412851131417669 0.5850851454130841
-0.91885461742924779 1.4036560515132031 0.58126093517355881
-0.87168519424019442 1.393876311857223 0.5758644746242515
-0.82490584613161 1.383429272084892 0.56852439405581878
-0.77794531139993961 1.372297454750246 0.55928865817915108
-0.73164412978387883 1.360716503585788 0.548177172088959
-0.68518017789525354 1.3486051571319411 0.53522259755707935
-0.63934888382674626 1.336207470601966 0.52049308514772874
-0.59360995868002209 1.3234123482421589 0.50388562415615634
-0.54848283053851199 1.310392380613717 0.48541807862271902
-0.50362765448617453 1.29713683505457 0.46506383800736439
-0.45934407510816971 1.283773228828784 0.44296865509432792
-0.41535432337195038 1.270293609276318 0.41909891943046518
-0.37224364856521069 1.2568661385963631 0.39332103763825171
-0.32951408481205591 1.2434248729058579 0.36587251331924842
-0.2874996174712009 1.2300572007459729 0.33677150534696471
-0.24631491506139949 1.2168844390474609 0.30579473071469471
-0.2059422104639369 1.203881789596192 0.27323712629793567
-0.1666892894824476 1.1913444022205391 0.23882602935674691
-0.12824667120012881 1.179123860806532 0.2028234459730528
-0.091024776898157328 1.167719216937422 0.16504370475812311
-0.054824468353521047 1.1571661450067801 0.12559754860412009
-0.019907196941946401 1.148471098327196 0.084375533220666613
0.014572987146627031 1.141777014770671 0.041772712938972091
0.048650879892935817 1.1383138344379189 -0.0013197978829198999
0.083220312231467655 1.1377110902112619 -0.044801229847541139
0.1176341403148556 1.1403651495528819 -0.08755044111613787
0.15294679423272711 1.1455831953566979 -0.12948584996225521
0.18922340574023319 1.152908997810399 -0.16957677942887969
0.2270085986866584 1.1615121338414971 -0.20790234199528701
0.26597065837837808 1.1709380976396391 -0.24436664392601221
0.30613053673443652 1.1809439729261819 -0.27884658424768899
0.34742215969879681 1.1912336894361559 -0.31158393797256551
0.38973010917968332 1.2017559851208699 -0.34240133122845479
0.43296920188510579 1.212366750764224 -0.37112150625828522
0.47692357400865731 1.222933260065908 -0.39813196579977689
0.52165124266914997 1.233444100708367 -0.42317968802363071
0.56697359490318289 1.2438016995886789 -0.44627952527835352
0.61291065311075721 1.253972593189117 -0.46745198479850719
0.65921771107141414 1.263879320864538 -0.48684709491428479
0.70604422458139338 1.273467891984428 -0.50419633372739758
0.75316176572880467 1.2826873281790281 -0.51974784904046667
0.80073239515659245 1.291415400872534 -0.53314883681632697
0.84849259186589698 1.29961651027629 -0.54467310313730821
0.89646261909693237 1.307201515877729 -0.55416533882974883
0.9445771640174544 1.3141960013144971 -0.56189398357574394
0.99273234684231426 1.3204671973382409 -0.56765144718443361
1.040984409896738 1.3258136458518011 -0.57129888339411894
1.089069467157425 1.330476330566291 -0.57329303091916695
1.1370774999576581 1.3340471801377689 -0.57317506904456217
1.1849392357493569 1.3368279241110239 -0.57139534905374711
1.232433760849764 1.338499351155199 -0.567716071705619
1.2795646670054279 1.339078776711969 -0.56217560108320086
1.326382004266432 1.338566875812313 -0.55490936170596261
1.372562088133346 1.336844153479301 -0.54587025906792208
1.4181980358135711 1.3339364385899131 -0.53516383939525425
1.4631488116597759 1.329719946819627 -0.52274393449964651
1.507404084213541 1.3243578950682851 -0.50885140641446247
1.5507702310953151 1.317525673249454 -0.49327151760094079
1.593235867617848 1.3095038480564649 -0.47632303307614499
1.63471883160184 1.300123828442947 -0.45795891764631902
1.6752570499160091 1.289411809371642 -0.43826486490357242
1.7145155710118869 1.277396713025799 -0.41741088478237198
1.75285600320951 1.264079168563345 -0.39535436955242331
1.789643126300801 1.249244705116076 -0.37219448723473958
1.8253912689469709 1.233186009510383 -0.34799891032555308
1.8595933291147391 1.2157927786110969 -0.32295572039617609
1.8924914718277539 1.1969695673265139 -0.29694147006302313
1.923831883402366 1.1769496858190991 -0.27031095079625772
1.953703718006484 1.15558079713624 -0.24296892460852931
1.98197677307772 1.132926529316624 -0.21506335659836631
2.0085587411269419 1.1090556227018711 -0.1867450017442599
2.0336224669535059 1.0838957286141739 -0.15793623205690421
2.056905085144257 1.057718195745752 -0.1289102400722261
2.0784736172878322 1.030347712143159 -0.099511050076776644
2.098233599874948 1.0019904333767149 -0.070019419672616004
2.1161897440543891 0.97254643797735152 -0.04038132817157742
2.1323545953697698 0.94213542849090159 -0.0108020228493189
2.1467126021864802 0.91074864374135067 0.01865320442686208
2.1592073583339859 0.87840464465955093 0.047898859777083018
2.1698550102169771 0.84518564822135156 0.076815457326848219
2.1786512868277921 0.81108319350113045 0.10536941693012861
2.1856440370998178 0.77621163065139753 0.13340655047238659
2.1907447044014741 0.74050741562908007 0.1609098344631831
2.1940197075030601 0.7041899729911445 0.18769276266729421
2.19540867937003 0.66713236742450788 0.21379977917555049
2.1951165240346802 0.62955157969644704 0.2390769568434549
2.192916439335924 0.59133497511338295 0.26348502511637228
2.1890131947978162 0.55274951937525052 0.28688689458098149
2.1833362438284221 0.51360613636398822 0.30935096469778861
2.1759636238536628 0.47421437598668459 0.33063761350680521
2.1668204223824832 0.43436785795751198 0.35083017572101932
2.1560695897861271 0.39435678675271452 0.36973140838969831
2.14368376771534 0.35408185565175709 0.38737660537007129
2.1297424693382392 0.31366656071045412 0.40368984943589592
2.11411650618779 0.27320476175092712 0.4185268611179071
2.0972117617234058 0.23249869361305769 0.43216332737517482
2.078581113829074 0.19210134831936751 0.44396976112404463
2.0586634764068101 0.15142360305064331 0.45454621328298789
2.0374036875212038 0.11102169919825949 0.46344592514407917
2.0146965609677339 0.070693062545867352 0.47070841950487702
1.990830221395635 0.030482769710300561 0.47641814176067909
1.965672734590266 -0.00944275517587948 0.48038755139607092
1.93941049404038 -0.04919785968038537 0.48271885809868181
1.912027220821612 -0.088653535337945552 0.48333547857349851
1.8836156297127991 -0.12787881068114601 0.48225322709156698
1.85426049809353 -0.16664172908405739 0.47941764540323689
1.8239063362900809 -0.2051392324905639 0.47479267067579251
1.792776596022746 -0.2430574260389253 0.46840184671991703
1.760656103328254 -0.28068761446129031 0.46010018858619528
1.727954664489648 -0.31767786447443203 0.45016805978739649
1.694338620657923 -0.35432503735391041 0.43829685355877579
1.660106659734301 -0.39025294081040263 0.42458568010637199
1.6252742469976751 -0.4254802852507818 0.40900796681450019
1.5897959154422741 -0.4599712053261158 0.39143834578336578
1.5538084813374831 -0.49365802497220151 0.3720419723433207
1.51727293873742 -0.52648920451080228 0.35057768896557751
1.480451995950443 -0.55822264781246644 0.32727691093042938
1.4433482045229 -0.58881947400317614 0.30196931525310522
1.4060833523891281 -0.61814382587251215 0.27442814206132671
1.3689322863502831 -0.64607430904751917 0.24476681655017951
1.3321200158992701 -0.6724959216889379 0.21311797485438699
1.296034949942529 -0.69736008636938052 0.1791152094709052
1.2605440331529121 -0.72093116158035342 0.14263514051941201
1.2267511505380599 -0.74529319168033459 0.10321361202657151
1.1951889895449399 -0.7716479749368822 0.061846956014989088
1.166664391759086 -0.80046769008824437 0.019303728949642138
1.1407084792689359 -0.83156473727394575 -0.023347497139916119
1.117631978203514 -0.86582066543362313 -0.065441213695896991
1.096791887579929 -0.90226110186941555 -0.10591386426921889
1.0781961051025459 -0.94127580367366526 -0.14402290121258629
1.0608975445863891 -0.98213001895842433 -0.17968020637022919
1.044342200765318 -1.0247856193129039 -0.2122386584442745
1.0281884777502059 -1.0683297116415409 -0.2419731815165462
1.0118480888049901 -1.112984230027114 -0.26853095140410532
0.99416752286300814 -1.157971496607505 -0.29254458384755982
0.97488913278178135 -1.203634267248775 -0.31397744636838909
0.95432167439826232 -1.2488872675976279 -0.33312786239184389
0.9322249299519435 -1.294047421031189 -0.34972457768366039
0.90882053381886929 -1.338907714933437 -0.36433742994158419
0.88426296567976503 -1.383164045405695 -0.37673382282382062
0.85858666615935653 -1.4268032624300659 -0.38713865207097631
0.83191859774828547 -1.4696882458178819 -0.39553650096984322
0.80435013991721749 -1.5117702770457171 -0.40206741690082182
0.7758493115549604 -1.5529149716769319 -0.40652053196652299
0.74654024942862907 -1.593252671202595 -0.40930136496483288
0.71649783489729868 -1.632639183541746 -0.41034536584935782
0.68583102115653782 -1.670784341780128 -0.40956864107974911
0.65438960191705098 -1.707916544955677 -0.40705587318776137
0.62233607834275528 -1.7438562609607029 -0.40288691329823051
0.58965289733807491 -1.77858601382339 -0.39711374900107138
0.55645509947886262 -1.8119096017801251 -0.38971384795941583
0.52265660905101641 -1.8440778788664729 -0.38090121024591062

-2.1325887067454108 -1.179828951989113 0.058743578174567192
-2.145755020319482 -1.149912803774672 0.091679464873260882
-2.157288675054533 -1.118552914165007 0.124955540099839
-2.166498197769835 -1.08649845553098 0.15711867515158481
-2.1742817070901639 -1.0532459077740861 0.18894504919072269
-2.1800151210004808 -1.019228709062125 0.22013647670433931
-2.1838894973799881 -0.98416496300971124 0.25082496361980489
-2.1857888318796839 -0.94838723325161844 0.28057369817627148
-2.1859170743342009 -0.91168786450998196 0.30957494791782447
-2.1843065600888441 -0.87438291287370618 0.33748821412493651
-2.180755282928279 -0.8362975227932995 0.36432636010019742
-2.1754678058320018 -0.79753863867770136 0.39004979592044431
-2.1686147509814191 -0.75815882382331667 0.41461936885721878
-2.159804010962211 -0.71828313922367337 0.43771321732622642
-2.1495159638525059 -0.67791786705063717 0.45953760801779298
-2.1375756620120798 -0.63706297668683931 0.47995662446241999
-2.1238692618697002 -0.59597403867001608 0.49865629834073633
-2.108723415392769 -0.55449499366965638 0.51594132366345091
-2.0919511283974841 -0.51279518187188977 0.53147395482697957
-2.0736924445000802 -0.47106781329161068 0.54522888042089368
-2.0540654733413501 -0.42909232316646512 0.55733347975929126
-2.0329828642378018 -0.38723479108323799 0.56748848593989532
-2.010583703379782 -0.34539423873665509 0.57576348128555066
-1.9869929150039209 -0.30372505216379941 0.58215482354077286
-1.962040662722184 -0.26214210411905647 0.5864290525903072
-1.936136229626672 -0.2209961134522222 0.58874598858333871
-1.90913036957794 -0.18005537417885201 0.58895813742665359
-1.881097721850765 -0.1395868153715577 0.58694169286996967
-1.8524026052134379 -0.099596414300892153 0.58301529034236166
-1.822692608166635 -0.059999591326869238 0.57669192432459238
-1.7924676102643211 -0.02105049193462322 0.56835892574017188
-1.76151246134717 0.017552640200803941 0.55784469749152277
-1.730070810583852 0.055488660187388301 0.54506207206771007
-1.6982619552670739 0.092814470615599914 0.53010837188726267
-1.666332524561968 0.12935999964018269 0.51303384554105946
-1.634206092331645 0.16537323603673401 0.49378386317224021
-1.6021472040956679 0.200718086070033 0.4725323641263306
-1.5701877404985709 0.23543875362283759 0.449157601675017
-1.538555310553172 0.26946516969467821 0.42382628004849587
-1.507264308045918 0.30287162520188232 0.39665095874459011
-1.4764247996307269 0.33569052923415921 0.36741364808414861
-1.4460656560727549 0.36798148598534353 0.33629125866358678
-1.416395258406109 0.39964058960183629 0.30318020857568362
-1.3875031168946801 0.43063316532216001 0.26836595236453142
-1.359606136082034 0.46088656181300852 0.23160321744614401
-1.332704674486572 0.49030525855925722 0.19321226146211359
-1.307160913478832 0.51876822705939951 0.15313403110083831
-1.282953843770517 0.54638802870394887 0.11152785920415489
-1.261056894231108 0.57397817234473558 0.068432468674600067
-1.241730806430509 0.60322172632520465 0.025394940717835851
-1.2241719502880319 0.63486190639201678 -0.017038645712682959
-1.206806314350559 0.66861917560363271 -0.057490402747256628
-1.1892530118225899 0.70392573484234533 -0.096464441687677094
-1.1715995263247849 0.74090514755713666 -0.13341015504316769
-1.1536984389019851 0.77887084828001429 -0.16881514485085281
-1.135581386030365 0.81807235534275968 -0.20214109621962531
-1.117236370521876 0.85802084345751906 -0.23378898065492429
-1.098634682868711 0.89874207550590823 -0.26355867353511092
-1.079660402496359 0.94018447880314804 -0.29145213259980562
-1.0605302372936669 0.98185425670402815 -0.31759635152961507
-1.040960917187447 1.024015819858116 -0.34170104016226222
-1.021090089256721 1.066392599220465 -0.36417795517585461
-1.0007246972112569 1.109006586548998 -0.38446978317971708
-0.9800681632506435 1.1516289900817529 -0.40324782835068551
-0.95885593066488306 1.1942307986158189 -0.41985191004219741
-0.93729193934209953 1.2367790198625199 -0.43485223106714432
-0.91501047106634792 1.279240621782133 -0.44770521874657199
-0.89243291753778664 1.3214395319053609 -0.45896710320966499
-0.86922422052600157 1.36349355654215 -0.46843022082447178
-0.84559338003237594 1.404995931809685 -0.47596183656325658
-0.82112566481343241 1.446271878613214 -0.48153767825963179
-0.79637687603073959 1.4870242993948239 -0.48559867619298752
-0.7708384031637685 1.5271354439848419 -0.48759230520698882
-0.74485615176380038 1.5668097617233749 -0.4880645092349819
-0.71816304886915705 1.6055500776395519 -0.48652475547448942
-0.69101817449526204 1.643781572196739 -0.48352626404151439
-0.66314212389094629 1.680902133882882 -0.47854358404590092
-0.63472457416288819 1.7173289081231491 -0.47202334020468362
-0.60569528674330764 1.752664247817689 -0.46379408325660648
-0.57604152082734461 1.786798383560571 -0.45382646269990812
-0.54588419597358762 1.820015002762468 -0.44245137679419327
-0.51505132927095376 1.851720243322722 -0.42930821318528273
-0.48369316525528189 1.882298516072592 -0.41474821772043491
-0.45191519788533929 1.9113902942751899 -0.39879467405291041
-0.41941369514021187 1.9390889875359889 -0.38129608078767407
-0.38669465785638768 1.965117147195643 -0.36260439263128003
-0.3533192460257053 1.989779890623935 -0.34256542437049831
-0.31969851473533378 2.0124748252429878 -0.32138609453628442
-0.28545780614652733 2.0337102606132968 -0.29894777617759488
-0.25115268485247449 2.05291414621977 -0.27561549961504428
-0.21626029540574249 2.0704714053032589 -0.25115602552112082
-0.18132680476135271 2.0859073059251072 -0.22594951415396089
-0.145964893518713 2.099529993488908 -0.1998284589046912
-0.1105689186132699 2.1111106973102571 -0.17313599560899159
-0.074880410062896044 2.120691153047586 -0.14575794801381059
-0.039242824813666782 2.1282099797755651 -0.1180380703379468
-0.0033208225943019681 2.1336519167751469 -0.089784731812458968
0.032453974388807982 2.137026257663607 -0.061425786458022637
0.068356689784740701 2.1382587286073469 -0.032854252481821757
0.1041904313239804 2.1374268387882438 -0.0042512083806347653
0.13987825089906031 2.1344374775478832 0.024370758925126589
0.175424240564269 2.1294066798599531 0.05287757286939658
0.21074078580374861 2.122256529365131 0.08113520211249016
0.24580704469205439 2.1130829890645701 0.1091663401959342
0.28049941692258579 2.101820824491992 0.13677251299777421
0.31493366381146709 2.0886068054416369 0.1639485848128967
0.34888434652916139 2.0733467936512531 0.19046678907004119
0.382578943130292 2.0561990119878391 0.21640097677941211
0.41570212682551222 2.0371374330421319 0.24139657306684181
0.44850071944667902 2.0162566823061812 0.26562903708359242
0.4806977868529938 1.993553945788572 0.28879354014229652
0.51237068434088628 1.9689828620248 0.31092435080698122
0.54361788719120152 1.9430639017547739 0.33207488329264873
0.57410179368772929 1.915132219397111 0.35180663419017177
0.60415740426656706 1.885976130425612 0.37052115388856521
0.63349933989727136 1.855153944795233 0.38778400807621971
0.66228587565131647 1.82305616863725 0.40378812184083712
0.69028044410481271 1.789409382723911 0.41819700625400669
0.71779569783075603 1.754693104863265 0.4313915248785366
0.74442617715774595 1.718547421575052 0.44277819322397399
0.77051818323835752 1.68151180494802 0.45286509542348041
0.7958194043411273 1.6431051118610509 0.46110406978372181
0.82044285790513005 1.603928330609796 0.46784522573326631
0.84443997449530883 1.563783109896715 0.47295375554541702
0.8676040282807741 1.5226353550545479 0.47615583268127221
0.89018792608300068 1.480972585457585 0.47788932615566643
0.9120302713724332 1.438304511878753 0.47765555390370651
0.93323694593374051 1.3952322911453829 0.47586293574368771
0.95372003368313607 1.351390010423251 0.4720980155538218
0.9734424303877881 1.3072618517752681 0.46651467544361258
0.99262042518002003 1.2624346240078721 0.4591127355668691
1.0110622493565731 1.217553652725796 0.44996703474810867
1.0289012186601121 1.172091040132988 0.4387985345484306
1.0460040931089689 1.126589445632171 0.42567861263255719
1.062492310579612 1.080845990061776 0.41059650180680851
1.0783266889339389 1.035138222045394 0.39360351450544939
1.093524190039219 0.98940896569365477 0.37462277827114487
1.108150107981712 0.94363980543920867 0.35374196287642939
1.12198846032482 0.89839724897140016 0.33072758332848229
1.135172997374601 0.85339093435772029 0.30569189047674689
1.1476820512372761 0.80865861800974392 0.27862740415081699
1.159373770628755 0.76484881309235397 0.2492978031917622
1.1703274416074461 0.72183528842462663 0.21786272629364331
1.180560404633707 0.67994437302110722 0.18411638052735119
1.190175972728478 0.63934854728120516 0.1481067346581223
1.199467429413797 0.60040990506972158 0.10966452170862651
1.2096826127078091 0.56320273560749357 0.069052591912168754
1.2221029830370791 0.52808513519358191 0.026892089380632891
1.2370959306941489 0.49463922214070399 -0.01663684582250901
1.254800152610424 0.46310275360909042 -0.060149837635754849
1.27531575772752 0.43329139172859987 -0.1035597490049005
1.298456773649435 0.40451436786344058 -0.14581437109644951
1.323134514659521 0.37484370323614591 -0.18594457501886449
1.3488636051590861 0.34406236077257218 -0.22423096671113549
1.3753533679423151 0.31212275809214363 -0.26065992860253129
1.4024372637088229 0.2791022631380779 -0.29524280681291959
1.4300137697282049 0.24499509301260591 -0.32791508713603618
1.457833800009146 0.21002536290549839 -0.3586899869910839
1.4858544765743651 0.17424027792373101 -0.38764897099792139
1.513887803416798 0.13786930617584911 -0.4146102334779358
1.5420580987870509 0.10069852786551881 -0.43967729752792217
1.570231723053545 0.062932136722122528 -0.4629339222790263
1.598268621233168 0.02457591990591252 -0.48416239777302639
1.626182887450226 -0.014264048052438409 -0.50367185956700844
1.65381723547455 -0.053717521182480993 -0.52095856164386067
1.681230081316097 -0.093653386873354283 -0.53656286154408517
1.708197914902376 -0.1341788293100335 -0.54991360438637138
1.734638599469188 -0.17506426499321659 -0.56135231744166791
1.760605684702933 -0.21640141776524741 -0.57091670879878342
1.7858542080573721 -0.25816624772730629 -0.57838903149965815
1.810391776355698 -0.30018340259446802 -0.58396631088720508
1.834166882630395 -0.34275823186025528 -0.58747086035444418
1.8570036522493489 -0.38545092205966131 -0.58907650750077478
1.8787999434783711 -0.42835234712506881 -0.58862396799508587
1.8996427679982739 -0.47147858316895919 -0.58635506332669207
1.91923802773396 -0.51464924693525504 -0.58203862485933133
1.937733902941366 -0.55788785372049965 -0.57595178901444921
1.954921020098894 -0.60122761718374729 -0.56786858884585156
1.9709033244819669 -0.64435256256001583 -0.55817243278353312
1.985476842739532 -0.68759838758749481 -0.54650822246000086
1.9987264682348229 -0.73042214025915131 -0.53332729899483156
2.010491774151971 -0.77315384959976596 -0.51836377696427094
2.0208160320719539 -0.8154508193714689 -0.50187810132571398
2.02973528260606 -0.85739577128318278 -0.48389939831981948
2.0370005328122032 -0.89889494219817256 -0.46436234031918328
2.042767261253549 -0.93983229601734464 -0.44344670089784582
2.0469568351240679 -0.98020946750609106 -0.42118276460291632
2.0495027922471478 -1.0197943729387751 -0.39770091490089332
2.050399549896456 -1.0589249223437061 -0.37281724221699247
2.049714374632793 -1.0968922652848261 -0.34705913615490891
2.0473221366513652 -1.134387408004333 -0.31997626329819268
2.043270507949301 -1.1706583504952199 -0.29213737118122318
2.037445961125202 -1.206202038827922 -0.26317017534238368
2.0300646306600361 -1.2404597221543761 -0.23362465751327779
2.020908327734777 -1.273860531395387 -0.20316036700744211
2.0100179524690849 -1.305935399129172 -0.1721966797358829
1.997345413985512 -1.3371348925884301 -0.14039595571392291
1.9831885075624061 -1.3667541014439151 -0.10853412106748959
1.9671803683582301 -1.395460372404649 -0.075969001892123855
1.9496084902788 -1.422473193909993 -0.043588079863616992
1.930076082070481 -1.4487150677648191 -0.01043683056444247
1.909298177296421 -1.4731606369450141 0.022156311173822361
1.8864876833932309 -1.4966039790269521 0.055130597264766552
1.862352505778667 -1.5183741989805399 0.087436756637951918
1.8363166007671341 -1.538951758251873 0.12011990422063989
1.8090788866506371 -1.5577597184577481 0.15210077466558319
1.780234505096536 -1.575137566202689 0.18404490067501619
1.7501142272209249 -1.5906619636180419 0.2154619812446672
1.718443946634735 -1.604885573210137 0.24634392059444979
1.685280894399112 -1.6175768665537 0.27647323127737422
1.6509854192048781 -1.6286151388287771 0.30583619260413653
1.615516602117002 -1.6379692614433601 0.33442253104587638
1.5789191925184469 -1.6456392643512241 0.36216868336857411
1.5412261571522949 -1.6517829411177409 0.38878463087024012
1.502282687121927 -1.656529736893694 0.41443015756071039
1.462542352008148 -1.6594024402217451 0.43877501211172287
1.421933216062703 -1.6606715645442061 0.4618962596942936
1.38041667955995 -1.660576707172714 0.4836588703119884
1.337840981612459 -1.658978631439666 0.50415059837518428
1.2951812481089271 -1.655657728378426 0.52290083419972
1.2513800624959139 -1.650951864512177 0.54049747305659623
1.207269928293532 -1.6447541956584071 0.55620135054815245
1.162515958002563 -1.637154443062157 0.5703611031844078
1.1177127540308029 -1.628191687825814 0.58266967324363805
1.07197971030383 -1.617788759415743 0.59332359595784556
1.026661373167745 -1.606221025190455 0.60191610661272166
0.9806719705631507 -1.5932902994438749 0.60874276019299212
0.93485312997829506 -1.579259774053086 0.61344344280460772
0.88887391961705975 -1.5640939138890939 0.61617830759499559
0.84314658796019926 -1.5479114717464639 0.61662049800668561
0.79750032249728131 -1.53094883858533 0.61501664818647173
0.75183794986761554 -1.513092402849221 0.61105713680539009
0.7067162869529976 -1.494719423394014 0.60504108454732808
0.66181059108729512 -1.4756308503108031 0.59657184056152157
0.61736989361470185 -1.456160948554597 0.5860792355317036
0.5732835579473492 -1.4362151165927901 0.57334059902782863
0.52976893080929621 -1.4160256168456311 0.55856181008715056
0.48696844589507682 -1.395612894385428 0.5414350494935376
0.44464357511133129 -1.3750566981483721 0.5224182185645041
0.40314275905584962 -1.3544559909849461 0.50107589580331846
0.36226737664650449 -1.333885560032378 0.4778433694706663
0.32220549367512208 -1.3134289590494239 0.45251998368920537
0.28309598723071899 -1.2932590494617771 0.42525168980160799
0.24479859755861891 -1.2733577177336119 0.3958133456029162
0.20746351414673081 -1.253892246555421 0.36456555185579093
0.17116307033717071 -1.2350494417520239 0.33132216756089339
0.13582281752864131 -1.216900617517559 0.29606715256809052
0.1016659073815268 -1.1998171697787829 0.25896675282180359
0.068397035781642843 -1.183925448422209 0.21988204416797
0.036169895307449441 -1.1696013178783939 0.17909925626802081
0.0048112402266851928 -1.157192530834414 0.13662525866219791
-0.025940682988491129 -1.1468610781377599 0.092657895561989501
-0.056033324540491911 -1.1392603250514179 0.047647478404285279
-0.086017421458761331 -1.1344424201300161 0.0017194611010929201
-0.11600807432090129 -1.132647116374998 -0.044498510285205482
-0.1462869789462328 -1.1338329980971551 -0.090463533573932386
-0.17705403259657479 -1.1378913219001909 -0.135626059003219
-0.20861662803187769 -1.1445697062672811 -0.1796567664902273
-0.24110074051660241 -1.1535030037769911 -0.22224791258127791
-0.27468872035741632 -1.1643987155898941 -0.26303920473161507
-0.30937475057279218 -1.176740800502301 -0.30217448811714293
-0.34541259784324801 -1.190574080451122 -0.33912475833758321
-0.38239174664976328 -1.20511543658487 -0.37421395665435048
-0.42081195177897313 -1.2206337417277839 -0.40711726125187347
-0.4603932985369445 -1.2366456431722139 -0.43790593155653018
-0.50099996947122816 -1.2530332780886499 -0.46656630144995292
-0.54266153976480858 -1.2696364067121011 -0.49332657186018197
-0.58528534327552417 -1.286410522103326 -0.51766185951658139
-0.62906835723838772 -1.303326837078969 -0.53983579618606803
-0.67339988849385868 -1.3200503761226281 -0.55972542469857212
-0.71851656416302356 -1.3366551154741619 -0.57745356423514749
-0.76439921894303486 -1.353048980682918 -0.59278600860024333
-0.81084816639290058 -1.369106273070916 -0.60566670148774859
-0.8577958523385798 -1.384800464137478 -0.61621734758818236
-0.9051902336861809 -1.3998012366973669 -0.62426615767005955
-0.95293592845956254 -1.414055909225743 -0.62999605753090071
-1.0010028315562729 -1.4273123959853891 -0.6333973620360106
-1.0492503540638569 -1.439676608165285 -0.63451604004264139
-1.0974478882224481 -1.4508617859101429 -0.6334144055859493
-1.145726089790202 -1.4610751803626749 -0.63016592942371241
-1.19384262586711 -1.4699965881035919 -0.6245917449812457
-1.2415347635554359 -1.4778449328266161 -0.6172311677035951
-1.2890563805482891 -1.484210847390389 -0.60759957619454086
-1.3360817371803839 -1.4892194593965149 -0.59625358955212515
-1.382538437509077 -1.4930637254971859 -0.58296084619294686
-1.428437159291974 -1.495472190040112 -0.56755393562493606
-1.4734820431800411 -1.4965764714206751 -0.55068299416692224
-1.5179491982872579 -1.496113772149114 -0.53197614392119008
-1.5613635609047609 -1.4941728867047439 -0.51191964968739034
-1.603874765990039 -1.490838052058632 -0.49003488935917672
-1.6455612231402219 -1.4862257127597971 -0.46685251225154972
-1.6857170358532529 -1.479680635363317 -0.44234858795146892
-1.725055087820067 -1.472081584733133 -0.41655859072385598
-1.7629231648539629 -1.4626719045611141 -0.38947421646757502
-1.7997408056105351 -1.451704674363399 -0.36156525934799622
-1.835007183739729 -1.439312782834989 -0.33260595554956118
-1.868765814425525 -1.42557107081475 -0.30250095205504318
-1.9010383764684251 -1.410326001365277 -0.27177055963484709
-1.93196474117008 -1.3934527766727249 -0.24021851376672601
-1.961341799976358 -1.375008688341538 -0.20805293680180489
-1.9888301319340671 -1.3553316965238089 -0.17560904107172209
-2.0146228523273879 -1.3343427192058579 -0.14248257521110519
-2.0386590437058749 -1.3118601132766989 -0.1090556772854004
-2.0611134545163661 -1.288071282911692 -0.075646209032930553
-2.081661486579057 -1.2628984576719069 -0.042137313986991408
-2.100619312668575 -1.2362848626688889 -0.0082592436445521854
-2.117397132398346 -1.208731225444972 0.025235755942567769
