10.3638403456043 -38.0185252930238 -9.58464933350409
9.63272130148223 -38.7049903182741 -9.22862404790487
8.90160225736017 -39.3914553435244 -8.87259876230565
8.17048321323811 -40.0779203687747 -8.51657347670643
7.43936416911605 -40.764385394025 -8.16054819110721
6.70824512499399 -41.4508504192753 -7.80452290550799
5.97378679205304 -42.1249806567298 -7.43916555198364
5.17055593923227 -42.5450764320848 -6.88161463219105
4.3673250864115 -42.9651722074397 -6.32406371239847
3.56409423359073 -43.3852679827947 -5.76651279260589
2.76086338076995 -43.8053637581497 -5.2089618728133
1.95763252794918 -44.2254595335047 -4.65141095302072
1.15206789274298 -44.6141466987694 -4.08363700835451
0.324912124615722 -44.7122551538847 -3.42128411310566
-0.502243643511539 -44.810363609 -2.75893121785681
-1.3293994116388 -44.9084720641153 -2.09657832260796
-2.15655517976606 -45.0065805192306 -1.4342254273591
-2.98371094789332 -45.1046889743459 -0.771872532110249
-3.8069690762165 -45.1519993640633 -0.110141538598071
-4.60824211086359 -44.9127773181343 0.548081545352069
-5.40951514551068 -44.6735552722053 1.20630462930221
-6.21078818015777 -44.4343332262763 1.86452771325235
-7.01206121480485 -44.1951111803473 2.52275079720249
-7.81333424945194 -43.9558891344183 3.18097388115263
-8.59964402006945 -43.6527537315111 3.81610318872907
-9.32736348891295 -43.0993585680774 4.36080628153296
-10.0550829577564 -42.5459634046437 4.90550937433686
-10.7828024265999 -41.9925682412099 5.45021246714075
-11.5105218954434 -41.4391730777762 5.99491555994464
-12.2382413642869 -40.8857779143424 6.53961865274853
-12.9375791954914 -40.2696800062758 7.03079425216609
-13.5524711494584 -39.4670182239512 7.36270574593815
-14.1673631034254 -38.6643564416266 7.69461723971022
-14.7822550573924 -37.861694659302 8.02652873348228
-15.3971470113594 -37.0590328769774 8.35844022725435
-16.0120389653263 -36.2563710946528 8.69035172102642
-16.5883792641949 -35.411705526265 8.93999126688422
-17.0701593726954 -34.4640123188255 8.98783270480418
-17.5519394811958 -33.516319111386 9.03567414272413
-18.0337195896962 -32.5686259039465 9.08351558064408
-18.5154996981967 -31.6209326965071 9.13135701856404
-18.9972798066971 -30.6732394890676 9.17919845648399
-19.4424552926184 -29.719844639787 9.13158364268088
-19.8069340622039 -28.7538802366664 8.87353076053998
-20.1714128317894 -27.7879158335459 8.61547787839908
-20.5358916013748 -26.8219514304253 8.35742499625818
-20.9003703709603 -25.8559870273047 8.09937211411728
-21.2648491405458 -24.8900226241842 7.84131923197638
-21.6127156797889 -23.9520070016728 7.50305010879087
-21.9224143591434 -23.0782058236013 6.98047808431686
-22.2321130384979 -22.2044046455298 6.45790605984284
-22.5418117178524 -21.3306034674584 5.93533403536882
-22.8515103972069 -20.4568022893869 5.4127620108948
-23.1612090765613 -19.5830011113155 4.89018998642078
-23.4807964525555 -18.7441805271013 4.32658885885285
-23.8304005706578 -18.011542132802 3.63844553413023
-24.1800046887602 -17.2789037385027 2.9503022094076
-24.5296088068625 -16.5462653442034 2.26215888468498
-24.8792129249648 -15.8136269499041 1.57401555996235
-25.2288170430671 -15.0809885556049 0.885872235239725
-25.5952535853132 -14.3638976564906 0.192520567831262
-26.0620313541418 -13.7394882822611 -0.531879003853892
-26.5288091229704 -13.1150789080317 -1.25627857553905
-26.9955868917991 -12.4906695338023 -1.9806781472242
-27.4623646606277 -11.8662601595729 -2.70507771890935
-27.9291424294563 -11.2418507853434 -3.42947729059451
-28.4007300109755 -10.6180152808293 -4.15060928695243
-29.002824038765 -10.009750797887 -4.78308094010934
-29.6049180665545 -9.40148631494476 -5.41555259326624
-30.2070120943441 -8.79322183200249 -6.04802424642314
-30.8091061221336 -8.18495734906023 -6.68049589958004
-31.4112001499231 -7.57669286611796 -7.31296755273694
-32.0132941777126 -6.96842838317569 -7.94543920589384
-32.6987110466409 -6.28335985334385 -8.38406795788333
-33.3858019783003 -5.59674823171699 -8.81880215740553
-34.0728929099597 -4.91013661009014 -9.25353635692773
-34.7599838416191 -4.22352498846329 -9.68827055644993
-35.4470747732785 -3.53691336683644 -10.1230047559721
-36.1341657049379 -2.85030174520959 -10.5577389554943
-36.8080507536978 -2.04613397413826 -10.7320378868248
-37.4817201206215 -1.2400462461543 -10.902083323159
-38.1553894875453 -0.433958518170349 -11.0721287594931
-38.829058854469 0.372129209813604 -11.2421741958273
-39.5027282213928 1.17821693779756 -11.4122196321614
-40.1732596554232 1.98679762518255 -11.574883307605
-40.7259854712756 2.88897006016417 -11.4604177599263
-41.2787112871281 3.7911424951458 -11.3459522122475
-41.8314371029806 4.69331493012742 -11.2314866645688
-42.3841629188331 5.59548736510905 -11.1170211168901
-42.9368887346855 6.49765980009067 -11.0025555692113
-43.4714224964893 7.40272565921868 -10.8654664578323
-43.8166013261819 8.33790819078743 -10.4928963305588
-44.1617801558745 9.27309072235617 -10.1203262032853
-44.506958985567 10.2082732539249 -9.74775607601179
-44.8521378152596 11.1434557854937 -9.3751859487383
-45.1973166449521 12.0786383170624 -9.0026158214648
-45.5015230607202 13.0070669535072 -8.59821125447502
-45.5893434292691 13.8998265011865 -8.02568067498501
-45.6771637978179 14.7925860488659 -7.453150095495
-45.7649841663668 15.6853455965452 -6.88061951600499
-45.8528045349157 16.5781051442246 -6.30808893651498
-45.9406249034646 17.4708646919039 -5.73555835702497
-45.9640870613719 18.3377791728165 -5.1338445280903
-45.7786994483153 19.1208234494312 -4.43742770940912
-45.5933118352587 19.9038677260459 -3.74101089072795
-45.4079242222021 20.6869120026606 -3.04459407204677
-45.2225366091455 21.4699562792753 -2.34817725336559
-45.0371489960889 22.25300055589 -1.65176043468442
-44.7697113100131 22.9853664710668 -0.941928842454913
-44.3224331138949 23.6066536018658 -0.202694232918326
-43.8751549177767 24.2279407326647 0.536540376618262
-43.4278767216585 24.8492278634637 1.27577498615485
-42.9805985255404 25.4705149942627 2.01500959569144
-42.5333203294222 26.0918021250616 2.75424420522803
-41.9955764516475 26.6362190137861 3.47864583400396
-41.3174713757532 27.0613685839015 4.18003348761137
-40.6393662998588 27.4865181540169 4.88142114121878
-39.9612612239645 27.9116677241323 5.58280879482619
-39.2831561480702 28.3368172942478 6.2841964484336
-38.6050510721759 28.7619668643632 6.98558410204101
-37.8405094365797 29.0871461043465 7.63283789369301
-36.9771371345103 29.2980203050204 8.21819558866708
-36.1137648324409 29.5088945056942 8.80355328364115
-35.2503925303714 29.7197687063681 9.38891097861522
-34.387020228302 29.930642907042 9.97426867358929
-33.5236479262326 30.1415171077159 10.5596263685634
-32.5937860180876 30.2384849804608 11.0441695474395
-31.6067564413885 30.2375163547722 11.4420325490383
-30.6197268646893 30.2365477290836 11.8398955506371
-29.6326972879902 30.235579103395 12.2377585522359
-28.645667711291 30.2346104777064 12.6356215538347
-27.6586381345918 30.2336418520177 13.0334845554335
-26.6417094397351 30.1200379970899 13.2823755650327
-25.6051172257686 29.9323582122001 13.4332933302019
-24.5685250118022 29.7446784273102 13.584211095371
-23.5319327978357 29.5569986424203 13.7351288605402
-22.4953405838693 29.3693188575305 13.8860466257094
-21.4587483699028 29.1816390726406 14.0369643908785
-20.4420698256182 28.9062461147118 14.002009295633
-19.4355841776526 28.5859567970019 13.8719143881382
-18.429098529687 28.265667479292 13.7418194806434
-17.4226128817215 27.9453781615821 13.6117245731485
-16.4161272337559 27.6250888438722 13.4816296656537
-15.4096415857903 27.3047995261622 13.3515347581589
-14.4715572734957 26.9482594714358 13.0245772641291
-13.5617506645253 26.5767330487301 12.6162350754428
-12.6519440555549 26.2052066260244 12.2078928867566
-11.7421374465844 25.8336802033186 11.7995506980703
-10.832330837614 25.4621537806129 11.391208509384
-9.92252422864361 25.0906273579072 10.9828663206978
-9.10468725802288 24.7527434750172 10.403612742614
-8.31995323559615 24.4269686671722 9.7628424404188
-7.53521921316942 24.1011938593271 9.1220721382236
-6.75048519074269 23.7754190514821 8.48130183602839
-5.96575116831596 23.449644243637 7.84053153383318
-5.18101714588923 23.123869435792 7.19976123163797
-4.46897843408727 22.8957806585208 6.44887125559225
-3.78300391529485 22.7027162526063 5.65849894693496
-3.09702939650242 22.5096518466919 4.86812663827768
-2.41105487771 22.3165874407774 4.07775432962039
-1.72508035891758 22.1235230348629 3.28738202096311
-1.03910584012516 21.9304586289484 2.49700971230582
-0.372424901334817 21.8653029632992 1.67454401144184
0.286256658470838 21.8531799898058 0.838771956488148
0.944938218276492 21.8410570163124 0.00299990153445608
1.60361977808215 21.8289340428191 -0.832772153419236
2.2623013378878 21.8168110693257 -1.66854420837293
2.92098289769346 21.8046880958324 -2.50431626332662
3.61770956624323 21.9070311952979 -3.2969172972994
4.33391751723817 22.0679875034338 -4.06741228713306
5.05012546823311 22.2289438115696 -4.83790727696671
5.76633341922805 22.3899001197054 -5.60840226680036
6.48254137022299 22.5508564278413 -6.37889725663402
7.19874932121793 22.7118127359771 -7.14939224646767
7.98938522919493 22.9417172661915 -7.81400127673613
8.82451790486273 23.2128425035826 -8.41530636671739
9.65965058053054 23.4839677409738 -9.01661145669864
10.4947832561983 23.7550929783649 -9.6179165466799
11.3299159318662 24.0262182157561 -10.2192216366612
12.165048607534 24.2973434531472 -10.8205267266424
13.0784618236392 24.5778554277008 -11.2688428001622
14.0408316217947 24.8642378595291 -11.6214796755652
15.0032014199503 25.1506202913574 -11.9741165509682
15.9655712181059 25.4370027231857 -12.3267534263712
16.9279410162614 25.723385155014 -12.6793903017741
17.890310814417 26.0097675868422 -13.0320271771771
18.9028876975424 26.2452056099119 -13.2033504455128
19.9451054007147 26.45056751816 -13.2676313710722
20.9873231038871 26.6559294264081 -13.3319122966317
22.0295408070594 26.8612913346562 -13.3961932221912
23.0717585102317 27.0666532429043 -13.4604741477507
24.113976213404 27.2720151511523 -13.5247550733102
25.1547969139481 27.3757868049679 -13.401970895458
26.1948971294056 27.4271646681155 -13.1827104372365
27.2349973448631 27.4785425312631 -12.9634499790151
28.2750975603206 27.5299203944107 -12.7441895207937
29.3151977757781 27.5812982575583 -12.5249290625722
30.3552979912356 27.6326761207059 -12.3056686043508
31.3313341113934 27.5467679222016 -11.91753029438
32.2801804893277 27.4025935043785 -11.457717745745
33.229026867262 27.2584190865555 -10.99790519711
34.1778732451963 27.1142446687324 -10.538092648475
35.1267196231306 26.9700702509094 -10.07828009984
36.0755660010649 26.8258958330863 -9.61846755120504
36.8972626344394 26.5262920976844 -9.0280491935315
37.6768996084392 26.1752741484603 -8.39442795047621
38.4565365824389 25.8242561992363 -7.76080670742093
39.2361735564386 25.4732382500122 -7.12718546436564
40.0158105304384 25.1222203007881 -6.49356422131036
40.7954475044381 24.7712023515641 -5.85994297825507
41.3914917837849 24.2633578777644 -5.15000646643606
41.943620740572 23.7180005419979 -4.42181536311319
42.4957496973592 23.1726432062313 -3.69362425979031
43.0478786541463 22.6272858704648 -2.96543315646744
43.6000076109335 22.0819285346982 -2.23724205314456
44.1521365677206 21.5365711989317 -1.50905094982169
44.4751492950904 20.8484658979466 -0.771963103956981
44.7623620624792 20.1380558852647 -0.0334851207468327
45.0495748298679 19.4276458725829 0.704992862463315
45.3367875972567 18.717235859901 1.44347084567346
45.6240003646454 18.0068258472192 2.18194882888361
45.9112131320342 17.2964158345373 2.92042681209376
45.9374693935131 16.4739641486649 3.59017203939427
45.9427929270849 15.6425249962758 4.25440384187041
45.9481164606566 14.8110858438868 4.91863564434655
45.9534399942284 13.9796466914977 5.58286744682269
45.9587635278001 13.1482075391086 6.24709924929882
45.9640870613719 12.3167683867195 6.91133105177496
45.6990353347819 11.4224211064056 7.42229529017542
45.4304090409514 10.5272421326404 7.93123321443283
45.1617827471208 9.63206315887527 8.44017113869023
44.8931564532902 8.7368841851101 8.94910906294764
44.6245301594596 7.84170521134494 9.45804698720504
44.3442988181891 6.94665780474948 9.95591425869674
43.8379694374557 6.05417368617878 10.2380949594207
43.3316400567223 5.16168956760808 10.5202756601446
42.8253106759889 4.26920544903738 10.8024563608685
42.3189812952555 3.37672133046668 11.0846370615924
41.8126519145221 2.48423721189599 11.3668177623164
41.28860758107 1.59904044040128 11.6200555391884
40.6145908434451 0.775537367918025 11.628266420263
39.9405741058202 -0.0479657045652336 11.6364773013376
39.2665573681954 -0.871468777048492 11.6446881824122
38.5925406305705 -1.69497184953175 11.6528990634869
37.9185238929457 -2.51847492201501 11.6611099445615
37.2335469748051 -3.32413552058117 11.6252943684702
36.488816082119 -4.03252046472314 11.3494502821682
35.7440851894329 -4.74090540886511 11.0736061958662
34.9993542967468 -5.44929035300707 10.7977621095643
34.2546234040606 -6.15767529714904 10.5219180232623
33.5098925113745 -6.86606024129101 10.2460739369603
32.7713447678132 -7.55349357646276 9.92473137577422
32.0600920001348 -8.14843784983035 9.40253974082326
31.3488392324564 -8.74338212319795 8.88034810587229
30.637586464778 -9.33832639656555 8.35815647092133
29.9263336970996 -9.93327066993315 7.83596483597036
29.2150809294212 -10.5282149433008 7.31377320101939
28.5231941277812 -11.1141301199541 6.7620043383056
27.9196072755722 -11.658876744432 6.07537684212135
27.3160204233632 -12.2036233689099 5.3887493459371
26.7124335711543 -12.7483699933878 4.70212184975284
26.1088467189453 -13.2931166178657 4.01549435356859
25.5052598667364 -13.8378632423436 3.32886685738434
24.9167321411591 -14.3886859496273 2.63564177886754
24.4356365294333 -14.9828555544918 1.89534941460248
23.9545409177075 -15.5770251593563 1.15505705033743
23.4734453059816 -16.1711947642208 0.414764686072377
22.9923496942558 -16.7653643690854 -0.325527678192677
22.51125408253 -17.3595339739499 -1.06582004245773
22.0328121841571 -17.9581072253333 -1.80368419230228
21.6268640435272 -18.6769786557083 -2.47521473164172
21.2209159028973 -19.3958500860833 -3.14674527098117
20.8149677622673 -20.1147215164584 -3.81827581032062
20.4090196216374 -20.8335929468334 -4.48980634966007
20.0030714810074 -21.5524643772084 -5.16133688899951
19.5971233403775 -22.2713358075834 -5.83286742833896
19.1817459733646 -23.117157419121 -6.32559623797617
18.7660184391651 -23.967693498843 -6.8116850014292
18.3502909049656 -24.818229578565 -7.29777376488223
17.9345633707661 -25.6687656582871 -7.78386252833526
17.5188358365665 -26.5193017380091 -8.2699512917883
17.103108302367 -27.3698378177311 -8.75604005524133
16.6065371681886 -28.2791768801657 -8.98892890420277
16.1047232932945 -29.1923293402192 -9.20539763454923
15.6029094184005 -30.1054818002728 -9.4218663648957
15.1010955435064 -31.0186342603263 -9.63833509524216
14.5992816686123 -31.9317867203798 -9.85480382558863
14.0974677937183 -32.8449391804334 -10.0712725559351
13.4816362744584 -33.7072452968672 -10.002610353025
12.8599341219546 -34.5669333953895 -9.91926709662583
12.2382319694508 -35.4266214939117 -9.83592384022664
11.6165298169471 -36.286309592434 -9.75258058382746
10.9948276644433 -37.1459976909562 -9.66923732742827

-44.2171474936104 -24.813111606491 1.6378895789489
-44.367988093843 -24.1004806382235 2.40958463766894
-44.5188286940755 -23.387849669956 3.18127969638898
-44.6696692943081 -22.6752187016884 3.95297475510903
-44.8205098945407 -21.9625877334209 4.72466981382907
-44.9713504947733 -21.2499567651534 5.49636487254912
-45.1221910950059 -20.5373257968859 6.26805993126916
-45.0009747620802 -19.7011212513928 6.90834263893226
-44.8741013699578 -18.8623471590282 7.54589280293078
-44.7472279778354 -18.0235730666635 8.1834429669293
-44.620354585713 -17.1847989742988 8.82099313092783
-44.4934811935906 -16.3460248819341 9.45854329492635
-44.3666078014683 -15.5072507895695 10.0960934589249
-43.99712389186 -14.6115839896025 10.5244484019296
-43.618739205294 -13.7138299375818 10.9451284921622
-43.240354518728 -12.8160758855611 11.3658085823948
-42.861969832162 -11.9183218335404 11.7864886726275
-42.4835851455961 -11.0205677815196 12.2071687628601
-42.1052004590301 -10.1228137294989 12.6278488530927
-41.5424698679773 -9.23991000227181 12.7842844773101
-40.970077586027 -8.35778459039856 12.9268708741249
-40.3976853040768 -7.47565917852531 13.0694572709397
-39.8252930221266 -6.59353376665206 13.2120436677545
-39.2529007401763 -5.71140835477881 13.3546300645692
-38.6805084582261 -4.82928294290556 13.497216461384
-38.0088669256042 -4.02430015715275 13.3544432858753
-37.3304626709224 -3.22457377521043 13.1922260595381
-36.6520584162407 -2.42484739326811 13.030008833201
-35.9736541615589 -1.6251210113258 12.8677916068638
-35.2952499068772 -0.825394629383479 12.7055743805266
-34.6168456521954 -0.0256682474411634 12.5433571541895
-33.9368356021144 0.66509398699326 12.1199801450916
-33.2566792737612 1.34593024503159 11.6728130555078
-32.576522945408 2.02676650306992 11.2256459659241
-31.8963666170548 2.70760276110826 10.7784788763403
-31.2162102887016 3.38843901914659 10.3313117867565
-30.5360539603484 4.06927527718492 9.88414469717278
-29.935501359191 4.66114835252937 9.24515116653568
-29.3455823502906 5.24113758469235 8.58053315536059
-28.7556633413902 5.82112681685533 7.9159151441855
-28.1657443324898 6.40111604901831 7.25129713301041
-27.5758253235894 6.98110528118129 6.58667912183532
-26.985906314689 7.56109451334427 5.92206111066023
-26.5063428839237 8.11949143311251 5.16077404225943
-26.0506820672471 8.67321153708968 4.37854881007722
-25.5950212505705 9.22693164106685 3.59632357789501
-25.1393604338939 9.78065174504402 2.8140983457128
-24.6836996172173 10.3343718490212 2.03187311353059
-24.2280388005408 10.8880919529984 1.24964788134838
-23.8578265217567 11.4926743711254 0.46220481902654
-23.517477803253 12.1150327491702 -0.327061831957565
-23.1771290847493 12.737391127215 -1.11632848294167
-22.8367803662456 13.3597495052599 -1.90559513392578
-22.4964316477419 13.9821078833047 -2.69486178490988
-22.1560829292382 14.6044662613495 -3.48412843589399
-21.8479463450418 15.3149991610296 -4.20498670295532
-21.5557277242174 16.0691044236066 -4.89204025098663
-21.263509103393 16.8232096861837 -5.57909379901795
-20.9712904825686 17.5773149487608 -6.26614734704927
-20.6790718617442 18.3314202113378 -6.95320089508059
-20.3868532409198 19.0855254739149 -7.64025444311191
-20.0735901337966 19.9226218109765 -8.20021882373285
-19.7480627016595 20.8080837624927 -8.68611806288495
-19.4225352695225 21.693545714009 -9.17201730203706
-19.0970078373854 22.5790076655253 -9.65791654118916
-18.7714804052484 23.4644696170416 -10.1438157803413
-18.4459529731113 24.3499315685579 -10.6297150194934
-18.0620584945912 25.2765627078443 -10.9459973091946
-17.6436066242097 26.2275688985091 -11.1618544488887
-17.2251547538282 27.1785750891739 -11.3777115885827
-16.8067028834467 28.1295812798387 -11.5935687282767
-16.3882510130653 29.0805874705034 -11.8094258679708
-15.9697991426838 30.0315936611682 -12.0252830076648
-15.4764246124053 30.9583677588011 -12.0509024149109
-14.9421802116636 31.8719233921585 -11.9727482576166
-14.407935810922 32.785479025516 -11.8945941003224
-13.8736914101803 33.6990346588735 -11.8164399430281
-13.3394470094386 34.612590292231 -11.7382857857339
-12.805202608697 35.5261459255884 -11.6601316284396
-12.1980753906363 36.3423538067029 -11.3984508977298
-11.556614537311 37.1127031117869 -11.0503144746522
-10.9151536839857 37.8830524168708 -10.7021780515747
-10.2736928306603 38.6534017219547 -10.3540416284972
-9.63223197733501 39.4237510270387 -10.0059052054197
-8.99077112400969 40.1941003321226 -9.65776878234214
-8.29247398657355 40.8010621126803 -9.15856772771065
-7.57167151580775 41.3433277091208 -8.59954995668694
-6.85086904504195 41.8855933055613 -8.04053218566322
-6.13006657427615 42.4278589020018 -7.48151441463951
-5.40926410351035 42.9701244984423 -6.92249664361579
-4.68846163274455 43.5123900948828 -6.36347887259208
-3.93512201205886 43.8407600170484 -5.7057754983548
-3.17131740190674 44.1003342400298 -5.01633167356605
-2.40751279175461 44.3599084630112 -4.3268878487773
-1.64370818160249 44.6194826859926 -3.63744402398854
-0.879903571450371 44.8790569089739 -2.94800019919979
-0.11609896129825 45.1386311319553 -2.25855637441103
0.650988047709954 45.1519993640633 -1.53616461637589
1.41890786687588 45.102900218171 -0.805413309520958
2.1868276860418 45.0538010722788 -0.074662002666024
2.95474750520772 45.0047019263865 0.65608930418891
3.72266732437364 44.9556027804942 1.38684061104384
4.49058714353957 44.9065036346019 2.11759191789878
5.22884413402594 44.6003113275891 2.80600375014424
5.96131210704869 44.2439445474812 3.48615258223679
6.69378008007144 43.8875777673733 4.16630141432935
7.42624805309419 43.5312109872654 4.8464502464219
8.15871602611693 43.1748442071576 5.52659907851445
8.89118399913968 42.8184774270497 6.206747910607
9.55831956669935 42.2188295423747 6.76389087641132
10.2162657928856 41.5849629096878 7.30373242971997
10.8742120190719 40.9510962770008 7.84357398302861
11.5321582452582 40.3172296443139 8.38341553633726
12.1901044714445 39.6833630116269 8.92325708964591
12.8480506976308 39.04949637894 9.46309864295456
13.4070178532804 38.218529227227 9.80172378537049
13.9565556927528 37.3687851451738 10.1211798938878
14.5060935322252 36.5190410631207 10.4406360024051
15.0556313716975 35.6692969810675 10.7600921109224
15.6051692111699 34.8195528990143 11.0795482194397
16.1547070506423 33.9698088169611 11.399004327957
16.5823527330098 33.0032216792054 11.4563402859554
17.0029142183489 32.0298437909398 11.4984421974366
17.4234757036879 31.0564659026742 11.5405441089178
17.8440371890269 30.0830880144086 11.5826460203989
18.2645986743659 29.109710126143 11.6247479318801
18.685160159705 28.1363322378773 11.6668498433613
18.9868115587621 27.1502855647419 11.4226295836823
19.2845307149036 26.1638199469979 11.1689409234299
19.5822498710452 25.1773543292539 10.9152522631775
19.8799690271867 24.1908887115098 10.6615636029251
20.1776881833282 23.2044230937658 10.4078749426727
20.4754073394697 22.2179574760218 10.1541862824203
20.6950900351842 21.3159874954217 9.64223515163454
20.9126201723553 20.4163482433634 9.12316010615111
21.1301503095264 19.5167089913051 8.60408506066768
21.3476804466975 18.6170697392467 8.08501001518425
21.5652105838686 17.7174304871884 7.56593496970082
21.7827407210397 16.8177912351301 7.04685992421739
21.9974876295356 16.0503747198872 6.34797080029414
22.2120882535763 15.2899077345906 5.63963078045856
22.426688877617 14.529440749294 4.93129076062297
22.6412895016576 13.7689737639975 4.22295074078739
22.8558901256983 13.0085067787009 3.5146107209518
23.0704907497389 12.2480397934043 2.80627070111621
23.3563681876391 11.5956793732498 2.0214172797455
23.6511124161036 10.9567673414258 1.22704563961554
23.9458566445681 10.3178553096019 0.432673999485572
24.2406008730327 9.67894327777787 -0.361697640644394
24.5353451014972 9.04003124595388 -1.15606928077436
24.8300893299617 8.40111921412989 -1.95044092090433
25.2309822704483 7.79770618090998 -2.72379429033617
25.658157040575 7.20308250194537 -3.49194365305616
26.0853318107018 6.60845882298075 -4.26009301577615
26.5125065808285 6.01383514401614 -5.02824237849615
26.9396813509553 5.41921146505153 -5.79639174121614
27.366856121082 4.82458778608692 -6.56454110393613
27.8859498071125 4.19217078314407 -7.23485316428423
28.4399274799863 3.54541090198672 -7.86803516130252
28.9939051528601 2.89865102082936 -8.50121715832081
29.5478828257338 2.25189113967201 -9.1343991553391
30.1018604986076 1.60513125851466 -9.76758115235739
30.6558381714813 0.958371377357302 -10.4007631493757
31.2530210418332 0.233356634342369 -10.8791961777581
31.8704107639008 -0.528257510640041 -11.2852538984252
32.4878004859684 -1.28987165562245 -11.6913116190924
33.105190208036 -2.05148580060486 -12.0973693397595
33.7225799301036 -2.81309994558727 -12.5034270604267
34.3399696521711 -3.57471409056968 -12.9094847810938
34.9354480595373 -4.41361330846203 -13.1257622047345
35.5200988284095 -5.29070351771429 -13.2482582885755
36.1047495972816 -6.16779372696654 -13.3707543724164
36.6894003661538 -7.0448839362188 -13.4932504562574
37.274051135026 -7.92197414547106 -13.6157465400983
37.8587019038982 -8.79906435472331 -13.7382426239393
38.3573172272818 -9.72004720834733 -13.6624966880088
38.8142759676842 -10.6622819724154 -13.490766066928
39.2712347080866 -11.6045167364835 -13.3190354458473
39.728193448489 -12.5467515005516 -13.1473048247665
40.1851521888914 -13.4889862646197 -12.9755742036858
40.6421109292937 -14.4312210286878 -12.803843582605
40.9616705083643 -15.3675176551418 -12.4520903982339
41.2180238852124 -16.3010826264442 -12.0175234438978
41.4743772620605 -17.2346475977467 -11.5829564895617
41.7307306389086 -18.1682125690492 -11.1483895352256
41.9870840157567 -19.1017775403516 -10.7138225808895
42.2434373926048 -20.0353425116541 -10.2792556265534
42.330324883821 -20.9098948272238 -9.70367379641609
42.3442565603819 -21.7590419330199 -9.06738443741992
42.3581882369429 -22.6081890388159 -8.43109507842374
42.3721199135038 -23.457336144612 -7.79480571942756
42.3860515900648 -24.306483250408 -7.15851636043138
42.3999832666257 -25.155630356204 -6.5222270014352
42.2318265995514 -25.8982814776146 -5.79764045033456
41.9895864912759 -26.5976042407135 -5.03712979937713
41.7473463830003 -27.2969270038125 -4.27661914841971
41.5051062747248 -27.9962497669114 -3.51610849746229
41.2628661664492 -28.6955725300104 -2.75559784650487
41.0206260581737 -29.3948952931093 -1.99508719554745
40.6013686133327 -29.9504185796092 -1.20688659397532
40.113471271183 -30.4501824614184 -0.407948991137917
39.6255739290332 -30.9499463432275 0.390988611699488
39.1376765868834 -31.4497102250367 1.18992621453689
38.6497792447336 -31.9494741068459 1.9888638173743
38.1618819025839 -32.4492379886551 2.7878014202117
37.5182250491985 -32.7810533516262 3.55040434443174
36.8162169612066 -33.0499511865003 4.29939542986559
36.1142088732147 -33.3188490213744 5.04838651529943
35.4122007852228 -33.5877468562485 5.79737760073328
34.710192697231 -33.8566446911225 6.54636868616712
34.0081846092391 -34.1255425259966 7.29535977160096
33.1859350346227 -34.2175434514208 7.94421985765239
32.3194252552683 -34.2444296344247 8.5562222945038
31.452915475914 -34.2713158174286 9.1682247313552
30.5864056965596 -34.2982020004325 9.78022716820661
29.7198959172052 -34.3250881834364 10.392229605058
28.8533861378508 -34.3519743664403 11.0042320419094
27.9153451947942 -34.2139680694179 11.4578335854654
26.9506492651582 -34.0145171290448 11.8524094754959
25.9859533355222 -33.8150661886716 12.2469853655264
25.0212574058862 -33.6156152482984 12.6415612555569
24.0565614762502 -33.4161643079252 13.0361371455874
23.0918655466142 -33.2167133675521 13.4307130356179
22.1129759629668 -32.8873678201253 13.6233635503646
21.1286144449062 -32.507945331986 13.7381678382677
20.1442529268455 -32.1285228438467 13.8529721261709
19.1598914087849 -31.7491003557074 13.967776414074
18.1755298907243 -31.3696778675681 14.0825807019772
17.1911683726637 -30.9902553794288 14.1973849898803
16.2481030732867 -30.5396510070599 14.093144034498
15.3222540632199 -30.059371086866 13.8975836702055
14.3964050531531 -29.5790911666721 13.7020233059131
13.4705560430863 -29.0988112464781 13.5064629416206
12.5447070330195 -28.6185313262842 13.3109025773281
11.6188580229527 -28.1382514060903 13.1153422130356
10.7712639309821 -27.6596646828268 12.7195650349712
9.96093757584945 -27.1818843193315 12.2284375874578
9.15061122071677 -26.7041039558361 11.7373101399444
8.34028486558409 -26.2263235923408 11.2461826924309
7.52995851045141 -25.7485432288455 10.7550552449175
6.71963215531873 -25.2707628653502 10.2639277974041
5.98946775684486 -24.8620070056483 9.62609981538493
5.30601911372341 -24.4934763595881 8.90277958036087
4.62257047060196 -24.1249457135279 8.17945934533682
3.9391218274805 -23.7564150674677 7.45613911031276
3.25567318435905 -23.3878844214074 6.73281887528871
2.5722245412376 -23.0193537753472 6.00949864026465
1.93411573463998 -22.7577603577374 5.21223567809601
1.33156090073193 -22.5800235128751 4.35698931980045
0.729006066823878 -22.4022866680129 3.50174296150489
0.126451232915827 -22.2245498231506 2.64649660320933
-0.476103600992224 -22.0468129782883 1.79125024491376
-1.07865843490027 -21.8690761334261 0.936003886618204
-1.68383844521894 -21.795107689108 0.074600643093106
-2.29202399248615 -21.8399425986006 -0.793851553778687
-2.90020953975337 -21.8847775080932 -1.66230375065048
-3.50839508702058 -21.9296124175858 -2.53075594752227
-4.11658063428779 -21.9744473270784 -3.39920814439407
-4.724766181555 -22.019282236571 -4.26766034126586
-5.36660778459559 -22.1360427125587 -5.09641078975663
-6.06689555809184 -22.3777071270173 -5.85621628614463
-6.76718333158808 -22.6193715414759 -6.61602178253264
-7.46747110508432 -22.8610359559346 -7.37582727892064
-8.16775887858057 -23.1027003703932 -8.13563277530864
-8.86804665207681 -23.3443647848518 -8.89543827169664
-9.60642722147275 -23.6192827325052 -9.59473448799394
-10.444711010332 -23.9814123154882 -10.1353373937664
-11.2829947991913 -24.3435418984712 -10.6759402995388
-12.1212785880506 -24.7056714814543 -11.2165432053112
-12.9595623769099 -25.0678010644373 -11.7571461110837
-13.7978461657692 -25.4299306474204 -12.2977490168561
-14.6615429784822 -25.7952274622799 -12.7771513613147
-15.6226367807409 -26.1726628896769 -13.021998760057
-16.5837305829996 -26.5500983170739 -13.2668461587993
-17.5448243852584 -26.927533744471 -13.5116935575416
-18.5059181875171 -27.304969171868 -13.7565409562839
-19.4670119897758 -27.682404599265 -14.0013883550262
-20.4367605826413 -28.0464920344823 -14.1973849898803
-21.4547836331277 -28.3361273989238 -14.1209031514575
-22.4728066836141 -28.6257627633654 -14.0444213130346
-23.4908297341005 -28.915398127807 -13.9679394746118
-24.5088527845869 -29.2050334922485 -13.8914576361889
-25.5268758350733 -29.4946688566901 -13.8149757977661
-26.541418246045 -29.7662705574226 -13.7064608423982
-27.5271909690863 -29.8888126169735 -13.3331719068348
-28.5129636921276 -30.0113546765244 -12.9598829712713
-29.498736415169 -30.1338967360752 -12.5865940357079
-30.4845091382103 -30.2564387956261 -12.2133051001444
-31.4702818612516 -30.3789808551769 -11.840016164581
-32.4476099052132 -30.486575549332 -11.4503112256021
-33.3127997578983 -30.3956818812873 -10.8426156544602
-34.1779896105834 -30.3047882132426 -10.2349200833183
-35.0431794632685 -30.2138945451978 -9.62722451217633
-35.9083693159536 -30.1230008771531 -9.01952894103441
-36.7735591686386 -30.0321072091084 -8.41183336989249
-37.6317076828268 -29.9329435984259 -7.79869324341068
-38.3030639357358 -29.6143953797426 -7.04112023615722
-38.9744201886447 -29.2958471610592 -6.28354722890376
-39.6457764415537 -28.9772989423758 -5.5259742216503
-40.3171326944626 -28.6587507236924 -4.76840121439683
-40.9884889473716 -28.340202505009 -4.01082820714337
-41.6577704583475 -28.0198444126795 -3.25278766933095
-42.0832205189731 -27.4867831841048 -2.43980118742034
-42.5086705795988 -26.9537219555301 -1.62681470550973
-42.9341206402244 -26.4206607269553 -0.813828223599123
-43.3595707008501 -25.8875994983806 -0.000841741688512899
-43.7850207614758 -25.3545382698059 0.812144740222097
