0.48838925829215168 -1.8746233257788529 -0.37048776283301099
0.45274907563774791 -1.9046063509414772 -0.35847052831993148
0.41642770390203054 -1.9330464512807257 -0.34485146937599181
0.37949395822870824 -1.9599528320566033 -0.32983371291153102
0.34200180121813256 -1.9852015765209181 -0.31338929789396097
0.30397729251641542 -2.0087210638282582 -0.29565430981834434
0.26549276173002612 -2.0304294407905945 -0.27664685594068256
0.22656461165503558 -2.0502075758310521 -0.25647535548949207
0.18726434957332427 -2.0679963356537572 -0.23519784729937773
0.14764730442213189 -2.0838306121391841 -0.21299051199889998
0.10773635738526748 -2.0974230064255455 -0.18983877547628156
0.067617201757031425 -2.1089948898750359 -0.16596263416915974
0.027325920157109055 -2.1183164797995464 -0.14140106742513275
-0.013073354686187321 -2.1254554341720997 -0.11629112724836128
-0.05353944211534719 -2.1302856488699269 -0.090743724464586617
-0.09401126859661392 -2.1328558362198868 -0.064878476549944233
-0.13442995213564776 -2.1331000986421578 -0.038805717092323555
-0.1747429542494506 -2.1310735766593778 -0.012646139308565774
-0.2148806927296481 -2.1266969972387599 0.013494643714777453
-0.25479692528698872 -2.1200776452246273 0.039503006461259586
-0.29442220661526547 -2.1111205579999579 0.065254697334187067
-0.33371499867013976 -2.0999571567094608 0.090651672835411493
-0.3726124268970713 -2.0865367574311389 0.11556009601953469
-0.4110681450818463 -2.0709634398427275 0.13989516388652434
-0.44903456773230449 -2.053256802523725 0.16352900696150149
-0.48644678973642691 -2.0334264141945968 0.18634632850537314
-0.52328685148201004 -2.0116165368858661 0.20827192487133148
-0.55949174395696843 -1.9878279020188083 0.22917147317479011
-0.59503829305152645 -1.9621939618882309 0.24899606182446377
-0.62986716403976029 -1.9347468950342235 0.26762441301493156
-0.66391484271127532 -1.905517619380305 0.28494672066804916
-0.69720265524584069 -1.8747198245302044 0.30097633764688991
-0.72966490452309152 -1.8423794597335592 0.31560222300326979
-0.76127024145198074 -1.8086095874010486 0.3288032582148861
-0.79196539764974727 -1.7734642238634635 0.34047315203234529
-0.8217205619726502 -1.7370574044575453 0.35061083596095421
-0.85051312805134827 -1.6994874317199122 0.35915993177216626
-0.87835782686200325 -1.6609118491207269 0.36624963690755008
-0.90511219080128535 -1.6213006077006913 0.37160213383930668
-0.93085947663087687 -1.5808591410514334 0.37551604835778235
-0.95540698484684294 -1.5395496554908603 0.37758128509250516
-0.97877576966424307 -1.4975076408578756 0.37794073768356551
-1.0010279615195745 -1.4548816890072012 0.37675086678846348
-1.0220791091504506 -1.4117238714122484 0.37393178293948615
-1.0418555842722257 -1.3681113720038038 0.3694235404118178
-1.0602642225467862 -1.3241325799593775 0.36305204918719319
-1.077338981482727 -1.2799073118001769 0.35492152835910395
-1.0930339172174566 -1.2355319706617456 0.34501515618847201
-1.107342406220033 -1.1911130589246413 0.33336774887763826
-1.1201617721689767 -1.1468345796442228 0.31963263684277821
-1.1317266276930567 -1.1027688980508166 0.30420615121940031
-1.142267913808082 -1.059375668060327 0.28633629385167553
-1.1522725146242725 -1.0166880188226946 0.26655384295976103
-1.161889763822324 -0.97495854742934784 0.24465438121771968
-1.1714805506424593 -0.93439450736293683 0.22065144314369414
-1.1811840812700982 -0.89509554476238073 0.19467216218381417
-1.1911426033755359 -0.85722129595516605 0.16674594512906618
-1.2018747721897813 -0.82090574826688023 0.13709006048391484
-1.2135128643174298 -0.78629230335186595 0.10578692516752758
-1.2265387197298463 -0.75348642747551553 0.073114145108029327
-1.2411925282333702 -0.72231033060948124 0.039545844250254376
-1.2577393340551024 -0.69289954781833984 0.005275492408131471
-1.2764560285275408 -0.66527092313883018 -0.029362103582213021
-1.297379489094119 -0.63887888880291233 -0.063700369814514754
-1.3204226368122884 -0.61395286360351009 -0.097776046706055525
-1.345642576341985 -0.58993937883925707 -0.13095331226635751
-1.3730007817897789 -0.56673888964962416 -0.16299597072348412
-1.4023279797133965 -0.54415432123900387 -0.19370896030592177
-1.4332669814517149 -0.52126027097182381 -0.22255728747776221
-1.4651426479629488 -0.49764748799189334 -0.24975986552106894
-1.4974815880806738 -0.47260710700067371 -0.27507106448697194
-1.5299076099971938 -0.44610748646289683 -0.29873463520058441
-1.562349476283531 -0.41822939551326521 -0.32073268438904667
-1.5946856745819957 -0.3890428195492372 -0.34113367221356733
-1.6267614130053196 -0.3585904340933434 -0.36003967265650144
-1.6585251230903604 -0.32691362456615353 -0.37739891039203483
-1.6899075439974005 -0.29411356969842889 -0.39330429301820552
-1.7208494545810022 -0.26019696095338035 -0.40765472647652728
-1.7513033761559389 -0.22524457344284313 -0.42048424394833878
-1.781224382081863 -0.18933997988497145 -0.43185540560356095
-1.8105528603850471 -0.15249998346040575 -0.44167009022944381
-1.8392274569347833 -0.11476215937994336 -0.44987452500326836
-1.8672273572479987 -0.076228538244966296 -0.45657338698359351
-1.8944701605302654 -0.03690848152932618 -0.46161635988952032
-1.9210515643833725 0.0030142293571169656 -0.46527562529606231
-1.9466753064868831 0.043676722404099463 -0.4671359620659693
-1.9714658184624583 0.084897658970378889 -0.46741043610504523
-1.9953127085810711 0.1266486970604066 -0.46608973435889656
-2.0181494903113752 0.16887689366023736 -0.46309555889613846
-2.0398542837279963 0.21154354142138565 -0.45840077664314688
-2.0604453041242827 0.25455125915616977 -0.45207367544659549
-2.0797235429559349 0.29787689190959288 -0.4440253218509812
-2.0976806539202046 0.34142742870064408 -0.43430159175132488
-2.1142965248131222 0.3851250103333192 -0.42298844089247156
-2.1292099478533379 0.42893173725225847 -0.40986932051745395
-2.1428283344814454 0.4727175366498732 -0.39534519585933908
-2.1544977464128419 0.51644469287206229 -0.37905877938442922
-2.1646993641272791 0.5599981485581782 -0.3613776209168213
-2.1730652346669705 0.60329977629110609 -0.34218032036248325
-2.1796433266140331 0.64626547470569806 -0.32158594113702382
-2.1843522638417832 0.68879865054495004 -0.29962118577185926
-2.1873153751308312 0.73084482151804309 -0.27645504332416321
-2.1880594200429386 0.7722540237983202 -0.25199464270975291
-2.1871664275375138 0.81304438339539331 -0.22651866754361222
-2.1846588654535579 0.85316665463448971 -0.20010728612183745
-2.180327149581665 0.89251457731977524 -0.17278472067940789
-2.1739767029487322 0.93096682795091334 -0.14459604332474124
-2.1655329063286919 0.96842516630472886 -0.11562949430088666
-2.1549675497952077 1.0048032501407758 -0.085990208039437382
-2.1422775415472701 1.0400236878309173 -0.055791500046057374
-2.1274731565903684 1.0740153659045302 -0.025150476392170783
-2.1105777605478484 1.1067150238265366 0.0058133178352357314
-2.0916181239715712 1.1380621412282708 0.036980191651028456
-2.0706315787525051 1.1680039376785194 0.068229844633449777
-2.047662493135435 1.1964938199960442 0.099442654161820701
-2.0227657004439812 1.223494857000222 0.1305005781639002
-1.9960114573600196 1.2489857425943238 0.16128925600380697
-1.9675059215891484 1.2729847755548964 0.19170379818463046
-1.9373855600939878 1.2955524594707646 0.22165510381252096
-1.9059512010995203 1.3169613212727753 0.25110539118744502
-1.8730252640902796 1.3369410974008165 0.27991646526899955
-1.8384795129212808 1.3552208884062773 0.30795260907602201
-1.8025560341502382 1.372045159105965 0.33515604537060817
-1.765160879187244 1.3871704945645862 0.36135297447885384
-1.7264901080802277 1.400760281241054 0.38652218850840714
-1.6865099203762794 1.4125977211712697 0.41049967279768579
-1.6454583668868072 1.4229998829488297 0.43330723364931911
-1.6032764787470197 1.4316819836862766 0.45472616112287967
-1.5601619459689413 1.438880972736575 0.47479917300858199
-1.5161764628049172 1.4445460833386472 0.49341950853336747
-1.4713917705104047 1.4486796570538334 0.51047143971548503
-1.4259089507461553 1.4512970237452947 0.52590051468259735
-1.3798584953856272 1.4525821733238382 0.53972974518582828
-1.3332932077359378 1.4524126972421767 0.55178147065660688
-1.2863512913162807 1.4510342198874837 0.5621812229338462
-1.2390982186330719 1.4483907234290048 0.57076915061052169
-1.1916350906862445 1.4445740625740482 0.57757301348470402
-1.1440452383125734 1.4396736137831714 0.58255566075120535
-1.0964171117378345 1.433744298889543 0.5857197773998648
-1.0488333878996379 1.4268298925339604 0.58699095457998585
-1.00135762694633 1.4191088895051671 0.58655381251595684
-0.9540680047554283 1.4106161934282619 0.58430504293727814
-0.90707472888970742 1.4012656639357643 0.58006507589881762
-0.86035153396092789 1.3914155073910477 0.57427199157269848
-0.81405000112693437 1.3809101475148255 0.56655792281580264
-0.7681885859293367 1.3699045002014738 0.55710976787522681
-0.72284292556501395 1.3584576835398945 0.54586307428424941
-0.67799904398769684 1.3466917927252371 0.53304430739507935
-0.63373626979040343 1.3346598160547902 0.51856014726061128
-0.59007683845040315 1.3224063880267842 0.50251523463822567
-0.54710543154701197 1.3099897191856913 0.48482259744815825
-0.50480877772828192 1.2974896952892123 0.46562596907573967
-0.4632152290986758 1.2849500541698637 0.44497323948065154
-0.42228760645110158 1.2724333206662286 0.42301776678683251
-0.38222754743211534 1.2599898705121839 0.39947898770541207
-0.34290173550445802 1.247652490126461 0.37467717729706168
-0.30430714431375883 1.2354168656364186 0.34870514715865397
-0.26661491486063199 1.2233896414227552 0.32134861384765084
-0.22978131090761558 1.2115586620310141 0.29276250966286532
-0.19386056419611311 1.2000142876641469 0.26292772504159267
-0.15894769939990486 1.1888696796300489 0.23177117976791367
-0.12490151060754075 1.1780794991881129 0.1995505818768159
-0.091938024127255671 1.1679948265151261 0.16600268317344058
-0.059927199436130514 1.1585797062230767 0.13135633512140618
-0.029019070894590604 1.1505836194569972 0.095379932682176108
0.0011675583138086683 1.1440589380885573 0.058502611343272184
0.031007415462323169 1.1397182531932892 0.021031276585527676
0.06081638557182361 1.1377549056717957 -0.016667787743241024
0.090790084094241358 1.1380293043528329 -0.05428344825847916
0.12098013706734866 1.140764306596471 -0.091628539908600176
0.15185042691672831 1.1453885465263203 -0.12822396814300535
0.18371076933545563 1.1517138571873511 -0.16369915402978183
0.2167799046778566 1.1591206726545129 -0.19783463724238584
0.25096393040267079 1.1672576844867255 -0.23068233643782698
0.28627391187003209 1.1759827959696763 -0.26215866432436852
0.3226678833798523 1.1850684780083998 -0.29227011565531757
0.36004839432156621 1.194379619028761 -0.32107550590728451
0.39846422530602993 1.2039145926481969 -0.34840658566706095
0.43787583029266902 1.2135576753781685 -0.37424318425506353
0.47808630271943775 1.2232096605819323 -0.39881401189101789
0.51918712247666332 1.23287206539782 -0.42185949770873693
0.56110145664019129 1.242477718973845 -0.44341564524045041
0.60380560928364446 1.2519822135759153 -0.46341003978618195
0.64716706487950237 1.2613403207920431 -0.48201099409174608
0.69125520945616259 1.2704836100617887 -0.49893177661144239
0.73595363682333892 1.2793804058298499 -0.51431647725348761
0.78129102789034888 1.2879172637494798 -0.52792682648139133
0.82719690223056519 1.2960349244427878 -0.53978073236723334
0.87360071591864841 1.303666299448847 -0.54988431869407062
0.92043609023810213 1.3107640324750462 -0.55824056109936215
0.96761896073770559 1.3173092804573261 -0.56491921884720542
1.0151475251862492 1.3230455708487161 -0.56957225915638576
1.0629027989614932 1.3280471305082999 -0.57243880133098357
1.1108089321245203 1.3322133811852244 -0.57348084331360283
1.1587951929934643 1.3354164964374466 -0.57257813862226614
1.2067665816433757 1.3377388556593723 -0.56995100489216233
1.2546296233220346 1.3389029350144737 -0.5653303633482184
1.3022949067750884 1.3389767810230648 -0.55887683933983223
1.3496598676501832 1.3378490679413269 -0.55058120745819616
1.3966225207924741 1.3354756090963493 -0.54045774497972865
1.4430646540279903 1.3317576241527691 -0.52850826547763696
1.4889237318886872 1.3267727155720801 -0.51487885764099717
1.5340402809265719 1.3203358824421647 -0.49950204837193418
1.5783335211097769 1.3124827634454044 -0.48247018753414167
1.6217289613395836 1.3032301972710767 -0.46390342631729886
1.6641204762890338 1.2925208853055261 -0.44385733861473969
1.7054040253090461 1.2803215244583745 -0.42240068451244228
1.7455805892044525 1.2667632492600942 -0.39969396556775993
1.7843365520500225 1.2514941198725875 -0.37564706245785312
1.8218207895304424 1.2348765957554961 -0.35049888927870282
1.8578404914372919 1.2167370624825125 -0.32428799904767036
1.8923039976682947 1.1970818990265173 -0.29709428581516889
1.9252304362751262 1.1760020140566054 -0.26907567636150964
1.956495392482138 1.153455768829051 -0.24030589187827009
1.9860273758869769 1.1294599375063334 -0.21088499621175563
2.0137772225047237 1.1040431955640271 -0.18092686790553755
2.0397491293226149 1.0772980019465914 -0.15053403597316073
2.0638399649349592 1.0492782220223489 -0.11974370231999233
2.0859710119729935 1.0200077741869877 -0.088646783019644362
2.1061275978650005 0.98953615226037017 -0.057362444678815495
2.1242633049852988 0.95789527834287203 -0.026001399683850818
2.1404172834318254 0.92513110914380015 0.00528926268883422
2.1545030802417577 0.89126344067022401 0.036403438557028371
2.1665157522515681 0.85634506070466909 0.067224641374195301
2.176437650685568 0.82043677694187744 0.097649692444970113
2.1843305067014795 0.78360467263399902 0.12756047510522014
2.1900989280143071 0.74588482672810563 0.15684271196660074
2.1938117502748322 0.70736076742833842 0.18540223158637686
2.195393740124179 0.66809437780875325 0.21313664936469409
2.195070346074421 0.6281803530883433 0.2399751722498103
2.1926146573248908 0.58765649393707198 0.26576885369809899
2.1882383533572822 0.54662666920990732 0.29048640100532419
2.1818952733180379 0.5051628233843114 0.31402484504088529
2.1736302844857609 0.46333377158854039 0.33628558558884186
2.1634606432840684 0.42122554694706049 0.35719079969891321
2.151494728267644 0.37890303929619457 0.37666279649164502
2.1378077987048809 0.33645480820642637 0.39467420484114946
2.1223061972743782 0.29397970107602811 0.41107465642369395
2.1053086559973195 0.25152328476094143 0.4259843576688121
2.0866516336025933 0.20919638544709679 0.43915865773843588
2.0664695256279573 0.16707120769102746 0.45064451606651029
2.0450276072011624 0.12516464628429227 0.46052219589755106
2.0221225421928817 0.08363659851173888 0.46854400401249807
1.9980846215756978 0.042459229583318013 0.4748897821710763
1.9728626310235378 0.0017569040442360626 0.47944191240016698
1.946628493278473 -0.038461837665698446 0.4822532095795144
1.9194501598618461 -0.07813287726302888 0.48333745495348829
1.8914471253233889 -0.11723702715247816 0.48271888523718759
1.8626668704315543 -0.15570754663959391 0.48040070992487693
1.8332009980096502 -0.19351352825764997 0.47638071273978705
1.8031247211833836 -0.23062128710141039 0.47071296322804784
1.7724989655156125 -0.26697220732379612 0.46334040654739794
1.7414264889654454 -0.30259721729905442 0.45444462705948929
1.7099676935199251 -0.33746024013869402 0.444022784400666
1.6781531370598588 -0.37147890982232945 0.4320106731271513
1.6460393995205034 -0.40464214150146383 0.41849587724348264
1.6136837433879248 -0.43689661744334823 0.40344721326054706
1.5811248971511915 -0.46820640296803068 0.38691277068541408
1.54842112441882 -0.4985858122134163 0.36898854824643745
1.5156284355981624 -0.52793503400476871 0.34957207003744073
1.4827715539358854 -0.55626344956200058 0.32879530775366472
1.4499215924553477 -0.58350186931068482 0.30659962082473863
1.4171829484120002 -0.60954910643025895 0.28286390120248056
1.384669014956033 -0.63440465360268439 0.25759077790685903
1.3524085139708757 -0.65806908004273079 0.23088949635258491
1.3206361902081571 -0.68053944675281708 0.20261976467366277
1.2895087465024508 -0.70170254664889453 0.17267302202088577
1.2592232450919996 -0.72183040975156054 0.14118905276102167
1.2307908157274292 -0.74221257816446229 0.10817898596513634
1.2042361945395792 -0.76359329065081105 0.07424945481422833
1.1798940912713791 -0.78646289824964466 0.039641186601104307
1.1574983705680384 -0.81078780020042229 0.0047073881432152494
1.1368950729100411 -0.83683623543140095 -0.030078851083471175
1.1181985875752563 -0.86490646534081228 -0.064369214222824073
1.10082149049139 -0.89468798422862961 -0.09790434790196359
1.0848722859624871 -0.92657468888992467 -0.13018618335016083
1.0699527560004647 -0.9602440502255839 -0.16112823374123278
1.0555505337408588 -0.99558718406659819 -0.19039900020721817
1.0414283247937526 -1.0325254515748234 -0.21778115606917187
1.0273351123401617 -1.0706754507820093 -0.24346055127826813
1.0129229997336358 -1.1101179519207363 -0.26691475739948189
0.99734426611792093 -1.1501393535463296 -0.2885741563282655
0.98048450714556556 -1.1907103210832901 -0.30815044546692677
0.96239797868333776 -1.2315259476253251 -0.32605691404962145
0.9429582610104017 -1.2724973110666651 -0.3420841415341962
0.92224538418080382 -1.3135180155820703 -0.35629634025287044
0.90036405938500963 -1.3544509078043194 -0.36891795240582842
0.87730503710719021 -1.3952390187068893 -0.37979339736555406
0.85312294286643597 -1.4357767653528473 -0.38904320507274504
0.82787197056995543 -1.4760074224693345 -0.39663130768055971
0.80159248467401434 -1.5158500861626767 -0.40259344828758681
0.77422920220643399 -1.5551934491683297 -0.40671801017941095
0.74596443935770018 -1.5940258125689801 -0.40933819216677303
0.71679484160895668 -1.6322588001565215 -0.41034321438674148
0.68667835028092805 -1.6697565698089945 -0.40961303727147652
0.65566677907694892 -1.7064450618792892 -0.40718942676128039
0.62380591884409131 -1.7422485935639915 -0.40311049054556924
0.59111853507936474 -1.7770709434300707 -0.39740633444105578
0.55761255958550038 -1.8107760221524425 -0.38999286723468074
0.52339696334589336 -1.8433947461851028 -0.38110978296746179

-2.1325887067454108 -1.179828951989113 0.058743578174567192
-2.1467552258860576 -1.147193255038792 0.094565186393453987
-2.158764248559859 -1.113417066048866 0.13010880063219279
-2.168429201042259 -1.0782488632336735 0.16501444939553089
-2.1761789862044081 -1.041989068192845 0.19926679551686086
-2.1816204366432377 -1.0047003373919603 0.23285199612535043
-2.1848319353942602 -0.96641227511098748 0.26558610144307532
-2.1858629375132153 -0.92718029377869771 0.2973322356933053
-2.1848549645981765 -0.88708581429586986 0.32798332393082191
-2.1816756964333126 -0.84616842438434847 0.35737049862027792
-2.1764206991904178 -0.80452364921881048 0.38541399500775342
-2.1693254027552507 -0.7622424530791152 0.41207154004649205
-2.1600461894672685 -0.71937919173043674 0.43707844275722763
-2.1489658926540676 -0.67603574557625346 0.46047828045612316
-2.135990167211121 -0.6323099929036532 0.48211971873996295
-2.1210682958511207 -0.58830319665361908 0.50185286900669102
-2.1045474031615932 -0.54411245465430558 0.51980868282201254
-2.086280516129341 -0.49983588373637072 0.53574583171901202
-2.0664433683220333 -0.45556447744487227 0.54969962437823383
-2.0451464529360996 -0.41138444930084872 0.56162956602145164
-2.0223709532343999 -0.3674122530582859 0.57140887897239678
-1.9983071084760367 -0.32370968477545825 0.57908952187853224
-1.9729890203088249 -0.28038755064469018 0.58455363920023973
-1.9465382482801321 -0.23751843458750546 0.58781561456860831
-1.9190973137784795 -0.19516520823450451 0.58887984050592179
-1.8907021371952846 -0.1534519647132157 0.58763255772262557
-1.861565322047575 -0.11236585955965211 0.58426904076240749
-1.8317303922124288 -0.072044948799473013 0.57861549289382119
-1.8013480090793701 -0.032494116751670812 0.57080724189867282
-1.7705603351988877 0.0062693389711007685 0.56091789901597855
-1.739458195356999 0.0441622823500218 0.54887852000702553
-1.7081743917031771 0.081182812713703409 0.53476831959827142
-1.6768409029938938 0.117332405019655 0.5186532875551978
-1.6455819825983702 0.15262103801923621 0.50060023436136314
-1.6145099193852246 0.18708822109475945 0.48072747776367841
-1.583730178098145 0.22072628911851699 0.45906237560653373
-1.5533444765458118 0.25355673912865156 0.43566947770970055
-1.5234181057875655 0.28562573717373052 0.41068006004314422
-1.4940479632718531 0.31693624468148035 0.38412123963387623
-1.4653208873640815 0.34750100570845488 0.35603057724770049
-1.4372906678610382 0.37734463184369982 0.32649870119727648
-1.410045112309755 0.40645238593920768 0.29552845271365236
-1.3836079410707471 0.43485736074296311 0.26323287659416539
-1.3581409979551853 0.46248879647569308 0.22951232535320815
-1.3335987015178548 0.48932757524554871 0.19448812345513986
-1.3102714226914587 0.51530224075802555 0.15801442849912081
-1.2880798361193135 0.54053936987777929 0.12033821590469582
-1.2677133198387118 0.56559107996378666 0.08153298117175585
-1.2493680174071147 0.59166536821698612 0.042402349786275488
-1.2327396212602015 0.619423392054123 0.0036664049896982867
-1.2168845554434782 0.64902796115123795 -0.03401400594298546
-1.2010135763043868 0.68027063826461298 -0.070352164676297554
-1.1849826754751718 0.71287096722955767 -0.10540152227965753
-1.1687751548974146 0.74689524401380292 -0.13899623142151102
-1.1522893763116504 0.78191976454019629 -0.17140708691194884
-1.135518913836163 0.81820839609488782 -0.20224887006051445
-1.1184187174326772 0.85544614018229914 -0.23174925611077468
-1.1009747152327896 0.89361947573565748 -0.25981374210162023
-1.083108016332992 0.93265442231473028 -0.28638391006193681
-1.0648794510426145 0.97238069654174619 -0.31165250341224393
-1.0461443566382727 1.0128482418035307 -0.33531629131405782
-1.0269453640469741 1.0539055660300258 -0.35755475284626037
-1.0071480853497432 1.095565834702501 -0.37806959765825809
-0.98682784217759945 1.1376811630394266 -0.39710286925572552
-0.96583616097540137 1.1802119802754993 -0.41438806677002737
-0.94423458628079504 1.2230803833919495 -0.43002279428596429
-0.9218563283657597 1.2661945305708799 -0.44375620971200058
-0.89882901266885418 1.3094848157650985 -0.45577667408323591
-0.87509982902914674 1.3528469879466825 -0.4660344993285348
-0.85060397350524686 1.3961959261272701 -0.47436486142937989
-0.82521152853756186 1.4393792083244465 -0.48060656846393379
-0.79918372782047975 1.4824024164327334 -0.48513810337799212
-0.77219547132259081 1.5250040104641074 -0.48748636737470347
-0.74455296727507769 1.5672497803649079 -0.48804702046799681
-0.71587842645591016 1.6087677948466457 -0.48627239030825781
-0.68656321114099783 1.6497139312797675 -0.48272996555929515
-0.65628184756441799 1.6896959158719589 -0.47696953297903744
-0.62529291364313566 1.7288094148104831 -0.46934964185507394
-0.59344834914304512 1.7667615679242368 -0.45967747873066106
-0.56085217158589606 1.8035286085432078 -0.44809716962397217
-0.52749364182013725 1.8389258925313299 -0.43461201289629531
-0.49339701666922392 1.8728360036910816 -0.41925383968567309
-0.45864831773473003 1.9052263245350971 -0.40217491295508551
-0.42321156115461345 1.9358523394768683 -0.38334082663167479
-0.38719392347060211 1.9647199788741359 -0.36288961242815709
-0.35059475021109054 1.9916190015536925 -0.34084913227109992
-0.31343272852526755 2.0163607465218347 -0.31728005492602607
-0.27584358512336937 2.0390922675486896 -0.29240876231074409
-0.23783787377376656 2.0596139335219115 -0.26628185173912777
-0.19947248984597984 2.0778893556282725 -0.23904266370510696
-0.16079633212172609 2.0938163867546962 -0.21078411185334489
-0.12187292699506552 2.1074123001503162 -0.18166046285792053
-0.082742486289353323 2.1185806060858163 -0.15178925349190497
-0.043455944894167195 2.1273210946379244 -0.12131514908636516
-0.0040580892391187673 2.1335402259342944 -0.090364606062573294
0.035403017968454832 2.1371274926393924 -0.059078925004676347
0.074889935538783661 2.1381070575734267 -0.027639315151815318
0.11430592151750386 2.1365795229625135 0.0038615099935342201
0.15355672291294295 2.1325015734971031 0.03534048182253989
0.19261498152883497 2.1259262605782636 0.066632304010191601
0.23139521140221359 2.1168532097177182 0.097645861485334537
0.26981753712867917 2.1052884769022704 0.12827249410372027
0.30786312998793264 2.0913200975006112 0.15836840367579538
0.34545327562259065 2.0748889771449779 0.18778684770103393
0.38259720387525659 2.0561885033774665 0.2164147568016842
0.41917525274807388 2.0349263175378409 0.24396260996715091
0.45521316170016968 2.0115236174606301 0.270458370983793
0.49060096824309718 1.9858712922025819 0.29571319226462561
0.5253526440080728 1.9582145734694136 0.31971154884783509
0.55940964407771132 1.9285942885090546 0.34229663794716936
0.59271944582001235 1.8970717670704009 0.36339915920820526
0.62526539377935464 1.8638032792805623 0.38293969879098433
0.65703686923737536 1.8289089546190722 0.40086989310648463
0.68786528905687205 1.7923121674187552 0.41695391904644824
0.71796487686472188 1.7544634773111039 0.43146386250066937
0.7469375647483123 1.7149826980456022 0.44374906993360042
0.7751454701476781 1.6744876859369353 0.45437190404937711
0.80230293025356558 1.6327895939444348 0.46287906284734931
0.82862531913389526 1.5902397397005263 0.46958711613775855
0.85397643496211473 1.5468428998201711 0.4742720257541016
0.87838950718180286 1.5027383059985537 0.47698370382454786
0.90190625380998868 1.4580813408109812 0.47776390831130755
0.9245102841932259 1.4129567438721065 0.47660060785098407
0.9462013758742257 1.3674830482671976 0.47347999208645153
0.96696434681417509 1.3217563325400659 0.46834859778051141
0.98686235090477858 1.2758937217829109 0.46133512221640682
1.0059482248997937 1.2299994055202708 0.45250319045666337
1.024165528325931 1.1841599467698567 0.44176342324479839
1.0415346377921535 1.1384802739296824 0.42910721201440094
1.0580953203732495 1.0930446116839327 0.41461851896604157
1.0738929772953085 1.0479366444712843 0.39836164291991577
1.0889299003981514 1.0032331758249855 0.38036076106561928
1.1032488816588959 0.95897730520464508 0.36073924007002744
1.1168127655660152 0.91531845870645834 0.33933521237637088
1.1296304135481687 0.87231092150048084 0.31621652442935583
1.1417215100490368 0.82997348458275 0.29152358217156998
1.1530676814961933 0.7884782319518715 0.265117125540968
1.1636763136581258 0.74795333201684777 0.23695027410778233
1.1735912410994696 0.7084741975984864 0.20709934271774083
1.1828632314325844 0.67022210237469138 0.17549245142524844
1.1916121584024488 0.63332977950323421 0.14216470022975985
1.200118227148457 0.59803947852893469 0.10707718175093839
1.2093254759437548 0.56450354908473621 0.070472440462317043
1.2203972887837458 0.53290784881877129 0.032682007473189244
1.2333704007777733 0.50295004617004302 -0.0058205371128059492
1.2484702167124824 0.47437824626822023 -0.044592280223288108
1.2657851940150517 0.44714031707766028 -0.083393591404631401
1.2853102447013347 0.42086274161505344 -0.12180930518266149
1.3067058689339881 0.39459627448663848 -0.15922880298505906
1.3293637174732009 0.36739131291219801 -0.19521399318423563
1.3529229592389991 0.33916786030034896 -0.2298134272371487
1.3771944593671996 0.30987811239458679 -0.26301078097140296
1.4020790844444999 0.27953895277431745 -0.29478545496138564
1.4275290096298925 0.24806829363253088 -0.32497117617027776
1.4533755490636204 0.21562937665891235 -0.35375820852097867
1.4795652233950345 0.18227225598715707 -0.38114911430062604
1.5060671444642366 0.14801597793593693 -0.40708865603649147
1.5328467561541117 0.11285291852593896 -0.43148067364693571
1.559847316370323 0.076852304070171643 -0.45436185333929235
1.5870006461529329 0.039991209161100702 -0.4756307145844908
1.6142516740403854 0.0023370670526141196 -0.49533305709356601
1.6415246837228914 -0.036167483099193085 -0.51326894002846501
1.6687522873823915 -0.075475358020194561 -0.52946008791159915
1.695829935324819 -0.11559306331497304 -0.54379069079413445
1.7226520511703232 -0.15652937236219377 -0.55616672225907315
1.749159286367141 -0.19817983022714125 -0.56670068561684084
1.7752127058017628 -0.24056361306993163 -0.57523966954451566
1.8007252871542778 -0.28363089140591924 -0.5817691611811886
1.8255631071245149 -0.32735118093178656 -0.58620262809011703
1.8496286487668765 -0.37166356315775206 -0.58855797298414236
1.8727866457303461 -0.41651643247233333 -0.58874881743675733
1.8949754430527197 -0.46182134323474094 -0.58686313819666791
1.9160056957936671 -0.50752803919125589 -0.58275064205709015
1.9358685319070557 -0.55352709524020671 -0.57656566681954491
1.9543361013921152 -0.59975266136860517 -0.56814367948181543
1.9714844925372346 -0.64607713528058175 -0.55770728316693718
1.9869703727412436 -0.69242558511271779 -0.54502243671817041
2.0009984478725125 -0.73867399313822002 -0.53043771689633279
2.013318130130815 -0.78473301532070883 -0.5138506789510825
2.0240156229335597 -0.83049767609043146 -0.49542862514817837
2.032969367286805 -0.87586889046169392 -0.47520258841047081
2.0400778071880663 -0.92074016539616044 -0.45320121804669855
2.0453809221285129 -0.96502154834308917 -0.42955736966389385
2.0487836612378478 -1.0086132211672889 -0.40433359780170336
2.0502272721393404 -1.0514074807123077 -0.37759769022553674
2.0497786545820116 -1.0933303461589552 -0.34947564159146349
2.0473287942445064 -1.1342830591030364 -0.3200516348749245
2.0427084791311194 -1.1740880726265261 -0.28934223546766408
2.0360401212474089 -1.2127267185680333 -0.25754296932983339
2.0274077264037556 -1.250151707332241 -0.22478476833855085
2.0166962219807982 -1.2862662319927938 -0.19118444128045653
2.0039033909067556 -1.3209893067355611 -0.1568526754536336
1.989138087854347 -1.3543063352439593 -0.12192437299202774
1.9723714357559967 -1.3861515960756148 -0.086529112989328971
1.9535304908444608 -1.4164439976712553 -0.050815423118467623
1.9327096707317148 -1.4451768301498504 -0.014906671319811021
1.9099900741065592 -1.4723466082197065 0.02107097119145605
1.8851593289669784 -1.4978021706664613 0.05690866703843566
1.8583357161104646 -1.5215488813064011 0.092479075292760504
1.8297482676373014 -1.5434872691099593 0.12783204224976988
1.7994068854639955 -1.5635868000228388 0.16281217175655438
1.7674331067970859 -1.581735579524266 0.19739745218330323
1.7338097054268882 -1.5979845748577197 0.23136064850782406
1.6985419104345012 -1.6125019583895464 0.26442532720441014
1.6617648750801566 -1.6251456849648309 0.29660708164425809
1.6236183272809046 -1.6358326091161894 0.3278928896168013
1.5841805303706076 -1.6445366049808483 0.35817982505678286
1.5434554284272302 -1.6514195869329416 0.38721048947663061
1.5015442390137714 -1.6565831169754628 0.41488252948296639
1.4584891848302606 -1.6595291105615269 0.44108272636448076
1.4144849609276793 -1.6606545467011049 0.46580057084206999
1.3695868726401248 -1.6601702111558192 0.48887126773766709
1.3239250792418886 -1.6578953297172463 0.51026705597419408
1.2776252116945104 -1.6537715621424918 0.52995377644817998
1.2307710777642629 -1.6480562110509305 0.54783458452323341
1.1834328054584058 -1.6407063707397329 0.56374320126465816
1.13575271646795 -1.6318005316910627 0.57771364059777053
1.0878196418723096 -1.6213918800632789 0.58963354183119698
1.0397377983387881 -1.6095588486975547 0.59943677198328726
0.99162045064485194 -1.5963686563100332 0.60711757098601604
0.94355698795979637 -1.5819250466537995 0.61255048974544324
0.89565185493878807 -1.566329559488101 0.61577515285359641
0.84801625837397954 -1.5496347990623025 0.61657340753612799
0.80068319279751832 -1.5321316267226477 0.61512848309579082
0.75378333666347042 -1.5138531533819142 0.61122582670727632
0.70735383297238308 -1.4949790241968053 0.60512608828880809
0.66156581691653737 -1.4755236123661231 0.59651404851861212
0.61637938053924635 -1.455712814068935 0.58579302925419008
0.57191551764316806 -1.4355803863608674 0.57287597413621016
0.52817811336599385 -1.4152669124753403 0.55792523904001901
0.48534404095609562 -1.3948239590366409 0.54070519412687323
0.44326992260757264 -1.374374826906698 0.52171180028449404
0.4022127306299968 -1.3539879565742501 0.50054729133235942
0.36200416601939928 -1.3337511580928334 0.47767699226226784
0.32281906879027555 -1.313742265873088 0.45290782864791673
0.28465812009729757 -1.2940646868002992 0.42634085461011545
0.24759897596387964 -1.2748129411857754 0.39796593365360272
0.21156658423515168 -1.2560314728608006 0.36799963787184492
0.17665719930705984 -1.2379013297423587 0.33635360578985668
0.14287643963817717 -1.2205229726992233 0.30310376191473432
0.11023321362222929 -1.2041020751696616 0.2682723511592976
0.078672023577055272 -1.1888335572679405 0.2319532351970878
0.048136401214031579 -1.1749201202988717 0.19424262502834963
0.018551550174963523 -1.1626296447548721 0.15523593856359549
-0.01023105758289553 -1.1521389025724922 0.11511863076684359
-0.038367602210560098 -1.1437223060074488 0.07407060015278244
-0.066050512653702251 -1.1376507431440224 0.03230369165469886
-0.093539098631943374 -1.1339921566650919 -0.0098720391561740953
-0.12106315459980874 -1.1328451000002635 -0.052172396960484146
-0.14888537249236686 -1.1341757388255256 -0.094277678923572292
-0.17723998688984405 -1.1379306682919574 -0.1358854704673261
-0.20643540570788943 -1.1441081776487132 -0.17661390005965999
-0.23656282854696414 -1.1522550547152239 -0.21629808490049776
-0.26781132989066214 -1.16216773698071 -0.25468688211230645
-0.30015175430040586 -1.1734590469423289 -0.29176843788474982
-0.33379109140789914 -1.186113116100485 -0.32720901320630374
-0.36861319904990369 -1.1996972813778994 -0.36113961057412625
-0.40471224058243677 -1.2141309073410229 -0.39332936762532322
-0.44210563631478156 -1.2292477078027884 -0.42368072577351307
-0.48069863669508778 -1.2448402688564753 -0.45223753001150419
-0.52040591434551453 -1.2607670095955736 -0.47903122604934856
-0.561227059438409 -1.2769426568271276 -0.50392621864285414
-0.60317806571855903 -1.2933236809113255 -0.52672364075057954
-0.64614491763315651 -1.3097687648988676 -0.54749730556561094
-0.69004020465142046 -1.3261746773577094 -0.56626406794740536
-0.73482003036323895 -1.3424803413379076 -0.58290163583587629
-0.78045500783127342 -1.3585994293120647 -0.59723841704198977
-0.82684589997494162 -1.3744541721720349 -0.6092619037226028
-0.87391220111222023 -1.3899014418393731 -0.61895432667312811
-0.92161718666438053 -1.4047055707206684 -0.62623753532055937
-0.96985435817936061 -1.4187218836306938 -0.63119323745134526
-1.0185362164313794 -1.4318056109643245 -0.63380389507692458
-1.0675361041533207 -1.4439201730803637 -0.63409808894375885
-1.1167545526608564 -1.4549461671229642 -0.63211532572870854
-1.1660599375877665 -1.4648453301268614 -0.62781030228821988
-1.21535401056917 -1.4735365586478915 -0.62127178036813624
-1.26451839662244 -1.4809237810167284 -0.612572888396124
-1.3134611080159406 -1.486810164434532 -0.6017113547818661
-1.3620510891282056 -1.4913684088191614 -0.58882292985816997
-1.4101050175509839 -1.4945102392130734 -0.57370752024237903
-1.4575815637602101 -1.4961866690313743 -0.55663829994843816
-1.5043662178714599 -1.4962551087182934 -0.53769035657806874
-1.5503805239857087 -1.4946638950993385 -0.51699357461351081
-1.595406896755887 -1.4915023226584456 -0.49439414683748911
-1.6394914657350013 -1.486897292513232 -0.47022798272179611
-1.6823507292969764 -1.4802293164996836 -0.44440277924913624
-1.7241149157349207 -1.4722632006220473 -0.41717496683444366
-1.7643605536241569 -1.4622437355312037 -0.38838462949982921
-1.8033660841408401 -1.45043082485883 -0.35858832925530443
-1.8407674232783076 -1.4369680327281653 -0.32746913489317325
-1.8764975336669998 -1.4219187237639201 -0.29513869906572499
-1.9106353514825498 -1.4050899538264123 -0.26197942515260159
-1.9430642514529626 -1.3864840617499548 -0.22806541993145424
-1.9736963112386989 -1.3661649499366346 -0.19347116895178781
-2.0024000631409371 -1.3442890855093885 -0.15818071804102302
-2.0290966844137355 -1.3208044070016451 -0.1223539574893662
-2.0539440125356436 -1.2956667901165164 -0.086313478206208771
-2.0767683518912459 -1.2688929015191428 -0.050116839043175175
-2.0975210192472771 -1.2406343448260506 -0.013795965100514781
-2.1160603215801124 -1.2109266239482268 0.022566965925391713
