-0.0890817165715351 -11.0629882048654 3.35276437404214
-0.760238671028994 -11.8147546652054 2.98107725513727
-1.43139562548645 -12.5665211255454 2.6093901362324
-2.09255742554612 -13.3175927144751 2.22797323042258
-2.39330439621676 -14.0436079660224 1.4957103698857
-2.69405136688739 -14.7696232175697 0.763447509348821
-2.99479833755803 -15.495638469117 0.0311846488119399
-2.83945124629301 -16.2215265861824 -0.74229390845331
-2.67444724522968 -16.9474120114209 -1.51664512839672
-2.50944324416635 -17.6732974366595 -2.29099634834013
-1.89115203392354 -18.3185400386177 -2.88669014591383
-1.27233550739317 -18.9636891832983 -3.48217689671462
-0.602472824617054 -19.5739464419445 -4.02934891933948
0.342859243837451 -19.9959104554576 -4.31579164384111
1.28819131229196 -20.4178744689708 -4.60223436834274
2.27961587651632 -20.7268524112573 -4.7575082059102
3.34464876912723 -20.8553949986113 -4.70330927915269
4.40968166173814 -20.9839375859654 -4.64911035239519
5.43505689924355 -20.925283441277 -4.40541028800602
6.43881615011484 -20.764594971891 -4.0584198488507
7.44257540098614 -20.603906502505 -3.71142940969539
8.28286585419457 -20.2127320584694 -3.17665453833921
9.11084933117981 -19.8042051566539 -2.62774205433022
9.88838983294733 -19.3500472116334 -2.0571780466681
10.4938380430555 -18.7402134611703 -1.41274725562738
11.0992862531637 -18.1303797107072 -0.768316464586651
11.5885392220826 -17.430572456234 -0.131455264760107
11.9754892222104 -16.651548906166 0.49874136218187
12.3624392223381 -15.8725253560979 1.12893798912385
12.5913173846476 -14.9686012191841 1.65282217410753
12.7902284984696 -14.0409985953633 2.15655178793566
12.9674959935179 -13.0971732404386 2.62560390265338
13.0158986250371 -12.0567586759343 2.88818817864481
13.0643012565562 -11.0163441114301 3.15077245463623
13.0692850394066 -9.96309704029432 3.26777765621378
13.0168991644472 -8.89289427970895 3.19242811003935
12.9645132894878 -7.82269151912357 3.11707856386492
12.9045595696238 -6.81569242994694 2.79196864747825
12.8411407160887 -5.83763277765021 2.35249948094434
12.7777218625536 -4.85957312535348 1.91303031441043
12.8356664327661 -4.03164586902845 1.2395130844495
12.9085220769435 -3.22216432881591 0.537240007979154
12.9929446939505 -2.41737165064318 -0.166602168393452
13.3363879376256 -1.71757722930244 -0.905581389348136
13.6798311813007 -1.0177828079617 -1.64456061030282
14.0720712912606 -0.31241399260584 -2.34082078093523
14.6667725384532 0.416083319262415 -2.85983703882786
15.2614737856457 1.14458063113067 -3.37885329672049
15.883117956783 1.91452629277915 -3.74658887171294
16.5465315822276 2.74872908389945 -3.87979490622317
17.2099452076723 3.58293187501976 -4.0130009407334
17.7770162430875 4.46143722181405 -3.88911809403068
18.2879459510157 5.36575881753669 -3.61542288429075
18.7988756589439 6.27008041325934 -3.34172767455082
19.0280896519545 7.1508698020251 -2.78786479070079
19.2241142975695 8.02888682648772 -2.20099493644534
19.354709634419 8.885306737716 -1.58758761908344
19.1615344363153 9.6348554464627 -0.842862261100868
18.9683592382117 10.3844041552094 -0.0981369031182937
18.60461458171 11.0421001162529 0.638134671583297
18.0286429824615 11.5855105070011 1.36388782993288
17.4526713832129 12.1289208977494 2.08964098828247
16.6553242409626 12.4953461174754 2.67764466317483
15.7733163688385 12.7940868335186 3.21296875272956
14.8913084967143 13.0928275495617 3.74829284228428
13.8390386627622 13.1619471731833 3.95158996155552
12.7864346694414 13.230616138076 4.15423543837185
11.7340633447587 13.2610832930042 4.24963471253889
10.6823425911772 13.1847333290419 4.04515996530221
9.63062183759573 13.1083833650795 3.84068521806552
8.6550819379713 13.0370329288063 3.44505074880177
7.75228807791936 12.9704566033527 2.86687549690135
6.84949421786741 12.9038802778991 2.28870024500093
6.08695358553213 12.9760420999917 1.55155198731025
5.37617942200223 13.0994111855748 0.755727923870795
4.66540525847234 13.2227802711579 -0.0400961395686589
4.05275978356864 13.6199295608895 -0.823267908652089
3.44860856686419 14.0407779316589 -1.6053444643318
2.84120737046795 14.4904236751037 -2.36048380384966
2.20805725712835 15.1682250464362 -2.90220515082268
1.57490714378876 15.8460264177688 -3.4439264977957
0.905459464772841 16.5512993573358 -3.85775078586526
0.163268132357618 17.3116278412827 -4.01525762811415
-0.578923200057606 18.0719563252296 -4.17276447036303
-1.3755675118118 18.7552554544085 -4.095109253328
-2.2113854868061 19.383139397129 -3.84827763072124
-3.0472034618004 20.0110233398495 -3.60144600811448
-3.89786531312319 20.3819098471819 -3.08432080479997
-4.7512071725136 20.7063963990743 -2.51839507520141
-5.59563324889819 20.9837472968638 -1.9320923198951
-6.37433210401525 20.9136137880929 -1.19556997348912
-7.15303095913231 20.8434802793219 -0.459047627083144
-7.87026231360611 20.6132062436014 0.276659924736985
-8.49339688161947 20.1377830020352 1.01112015803348
-9.11653144963283 19.6623597604689 1.74558039132997
-9.60094164487217 18.9583228894118 2.36328444923568
-10.0171204219389 18.1418426759064 2.92356212078964
-10.4332991990056 17.3253624624009 3.48383979234359
-10.6485123001275 16.3106181874776 3.7427549505789
-10.8511191987304 15.2834371772824 3.98276619969314
-11.0222837049057 14.2494705438779 4.1411843284908
-11.0696947852977 13.1887965242538 3.97846187669312
-11.1171058656897 12.1281225046297 3.81573942489545
-11.1544972582225 11.1272194934835 3.48347780681316
-11.179477655413 10.2003524920667 2.94121465648002
-11.2044580526035 9.2734854906498 2.39895150614688
-11.3299455506788 8.483012231047 1.70175750113824
-11.5070728127072 7.76261701140285 0.924961232269289
-11.6842000747355 7.0422217917587 0.148164963400335
-12.0963739039907 6.44036856351634 -0.632072388202161
-12.5521953507559 5.86052831576808 -1.41294874110872
-13.0137162564678 5.28072810678012 -2.18881859153625
-13.7339070728382 4.70274505669198 -2.73746835650014
-14.4540978892087 4.12476200660384 -3.28611812146404
-15.1970863516068 3.52563648548106 -3.74781523436303
-16.019230464876 2.85310224252172 -3.90760425724144
-16.8413745781452 2.18056799956239 -4.06739328011984
-17.6104071150255 1.46450373854646 -4.03950032700993
-18.3145216927577 0.695232999281471 -3.78220482781837
-19.0186362704898 -0.0740377399835164 -3.5249093286268
-19.5150787789775 -0.865494600947631 -3.03774511322068
-19.9177224680799 -1.66697222218869 -2.44675656422475
-20.3203661571823 -2.46844984342974 -1.85576801522882
-20.345557635934 -3.21821129429421 -1.09539262886436
-20.3429385930758 -3.96416231927059 -0.322536890890117
-20.2669171041672 -4.68629376329303 0.45088073952251
-19.8417566754407 -5.29512730392598 1.22697101288893
-19.4165962467142 -5.90396084455893 2.00306128625536
-18.8420616502016 -6.43256978298825 2.70753959062516
-18.056105851888 -6.84763042813996 3.31065975005613
-17.2701500535744 -7.26269107329166 3.91377990948709
-16.3353631729774 -7.5406291916631 4.31063091142675
-15.3200313644156 -7.74435885927 4.5958524460764
-14.3046995558538 -7.9480885268769 4.88107398072605
-13.2431423080249 -7.99237412836966 4.81765650374623
-12.1751154112269 -8.01434415743452 4.7054439897053
-11.1185646663645 -8.0259575134827 4.55599080496143
-10.1677889363637 -7.94211402577394 4.06329255696497
-9.21701320636291 -7.85827053806517 3.57059430896852
-8.32406078443138 -7.7798770205025 2.99755593901077
-7.55980314003058 -7.71361326028025 2.24570811542899
-6.79554549562979 -7.647349500058 1.4938602918472
-6.06650651189934 -7.67439036475628 0.712230639922638
-5.37186939076029 -7.79257191523195 -0.0984901343463637
-4.67723226962124 -7.91075346570762 -0.909210908615365
-3.92567444529098 -8.2364513567292 -1.58258923007451
-3.14843726300485 -8.65576872347423 -2.19400651081366
-2.37120008071873 -9.07508609021926 -2.8054237915528
-1.55591865417301 -9.7141866005239 -3.02788218521957
-0.734745399197124 -10.3873244428585 -3.19010337156058
0.0864278557787584 -11.0604622851932 -3.35232455790159
0.758061160254674 -11.8120832109769 -2.98278704585392
1.4291312091576 -12.5639997503007 -2.61124661719865
2.09137734017669 -13.315296827131 -2.23110923876156
2.39208319161214 -14.0412128151951 -1.49873109056631
2.6927890430476 -14.7671288032592 -0.76635294237107
2.99349489448306 -15.4930447913233 -0.0339747941758252
2.839788433973 -16.2190356847595 0.739252807927488
2.67476003426144 -16.9450284445053 1.51349819722847
2.50973163454987 -17.6710212042511 2.28774358652946
1.89293655681343 -18.3164408032874 2.88415697861802
1.27419380641096 -18.9615130324304 3.47980369503756
0.605527967970303 -19.5724804991844 4.02818487870071
-0.339804100484202 -19.9944445126976 4.31462760320234
-1.28513616893871 -20.4164085262107 4.60107032770397
-2.27614488121616 -20.7264058421915 4.75752758647902
-3.34117777382708 -20.8549484295456 4.70332865972152
-4.40621066643799 -20.9834910168997 4.64912973296401
-5.43175180484623 -20.9258492073585 4.40630754892108
-6.43543809315426 -20.7651724183058 4.05910071302829
-7.43912438146229 -20.6044956292531 3.7118938771355
-8.28005484061587 -20.2142320151232 3.17784444175818
-9.10803831760112 -19.8057051133076 2.62893195774919
-9.886377181355 -19.3522503895474 2.05873506588377
-10.4917415199401 -18.7422556474063 1.41437785524811
-11.0971058585252 -18.1322609052652 0.770020644612447
-11.587051132524 -17.4329672663025 0.133094656312904
-11.9741618363429 -16.6541112629668 -0.497210358600778
-12.3612725401618 -15.8752552596312 -1.12751537351446
-12.5908424079665 -14.9718842828788 -1.65186482016059
-12.7897535217885 -14.044281659058 -2.15559443398872
-12.9675202060888 -13.100846066254 -2.62546848734866
-13.0156839639729 -12.0603636785965 -2.88782785190337
-13.063847721857 -11.019881290939 -3.15018721645809
-13.0691356309764 -9.96669059072562 -3.26819957819353
-13.0169883958437 -8.89647623300156 -3.19284921550174
-12.9648411607109 -7.82626187527749 -3.11749885280995
-12.9049960830993 -6.81889229599448 -2.79373569295812
-12.8415715563429 -5.84074515001786 -2.35446211875633
-12.7781470295865 -4.86259800404123 -1.91518854455453
-12.8356708721994 -4.03414123375216 -1.24250345695097
-12.9085265163769 -3.22465969353962 -0.540230380480623
-12.9921150010202 -2.41952888614037 0.163498642949588
-13.3355582446953 -1.71973446479963 0.902477863904272
-13.6790014883705 -1.01994004345888 1.64145708485896
-14.0704670527386 -0.314659709651938 2.33839532879048
-14.6651682999312 0.413837602216317 2.85741158668311
-15.2598695471237 1.14233491408457 3.37642784457574
-15.8813019006515 1.91195472058883 3.74535274529541
-16.5447155260962 2.74615751170914 3.87855877980564
-17.2081291515409 3.58036030282944 4.01176481431586
-17.7755718029037 4.4587422426982 3.88925908221503
-18.2863449406892 5.36321135000264 3.61575913995321
-18.7971180784746 6.26768045730709 3.34225919769139
-19.0271239080841 7.14845919259705 2.78909236487214
-19.2231245413776 8.02636866309837 2.20205361306682
-19.3548508971371 8.8830996391716 1.58899485191898
-19.1616456255629 9.63276503748934 0.844394760346626
-18.9684403539887 10.3824304358071 0.0997946687742703
-18.6057685983664 11.0407087697236 -0.636552222370261
-18.0300562487218 11.5841021185922 -1.3625238069661
-17.4543438990772 12.1274954674607 -2.08849539156194
-16.6578180624815 12.4945202189305 -2.67699020239373
-15.7757317361338 12.7932059220083 -3.21221571226391
-14.8936454097861 13.0918916250862 -3.74744122213409
-13.8419192784213 13.1617469444829 -3.9518245729871
-12.7893248153644 13.2304309546208 -4.1545144490583
-11.736969904087 13.2612776690451 -4.25091852757034
-10.6852936454672 13.184930935207 -4.04621384746694
-9.63361738684743 13.1085842013689 -3.84150916736354
-8.65761490138817 13.0372116909803 -3.4468922338705
-7.75464497629611 12.9706397906206 -2.86899148181158
-6.85167505120406 12.9040678902608 -2.29109072975267
-6.08863744726626 12.9757051325392 -1.55455117878518
-5.37799465479517 13.0990919771379 -0.758612556241097
-4.66735186232407 13.2224788217367 0.0373260663029833
-4.05454578259102 13.6188449845033 0.820641483824436
-3.45049030642023 14.0396266629505 1.60282787053785
-2.84325781887601 14.4884738052408 2.35875649154226
-2.21010770553642 15.1662751765734 2.90047783851528
-1.57695759219682 15.844076547906 3.44219918548829
-0.907823598274908 16.5491120770212 3.85712876533699
-0.165632265859685 17.3094405609681 4.01463560758588
0.576559066555538 18.069769044915 4.17214244983477
1.37290917997806 18.7534305115893 4.09551880852711
2.20868420291203 19.3812821878238 3.84845977416944
3.04445922584601 20.0091338640583 3.60140073981177
3.8951465448406 20.3809631143019 3.08534967336255
4.7485891576854 20.705487978086 2.51959787077149
5.59329142198193 20.9839375859654 1.93389363728731
6.37187048036622 20.9138148666866 1.19724362754395
7.15044953875052 20.8436921474078 0.460593617800598
7.86815521472547 20.6147111849448 -0.275160503877997
8.49144961948788 20.139349816334 -1.0095251523959
9.11474402425028 19.6639884477232 -1.74388980091381
9.5999578450127 18.9610917558293 -2.36204948124227
10.0161852388412 18.1445161635437 -2.92215200889127
10.4324126326697 17.3279405712582 -3.48225453654026
10.648075229394 16.3138616782626 -3.74239084942139
10.8504407733926 15.2866887037483 -3.98263999051926
11.0219042995264 14.2528347348931 -4.1425259392778
11.0693153799184 13.192160715269 -3.97980348748012
11.1167264603104 12.1314866956449 -3.81708103568245
11.1541877700881 11.1302048174162 -3.48594535436884
11.1791654002655 10.2034404826263 -2.94350663108224
11.2041430304429 9.27667614783651 -2.40106790779564
11.3292490245112 8.48553643656995 -1.70464824290477
11.5066029988962 7.7651670084175 -0.927879784790207
11.6839569732812 7.04479758026505 -0.151111326675645
12.0952293347008 6.44236842778604 0.629014803499404
12.5511225710332 5.86243685813804 1.4097814231499
13.0118822625842 5.28253962396026 2.18627351474795
13.7319438793078 4.70447190492827 2.73500365161225
14.4520054960313 4.12640418589628 3.28373378847656
15.194630954201 3.527500474002 3.7465991462888
16.0168461167083 2.85510171848009 3.90659265517047
16.8390612792155 2.18270296295818 4.06658616405213
17.608504283577 1.46704977051069 4.04007676067153
18.3125815076935 0.697819841427025 3.78255712753471
19.0166587318099 -0.07141008765664 3.5250374943979
19.513983984569 -0.862789204186989 3.03891450561349
19.9164229967555 -1.66433341425794 2.44787685576319
20.3188620089421 -2.46587762432889 1.85683920591289
20.345557635934 -3.21593252417116 1.09714912135815
20.3431763068815 -3.96200291631678 0.324407843824627
20.2684963621238 -4.68458628456549 -0.448913762660291
19.8432033730939 -5.29326903564361 -1.22504968167863
19.4179103840639 -5.90195178672174 -2.00118560069696
18.8445408924417 -6.43113955375347 -2.70628683603409
18.0585850941281 -6.84620019890517 -3.30940699546505
17.2726292958145 -7.26126084405687 -3.91252715489602
16.3386490922799 -7.53995459062388 -4.31051196609949
15.3233425172488 -7.74372673870479 -4.59579297341277
14.3080359422178 -7.94749888678571 -4.88107398072605
13.2466329958812 -7.99231111767697 -4.81880382868068
12.1786060990832 -8.01428114674182 -4.70659131463975
11.121719074409 -8.0261979790835 -4.55822937422638
10.1709433444082 -7.94235449137474 -4.06553112622992
9.22016761440741 -7.85851100366597 -3.57283287823347
8.32664475209681 -7.78007022340213 -3.0005735712187
7.5622715244087 -7.71381673996086 -2.24884235097168
6.79789829672059 -7.6475632565196 -1.49711113072466
6.06864003034567 -7.6740083480715 -0.715676755438164
5.37413855111359 -7.79220648502036 0.0951578013826375
4.67963707188151 -7.91040462196923 0.90599235820344
3.92828597816086 -8.23518702274531 1.57992017651831
3.15093802544432 -8.65443870050419 2.19124167448175
2.37359007272777 -9.07369037826307 2.8025631724452
1.55854544380018 -9.71200740614371 3.02672889916368
0.737493728775981 -10.3852331992321 3.18920011367515
