-0.37449198584265758 -1.445175135613731 0.43880078990931282
-0.43519290891532081 -1.526460172623133 0.35855498362783278
-0.47601417412076219 -1.591676680478092 0.26550636807454742
-0.49984761840932579 -1.6613444343799031 0.13233091855961859
-0.50218963794662597 -1.739113667946885 0.00019565060243188409
-0.4958384002738726 -1.7906414742681249 -0.069442640499152233
-0.47857858653348428 -1.901868031910156 -0.17842856055044831
-0.4423290503596663 -2.0046493012659412 -0.25948375601123352
-0.38592565191988742 -2.104609616552211 -0.33191029605361488
-0.30916198121745492 -2.2038532900351631 -0.39838644687649288
-0.22327378737491549 -2.2889427529997879 -0.4514207713081817
-0.1215310096725698 -2.3665743075015828 -0.49735795202602151
-0.0087818306449620256 -2.4317531575485671 -0.53432482554642013
0.10908637305689491 -2.4828231072680378 -0.56100783093942919
0.24346366069751971 -2.5252208194449701 -0.57827478491317252
0.37367759600345529 -2.5513673868402762 -0.58402764943427155
0.50704433689933126 -2.5636097767880011 -0.57931213431895912
0.64282820047863021 -2.5606733023014958 -0.56495280403082948
0.77333081943591298 -2.5439911724734352 -0.53986629355050708
0.8994823375438542 -2.5145808139675001 -0.50281751233464023
1.018337718162349 -2.4728656481325619 -0.45471033535534638
1.127699774097636 -2.4189564338716139 -0.39714778720607158
1.225709869259535 -2.353518778473989 -0.33147239484673691
1.3105373373371081 -2.277997524663439 -0.25857789475760201
1.380633253077753 -2.1936287728843959 -0.1801229026004576
1.434890483554619 -2.1017297001384301 -0.097333268802103176
1.4721627769207539 -2.0043656491499751 -0.01161863568299968
1.4914561572681151 -1.9052437531777859 0.073677692949253359
1.4935486899862189 -1.8118747377755979 0.15224022981407731
1.4857114380069689 -1.6960911713554161 0.24854353671196491
1.47866580794373 -1.5923858160003499 0.33486876046650882
1.471596292421244 -1.48871637633633 0.42123550575356089
1.4645076893308171 -1.3850843785456119 0.50764594427532617
1.4574051493201681 -1.281491236044634 0.59410212791338868
1.449818323068927 -1.171028111097884 0.6863782530809347
1.4390383182480651 -1.0660096707983959 0.76648725767152348
1.420449578553415 -0.95928880188950538 0.83137859810077452
1.390071114494263 -0.83671882546613963 0.88913364836210884
1.353111338623934 -0.7169680392269927 0.92930692994128183
1.3052294589340829 -0.58828663272687232 0.9564716085211451
1.2503604769576311 -0.46577957619898003 0.96761426764451641
1.1870039417157581 -0.34650074431587052 0.96348011254238375
1.116171351498999 -0.23188359905737629 0.94353397219338619
1.039853485939104 -0.12604168967581669 0.90792616110160718
0.95977629155282829 -0.02980105615930451 0.85681341094363284
0.87688388844458443 0.056803793020368858 0.78928213005552261
0.79497680867021958 0.1290420875819511 0.70765269019329846
0.71846683130618283 0.18643363895167661 0.61361929473090304
0.64850636972663822 0.22857679906856621 0.50773701476219135
0.58891873891830415 0.25591736586439151 0.39140952016071878
0.54859678499350262 0.26665015079195348 0.28889702649696852
0.51181541357631366 0.2720782592241201 0.15249851245563081
0.50037953406323832 0.27853688524941711 0.038851139629915758
0.4955303604856548 0.2725760765754775 -0.1145766735427233
0.51453169123046005 0.25818837988404408 -0.26170324110895532
0.55486604508699244 0.24084103134292181 -0.39833712748772893
0.61123643985020581 0.22413493334762499 -0.51923288341988194
0.68306996781621965 0.20748685655032301 -0.62933690339247528
0.77396077471498215 0.1929215107163578 -0.73322638495728187
0.87608932770076786 0.18210268269234919 -0.82175283533546217
0.98862833660367144 0.1752569848204299 -0.89576398327342832
1.110720791300069 0.17434334592034201 -0.9548046621090136
1.2379435502164331 0.17999740432746489 -0.99757707456125644
1.369191894022731 0.19168056706463829 -1.0233892683308901
1.5031236437052391 0.2094468088865038 -1.0318977315506419
1.635929708617345 0.23669418065141379 -1.0245684508994819
1.763100777814274 0.27064198877206702 -1.0011250514209089
1.888088638089614 0.31143260938801759 -0.96053837432175149
2.002678576813818 0.35775641394956381 -0.90593070703805889
2.106829875296738 0.40944296517990808 -0.8374270238656335
2.1989479672495311 0.46638083452044532 -0.75637987584745625
2.2768491965302671 0.52728666408891101 -0.66438662489501554
2.339230140898918 0.59061348326302188 -0.5627717241840412
2.3847859378235658 0.65605235869811163 -0.45398910725563918
2.4129535257532169 0.72234762905730088 -0.33915289006172761
2.4232621632579181 0.7868789686974812 -0.22058418623491119
2.4152711151495012 0.84980064926930732 -0.101952844955598
2.389312168217248 0.91118114239131964 0.013999116975193319
2.3454368756884678 0.97128538020979271 0.12744515186961949
2.2851677003490569 1.027348029848357 0.23532810917756539
2.2094935863377319 1.0787455662077181 0.33421268357220241
2.11919892515759 1.1256778710290261 0.42291048076875171
2.0163763211854189 1.16491653828241 0.50077072636517028
1.903314816540431 1.1982562214805561 0.56471359086422745
1.7814470381948619 1.225494192646879 0.61388517331691572
1.652353882163647 1.246154924854465 0.64785140732371016
1.5176045992442131 1.260210206992876 0.66544452226374384
1.381505770171614 1.268273843497393 0.66542955860274711
1.2519131588118031 1.2712560538154869 0.64834309989027472
1.1224712959413381 1.270597874390951 0.61320014624475239
0.9968750427856965 1.266302655481327 0.55901899128847876
0.88015744158622133 1.26042327933517 0.48719206577700541
0.77990320010199921 1.2555561414867089 0.40229446060021412
0.68374541533146704 1.257644482021725 0.2928263544776547
0.61286451462515379 1.2667934330678989 0.17779354588771179
0.56032956947185786 1.279835897684322 0.070522040251791693
0.51266707000402678 1.3177947064312781 -0.054655420900597038
0.47030766814184533 1.3806727226282069 -0.17077026138796389
0.42719323662150721 1.458472842114515 -0.26476331001125952
0.3737038005322566 1.5519375371602451 -0.34662427188506922
0.30505582700377459 1.656451424899174 -0.41361362562645348
0.2306211021003772 1.756290155990222 -0.45979201889403321
0.14877946682308629 1.85063698073788 -0.48869844376974148
0.051064575217723278 1.9473333391478611 -0.50327359926609383
-0.051247195605156538 2.0333124186199001 -0.50180955591401333
-0.16162653419620729 2.1092263655693979 -0.48679578456404288
-0.28079526238334029 2.1738292967188619 -0.45763232153440342
-0.40301531066022522 2.2210642815923429 -0.41928946342228202
-0.52395785782950999 2.2519971362501692 -0.37135806446657421
-0.64715435128619958 2.2663694415421478 -0.31507255243950921
-0.76736274833465401 2.262739518776181 -0.25316697755641138
-0.8808495432975999 2.2421178874804468 -0.18849975162924629
-0.98905270416893776 2.204630833020873 -0.1204325421225282
-1.0937619484160459 2.148778188670966 -0.04839059102823965
-1.1864956947420231 2.0784972135064592 0.019236640250415969
-1.2685437793540819 1.993155726757857 0.088051737159393559
-1.3379672170301169 1.896387960195042 0.15105713793579351
-1.3931507645325121 1.790201147705335 0.20702871611193649
-1.4355495200926891 1.6717565187563299 0.25781284798393789
-1.4652443946806359 1.539685830074349 0.30055440832623431
-1.478763929738774 1.410127438715018 0.32893811064888462
-1.4794790751930289 1.280026708830263 0.34291115313895387
-1.468135338170073 1.1310667787760129 0.3396636289595672
-1.448224066052292 1.002198578564049 0.31604808537354168
-1.428370147729606 0.88756279692871787 0.27161099421513779
-1.4191238098019801 0.75445449672872278 0.1944424346687425
-1.434180577031777 0.65054131290392958 0.1306623847061707
-1.4741494382754801 0.50878678433312574 0.069776031917992296
-1.493839024502241 0.41443514550975502 0.048628828773365773
-1.5025894527109289 0.28595826174986999 0.035234713901165067
-1.4931151065441539 0.12979582758685279 0.031945001241325773
-1.4666407147494831 0.0036880001568461791 0.034887458148424519
-1.4210577201365571 -0.1217420125509916 0.040102334595265028
-1.357128208144295 -0.2417201554872766 0.044998002981146708
-1.2788567751469151 -0.35028321422221559 0.045827278161020363
-1.1860760339627829 -0.44860762746543659 0.040625006282581103
-1.079851145326862 -0.53453547968924042 0.02722957578768884
-0.96276733582913321 -0.60628375587146799 -0.0011869861279053639
-0.86439644478374922 -0.65459588659241186 -0.043313146763235062
-0.76307063942256725 -0.69449145849897165 -0.10929834535414081
-0.65068418982935927 -0.72170824352189633 -0.198686669559718
-0.55110971242318674 -0.74342878400452017 -0.27174885087080258
-0.42918916592824158 -0.78447443133991102 -0.34735136746794149
-0.31612464983326283 -0.83664542523385987 -0.40782982952153402
-0.2006451484658219 -0.89972240744422649 -0.4573083126781271
-0.097217584346393646 -0.96715177760917148 -0.49332706846331048
0.010773705447222779 -1.051194890127797 -0.51945714266059706
0.11940581603045811 -1.14929055189254 -0.53300264347162274
0.20723330345558749 -1.2441191809311369 -0.52838652193233748
0.29245580056229842 -1.341861560091129 -0.49986270452828119
0.36423960659057281 -1.429784906945911 -0.44915866599604481
0.4266959049221834 -1.514987467314509 -0.37206141392648362
0.47354840619282629 -1.589500322196981 -0.27143690245896418
0.49944200387026172 -1.661351798389872 -0.1372972106949398
0.50403951918554968 -1.72670079683824 -0.024755924802652131
0.4965641055084945 -1.786084318929241 0.059686515032173287
0.48181449028107509 -1.8879465667300399 0.16284534074732701
0.44864632189354159 -1.9893690979556991 0.24465196736909331
0.38916634507421621 -2.0977739802468478 0.32471763416946953
0.31642979234390972 -2.1943226566229739 0.38947095537172061
0.22991418603667521 -2.2817960550494552 0.44483514361986171
0.12970023301784911 -2.3599735507249289 0.49134576584953732
0.017287514180982819 -2.426753441067929 0.52877752091431085
-0.10027841095269829 -2.478742163555137 0.55630803997892309
-0.23395840863459741 -2.5219966886256429 0.57453442368471452
-0.36359539068793778 -2.5492000730092448 0.58104470081659332
-0.49723878469098959 -2.562154922161445 0.57773269111731262
-0.63159583885401049 -2.5596915335169399 0.5650950184506579
-0.76311936681330073 -2.5430572561047011 0.54154885299134226
-0.88983618212076088 -2.5138249192312498 0.50599821865347794
-1.008974692855054 -2.4726265787153041 0.45936952493285749
-1.120147199813524 -2.419299091386709 0.40176988713037498
-1.2185766761565779 -2.3556147804105501 0.33653584122349728
-1.3044525122932229 -2.2810949626375798 0.26434424440528281
-1.3758944045014401 -2.1972423024640149 0.1864938908660333
-1.431529636914572 -2.105693921464757 0.1043224190018977
-1.4703159659334 -2.0080935840544751 0.019129698165239711
-1.4910997276716671 -1.907886011982215 -0.0662810589230826
-1.494126223220454 -1.8192235925864191 -0.1403362208641579
-1.4856445590577321 -1.6991646487354151 -0.23947032921011291
-1.478263599751088 -1.5951640146453021 -0.32541095769108941
-1.470852368586651 -1.491196280396931 -0.41138961091194892
-1.4634110951528181 -1.3872606984124281 -0.49740531787091807
-1.455938741913563 -1.2833561293329769 -0.58345649958666901
-1.448076134209787 -1.174540903953557 -0.67363407155363508
-1.437148903239639 -1.066020876361121 -0.75693913116729583
-1.4191986890804431 -0.96026083116037853 -0.82213495372380319
-1.3906617725456449 -0.84304933907646129 -0.87825367433464108
-1.3528162735255149 -0.71903681834680111 -0.9209077153251165
-1.3064627451148509 -0.59177000549963277 -0.9485101193924711
-1.252251721396574 -0.46885019229247382 -0.96062319814396491
-1.189425566770816 -0.3491924066320396 -0.95746837394922057
-1.1194097996871799 -0.23423784854704729 -0.93848900304102045
-1.0438875489073121 -0.12838385320719681 -0.90420349464854977
-0.96398695245852317 -0.030623243118871778 -0.85375142940420223
-0.8803976721477631 0.057474381364648143 -0.78655037409901052
-0.79939340146509974 0.12969663024497591 -0.70672780370302368
-0.72366417612164113 0.18800583695101589 -0.61394986750918901
-0.65242477038669655 0.23207478118763381 -0.5067660441932379
-0.59263350200512743 0.25992956124460809 -0.3916818673687299
-0.55204265745198045 0.27161740031727039 -0.2897415185187795
-0.51487051881603851 0.27745057437013287 -0.1555893002134012
-0.50232491284130243 0.28541488623368588 -0.034618337139877567
-0.49761037235868899 0.27969077147986421 0.1170752185013873
-0.51587094718749837 0.26567403563964292 0.26346278260655531
-0.55551401231356634 0.2490790233187396 0.39986097487912442
-0.61068880023108285 0.2324943289156679 0.51994501334817855
-0.68234896773567577 0.21568536914416539 0.63102990034447481
-0.77183194812270095 0.20124092897543669 0.73412943981554601
-0.87376430418027995 0.1900629422941342 0.82333546230138988
-0.98687068401122968 0.18270007100656999 0.89811879049627019
-1.108917918211588 0.18152451952461091 0.9576735826800572
-1.2361878942499851 0.18683709026031761 1.0009039222962841
-1.3674919291941421 0.1983704550830992 1.0272667728106779
-1.5015765375158019 0.21575226917353221 1.036164982208241
-1.6350884229731231 0.24224803757650809 1.028890007772099
-1.762393669424561 0.27620445772263319 1.005877927213525
-1.886417186775595 0.31628701787131941 0.96602794979143092
-2.0019106680186329 0.36232807468889622 0.91156761449677381
-2.1069983216823038 0.41407858217654597 0.8429755253996718
-2.199320685620342 0.47028928640524781 0.76224666548332221
-2.2777149129190808 0.53037192588758431 0.67025666726495725
-2.340762295510368 0.5934317134715329 0.56848023501039191
-2.387006602203928 0.65836439145405645 0.45919569034517199
-2.4155725984487368 0.72403424240373015 0.34464545896871979
-2.4261567269287272 0.78909770249309885 0.22670009939825991
-2.4186554888619289 0.85210727763499849 0.1073094652447831
-2.3930974532454741 0.91296555873373453 -0.0095117664129610539
-2.350327954684718 0.97168550122864417 -0.121315705882929
-2.2889491542145688 1.0292738286036931 -0.23151963226812841
-2.2141539038213311 1.0803501589483011 -0.32998648715454437
-2.1246351999249229 1.1271004113851131 -0.41872884176685088
-2.0223691008810629 1.166550674710374 -0.49675144071962152
-1.9096177287552161 1.2002344969200041 -0.56110629665596767
-1.7881257238028609 1.2278366899140261 -0.61060630742133248
-1.65913752569509 1.2488237710723471 -0.64507523597430294
-1.5248096303491241 1.263081807546248 -0.66311569417630456
-1.389140678505403 1.2714124428021281 -0.6636490307192684
-1.259523071536339 1.274773309864518 -0.64716814892322005
-1.129302058190059 1.274409496726034 -0.61243641372070901
-1.003898847307384 1.2704135722021619 -0.55899314557738289
-0.88739743770596669 1.2648483281555789 -0.48812442478465701
-0.78704930327576061 1.2601951696310829 -0.40391956478278368
-0.69116409527157985 1.262129746758027 -0.29593343344025708
-0.62411944378255813 1.2711133439367019 -0.18893008897143221
-0.56675777981377762 1.283890794961531 -0.074556532459381653
-0.51832241415073388 1.321515681514944 0.05066095152240277
-0.4751964474638472 1.384513505252986 0.16705664312796131
-0.43117275634648478 1.4628958171346209 0.26153500082948861
-0.37715552293089338 1.55597555511146 0.34284654831454142
-0.30718040476214042 1.6609328011504829 0.40996260757350639
-0.23273391120259759 1.759529315937288 0.45535345488916629
-0.15023526080384239 1.8531496501619831 0.48402984524165737
-0.051189219399317663 1.9496982788080111 0.49846040045410522
0.051558851052519963 2.0345412036663508 0.49668932843731939
0.16265584926955901 2.1093708600391698 0.48134735961590469
0.28235181630673623 2.1725711010199622 0.45211425537634092
0.40595389166214663 2.2189481890499989 0.41334071771462788
0.52615761420949625 2.2486001202113268 0.36559434113183942
0.64937732149508931 2.2618180321891379 0.30936321851298249
0.76939397200968607 2.2570027339817811 0.247746252576731
0.88258133218878632 2.2352975556478638 0.18357721110088379
0.99231821893202843 2.196120549027591 0.1145778061933936
1.0942185062270571 2.140498340761321 0.044412098882561528
1.18701348371072 2.068957962686615 -0.023328004128266602
1.269107007513236 1.982123617822916 -0.092173742986997528
1.337313683848163 1.885385703967561 -0.1540115669271957
1.3915886253958569 1.779081289826675 -0.2091474902929083
1.433583583822482 1.6595248728553 -0.25930234738788638
1.462574428213081 1.5272903968305851 -0.30095249205857638
1.4753569449850039 1.3969627069590409 -0.32837954346245951
1.4753883292810679 1.2665588678126549 -0.34116475010586622
1.4636370754742689 1.118405583977337 -0.33627998314072438
1.4425721745338631 0.9838762533615405 -0.30944330678164389
1.4240327322171129 0.87302609521031282 -0.26400447246528908
1.416587942905402 0.74784665673773121 -0.19037750828005459
1.432783523326298 0.64098756108500587 -0.1247220627201813
1.4723500574375159 0.50134267800483423 -0.065299155311463769
1.4922243194630611 0.4050229956943408 -0.044058610828402137
1.500767890454116 0.27405129665480171 -0.03084417229647855
1.490943825442554 0.1208232002931363 -0.027575205720870941
1.46213644307432 -0.011905739150267909 -0.03036716180751671
1.41649256023342 -0.13448142464652871 -0.035082024035826539
1.352948645526338 -0.25239852475907187 -0.039151905427875368
1.27406562841926 -0.36047715501505928 -0.03933235369000266
1.178310246135081 -0.46069158395104709 -0.033286226484669633
1.073055433585518 -0.54487236339358214 -0.018759940655978951
0.9566269637547089 -0.6150355673030401 0.010737264038056469
0.86022094090318246 -0.66179808942456408 0.053289934847021297
0.7651147087588529 -0.69917990353798665 0.1160600670568101
0.65442901058751823 -0.72651317009731631 0.20409265523073081
0.55052242384908445 -0.74944740052550762 0.27991322646605549
0.42732803547378662 -0.79177102504398544 0.35529189031443192
0.30642833597696473 -0.84733720032626714 0.41779002601298459
0.19240409659661761 -0.91040360746412974 0.46508647776470552
0.092397244631148137 -0.97764839564280603 0.49860146318731169
-0.025682824900976821 -1.0685189724642661 0.52514491578859701
-0.12104827624307329 -1.1564859188497481 0.53537938562640497
-0.21325610274148549 -1.2552756122250019 0.5281427676595658
-0.299333226644242 -1.3536049507857899 0.49631318030064397
