-0.37449198584265758 -1.445175135613731 0.43880078990931282
-0.43714063294984473 -1.5295718782294525 0.3541153117073223
-0.47916739854834595 -1.6008938989698185 0.24788692224537615
-0.49989447700262979 -1.6629004234864166 0.12968718622360992
-0.50195806020428224 -1.7314238843022949 0.013261121043715851
-0.49219351951168783 -1.8141299977418639 -0.092457992189444449
-0.47550376531405114 -1.9105863235445659 -0.18530396534881743
-0.4378373197818109 -2.0126097223959336 -0.26525150252218133
-0.38041048440455733 -2.1117398837617736 -0.33668634576837797
-0.30700085009710898 -2.2059943233739649 -0.39972090419650558
-0.21847688730348508 -2.2926028733321062 -0.45358658661658013
-0.11690992100769575 -2.3692456994153801 -0.49887306017735555
-0.0040376997594879869 -2.4338086951590037 -0.53539880195419198
0.11778765080340485 -2.4855684690471405 -0.56212591097363518
0.2457570361123971 -2.5256813223451164 -0.57837610646548421
0.37816979920761412 -2.5517797482954658 -0.58386881634014354
0.51262550313663513 -2.5634890779668837 -0.57872191831477537
0.64687296815833883 -2.560156260267425 -0.56417527858652639
0.77831811702027798 -2.5428284578891649 -0.53840160014187555
0.90451375622886609 -2.5128149160860742 -0.50078102607817254
1.0231888612346713 -2.4704743131392704 -0.45215694373984111
1.1322467329652952 -2.4159206003995868 -0.3941009244601269
1.2297683860259649 -2.3499055116659826 -0.32798480341560116
1.3139742385784117 -2.2738608062162542 -0.25473113625416749
1.3833906682606378 -2.1889583557573955 -0.17591543769274537
1.4367977229034559 -2.0967475395994151 -0.092947214006655426
1.4731917562051278 -1.999079153173277 -0.0070695025805816141
1.4916271905056744 -1.8976122333196728 0.080099004747445524
1.492351124987928 -1.7941825228399015 0.16695577932887246
1.485328154289151 -1.6904495787935931 0.25323964655666775
1.4782815612523901 -1.5867511103324337 0.33956301936060157
1.4712113571235748 -1.483088805796869 0.42592788695332351
1.4641223579282552 -1.3794641791752662 0.51233641873255731
1.4570196640292263 -1.2758786243347686 0.59879066140278647
1.44990781807342 -1.1723311457972492 0.68528975415358462
1.438907861059775 -1.0652606956274895 0.76694267003168559
1.4183231625830306 -0.9507092122549281 0.83542130615233756
1.388394331102931 -0.83128599681021842 0.89095622140918562
1.3498699906442679 -0.70825699405329701 0.93114583385657201
1.3033465026128166 -0.58408251906957975 0.9568539947013931
1.2479985061723848 -0.46133278763753727 0.96746014378759093
1.1843916085494037 -0.34227361992192479 0.96274449121588712
1.1139555616660666 -0.22881061706311739 0.94250014577264818
1.0376158649242884 -0.12335240884266332 0.90649790222272086
0.95757195025889985 -0.02749799052068495 0.85501756493710368
0.87617776262075353 0.057426563669743191 0.78857839778194683
0.7950136961499471 0.12900955451358226 0.70768945263576843
0.71798419442760941 0.18672437235727182 0.61288884367402674
0.64747523583439537 0.22904991378505804 0.50572402614935164
0.58750128335535645 0.25629466022194836 0.38780585292062625
0.54122833578222296 0.26773756922565134 0.26157217469065636
0.50961058539856641 0.27332347701727933 0.13058739231427346
0.499029666063383 0.27687757057373569 -0.0038586730785688597
0.49862236459099951 0.27023482912108387 -0.13851794150072855
0.51743179093353275 0.25694107986450854 -0.27152741964237626
0.55566857994003993 0.24060318972488862 -0.40005829793772535
0.61264046228062263 0.22380953831401657 -0.52138492186345831
0.68646562342642403 0.2069426992259111 -0.63321818592206802
0.77508507642299274 0.19280240957891431 -0.73420094531728375
0.87693575579550709 0.18205119484770424 -0.82230948778468216
0.98975896126305574 0.17524852416106498 -0.89631072342673501
1.1114258599017124 0.17437468071522208 -0.95504170684293932
1.2394246739492114 0.18012924758812709 -0.99786836244861976
1.3715205160622765 0.191989462172515 -1.0235372018494406
1.5051691846242536 0.20986648560772594 -1.0317848425535256
1.6372908664226442 0.23705753628165283 -1.0243175277423164
1.7656854968680786 0.27148552904942119 -1.0002857286466993
1.8883922031888791 0.31155532775654654 -0.96039371081879332
2.0029434361399692 0.35788785412678042 -0.90575650047867662
2.1071720384759987 0.40965445504016135 -0.8371259825690972
2.1991491181155434 0.46653810110630045 -0.7561423375920624
2.2770340564328508 0.52747432700010843 -0.66408549895284519
2.3393996557001797 0.59085698373306095 -0.56236694005262033
2.3849391076965616 0.65641285950373596 -0.45336465020781419
2.4129755915352518 0.72248575928782677 -0.33889909210116953
2.4232612760164192 0.78688595485566992 -0.22057101466497242
2.4151542161579957 0.85007705947049195 -0.10143068712507473
2.3886741998649481 0.91205508759731779 0.015648678169778635
2.3448113296974475 0.97186726581764926 0.12856489095785753
2.2847070959775642 1.027660870378311 0.23592998827234507
2.2086766351702267 1.0791701915478695 0.33501518693206644
2.1181779084155647 1.1260675065240706 0.42368362413627081
2.0149966333845093 1.1653233819233035 0.50155102015642639
1.9009126431068062 1.1987931175461926 0.56568282711896745
1.7780556363155791 1.2260369700348548 0.61477749908680357
1.6488204738626175 1.2465234837774157 0.64831273562931047
1.5155335319642014 1.2603329143948148 0.66544429455606335
1.3806659126586434 1.2682931704614431 0.6653188255094854
1.2468858909356197 1.2712304914185593 0.64697821655177445
1.1167902137794383 1.2704035892039662 0.61074937573847166
0.99309003894737879 1.2661119947664783 0.55668973515262943
0.87833888549958161 1.2603349921661904 0.48565207051745635
0.77592211379710474 1.2556426021297422 0.39776230567227727
0.68676478456097101 1.2575789078077682 0.29626366984455177
0.61542493893648842 1.2664629463437123 0.18194886554053546
0.55688436201660652 1.2825796893936876 0.061473787910709274
0.51084830608869936 1.3204944675680954 -0.059640984261466023
0.46951145525453042 1.3821094911436498 -0.17250607174177965
0.42399341207164276 1.4640640512881153 -0.26966036510532088
0.3698652213602418 1.5577816256604613 -0.35037010624552151
0.3043912735370588 1.6573427854159914 -0.41402590647216309
0.22840108987741192 1.7588493803193561 -0.46057612610705351
0.14143629592706308 1.8579036099400623 -0.4897937513107668
0.045509193841205005 1.9520018789749749 -0.50319410382674068
-0.058385177440919145 2.0382216016366073 -0.50083864932451627
-0.16938252095153833 2.1134309877548758 -0.4848977074725237
-0.28570045058895854 2.1757250289981442 -0.45609346650993815
-0.4066914082649889 2.222004498212363 -0.41783256917771627
-0.52889044307292099 2.2525725797470404 -0.36910448501595344
-0.65102726258842203 2.2662524915681717 -0.31307805948791712
-0.77097328765961193 2.2620834494003357 -0.25110961429822609
-0.88660119472827037 2.2401252241545535 -0.18488156839145173
-0.99582261919805415 2.2010197129223648 -0.11577471185217401
-1.0973840925321665 2.1460330410763406 -0.045749097639150776
-1.1899617077871181 2.0748920750348296 0.022143643195259091
-1.2705852229331021 1.9903102045204299 0.08990445398189939
-1.3397791784125104 1.8929012977338717 0.15289497444245129
-1.395443306096332 1.7837967324981145 0.20977466305214398
-1.4369673374806904 1.6654506453873743 0.25985359502478272
-1.4652303205143873 1.5397484262245227 0.30053415056005967
-1.4787733546757813 1.408412834816652 0.32912226206099987
-1.4790248186943862 1.2740616537406055 0.34278110702099462
-1.4687679119515213 1.1393734017211696 0.33984472436457724
-1.4490866735620296 1.0077814803802481 0.31707117144877278
-1.4280804572225851 0.88339247444262026 0.26919328037901669
-1.4199755128709621 0.76671543167125911 0.2015506216622357
-1.4339428633070623 0.65218187688403029 0.13166933347596341
-1.4675786749480464 0.53209081224003629 0.079785569382730112
-1.4945306588304101 0.40428032553234061 0.047570157195230285
-1.5016283497756997 0.27011672807518172 0.034900996678068438
-1.4934480948114315 0.13528436024656759 0.032060622488339359
-1.4663950127346077 0.0030119057687992409 0.034915567439207096
-1.4199898944713578 -0.12374602816596778 0.040184107788706291
-1.3563406381870715 -0.24281252086567442 0.045006347177655302
-1.2770618828749083 -0.352185351748037 0.045726637473391472
-1.1841890403446187 -0.45013406172063852 0.040387048001983977
-1.079629577127698 -0.53467125539055227 0.02717580057763138
-0.96681905759179265 -0.60380088438575275 -0.00020362213567375054
-0.85417399916613046 -0.65862082686053869 -0.049970188390083249
-0.74720947585247255 -0.69833257885345612 -0.1219137704041639
-0.64307649957774327 -0.72336773648027208 -0.20426876709114505
-0.53534679828771459 -0.74873551066530875 -0.28152338036403873
-0.42495267684657123 -0.7864292607916723 -0.34961747493485912
-0.31459143274247414 -0.83748289600585935 -0.40848675352192965
-0.20360403512896286 -0.8981062102905899 -0.45604054461374433
-0.094973432140382716 -0.96889826602244211 -0.49387007395722704
0.0097598438273184263 -1.0504058627315802 -0.5192118239927257
0.10965691553458357 -1.1404872170361424 -0.53178703844595865
0.20219727665837134 -1.238681708779964 -0.52865121027140516
0.28919260696449611 -1.3381189766567398 -0.50095488959088563
0.36696673170665461 -1.4335052369773511 -0.44579225046844739
0.43021365316764787 -1.5205819917778507 -0.36450639148230563
0.47547067605219578 -1.5948343792390876 -0.26147873868291227
0.49813535638263984 -1.6577260159853211 -0.14406619248794017
0.50393717383847714 -1.7252460619502876 -0.027261207803307069
0.49365831246050612 -1.8061520025228974 0.080009634922412115
0.47735063746034662 -1.9015962578075625 0.17385507564535368
0.44107642554655074 -2.0031655680677236 0.25484176284383925
0.38569283696957002 -2.1023846278139491 0.32780990590295056
0.31352702149955425 -2.1972575632998961 0.39132853411765695
0.22641710842573601 -2.2845241459147525 0.44645818363345835
0.12598921497459431 -2.3621781177930834 0.49258147938687874
0.014072379400249429 -2.4281752029405501 0.52953041193503503
-0.10711181447454309 -2.4809532319952776 0.55723972936226684
-0.23461487367063014 -2.52213444307215 0.57456739089240683
-0.36674106223441311 -2.5495050016641247 0.58096674339303045
-0.50118158255669887 -2.5620826323695134 0.57736183013700892
-0.63559922230878285 -2.5591852104886001 0.56437830767893704
-0.76740777129354354 -2.5420679628991238 0.5403457332696221
-0.89414053148955264 -2.5123364664219765 0.50431357288153644
-1.0135150998558833 -2.470448625699512 0.45701709261052692
-1.1235050723335362 -2.4171265328633105 0.39954446017233153
-1.2220992982095891 -2.3525579816033075 0.33357454591116653
-1.3076047777845101 -2.277395090771821 0.26090921524576588
-1.3784368593890082 -2.1930586652502413 0.1827387657196462
-1.4333270707962982 -2.1011709321082757 0.10037442271604362
-1.4712739254720044 -2.0034748436784113 0.015192968593251468
-1.4913080789074959 -1.901782277694519 -0.071379194460110859
-1.4926301201646193 -1.7980460796208353 -0.15782274704444374
-1.4852793038219492 -1.6940180580894051 -0.24372319976731713
-1.4778971829034482 -1.5900237716014285 -0.32966180702752257
-1.4704848332428948 -1.4860627504718649 -0.41563805208357218
-1.4630424205087076 -1.3821342036121587 -0.50165095345298294
-1.455568845247976 -1.2782369130946274 -0.58769890674190473
-1.4480581764058535 -1.1743625622141274 -0.67377097503186301
-1.4373007888071261 -1.0675292755172869 -0.75578121327496428
-1.417553161401869 -0.95350205067910743 -0.82537093431542374
-1.3879632422104287 -0.83420676709828157 -0.88129507229509962
-1.350016804502574 -0.71135068284795333 -0.92257473136024271
-1.3043612731582472 -0.58700506061114999 -0.94897967878387246
-1.2497185175464023 -0.46402548886849942 -0.96049599295618371
-1.1866566474831661 -0.34464628928814767 -0.95671779521011457
-1.1168513010054635 -0.23065178874699141 -0.93732749862188181
-1.0408385235326927 -0.12465328555131434 -0.90227823208520253
-0.96137742619141286 -0.02787297341556658 -0.85165351782577392
-0.88000858361679435 0.057821287132495805 -0.78616696163949717
-0.79880350287807711 0.13015083426581867 -0.70600510288019858
-0.72212125126859483 0.18896029563309943 -0.61162844745897116
-0.6515135602529899 0.23249928393773617 -0.50501217826949529
-0.59098383703998558 0.26040457029772451 -0.38753887837987283
-0.54423906273845823 0.27284196602353189 -0.26157877136484231
-0.51229402798647972 0.27908620492648167 -0.13074549612538164
-0.50113722081158651 0.28397286118471976 0.003596463996909216
-0.50025924427232649 0.27765750920657251 0.13831014186492935
-0.51820490596396718 0.26469701545896795 0.27149313437014044
-0.55572990931955302 0.24901412799241449 0.40033085950126401
-0.61200181593014114 0.23218634152415912 0.52198040072771401
-0.68514811757942473 0.21523352732724707 0.63425499475408043
-0.77342638577509959 0.20106608162046521 0.73552481069259912
-0.87486478699574177 0.18999130430751901 0.82406307614319529
-0.98744412857469666 0.18269454762366974 0.89839861143633448
-1.1088646483470912 0.18152503261668188 0.95764758884471501
-1.2367097187588953 0.18688292580861046 1.0010086927363471
-1.3687033872893093 0.19852750024773161 1.0273471683754045
-1.5023947423292943 0.21591464397012983 1.0361203987684873
-1.6347315524136106 0.24217721571924578 1.0289094534131262
-1.7632992693905405 0.27649713419143773 1.0055869490267382
-1.8862441558230147 0.31623109683543432 0.96608354634038329
-2.0012157640867492 0.36205105376038771 0.91189529274078085
-2.1058754389179799 0.41352561757150419 0.84370844569935433
-2.1984663195794902 0.46976910348556439 0.76299374336875736
-2.2770693866553358 0.52987718382407512 0.67101414599646569
-2.3401493422117912 0.59281863957031022 0.56946971621173226
-2.3865023052608918 0.65765629669924175 0.4603874448709992
-2.4152641615832997 0.72332518248483024 0.34588229713106
-2.4260419919135923 0.78839239576026776 0.22797866122231542
-2.418742055459993 0.85138012772761984 0.10868726994146724
-2.3932173943671295 0.91267995734376306 -0.0089635368945246291
-2.3498195441911887 0.97216251462281289 -0.12222854276102359
-2.2900153492312283 1.0282734768992816 -0.22960530881722668
-2.2147605811371331 1.0799358699281887 -0.32918780532777248
-2.1249122285493915 1.1269557359423015 -0.41845421566794316
-2.0222432823955918 1.1665882622573402 -0.49682325386347909
-1.9085876360780714 1.2004685272735851 -0.56152599175136086
-1.7860399383807108 1.2281760585429058 -0.61116368235754837
-1.657026295006172 1.2490478645422096 -0.6453587777427503
-1.5238411901946194 1.2631412737806715 -0.66311950127083175
-1.38898707347977 1.2714164256412139 -0.66362949983662112
-1.2551164853730477 1.2747609986875361 -0.64599285178923516
-1.1247989090274366 1.2742660056300172 -0.6105173001151365
-1.0007981254555436 1.2702654514722489 -0.55710695216628348
-0.88566293789218886 1.264767899130764 -0.48666895862355947
-0.78286917627112529 1.2602795077501652 -0.39921189659134254
-0.69316849325382335 1.2620893060834908 -0.29819079083957367
-0.62166615489873156 1.2716598200392766 -0.18403847050395813
-0.56258177840714629 1.2871347382459581 -0.063760528711199901
-0.51593668982455954 1.3250007150604897 0.057099949978748121
-0.47397747967669779 1.3866838256155221 0.16967264536898016
-0.42784626110042079 1.4686278638594623 0.26654233754512763
-0.37297622968239369 1.5622441706026717 0.34685508307185969
-0.30675292397905496 1.6614989542805407 0.41022324731659776
-0.22999822758419247 1.7626337984160945 0.45630437385502959
-0.14217288866731631 1.8610087322855819 0.48520449598599419
-0.045512907374787942 1.9543854219577736 0.49836255766892218
0.059148614619968468 2.0396533075829084 0.4956412180663603
0.1708650115990408 2.1137053505848082 0.47934245248296259
0.28785858447189783 2.1746373112451738 0.45038680151092431
0.40925824584439868 2.2197633092531706 0.41202818815393505
0.5316474742387084 2.2491890234658074 0.36308905200834318
0.65389899844292954 2.2616366138375357 0.30704177383613812
0.77385633639677576 2.2561470163940625 0.24521641492540311
0.88938912991967578 2.2328671136635148 0.1792966632732331
0.99839806159546318 2.1928018707016643 0.11039139541730458
1.0993979833269418 2.1365052178574411 0.040631093468230836
1.191371881023251 2.0643478721732667 -0.026983068125067622
1.2714162991760953 1.9788483364288838 -0.094267402712817264
1.3398262477760561 1.8804645261877291 -0.1565639885094102
1.3945835208826234 1.7705550527016367 -0.21272431381603699
1.4353330227128449 1.6515452454982091 -0.26181570580871844
1.4627673935478205 1.5253229653184175 -0.3013665318169042
1.4753577439110144 1.3936431162075036 -0.32870500668507446
1.4748022193993673 1.2591695198256316 -0.34092111566181926
1.4641248428840621 1.1245550846771604 -0.33648273853765509
1.4440671674902712 0.99342390812003623 -0.3113479272801562
1.4238262816659784 0.86955475935629234 -0.26196273203477205
1.4169091868145682 0.75324817053193893 -0.19355452415043084
1.4333831107852431 0.63887139593479703 -0.12382157368679349
1.4674688235354658 0.5185703516651734 -0.072630025116397531
1.4932052389972532 0.38998564209258185 -0.042541411415777469
1.4995945847256433 0.25575098990677858 -0.030453753747249478
1.4909518416117813 0.12094823024248574 -0.027577873108478555
1.4623194463272193 -0.011062558490479144 -0.030349425484261876
1.4148974366598572 -0.13744146176389441 -0.035184189031168545
1.3503171748485499 -0.25600393637800206 -0.039157925029154071
1.2700835662426795 -0.36464465012075792 -0.0390809207795507
1.1766482646238188 -0.46202080487357028 -0.033056855324436689
1.0716387446690325 -0.54572610160269963 -0.018401021887931301
0.95854906973677301 -0.61387724997609139 0.010250297631309347
0.84632339585480432 -0.66726056474209106 0.062462317354556082
0.73998185901405278 -0.70538633212650059 0.1360491880342663
0.63552179864600211 -0.73068636420398969 0.21788923593722467
0.52741602283686329 -0.75738564067842284 0.29405128630478794
0.41676943476864842 -0.79662381673791971 0.3607500747632188
0.3056518597075199 -0.84776666662929023 0.41811210290307155
0.1945157187016171 -0.90923567667924643 0.46421059178160473
0.086579134833819349 -0.98212582350500777 0.49990932760716161
-0.018835323421130104 -1.0632493582802214 0.52360565237447698
-0.1182560897503902 -1.1539103517440146 0.53507973257554919
-0.2105103983962533 -1.2523339173530459 0.52835825493598132
-0.29714289160903906 -1.3511028435420425 0.49712312209687615
