-1.5547414555683841 0.079208028439278738 -0.16454171978024229
-1.572185194957753 0.062014674967245491 -0.18294489885757781
-1.589209949522798 0.044031004728950281 -0.2009202265779966
-1.6055935617159749 0.025426544912185899 -0.21833549013070819
-1.6215055080578089 0.0060302588390122834 -0.23542159586563691
-1.636726079938051 -0.013961171947546369 -0.2520132510730323
-1.6513750879344939 -0.034738926801984239 -0.26831909336517312
-1.665347176611508 -0.056201418917543502 -0.28427569420265758
-1.67862193000638 -0.078279324620769239 -0.2998563555461472
-1.6912340395177301 -0.1010209850368 -0.31514281130045502
-1.703145835376785 -0.12426507710426959 -0.33003008345480611
-1.7143801619355501 -0.14809835327247731 -0.34458593384502523
-1.7249283010187759 -0.17242151803641911 -0.35870415304769149
-1.7348039641637309 -0.19725520114200679 -0.37244170236216179
-1.7439397215483761 -0.22242030207974359 -0.3857393523301012
-1.752414119597397 -0.2480862767566844 -0.39866276538910911
-1.7602045782781239 -0.27417140716435973 -0.41115132679909949
-1.7672634495463571 -0.30048491497910412 -0.42317349903361268
-1.7736526729197311 -0.32729603785287981 -0.434823579224282
-1.7793333880679549 -0.35437562421212437 -0.44601638988484071
-1.784256949692679 -0.38157725465422532 -0.45675350423945782
-1.7885448772170349 -0.40930054461955362 -0.46709683031045363
-1.7920769224176649 -0.43698853201840682 -0.47692318563929592
-1.7948965019016749 -0.46504976284727489 -0.48636162601161631
-1.797014071927266 -0.49322848399102359 -0.49532885564258572
-1.798407462331618 -0.52146261157343188 -0.50382605397167679
-1.799065331984496 -0.55010536177871183 -0.51194699512848507
-1.799012718275468 -0.57837114628343489 -0.51949653731442114
-1.798244499828914 -0.60723979586933596 -0.52670136646933208
-1.7967789568261849 -0.6356181052144968 -0.53331697087899954
-1.7945286117546611 -0.66459239218270516 -0.53962975187445739
-1.791582658841735 -0.69295618723897723 -0.54537714898339773
-1.7878514121041851 -0.72187516485037695 -0.55079028284011189
-1.7834621506922299 -0.75027216844781619 -0.55567607915258632
-1.7783061190867979 -0.77886145712302135 -0.5601658085216894
-1.77244471175218 -0.80725396122896642 -0.56421968528955424
-1.765883914861025 -0.83537411776869752 -0.5678418626887326
-1.7585216586715151 -0.86364350801808909 -0.57108683114176639
-1.7505638247794419 -0.89126892313144246 -0.57388774024742673
-1.7417103702110279 -0.91922465973378809 -0.57633932777862251
-1.7323441167414939 -0.94631625598492441 -0.57836447013912429
-1.7220241285547 -0.9737764486823548 -0.58005658613065836
-1.7111868662290319 -1.0004662022819031 -0.58137618583742467
-1.699494593878361 -1.0271133225323019 -0.58233720544574152
-1.6871881664860799 -1.053241333915474 -0.58296234735133834
-1.6740989399141799 -1.0791672207860541 -0.58326177551808234
-1.6601037855534739 -1.1050960417881031 -0.58324909367682687
-1.6452084389083219 -1.130888886314575 -0.58289980140836073
-1.629334586447065 -1.1567156094711111 -0.58223628506879732
-1.613087649845395 -1.182125935409269 -0.58147913887111669
-1.5965380737349211 -1.2072800294262149 -0.58073111087944806
-1.5796829067975851 -1.2321730410777949 -0.57999252992621908
-1.562516660518436 -1.256795886662504 -0.57926058441649542
-1.545034954080255 -1.281139788285284 -0.57853312211682739
-1.5272347555494701 -1.3051965430173409 -0.57780888752407888
-1.509113719380681 -1.328958097947275 -0.57708696460150821
-1.4906700135594759 -1.352416442427453 -0.57636662776187941
-1.471902305549925 -1.3755636127604001 -0.57564732947984365
-1.4528097461029419 -1.3983916952141009 -0.57492868653218143
-1.433391946676668 -1.4208928228721589 -0.57421046041532176
-1.413648960011642 -1.4430591736497489 -0.57349254019921925
-1.393581264836131 -1.4648829707482529 -0.57277492884246484
-1.3731897526895971 -1.4863564841818431 -0.57205773124882309
-1.352475715907409 -1.5074720326800961 -0.57134114320746221
-1.331440836815347 -1.5282219861490041 -0.57062544128438775
-1.310087178206039 -1.548598768955525 -0.56991097378753353
-1.28841717487193 -1.568594864015874 -0.56919815265158946
-1.266433625827617 -1.588202817455195 -0.56848744592579514
-1.244139686902225 -1.607415243566136 -0.5677793705597256
-1.22153886349881 -1.626224829861648 -0.5670744852773375
-1.198635003415317 -1.6446243421162381 -0.56637338343006427
-1.175432289679883 -1.662606629371995 -0.56567668579369923
-1.1519352333815649 -1.680164628934427 -0.56498503331779659
-1.1281486665025959 -1.697291371391678 -0.56429907985769789
-1.104077734781596 -1.7139799856770841 -0.56361948492605252
-1.07972789065844 -1.730223704173643 -0.56294690649928814
-1.055104886352098 -1.746015867850615 -0.56228199390887923
-1.0302147670998909 -1.761349931429111 -0.56162538084029445
-1.00506386454068 -1.7762194685924 -0.56097767845579471
-0.97965879017714541 -1.7906181772713521 -0.56033946865214102
-0.95400642882954789 -1.80453988503207 -0.55971129746154991
-0.92811393201212444 -1.817978554567645 -0.55909366860396514
-0.90198871121737423 -1.830928289259911 -0.55848703720027626
-0.87563843115566153 -1.8433833387494989 -0.55789180365828683
-0.84907100303947258 -1.855338104446026 -0.55730830774515938
-0.82229457799739858 -1.866787144930883 -0.55673682286099069
-0.79531754064568405 -1.877725181245639 -0.55617755052812079
-0.76814850275025925 -1.888147102103173 -0.55563061511023637
-0.74079629683145909 -1.898047969080662 -0.55509605877538903
-0.71326996955609689 -1.9074230218369781 -0.55457383671870308
-0.68557877484107588 -1.9162676833517429 -0.55406381266357119
-0.65773216671684598 -1.9245775651384649 -0.5535657546632694
-0.62973979210867437 -1.932348472363727 -0.55307933122703778
-0.60161148374402473 -1.939576408816559 -0.55260410779507385
-0.5733572533557868 -1.9462575817123191 -0.55213954358555706
-0.54498728522180606 -1.9523884063679271 -0.55168498883409944
-0.51651192988935679 -1.957965510828388 -0.55123968244274424
-0.48794169778305418 -1.962985740529352 -0.55080275005336221
-0.45928725240815049 -1.9674461630362989 -0.55037320256060451
-0.43055940304082368 -1.971344072836936 -0.549949935081673
-0.40176909702709152 -1.974676996122579 -0.54953172640216563
-0.37292741198100893 -1.9774426954956641 -0.54911723891764563
-0.34404554820769379 -1.9796391745783899 -0.54870501908888758
-0.31513482154459471 -1.981264682549893 -0.54829349842498043
-0.28620665650447352 -1.982317718677113 -0.54788099500252851
-0.2572725792498684 -1.982797036894238 -0.54746571552280043
-0.22834420984483109 -1.9827016504201589 -0.54704575790535837
-0.19943325351552271 -1.9820308363330119 -0.54661911441774247
-0.17055149104910619 -1.980784139999981 -0.54618367534282408
-0.14171076872534091 -1.978961379294037 -0.54573723318588663
-0.1129229882232175 -1.976562648586897 -0.54527748742161064
-0.084200096760062557 -1.9735883225493369 -0.54480204977645996
-0.055554077342256807 -1.970039059778901 -0.54430845003409178
-0.02699693862458873 -1.965915806202547 -0.54379414234182377
0.0014592961762730119 -1.961219798120488 -0.54325651198991509
0.029802601522361472 -1.9559525647393989 -0.5426928826351135
0.058020962741302237 -1.950115930094418 -0.54210052394234076
0.086102389733254875 -1.94371201433415 -0.54147665961972569
0.114034930795787 -1.936743234394789 -0.5408184758207053
0.1418066863838747 -1.929212304086166 -0.54012312988175393
0.16940582292578141 -1.9211222335484841 -0.53938775935557515
0.19682058701187191 -1.9124763279554471 -0.53860949129051072
0.22403932019618661 -1.903278185312324 -0.53778545170282588
0.25105047437611422 -1.8935316932524671 -0.53691277519089509
0.27784262747919253 -1.8832410248239591 -0.53598861464518466
0.30440449912678141 -1.872410633317952 -0.5350101510109273
0.33072496603815749 -1.861045246197337 -0.53397460305976485
0.35679307709489028 -1.849149858147511 -0.53287923712307772
0.38259806809790342 -1.836729723226505 -0.53172137673582498
0.40812937625100659 -1.8237903460813021 -0.53049841213905247
0.43337665431148331 -1.810337472236051 -0.529207809593364
0.45832978424748771 -1.7963770775198611 -0.52784712046275917
0.4829788902050674 -1.7819153567487049 -0.52641399003503309
0.50731435062341268 -1.7669587117886021 -0.52490616604941787
0.5313268094041681 -1.7515137391150879 -0.52332150690477175
0.55500718609199906 -1.7355872169700131 -0.52165798952430253
0.57834668503826381 -1.71918609221883 -0.51991371685726773
0.60133680350417573 -1.702317467033857 -0.51808692500499109
0.62396933865062998 -1.684988585552357 -0.51617598996602199
0.64623639337344707 -1.6672068206698321 -0.51417943400194555
0.66813038097662403 -1.648979661122177 -0.51209593163016176
0.68964402871259944 -1.6303146989951729 -0.50992431525368132
0.71077038024377004 -1.611219617787264 -0.50766358044165083
0.73150279709104338 -1.591702181146442 -0.50531289087848164
0.75183495914180498 -1.571770222399874 -0.50287158300360302
0.77176086430193858 -1.55143163498602 -0.50033917036672448
0.7912748273971697 -1.5306943638782999 -0.4977153477241853
0.81037147845287971 -1.5095663980584371 -0.49499999490032648
0.82904576050039558 -1.488055764063323 -0.49219318043432919
0.84729292706427128 -1.466170520600224 -0.48929516502855608
0.86510853948207789 -1.443918754201392 -0.48630640480893172
0.88248846419827409 -1.42130857586966 -0.48322755440103199
0.89942887016226081 -1.3983481186461519 -0.48005946981643088
0.91592622644988209 -1.3750455360065621 -0.47680321113179491
0.93197730021382741 -1.351409000967519 -0.47346004492865268
0.94757915504985202 -1.3274467057631409 -0.47003144644527439
0.96272914984310443 -1.303166861935374 -0.46651910137425889
0.97742493813158671 -1.2785777006748811 -0.46292490722152041
0.99166446799672781 -1.253687473248998 -0.45925097412477123
1.005445982468212 -1.2285044513565451 -0.45549962501288399
1.018768020411462 -1.2030369272589989 -0.45167339497317849
1.0316294178559879 -1.1772932135478309 -0.44777502968271071
1.0440293097195219 -1.151281642424131 -0.44380748275634291
1.0559671318911299 -1.125010564383629 -0.43977391187455189
1.0674426236553169 -1.0984883462198309 -0.43567767358397869
1.0784558304610421 -1.0717233682717411 -0.43152231670121838
1.0890071070293561 -1.044724020850567 -0.42731157424376948
1.0990971207210789 -1.0174986997844271 -0.42304935370828323
1.1087268550508169 -0.99005580104510571 -0.41873972547416022
1.117897613586859 -0.96240371447705064 -0.41438690970724762
1.1266110254039039 -0.93455081664426531 -0.40999526375283279
1.1348690539808199 -0.90650546258024156 -0.40556927367001389
1.142674012652618 -0.87827597580035088 -0.40111355669356868
1.150028601030693 -0.84987063529149331 -0.39663290046357008
1.1569360147700589 -0.82129765593411097 -0.39213242285536037
1.1634002263799119 -0.79256515299691743 -0.38761800240719962
1.169426162435713 -0.76368107987916112 -0.3830965734486193
1.1750177319299311 -0.73465327778575606 -0.37857329261598299
1.1802331024429209 -0.70514462693484525 -0.37398918067227199
1.1845367507035729 -0.67706535933138212 -0.36929345268632019
1.188116070599216 -0.64870778117266892 -0.36403306097169857
1.1909758043477801 -0.62021218313418203 -0.35823874958643448
1.1931000208538349 -0.59170924385822432 -0.35190505353011381
1.194506411255484 -0.56315482289812391 -0.34500787438512298
1.19519805958449 -0.53461503955917333 -0.33753738991874949
1.195187409845343 -0.50608843493054212 -0.32946872186502157
1.1944856506015631 -0.47759529624968239 -0.32078133955893218
1.1931086126363351 -0.44916812326451588 -0.31145569262953471
1.1910754317072689 -0.42086343459525433 -0.30148691490445162
1.1884082795264539 -0.39270418284297431 -0.29085099065278802
1.1851225889839401 -0.36467216303481798 -0.27950364602775218
1.1812612189029681 -0.3369087418160388 -0.26747457607926278
1.176843394252161 -0.30931442639312168 -0.25470969558694551
1.171908364603413 -0.28191886115291792 -0.24120299556840799
1.166502282238153 -0.25488924118440698 -0.22697737835003159
1.1605907361611221 -0.2281996717212709 -0.21201207630458771
1.154221721738264 -0.20188644286016741 -0.1963289387463934
1.147416425425599 -0.17600773935329109 -0.17988133309878049
1.1402286827785131 -0.15064128888986669 -0.1627514785855137
1.132601008625866 -0.12560692825345371 -0.1447593021242797
1.1246572903645149 -0.1012404225587412 -0.12610749286074269
1.1163620752228109 -0.077321979032965227 -0.1066268097088221
1.1077507168684779 -0.054051062510700118 -0.086407844626521776
1.098840832059701 -0.031428570105640583 -0.065448024505523922
1.0896488637580399 -0.00945376541866535 -0.043676469537873713
1.0802213638360501 0.01182409735552281 -0.02110662909117424
1.0705653251725229 0.032319298900309178 0.0022537635679491302
1.060623351757561 0.05212726363244536 0.02661315741992766
1.050594629789189 0.070885404349482234 0.05166855434716356
1.0402902175117139 0.08893601111328385 0.078023689915074718
1.0299416477222541 0.10570283406054939 0.10523683392293701
1.020133531050553 0.1202689082177705 0.13182509586723051
1.010482730218597 0.13332045521615801 0.15924755523865561
1.0005073398961299 0.1451423318634992 0.1870043580890132
0.9902201436584146 0.1559092561922302 0.213517135924121
0.97901263710813025 0.16634938686571021 0.24029470159243849
0.96692692443316619 0.176331256041591 0.26728154450345343
0.95418540212538672 0.18569183482739571 0.29414288436226432
0.9406245476497247 0.19442978429350419 0.32115225359458471
0.92644814365329431 0.20243819628810711 0.34793751161774661
0.91156779598288917 0.20968099021192749 0.37466910945114962
0.89619408702761238 0.21606983041089731 0.40110154177199442
0.88022142945298321 0.2216025805554302 0.42734698261190029
0.86378854994975063 0.22627346887467331 0.45312351935165401
0.84676098844202996 0.23019237359453951 0.47858606903124362
0.82920631093009955 0.23341053673535259 0.50360305892123991
0.81101475023830238 0.2360143617427253 0.52822242870420244
0.79227659865576894 0.23801483778136601 0.55234404747586741
0.77286741644548285 0.23951311794433461 0.57602199149650246
0.75287879745193942 0.2405560847522511 0.59912183228132443
0.7322008567439473 0.24121567441098851 0.62174578577136674
0.7109214299595783 0.241505899976244 0.64371120296713191
0.68896533148446426 0.24144726316367721 0.6650855890639249
0.66635495232120123 0.2411047689176766 0.68581800661742931
0.64319749271419457 0.24055952892393409 0.70584579223323962
0.61928987453810425 0.23981041736272241 0.72521618477122607
0.59500109268909251 0.23891078342321331 0.74372745139428009
0.56980281145687894 0.2378616791169845 0.76174766701302377
0.54464673355286719 0.2367001113067751 0.77859837927406017
0.51819213687118881 0.23539363658594939 0.7952193145735641
0.49217008757622172 0.23400194152262291 0.81043966118574307
0.46491564893920811 0.2324616281072942 0.82533416095075673
0.43744258217083309 0.23082456723641581 0.83929456793812574
0.41042087615465678 0.22914662747460821 0.8520363130119698
0.38136780080976812 0.22727938313866081 0.86470678614527474
0.35378812767555951 0.22545767688618021 0.87579258635015056
0.32423750447397282 0.22345399298611621 0.88667610563931942
0.29560287129788448 0.22147484283843821 0.89630022568995749
0.26660260157684867 0.2194398180883281 0.90512727433511919
0.2362915870514265 0.21729258003596091 0.91342911239311775
0.20766028570089401 0.21525506544571471 0.92042870050043413
0.17639267963001709 0.213020165111592 0.92714165508705881
0.14733604573465089 0.21094695026260921 0.93257046061970583
0.1165783611031805 0.20875922347314729 0.93742681852005805
0.086226548483777324 0.20661402727866329 0.94136185698273123
0.056293088494226817 0.204524754310977 0.94443809551673485
0.0249710348727963 0.20237102848593061 0.94681738642071323
-0.0046978155893540076 0.20037045188443489 0.94830302915486442
-0.036185128124312987 0.19829259485301451 0.94904004520408414
-0.066176482690984834 0.1963649666993163 0.94899090548684895
-0.097116881022467558 0.19443561048294261 0.94813545252833853
-0.12766552104339729 0.19259465974605569 0.94651620468617037
-0.15799266990281469 0.19083903614026859 0.94411820469399466
-0.18876051931215479 0.18913561955195929 0.94093269940218049
-0.21888863090032459 0.18755309923190819 0.93706403596744292
-0.24932361365871589 0.18604320596412369 0.93240201510027543
-0.2795888326478897 0.18464007687319689 0.9270139801790277
-0.30934605757611983 0.18335913148130101 0.92099136376168833
-0.33972405252313498 0.18216369562641921 0.91407548858989118
-0.36894833218309298 0.18112110237811199 0.90672410180284879
-0.39895656741918489 0.18017382376745991 0.89842722867709868
-0.42801034556831391 0.17937410419941449 0.88970410745076489
-0.45729548214930771 0.17870140068853149 0.88016310805876019
-0.48644660800109712 0.17815814301384489 0.86999183069781338
-0.51483235107333547 0.17777448869059559 0.8593217793478507
-0.54408256445075986 0.17752087873461589 0.84761110497960501
-0.57134358882732117 0.17743159237362219 0.83599759779319782
-0.60077513616928579 0.17749469166431481 0.82270246219931276
-0.62682529278503107 0.1776941853254439 0.81030757546123255
-0.6562121007867191 0.17810897170964371 0.7954619943134964
-0.68137809629331625 0.17860243483190899 0.78218454707768859
-0.71005885464849461 0.179364250951948 0.76620804249469954
-0.73504131320226229 0.1801743725158288 0.75170713550980128
-0.76222854549270558 0.18128465469902921 0.73497677877959466
-0.787670742678519 0.18251818348347701 0.71852438161417764
-0.81271758726026644 0.18390831257583171 0.70165131572901629
-0.8383030617450985 0.18559957215274681 0.68332332455952971
-0.8624853846719478 0.18738405208678191 0.66527570835191352
-0.88664657504735833 0.1893714563322956 0.64646763826416342
-0.91046363932530794 0.19161146980830809 0.62684079868826326
-0.93354241481821032 0.1939511046561537 0.60718106182675924
-0.95641790934488025 0.1965338548431636 0.58670818522649348
-0.97863536804490359 0.19935128794033169 0.56566327560850538
-1.0003799721414619 0.20226278962603081 0.54448036011908008
-1.0217722377329419 0.20541201363541139 0.52259183293601463
-1.042459749795086 0.2087939805758281 0.50018679463134741
-1.06275125397238 0.2122596668763316 0.47762403547120968
-1.0824910015927169 0.21597927801731709 0.45441853048538039
-1.1015549755208021 0.2199279226567778 0.4307098747265653
-1.120503077977075 0.22398828520110009 0.4065692363096402
-1.138719636852904 0.22826219362642511 0.38197150793669071
-1.1563373928833911 0.2319714286196469 0.35608839264648229
-1.1722972915420511 0.2344077267835884 0.33107895813769239
-1.1861521912331801 0.23558477788737681 0.30743469285204411
-1.1990448558076101 0.23607109288354941 0.28375458505380102
-1.2141358353835809 0.2366167826276116 0.25644688491440282
-1.2341173074255689 0.23603790008152761 0.22356723234530149
-1.2512456657413089 0.23456172232034911 0.1969817406620856
-1.269269259129624 0.23211044213250501 0.17042454943896621
-1.2879440794803341 0.22857648937673961 0.14416132028243439
-1.306660139430005 0.22412035297273619 0.1189282645986936
-1.325957067287391 0.2185833964801534 0.093829027867860432
-1.3452462396657141 0.21215454684640719 0.069591627818801502
-1.3647870879655639 0.204707537924467 0.045773648989325483
-1.3843138433840649 0.19624225760399211 0.02252133317026072
-1.403955637142277 0.1868094767563567 -0.00030500799192292622
-1.4233804017177369 0.17653690088208621 -0.022423331567036409
-1.442871671230455 0.16517264595647699 -0.044290661591088153
-1.4621273412024109 0.15301271326717139 -0.065491729985023867
-1.481219143035166 0.13994813587635019 -0.086249348532883047
-1.500087156197915 0.12599242498044311 -0.1065440982517538
-1.518670280328555 0.1111928960887877 -0.1263579565426467
-1.5369291592739689 0.095560100881924528 -0.14572706744367769

-1.365054188084933 -0.74604752394465079 0.37759397911071169
-1.3912612515198519 -0.73953885529755825 0.39460529370803299
-1.417644040003462 -0.7319439071479279 0.41138668546287821
-1.443531641275785 -0.72348961398052192 0.42758078071871147
-1.469442602880298 -0.71402936595419086 0.44347302733761568
-1.4951659146318279 -0.70359704299124004 0.45893997855623891
-1.520638255736013 -0.69225116851533264 0.47400357107712709
-1.545819399358344 -0.67999546165039737 0.4886511733928503
-1.5707799923684269 -0.6667942858236463 0.5029493805587304
-1.59536563423776 -0.6527596685050695 0.51679383749673935
-1.61966457676607 -0.63781422020748502 0.53025865145993833
-1.643534800679008 -0.62205689304846734 0.54328678430871702
-1.6670355960691621 -0.60546259917255651 0.55593199471939314
-1.6900911981471121 -0.58805765950459621 0.56818948601479735
-1.712671788570044 -0.56988574382525592 0.5800498738709523
-1.734788643567355 -0.55092733270579375 0.59151320053351397
-1.7564107057942251 -0.53124130293228489 0.60253723624627342
-1.7775212849566671 -0.51081863954966733 0.6131581487399389
-1.7980237344815519 -0.48975213341212909 0.6233761484349315
-1.8179665507603799 -0.46797096056168158 0.63322489253368697
-1.8373200937781029 -0.44554829819763292 0.64264882448808391
-1.85607200048444 -0.42247076330966482 0.6516999958577443
-1.874144234564334 -0.39884656208521457 0.66036360379967951
-1.8915733608695531 -0.37461970316383558 0.66862972766781137
-1.9083491896259279 -0.34978919795055508 0.67653088042884935
-1.924380477190748 -0.32451364606135941 0.68403032049289914
-1.9397435751707051 -0.29865848502324671 0.69114906177101809
-1.9543664544468211 -0.27233897490269582 0.69789947784432438
-1.968218851775611 -0.24562355286972859 0.70426902575990979
-1.9813591891168789 -0.21835408181677771 0.71028084357516363
-1.993662044984811 -0.19083729136889269 0.71592361711568075
-2.005250696229389 -0.16276890213291981 0.72122807649160148
-2.01598340053906 -0.13450754572738921 0.72612110167792099
-2.025954722237135 -0.10581617125848 0.7306824984013669
-2.035075919424826 -0.076848591146985085 0.73488951642863654
-2.0433710203928519 -0.047646738729783228 0.73875061454881352
-2.0508480069786539 -0.0180696052601334 0.74225759299345284
-2.0574362494551148 0.01149412603693553 0.74542618482127088
-2.0631889383003852 0.041519292693760132 0.74829576540249487
-2.0680478349858409 0.071481508476316208 0.75082778793725391
-2.072054296504509 0.10178076692595291 0.75303706913765034
-2.075133799040183 0.13194174778345419 0.75490908145749647
-2.0773687042423772 0.1624134026069797 0.75652537162608402
-2.0786650160711528 0.19275272223745921 0.75782816835922451
-2.079089880550375 0.22328308149256751 0.75886455054226498
-2.0785955525520738 0.25362087534624628 0.75960019202225948
-2.0771937160298171 0.28413564070644431 0.76005583886842809
-2.074921478295189 0.31440745647839752 0.76023600813739345
-2.0717217646447872 0.34477284059224372 0.76012584304845843
-2.0676589546772641 0.37486922495594588 0.75974260800811777
-2.0626662164483931 0.40498452774430549 0.75906851278697185
-2.056813854720887 0.43480117013500758 0.75812427302696861
-2.050057609280818 0.46457542292899418 0.75690903675030163
-2.0424553626242909 0.49400474867154448 0.75543123843568749
-2.0339273053989322 0.52333771705355558 0.75367187672692582
-2.024519568864724 0.55244719959844624 0.75164660073458223
-2.0141670541656689 0.58146139755788973 0.74933788260820855
-2.0029332236101731 0.61017394146355008 0.74676071017172718
-1.9907914131913831 0.63864894031631447 0.7439115756523067
-1.977759552494595 0.66671469860895427 0.74078363045744722
-1.9638881413003459 0.69443945707213395 0.73741154064813064
-1.949197164334308 0.72167583134373159 0.73378939488300754
-1.93369977227585 0.74858275047126921 0.72994384226147002
-1.9179447953964259 0.77513228815235513 0.72613108128351711
-1.901956507122367 0.80141453654322525 0.72237205117597025
-1.885727502701674 0.82741860264369171 0.71865932951181599
-1.8692414046729591 0.85312776604528529 0.7149803948472967
-1.8524861813635201 0.87852830476482668 0.71132512948328508
-1.835451626369347 0.90360774327811866 0.70768440175813851
-1.818128351022799 0.92835408755461679 0.70404949256103799
-1.8005077684595241 0.95275575254893619 0.70041208288438983
-1.7825821698758479 0.97680157399453282 0.69676429600068368
-1.764344749411265 1.0004807977985331 0.69309871204807272
-1.745789600895429 1.0237830596720361 0.68940836774128733
-1.726911705793345 1.0466983679185691 0.68568675220205821
-1.707706913755807 1.0692170889154911 0.68192779959824035
-1.6881719152148069 1.0913299328022581 0.67812587802495072
-1.668304208243865 1.1130279392929321 0.67427577568034358
-1.648102062479974 1.1343024645128079 0.67037268579230802
-1.627564482013419 1.1551451694397421 0.66641219128565876
-1.6066911683142131 1.175548010078876 0.66239024971625393
-1.585482483819167 1.195503229296361 0.65830317875588751
-1.5639394165916909 1.2150033502007791 0.65414764240435841
-1.5420635463392629 1.2340411709761061 0.64992063804689659
-1.519857011970986 1.2526097610947371 0.64561948443185724
-1.4973224807960031 1.2707024588563509 0.64124181060939844
-1.474463119392015 1.2883128702152511 0.6367855458435373
-1.451282566119231 1.305434868865686 0.63224891048783327
-1.4277849052076119 1.3220625975583871 0.627630407795713
-1.4039746423113491 1.338190470615394 0.62292881662099531
-1.379856681396088 1.3538131776016791 0.61814318495074261
-1.3554363028064751 1.3689256880986409 0.61327282420239482
-1.3307191423491389 1.3835232575118619 0.60831730420933272
-1.3057111712216389 1.397601433832165 0.60327644881427533
-1.280418676617419 1.411156065258069 0.59815033198730461
-1.254848242842469 1.424183308577285 0.59293927438527405
-1.2290067327894669 1.4366796381957589 0.58764384027127947
-1.202901269630114 1.4486418556944829 0.58226483471672652
-1.1765392186014221 1.460067099788724 0.57680330101321486
-1.149928168783058 1.47095285655816 0.57126051822801482
-1.1230759147785561 1.481296969815068 0.5656379988427781
-1.0959904382321279 1.4910976514760499 0.55993748642180696
-1.0686798891263201 1.500353491804336 0.55416095326164239
-1.041152566820327 1.5090634693909379 0.54831059797878889
-1.0134169007998159 1.5172269607451989 0.54238884299564616
-0.98548143112298825 1.524843749366172 0.53639833188685404
-0.95735478856238387 1.5319140341667159 0.53034192654833101
-0.92904567445728337 1.538438437122579 0.5242227041487123
-0.90056284031028899 1.544418010018956 0.51804395381795854
-0.87191506717914269 1.5498542401691131 0.51180917301970874
-0.84311114493205741 1.5547490549841509 0.50552206354303542
-0.81415985145080327 1.5591048252806441 0.49918652703611072
-0.78506993187938534 1.562924367224102 0.49280665998924977
-0.75585007802909676 1.5662109428195981 0.48638674805812881
-0.72650890806199464 1.568968258873636 0.47993125959740429
-0.69705494658756495 1.5712004643579081 0.47344483824562472
-0.66749660532182009 1.572912146097539 0.46693229435272182
-0.63784216448356823 1.574108322672827 0.46039859495432811
-0.60809975514156522 1.5747944363588939 0.45384885185432627
-0.57827734278230469 1.574976342863506 0.44728830720957907
-0.54838271239061476 1.5746602987017251 0.44072231600816347
-0.51842345521268052 1.573852946511773 0.43415632536531451
-0.48840695707901688 1.572561299294176 0.4275958514683596
-0.45834038825817408 1.5707927238102839 0.42104645417228842
-0.42823069595190982 1.5685549198212589 0.41451370536300602
-0.39808459935658891 1.5658558938639751 0.40800315394330572
-0.36790856974406022 1.562703964012806 0.40152035336199449
-0.33770872848969741 1.5591079359227891 0.39507117953541693
-0.30749069841948451 1.5550773439356449 0.38866227006604959
-0.27726046880990057 1.55062058664055 0.38229818914915492
-0.24665619598432051 1.5456788799344641 0.37589438830275151
-0.2173574789221725 1.5402931349064319 0.36941404443030768
-0.18838500640846151 1.5341423957991021 0.36238061703727181
-0.15944880566212291 1.5271915807294341 0.35472190535589337
-0.13070107683929949 1.5194630858881979 0.34641572879929988
-0.102235200934056 1.511017332896109 0.33750336088914268
-0.074072525356083066 1.501870839486483 0.32795007877420213
-0.046151532273790777 1.492031386173823 0.31772148626577867
-0.01854012090227912 1.4815329824948431 0.30680149041720928
0.0084848392234581748 1.470512101933281 0.29529417586688739
0.035383771273169121 1.4588012221698481 0.28298306944419233
0.061598738294830833 1.4466272069274031 0.2701188597256845
0.087542845413758466 1.433774101715658 0.25647655168032601
0.11291047187788041 1.420485035668972 0.2422269492074042
0.1377150041180342 1.406757619794158 0.22726450792162139
0.1621297868350787 1.39254464042968 0.211537927815102
0.18583832834623179 1.378004990047287 0.195230839617095
0.20917339083347661 1.362957838152735 0.1780522525306972
0.23169447860712039 1.3477477854073909 0.1603649125571924
0.25370023123786989 1.3321280326168901 0.14187902551493611
0.27505965032527979 1.316250254031935 0.1226953466844964
0.29571267726159822 1.300190429349507 0.1028795863656686
0.31571934006046309 1.2839581178552411 0.082375751380562676
0.335030715551144 1.2675507822202741 0.061154910017182068
0.35361427489307218 1.2510171975830231 0.039261207690155141
0.37152676399019979 1.2343092117608829 0.016580268335894471
0.38860962071512511 1.2175663522570059 -0.0067305530690411263
0.40484203961088849 1.2008632933651671 -0.030647775981207891
0.42040501191034452 1.184088061135983 -0.05540369232505226
0.43501906262580831 1.1674862075093979 -0.080705363595597934
0.44944219509920752 1.150108569249026 -0.1080716154237783
0.46199986098427581 1.1334378716298039 -0.1354440479461145
0.47315346439719419 1.117054231135667 -0.16376410919779549
0.48228262592145549 1.101464059529222 -0.19294073107339729
0.4895195049298377 1.086840595618789 -0.2231299826574957
0.4949413406777769 1.0723418641886271 -0.25557327854576711
0.49855147398600408 1.058768775763316 -0.28656087004163089
0.50083954025301969 1.0455461829897279 -0.31629622281304098
0.5021357542771111 1.031883941535104 -0.34613185992725698
0.50242587958108675 1.018021392958212 -0.37533948592143879
0.50180457397489675 1.0036633640044521 -0.40448422942478351
0.50024108197013173 0.98880973351097956 -0.43337513365831171
0.49782834292542061 0.97364361501279295 -0.46174965184201772
0.49448531092582848 0.95783894119350854 -0.4901327001928229
0.49030954034521917 0.94174169863111568 -0.51783572970347247
0.48520416870240052 0.92504553667510903 -0.54548970736091895
0.47925050859327828 0.90804925786732282 -0.57256190935302576
0.47237479898300028 0.89060808076102704 -0.59926697388032801
0.46460500643743191 0.87283208001255208 -0.62557259774830798
0.45590162064459672 0.85469669962492156 -0.65141139566641559
0.44630275105432521 0.83629809450249981 -0.67672289298130617
0.43579504061320973 0.81770982101854717 -0.70146948627540151
0.42433398198201489 0.79880838495316653 -0.72568729247182828
0.41211349063459157 0.77977805087905705 -0.74914752969455589
0.39902787697981651 0.76046315785617036 -0.7720092110917377
0.38528732172237679 0.74109805793711903 -0.79399706532174918
0.37043556194725968 0.72112039269887407 -0.81584265062043493
0.35514566233916123 0.70137755906442045 -0.83650898928451201
0.33902447096758881 0.68132553459655743 -0.85657911946332199
0.32232863953078222 0.66118449542458357 -0.87571785544088765
0.30488617460555367 0.64068872011963296 -0.89413610775268926
0.28697307315470738 0.62016177049391241 -0.91157915831590863
0.26837732496055072 0.59935384061937802 -0.9282061501603458
0.24929015166356219 0.5783948880203833 -0.94389880413766314
0.2296555049832284 0.55718961221198382 -0.95869158009371891
0.2095485790115405 0.53581546223709864 -0.97253715628367188
0.18893266362634101 0.51423685492229398 -0.98544012323966546
0.16791257697466319 0.49257833269000301 -0.99731978410284117
0.14638713960049879 0.47070725433469429 -1.0082917776350879
0.1244773469885941 0.44879283954929527 -1.0182166967956821
0.1024026220849714 0.42700980687154061 -1.0270860433884339
0.079469697078805274 0.40470733691873029 -1.0350952349758891
0.056854712160768747 0.38298130218828202 -1.041908477162945
0.033509807724407661 0.36084511650245882 -1.0478101817187999
0.010178821634027181 0.33896319347409409 -1.0526513525893511
-0.013387835396343639 0.31706429074854803 -1.0564854702923789
-0.037157594222721912 0.29514584751658479 -1.059308867573844
-0.060931545515536902 0.27335195641080939 -1.0610943785863549
-0.084877115100273126 0.25150298105446878 -1.0618498894865851
-0.1087814078139744 0.22975771417665081 -1.061556233793177
-0.13264610850140851 0.20807951677280079 -1.0602312034488459
-0.15673068953936639 0.18620995737135959 -1.0578298465413569
-0.18018215141801139 0.1649075383840303 -1.0544445838783301
-0.2042590468287534 0.1429880658444021 -1.049945453089943
-0.22760064577618019 0.1216858485072973 -1.044523873964647
-0.25081118660313523 0.10041885140600711 -1.038143281774728
-0.27446230488933249 0.07864228104709621 -1.030589607218128
-0.29645437064602159 0.058282102797836327 -1.0225949253447479
-0.32021225184826568 0.036143173492190893 -1.0128843493439961
-0.34128361846010108 0.016366689022022339 -1.0032755977031469
-0.36443191938563629 -0.0055395677057092562 -0.99165659644912119
-0.38521244722413722 -0.025387300923285588 -0.98021519161494164
-0.4070993689568268 -0.046503514968750562 -0.96707702295488618
-0.42775621260099772 -0.066653052348419381 -0.95365315453971289
-0.44821015041714191 -0.086846304972706373 -0.93929551221687646
-0.46861837280938501 -0.1072508121318396 -0.92389048908512839
-0.48771809615632472 -0.1266195041454872 -0.90840592965101929
-0.50760294838793196 -0.14708101138160751 -0.89114195104660554
-0.52550941473923085 -0.16580975210633489 -0.87452783287959157
-0.54457616393195329 -0.18609621554860911 -0.85560830100924479
-0.56141148191074541 -0.2043496325734904 -0.83778048237952141
-0.57943056205834975 -0.2242686632998484 -0.81744463459473549
-0.59532338325276946 -0.24221694854362641 -0.7983464114767006
-0.61209790519160179 -0.26158719673266378 -0.77687514825526915
-0.62712996567069978 -0.27937413104543202 -0.75639628523332714
-0.64250644784856392 -0.29804498940655522 -0.73406381045137292
-0.65667609379603287 -0.31574089364631053 -0.7121305558332145
-0.67061818400335615 -0.33368086439401717 -0.68909171096124044
-0.68382857460793056 -0.35124417952053238 -0.66576738003648372
-0.69638170913312014 -0.36851374094108258 -0.64207863771825435
-0.70847519458571895 -0.38580434540058173 -0.61759187365919976
-0.71974501591680529 -0.40259129347618461 -0.59306318258813362
-0.73048725042008289 -0.41931634964994252 -0.56790671761157796
-0.74075897982982108 -0.43607185057984049 -0.54199406703265751
-0.75016633625085405 -0.45230566472060357 -0.51612700712640669
-0.75911862078402259 -0.46861276395737378 -0.48948704498555778
-0.76729415006281487 -0.48455182820802489 -0.46271458740710031
-0.77493652117480505 -0.50037752162763804 -0.43558684828309552
-0.78243804165301867 -0.51620066979860035 -0.40851111804055468
-0.78980669231083134 -0.53204829855234759 -0.38145262885679948
-0.79703128004286283 -0.54791283452595818 -0.35439076452558982
-0.80463418261880981 -0.56399460773551291 -0.32654997921720402
-0.81281945978375536 -0.57915067376079532 -0.29924934728107933
-0.82195297614942253 -0.59389141612201846 -0.27147501294533283
-0.83191994975019823 -0.60802286724709231 -0.24356910232961751
-0.84275398275217162 -0.6216069797519409 -0.2154633996379374
-0.85433007188957644 -0.63449201800939281 -0.1874974293776325
-0.86674963444276165 -0.64682681911309314 -0.1593553891450406
-0.87986955523848087 -0.65846436404878173 -0.13140701930478221
-0.89376242256010441 -0.66950852049791909 -0.10349278660260371
-0.90837735279680909 -0.67993551136452368 -0.075773476986648297
-0.92369200113159455 -0.68975840027879476 -0.048252383514285527
-0.93974306109149996 -0.69900996735731169 -0.020517448033697969
-0.9568710790299213 -0.70790658674456819 0.0068600850358324188
-0.97516862072297272 -0.71645346911532459 0.033529929422524689
-0.99484114587385675 -0.72465141657372056 0.059950166727708552
-1.0154580161618909 -0.73222478043090855 0.085505081541425526
-1.037155607148055 -0.73911745926530348 0.1105184398189511
-1.059764795435802 -0.74531206539927608 0.13485068553604909
-1.0829736279089079 -0.75064539460411839 0.15830843346462289
-1.106984131747883 -0.75520000258692788 0.18118419019003951
-1.131380613730153 -0.75880399384774644 0.20323275382751699
-1.1564762657563641 -0.7615155117432868 0.22485547840702211
-1.181798715929864 -0.76325508311491708 0.2456972892509203
-1.207623544802787 -0.76388477402756805 0.26614091460447192
-1.2334805418533921 -0.76351172651388088 0.2858496355294094
-1.2595960112060851 -0.76204405288579635 0.30510096186299718
-1.285968320963359 -0.75956430602867653 0.32396257117204802
-1.31206677081893 -0.75606623331102141 0.34213289242253919
-1.3388538320184999 -0.75151243172126359 0.36025222749256453

-0.098707242851030663 1.748170696032749 -0.70143023663201587
-0.075617546224058335 1.766186465090483 -0.70290677306085447
-0.052676893477566822 1.7832140610693501 -0.70393947251339317
-0.028934756966411731 1.7999553148639249 -0.70460867543421024
-0.0050939778542143203 1.815904377675198 -0.70487328124142856
0.01932582341248601 1.83138585397314 -0.70476009736695677
0.044144087757277392 1.8462894049708909 -0.70428614932065647
0.06889820590035188 1.8603330730362959 -0.70339889178821702
0.094660175139316377 1.874153969626106 -0.70215420435252163
0.12007834801733799 1.886937520582882 -0.70056043102068155
0.1459937008425834 1.899178544445941 -0.69860304448088606
0.1725255398403574 1.9109381839003601 -0.69629275006262259
0.19874556726092449 1.921738648657296 -0.6936287391270457
0.2255341077022055 1.9320103266982609 -0.69060011719264125
0.25261074839680953 1.941608176638993 -0.6872538050452619
0.27977269304742369 1.950445079095422 -0.68356043812845113
0.30676416625200559 1.95847419422288 -0.67957327724437078
0.33473079121994931 1.9660110446140671 -0.67512035796288894
0.36212796005693032 1.9726826754317031 -0.67046078694349198
0.38989326456394979 1.9786511544496319 -0.66539474794264486
0.41766341198613338 1.9838804945136701 -0.66001693853907695
0.44590786666027238 1.988416708936958 -0.65426862388194085
0.47363167487891078 1.992108267085517 -0.64834491201501354
0.50181232852297319 1.9950915048000559 -0.64199699113333353
0.52988252269070457 1.9973044679767551 -0.63535398291418388
0.55779047843685181 1.998760927064207 -0.62845599666361396
0.58593955526605634 1.9994372742422379 -0.62117892512150019
0.61380163985419922 1.9993333963296649 -0.61366299929451229
0.64180876550362964 1.9984428584501219 -0.6057862495624029
0.66956914317322846 1.996770374364 -0.59766421846052864
0.69734817771678015 1.9942934031200421 -0.58922021208188691
0.72490992255861864 1.9910359543465039 -0.58052713609425843
0.75240374160972712 1.9869634835915171 -0.57152781542540432
0.77964483046293265 1.98212409298881 -0.56229100655088537
0.80686350635734494 1.9764555548612239 -0.55272713021158759
0.83393581694132568 1.969970937375475 -0.54287296217196557
0.86103714520901442 1.962600813612813 -0.53265110258522819
0.88781834758831057 1.954424183812342 -0.52218495164734413
0.91453294771842208 1.945376474225972 -0.5113810629625265
0.94081688329388558 1.935529430779787 -0.50036097979075855
0.96699748237541971 1.924842640881093 -0.48902657062390498
0.99286537591163726 1.9138098898298579 -0.47766472988131531
1.01856477319012 1.902543457554275 -0.46629419116383131
1.044099184149039 1.8910510677243519 -0.45491642332874249
1.0694538418430291 1.8793119270462599 -0.44352349090513821
1.0946188741905869 1.8673139487245201 -0.43211054638687407
1.119586301746488 1.8550486889030471 -0.42067408312000248
1.1443486659696041 1.842508985590253 -0.40921111596215598
1.1688988088792169 1.829688569711674 -0.3977190462568046
1.193229725454036 1.8165818228953521 -0.38619558128402048
1.217334471139359 1.8031836392917659 -0.37463869079628798
1.2412061243898951 1.7894893776037371 -0.3630465939642496
1.26483777680622 1.7754948528511549 -0.35141775886491589
1.288222532617542 1.7611963378684301 -0.33975090430569199
1.3113535097783899 1.7465905633415491 -0.32804500037066092
1.334223840813942 1.7316747146222911 -0.31629926724960228
1.3568266733517751 1.7164464263954391 -0.30451317285316248
1.379155170393694 1.700903776226788 -0.29268642966916503
1.4012025107890911 1.685045277137996 -0.28081899082461742
1.422961890820702 1.6688698687012189 -0.26891104493650952
1.4444265274448991 1.652376906280242 -0.25696300948974921
1.4655896630210321 1.6355661485602619 -0.24497552287201779
1.4864445709630909 1.618437743882132 -0.23294943544694441
1.50698456206493 1.6009922157144549 -0.22088579989312679
1.5272029893739849 1.583230449255624 -0.20878586216067629
1.547093245745764 1.5651536849577481 -0.19665105682910991
1.5666487599289289 1.5467635150351791 -0.18448300385248659
1.585862999810087 1.528061875124924 -0.1722835014546972
1.6047294803085621 1.5090510324349109 -0.16005451635978721
1.6232417755078881 1.4897335699213461 -0.1477981712982416
1.64139353104984 1.4701123698150871 -0.13551673210685039
1.6591784752093719 1.4501905980456531 -0.12321259543389711
1.6765904322251259 1.429971685529752 -0.11088827456877801
1.6936233090123181 1.4094593403068529 -0.098546404013495015
1.7102710862428829 1.388657558725954 -0.086189742501117508
1.7265278308306991 1.3675706129208449 -0.07382116125052883
1.7423877077157739 1.346203038458611 -0.061443632413673739
1.7578449993239791 1.324559610433016 -0.049060211009289457
1.7728941190969649 1.302645325013168 -0.036674020449638481
1.787529625575194 1.2804653780924951 -0.024288236754012801
1.801746238322133 1.258025138347068 -0.01190607007538089
1.815538787965578 1.2353302248214391 0.0004691962058132259
1.828902238616404 1.212386479090056 0.012834225979942909
1.8418316975892861 1.189199955234395 0.025185640721791549
1.8543224320443561 1.1657768959919259 0.037520036964826503
1.866369892160912 1.142123691964952 0.049834012053485123
1.8779697128519399 1.1182468767863669 0.062124170366522118
1.889117733823787 1.094153083410581 0.074387149385735832
1.899809972968999 1.069849097168821 0.086619596004583535
1.9100426207079519 1.0453418752407719 0.098818161227544749
1.919812054678536 1.020638521997119 0.1109795172490266
1.92911484481824 0.99574628462100434 0.1231003640824119
1.9379477759142589 0.97067249981771275 0.13517745972443579
1.9463078557517119 0.94542456909549799 0.14720763540481691
1.954192316055098 0.92000995161222443 0.15918780203687999
1.961598635608236 0.89443608087045745 0.17111499212062509
1.9685244851482999 0.86871054360990574 0.18298627871009659
1.9749677567786059 0.84284099587002259 0.1947988188826846
1.9809265689429869 0.81683515183236788 0.2065498623252717
1.986399272971364 0.79070076370608733 0.21823676372366321
1.9913844628787629 0.76444557846557892 0.22985700499295689
1.9958809770004831 0.73807732301530826 0.24140820414445099
1.9998879004735779 0.71160368067657198 0.25288812767989238
2.0034045632938402 0.68503229167406476 0.26429469226887858
2.0064305324571849 0.65837081522577356 0.27562594036341631
2.008965620686658 0.63162688880597817 0.28688006048045672
2.0110098905360649 0.60480811086495523 0.29805539690635008
2.0125636580305959 0.57792202136444881 0.30915046000642887
2.013627495749573 0.55097607694359052 0.32016393839268548
2.0142022344596349 0.52397763538110076 0.33109470688989528
2.0142889643222119 0.49693394408093627 0.34194183263176342
2.0138890362116091 0.46985214149710969 0.35270457582680381
2.0130040643689262 0.44273926756747478 0.36338238701346709
2.0116359298209279 0.41560225327440609 0.37397491264671512
2.0097867834999188 0.3884479056780642 0.38448200227498369
2.0074590492375379 0.36128289360685112 0.39490371532469443
2.004655426970865 0.33411373245998599 0.40524032828143869
2.0013788971284789 0.30694677113052338 0.41549234141083241
1.997632727528637 0.27978818242188591 0.42566048492965308
1.9934204842187231 0.25264395778861898 0.43574572477770518
1.9887460470979439 0.2255199044399615 0.44574926910642959
1.9836136299810421 0.1984216379070235 0.45567257833657571
1.978027805429772 0.17135456840850491 0.46551737969709989
1.9719935335979479 0.14432388285211001 0.47528568520256381
1.9655161854666221 0.11733452437946799 0.48497980880204888
1.9586015415520941 0.090391174276869268 0.49460237404593133
1.951255795042323 0.063498236745427372 0.50415632301240054
1.943485846726954 0.036659782616703288 0.51364504898259356
1.9353001294382171 0.00987938188611278 0.52307276717481777
1.9267063072725601 -0.016839577156161582 0.5324435498642941
1.9177014604713081 -0.043493963199379912 0.54175790231775756
1.9081269493508151 -0.070078083602901228 0.55096037074023607
1.8978952943447669 -0.096073516904977951 0.55977618107402938
1.8868929925174971 -0.1218213802682412 0.56832943666959468
1.8753232318145321 -0.1468901850404781 0.57648555690168113
1.863072817336608 -0.1715476343132909 0.58433242387637307
1.8502302647307569 -0.19564588365938651 0.59182238093154282
1.8366263272596151 -0.21957575800838069 0.59909194160878299
1.822451377901134 -0.24295191789324391 0.6060132031578247
1.8074084309245699 -0.26631404696215122 0.61275773882273643
1.7919574374535541 -0.28893068952337109 0.61909598771088126
1.7756617406153821 -0.31144435310650292 0.62520964749458674
1.758820659636904 -0.33343402798639349 0.6309857937847928
1.7412449119759901 -0.35515450440610741 0.63649443745143097
1.723275581837842 -0.3762305499232268 0.64164259106953225
1.704460597061616 -0.39712428341941119 0.64651869643186255
1.6851731701961461 -0.41748120246504161 0.65105540949826746
1.665505187904579 -0.43718780269429741 0.65521010810650271
1.6447800365443059 -0.45690189708439488 0.65913120665397229
1.6242031489225099 -0.47551422687538297 0.66261239896573065
1.602453835377383 -0.49417131949539461 0.66581638104148355
1.58066976393754 -0.51195051009904635 0.66862200529831839
1.5581050907007461 -0.52941838106154882 0.67107999785128702
1.5352061355856319 -0.54624910789890446 0.67316509551249282
1.5117528766854851 -0.56259305940104887 0.67487234304451882
1.487966012442874 -0.57831179624389939 0.67619101209116195
1.4635675348466859 -0.59358478911957135 0.67711448902971139
1.439042879042963 -0.60811246144978037 0.67762838773868628
1.4137648834879559 -0.62228134989111483 0.67773883116452605
1.3885068563328451 -0.63562604285731406 0.67739876574014002
1.362572311960365 -0.64857148324279312 0.67665147838716466
1.3364940257204161 -0.66078292937455418 0.67543189856445651
1.310026066893599 -0.67242972996426975 0.67377671057832333
1.2832491225961269 -0.68347171130769224 0.67166734893632574
1.256262256929529 -0.69384287034326519 0.66905768634251672
1.2289166957825659 -0.70362192819798519 0.66598013842165416
1.201438673954573 -0.71271817491690248 0.66241711331913777
1.173692640144963 -0.72116583555882852 0.65831857226228074
1.145701534028198 -0.72897968675908775 0.65370035978794971
1.117635153059392 -0.73613957478614322 0.64856507162975929
1.089394919409933 -0.74262723430973709 0.64285649282892277
1.061097396520023 -0.74841429647627067 0.63660657013208399
1.0326131821756681 -0.75352336401082598 0.62979106239104277
1.0041525236157629 -0.75794366970056704 0.62241637843029485
0.97563014879131138 -0.76169190507728513 0.61440574077131827
0.94718801536807384 -0.76470841339044771 0.60582050057462589
0.91871867602824242 -0.76701013801578377 0.59661908983279344
0.89039886926854128 -0.76861097147379998 0.58682803839468045
0.86207012806239725 -0.76950429999643832 0.57637453582467302
0.8339877278083736 -0.76962364885233303 0.56534174809695614
0.806002779835436 -0.76904006273356662 0.55362274087345964
0.77823446332109014 -0.76770692651508066 0.54124590390069716
0.7507442068488116 -0.76558860662201 0.52823129961461723
0.72359252933247242 -0.76274738815587328 0.51454853488293206
0.6970126771455154 -0.75916489277462629 0.50032527787478287
0.67082829563282576 -0.75480883706373147 0.4854289159111343
0.64557781884160903 -0.74980669097853148 0.47014898384938142
0.62055564711212585 -0.74398645203220048 0.45412870377486081
0.59617857696152188 -0.73740169359738583 0.4381496264289092
0.57171768795548417 -0.72987245946466672 0.42202463104875532
0.5476977653829368 -0.72152519911176305 0.40596689999876823
0.52383022626937537 -0.71229703167610814 0.38972206109167812
0.50039316130773381 -0.7022494144397663 0.37348471421189372
0.47715342083404438 -0.6912869025214321 0.35713969412168117
0.45438331050017272 -0.67953667269081464 0.34087390629595637
0.43187061976402108 -0.66688505800177633 0.32454064788237869
0.4098494163891398 -0.6534388493027703 0.30826639297173009
0.38816677136261218 -0.63913470318334531 0.29200483525089838
0.36693389761642831 -0.62398909238679512 0.27583571341374091
0.34614770448157861 -0.60804785175679676 0.25971239180116013
0.32585186230244878 -0.59123034678331077 0.24363530561099939
0.30620557421519001 -0.57376846112783109 0.2278020715954307
0.28685290643172651 -0.55529592804741956 0.21192307961009499
0.2683485637092029 -0.53630956370170646 0.19644933304685089
0.25024276676881391 -0.51636798065617961 0.18094074653146949
0.23293785843697479 -0.4958828785597636 0.16575575998979139
0.21615924837930081 -0.47452127833372082 0.15068614020493909
0.20014663018735221 -0.45259684663963551 0.13592374424798601
0.18472776104753821 -0.42992412728539758 0.1213909415564966
0.17001618404614011 -0.40662328267006348 0.1071985459813966
0.15593433582236929 -0.38268052085156601 0.093360413331720293
0.14247012850578519 -0.3581062757337497 0.079950189167637575
0.12959936827082019 -0.33296622237071882 0.067051656926582104
0.11728382211505151 -0.30721807434466142 0.054646898219016908
0.10557162200574199 -0.28097256894211342 0.042814771962115972
0.094381174642404878 -0.25409806742633212 0.0315202369303667
0.083831498846767855 -0.22689153281086619 0.020897140157765469
0.073735863287712089 -0.19898246925570651 0.01082366143291833
0.064236305931669749 -0.1709192859645694 0.0015671644843975329
0.055046625810258973 -0.14214968707459699 -0.0070922517643296464
0.046284766897673128 -0.1130308626131432 -0.014965224322691749
0.03742025514756208 -0.083949482717020296 -0.021749211733155051
0.028124641853952768 -0.054519040206822932 -0.027607426010286561
0.018656504888760611 -0.025951268477726341 -0.032446481818451223
0.0081707603275571333 0.0039119519042382514 -0.036725366019876853
-0.0026714487731604999 0.032865256848451152 -0.040231185572075487
-0.014313774615688449 0.06194251168609835 -0.043205592615191662
-0.026711293009291662 0.090846414342763693 -0.04575390776562184
-0.039766749534173453 0.11921676716646799 -0.047949038428179942
-0.053598765925641112 0.1471883504290773 -0.049930928714643157
-0.068229459168280021 0.1747798863534539 -0.051829888031866701
-0.083571711548301661 0.20184245745088861 -0.053766934943194337
-0.099581852331966661 0.22829308636597989 -0.05584526967433083
-0.116233649110527 0.25411936539871088 -0.058165186990383727
-0.13384681672306969 0.27985646969038702 -0.060868304903853497
-0.15196288707634309 0.30483821342777068 -0.064004645352523218
-0.17042620361651059 0.32887695593580157 -0.067667259417267811
-0.18926450287167551 0.35221491852319142 -0.071954145485045792
-0.2087682891622355 0.37525361487389169 -0.076986574603742267
-0.22892996110293529 0.39809948662061267 -0.082934707306654559
-0.24861781121676821 0.42042647360831481 -0.089662211323945529
-0.26784610610674492 0.44280052845753198 -0.097276189032940788
-0.28651518025079759 0.46513216103983451 -0.10568182044857689
-0.30482093872731902 0.48782110105589871 -0.1150026567935849
-0.32211404901860352 0.51019313955935053 -0.124882013685806
-0.34003203512626601 0.53454600397358809 -0.1363324133045665
-0.35490332605221048 0.55617896984777382 -0.1469834830396792
-0.36928403040960212 0.57774230070640564 -0.15788991349508619
-0.38429788533436721 0.60075427089471756 -0.17015405390941901
-0.40009721288605682 0.6268585642577672 -0.18464240784532021
-0.41327162061675948 0.65015840174529493 -0.19795140084112439
-0.42590511353344751 0.67423141832841504 -0.2120085018015401
-0.43746378823949861 0.69811114981431732 -0.22621867627546979
-0.44823263396798391 0.72230178161436931 -0.24088492690359339
-0.4581195696441297 0.74657475166953624 -0.25591121026002928
-0.46705989364104639 0.77082983724686671 -0.2711553141128859
-0.47513341241367207 0.79525805466994559 -0.28670572163699581
-0.48238153455442367 0.81995162370610541 -0.30257841583637152
-0.48857942344697591 0.84427793960638542 -0.31839006844453321
-0.49399848448962169 0.86927743229738097 -0.33473902791983101
-0.49837618731671379 0.89378045982643006 -0.35085724507667132
-0.50191148669929109 0.91877798014167167 -0.36740983971694757
-0.50449957338241913 0.94353015688782726 -0.38380340810889751
-0.50614820259349236 0.9682961041679724 -0.40023035275998609
-0.50689405777620955 0.99332163116751915 -0.4167771895383125
-0.50670418264581507 1.0183084043988939 -0.43328580223846802
-0.50549327196331439 1.043417736300041 -0.44945758457133711
-0.50323869943056287 1.0688169013489639 -0.46513325062599759
-0.4999596098790397 1.094498406924729 -0.48032349786302098
-0.49573699674303567 1.119895082411162 -0.49473507622726648
-0.490504689609228 1.1459769104725921 -0.50893529968147866
-0.48438217300498621 1.1718940584622231 -0.52246269924274213
-0.47738768345776778 1.1977815306202191 -0.535457011327649
-0.46952048715558808 1.223679016266167 -0.54793178062756298
-0.4608421393498684 1.249443979752362 -0.55987595415479419
-0.45135083674233589 1.2751427477711801 -0.57129930073511215
-0.44111991584022242 1.30064226306343 -0.58218022936195557
-0.4300644751059049 1.326070374599249 -0.59259796978425183
-0.4182736221744528 1.3512819753323579 -0.60247410147480429
-0.40575875540451373 1.3762984498800539 -0.61188076420178383
-0.39256675667463442 1.4010110659361741 -0.62080040073098142
-0.37870531367778809 1.4254711998439911 -0.62922063075463142
-0.36410949133122988 1.4497008271883709 -0.63715898405374283
-0.34885644966316581 1.4736558884403519 -0.64464514659787464
-0.33304951293031421 1.4971979891735709 -0.65167436635615528
-0.31655099077687671 1.5204311209447949 -0.65819545683221237
-0.29943091466537552 1.543352817235589 -0.66430821479798119
-0.28183800242364099 1.5657906901936931 -0.66994943974758003
-0.26344588212696118 1.5880107048959871 -0.67515706894842475
-0.24477398232211051 1.6095338127587859 -0.67990268169627444
-0.22534367624057319 1.630876273849422 -0.68424121792756099
-0.20539918514082661 1.6517341579740741 -0.68814765259625432
-0.1851748468582495 1.6718527370139691 -0.69159515361826862
-0.16394720730198409 1.6919943559044119 -0.69471095552179207
-0.1428502758554801 1.7110816928240229 -0.69732653530950461
-0.12070888550038671 1.7301492229755919 -0.69960710851818808
