-45.9856466672212 3.82899134016145 -0.873246706666171
-46.5978527646638 3.40200232993588 -1.63072803854813
-47.2100588621065 2.9750133197103 -2.3882093704301
-47.8222649595491 2.54802430948472 -3.14569070231206
-48.4344710569917 2.12103529925915 -3.90317203419403
-49.0466771544344 1.69404628903357 -4.66065336607599
-49.658883251877 1.26705727880799 -5.41813469795795
-50.2710893493196 0.840068268582415 -6.17561602983992
-50.8832954467623 0.413079258356838 -6.93309736172188
-51.4955015442049 -0.0139097518687391 -7.69057869360384
-52.0624837736924 -0.565970694376083 -8.38411415125974
-52.5803275076252 -1.25392993276875 -9.00816850969793
-53.0981712415581 -1.94188917116143 -9.63222286813612
-53.6160149754909 -2.6298484095541 -10.2562772265743
-54.1338587094237 -3.31780764794678 -10.8803315850125
-54.6517024433566 -4.00576688633945 -11.5043859434507
-55.1695461772894 -4.69372612473212 -12.1284403018889
-55.6873899112223 -5.3816853631248 -12.7524946603271
-56.2052336451551 -6.06964460151747 -13.3765490187653
-56.713699333267 -6.76897787390102 -13.991233616573
-57.0545775678958 -7.67156728607802 -14.4384788188182
-57.3954558025246 -8.57415669825502 -14.8857240210634
-57.7363340371533 -9.47674611043203 -15.3329692233087
-58.0772122717821 -10.379335522609 -15.7802144255539
-58.4180905064108 -11.281924934786 -16.2274596277992
-58.7589687410396 -12.184514346963 -16.6747048300444
-59.0998469756684 -13.08710375914 -17.1219500322896
-59.4407252102971 -13.989693171317 -17.5691952345349
-59.7816034449259 -14.892282583494 -18.0164404367801
-59.9588080682491 -15.8831276056945 -18.3247382347671
-60.0671496836705 -16.9111047393082 -18.574576174008
-60.1754912990919 -17.939081872922 -18.824414113249
-60.2838329145133 -18.9670590065357 -19.07425205249
-60.3921745299347 -19.9950361401494 -19.324089991731
-60.5005161453561 -21.0230132737632 -19.573927930972
-60.6088577607775 -22.0509904073769 -19.823765870213
-60.7171993761989 -23.0789675409907 -20.073603809454
-60.8255409916203 -24.1069446746044 -20.3234417486949
-60.8289396925126 -25.1449169209152 -20.4941914819581
-60.6852643815705 -26.1968969859501 -20.5541017193471
-60.5415890706284 -27.2488770509849 -20.6140119567361
-60.3979137596864 -28.3008571160197 -20.6739221941252
-60.2542384487443 -29.3528371810546 -20.7338324315142
-60.1105631378022 -30.4048172460894 -20.7937426689033
-59.9668878268601 -31.4567973111243 -20.8536529062923
-59.823212515918 -32.5087773761591 -20.9135631436813
-59.6795372049759 -33.560757441194 -20.9734733810704
-59.4934901484078 -34.6012387358634 -21.0055020429827
-59.1092378135816 -35.5879314280991 -20.9071071090767
-58.7249854787555 -36.5746241203348 -20.8087121751707
-58.3407331439293 -37.5613168125705 -20.7103172412647
-57.9564808091031 -38.5480095048061 -20.6119223073587
-57.572228474277 -39.5347021970418 -20.5135273734527
-57.1879761394508 -40.5213948892775 -20.4151324395468
-56.8037238046246 -41.5080875815132 -20.3167375056408
-56.4194714697985 -42.4947802737489 -20.2183425717348
-56.0352191349723 -43.4814729659846 -20.1199476378288
-55.4470682650622 -44.3422389159581 -19.9141594634397
-54.8538745891856 -45.1998904535258 -19.7057152460651
-54.260680913309 -46.0575419910935 -19.4972710286905
-53.6674872374325 -46.9151935286611 -19.288826811316
-53.0742935615559 -47.7728450662288 -19.0803825939414
-52.4810998856793 -48.6304966037965 -18.8719383765668
-51.8879062098028 -49.4881481413641 -18.6634941591922
-51.2947125339262 -50.3457996789318 -18.4550499418176
-50.7015188580496 -51.2034512164994 -18.2466057244431
-49.9720919585107 -51.9288852870968 -17.9938675201493
-49.2114804465054 -52.624053976329 -17.730990153179
-48.4508689345001 -53.3192226655612 -17.4681127862086
-47.6902574224948 -54.0143913547934 -17.2052354192383
-46.9296459104895 -54.7095600440256 -16.942358052268
-46.1690343984842 -55.4047287332577 -16.6794806852977
-45.4084228864789 -56.0998974224899 -16.4166033183273
-44.6478113744736 -56.7950661117221 -16.153725951357
-43.8871998624683 -57.4902348009543 -15.8908485843867
-43.0405346817243 -58.0698879596795 -15.6290054714293
-42.1545033873203 -58.5966973806529 -15.367635488341
-41.2684720929163 -59.1235068016263 -15.1062655052528
-40.3824407985124 -59.6503162225997 -14.8448955221645
-39.4964095041084 -60.1771256435731 -14.5835255390762
-38.6103782097044 -60.7039350645464 -14.322155555988
-37.7243469153005 -61.2307444855198 -14.0607855728997
-36.8383156208965 -61.7575539064932 -13.7994155898114
-35.9522843264925 -62.2843633274666 -13.5380456067232
-35.0142055731526 -62.7188219501978 -13.306281675317
-34.0398936480818 -63.0889899735298 -13.0951281863186
-33.0655817230109 -63.4591579968618 -12.8839746973202
-32.09126979794 -63.8293260201938 -12.6728212083217
-31.1169578728692 -64.1994940435258 -12.4616677193233
-30.1426459477983 -64.5696620668578 -12.2505142303249
-29.1683340227274 -64.9398300901899 -12.0393607413265
-28.1940220976566 -65.3099981135219 -11.8282072523281
-27.2197101725857 -65.6801661368539 -11.6170537633297
-26.2162298907779 -65.9786981421467 -11.451571111147
-25.1859419214058 -66.2113918142327 -11.3280630389926
-24.1556539520337 -66.4440854863187 -11.2045549668382
-23.1253659826616 -66.6767791584047 -11.0810468946838
-22.0950780132895 -66.9094728304908 -10.9575388225295
-21.0647900439174 -67.1421665025768 -10.8340307503751
-20.0345020745453 -67.3748601746628 -10.7105226782207
-19.0042141051732 -67.6075538467488 -10.5870146060663
-17.9739261358011 -67.8402475188349 -10.463506533912
-16.930600145885 -68.0141920894724 -10.3919327348025
-15.8728605921169 -68.1231893836339 -10.3777724025696
-14.8151210383488 -68.2321866777953 -10.3636120703366
-13.7573814845807 -68.3411839719567 -10.3494517381037
-12.6996419308126 -68.4501812661181 -10.3352914058708
-11.6419023770445 -68.5591785602795 -10.3211310736378
-10.5841628232763 -68.6681758544409 -10.3069707414049
-9.52642326950822 -68.7771731486023 -10.292810409172
-8.46868371574011 -68.8861704427637 -10.278650076939
-7.41049677437993 -68.9415490079655 -10.3147600128904
-6.35174970928265 -68.9297975870527 -10.4138077034413
-5.29300264418537 -68.9180461661399 -10.5128553939922
-4.23425557908809 -68.9062947452271 -10.611903084543
-3.17550851399081 -68.8945433243143 -10.7109507750939
-2.11676144889353 -68.8827919034015 -10.8099984656447
-1.05801438379626 -68.8710404824887 -10.9090461561956
0.000732681301022358 -68.8592890615759 -11.0080938467464
1.0594797463983 -68.847537640663 -11.1071415372973
2.10821993476095 -68.7801801586773 -11.2478235770191
3.14332916234096 -68.6370783602718 -11.4452182350544
4.17843838992096 -68.4939765618663 -11.6426128930896
5.21354761750096 -68.3508747634608 -11.8400075511249
6.24865684508097 -68.2077729650552 -12.0374022091602
7.28376607266097 -68.0646711666497 -12.2347968671954
8.31887530024098 -67.9215693682442 -12.4321915252307
9.35398452782098 -67.7784675698387 -12.629586183266
10.389093755401 -67.6353657714331 -12.8269808413012
11.4046352362904 -67.4307289475695 -13.0516305747216
12.3913938735723 -67.1355782264162 -13.3163706969192
13.3781525108543 -66.8404275052629 -13.5811108191168
14.3649111481362 -66.5452767841095 -13.8458509413144
15.3516697854181 -66.2501260629562 -14.110591063512
16.3384284227001 -65.9549753418028 -14.3753311857095
17.325187059982 -65.6598246206495 -14.6400713079071
18.3119456972639 -65.3646738994962 -14.9048114301047
19.2987043345459 -65.0695231783428 -15.1695515523023
20.2556889967456 -64.7068811263829 -15.4430132390262
21.165275551049 -64.2367975463503 -15.7303590529216
22.0748621053524 -63.7667139663178 -16.0177048668169
22.9844486596559 -63.2966303862852 -16.3050506807123
23.8940352139593 -62.8265468062526 -16.5923964946077
24.8036217682627 -62.35646322622 -16.879742308503
25.7132083225662 -61.8863796461874 -17.1670881223984
26.6227948768696 -61.4162960661548 -17.4544339362938
27.532381431173 -60.9462124861222 -17.7417797501891
28.4004863123989 -60.4078586657202 -18.0174173798003
29.1954939463025 -59.7492019193559 -18.2724233429714
29.9905015802061 -59.0905451729915 -18.5274293061424
30.7855092141097 -58.4318884266272 -18.7824352693134
31.5805168480133 -57.7732316802628 -19.0374412324845
32.3755244819168 -57.1145749338985 -19.2924471956555
33.1705321158204 -56.4559181875341 -19.5474531588266
33.965539749724 -55.7972614411698 -19.8024591219976
34.7605473836276 -55.1386046948054 -20.0574650851686
35.5031216892502 -54.4213021550941 -20.2820290395368
36.1386570131145 -53.5842783195949 -20.4444477566719
36.7741923369788 -52.7472544840956 -20.606866473807
37.4097276608432 -51.9102306485963 -20.7692851909422
38.0452629847074 -51.0732068130971 -20.9317039080773
38.6807983085718 -50.2361829775978 -21.0941226252124
39.3163336324361 -49.3991591420985 -21.2565413423475
39.9518689563004 -48.5621353065993 -21.4189600594826
40.5874042801647 -47.7251114711 -21.5813787766177
41.1651737132226 -46.8498417196257 -21.7011114939007
41.5977524270592 -45.8784434056003 -21.7135557935259
42.0303311408957 -44.9070450915749 -21.7260000931511
42.4629098547323 -43.9356467775495 -21.7384443927763
42.8954885685688 -42.9642484635241 -21.7508886924015
43.3280672824054 -41.9928501494987 -21.7633329920266
43.7606459962419 -41.0214518354733 -21.7757772916518
44.1932247100785 -40.0500535214479 -21.788221591277
44.625803423915 -39.0786552074225 -21.8006658909022
45.0065454383677 -38.0943873543576 -21.7699781062792
45.2090617572601 -37.065871264539 -21.5909929607623
45.4115780761525 -36.0373551747205 -21.4120078152453
45.6140943950448 -35.008839084902 -21.2330226697283
45.8166107139372 -33.9803229950835 -21.0540375242114
46.0191270328296 -32.951806905265 -20.8750523786944
46.221643351722 -31.9232908154464 -20.6960672331774
46.4241596706144 -30.8947747256279 -20.5170820876605
46.6266759895068 -29.8662586358094 -20.3380969421435
46.7965305508154 -28.8431361910616 -20.1294735178277
46.7721650167994 -27.8520865536968 -19.7446088328015
46.7477994827834 -26.861036916332 -19.3597441477753
46.7234339487673 -25.8699872789673 -18.9748794627492
46.6990684147513 -24.8789376416025 -18.590014777723
46.6747028807352 -23.8878880042377 -18.2051500926968
46.6503373467192 -22.896838366873 -17.8202854076706
46.6259718127031 -21.9057887295082 -17.4354207226445
46.6016062786871 -20.9147390921434 -17.0505560376183
46.5718558963723 -19.9271540762243 -16.6603189930769
46.3571425962673 -19.0585745468252 -16.0855480051036
46.1424292961623 -18.1899950174261 -15.5107770171302
45.9277159960573 -17.321415488027 -14.9360060291568
45.7130026959523 -16.4528359586279 -14.3612350411834
45.4982893958474 -15.5842564292288 -13.7864640532101
45.2835760957424 -14.7156768998297 -13.2116930652367
45.0688627956374 -13.8470973704306 -12.6369220772633
44.8541494955324 -12.9785178410315 -12.0621510892899
44.6394361954274 -12.1099383116324 -11.4873801013166
44.3097625337682 -11.3914975991573 -10.7821039012732
43.961278562105 -10.6976232472242 -10.0554738757634
43.6127945904418 -10.0037488952912 -9.32884385025364
43.2643106187786 -9.30987454335809 -8.60221382474387
42.9158266471153 -8.61600019142502 -7.8755837992341
42.5673426754521 -7.92212583949195 -7.14895377372433
42.2188587037889 -7.22825148755888 -6.42232374821457
41.8703747321257 -6.53437713562581 -5.6956937227048
41.5218907604625 -5.84050278369274 -4.96906369719503
41.121510768313 -5.26125528443487 -4.18001260677664
40.6883540711894 -4.75440429067089 -3.35153735994877
40.2551973740659 -4.24755329690691 -2.52306211312091
39.8220406769423 -3.74070230314293 -1.69458686629304
39.3888839798187 -3.23385130937895 -0.866111619465176
38.9557272826952 -2.72700031561496 -0.0376363726373111
38.5225705855716 -2.22014932185098 0.790838874190554
38.089413888448 -1.713298328087 1.61931412101842
37.6562571913244 -1.20644733432302 2.44778936784628
37.2016541151451 -0.747911818030612 3.28815235424595
36.6903226877233 -0.417176774225157 4.15995989658471
36.1789912603014 -0.0864417304197005 5.03176743892347
35.6676598328795 0.244293313385755 5.90357498126223
35.1563284054576 0.575028357191211 6.77538252360099
34.6449969780358 0.905763400996666 7.64719006593974
34.1336655506139 1.23649844480212 8.5189976082785
33.622334123192 1.56723348860758 9.39080515061726
33.1110026957702 1.89796853241303 10.262612692956
32.5996712683483 2.22870357621849 11.1344202352948
31.9819956049038 2.4190822818917 11.9763744281809
31.3501860933618 2.59080670749401 12.8143609146624
30.7183765818197 2.76253113309632 13.6523474011439
30.0865670702777 2.93425555869863 14.4903338876254
29.4547575587357 3.10597998430094 15.3283203741069
28.8229480471936 3.27770440990325 16.1663068605884
28.1911385356516 3.44942883550556 17.0042933470699
27.5593290241095 3.62115326110787 17.8422798335514
26.9275195125675 3.79287768671018 18.6802663200329
26.2147711111771 3.90064655934884 19.4527033552075
25.4228590904466 3.9458626460648 20.1610286658336
24.6309470697161 3.99107873278076 20.8693539764597
23.8390350489855 4.03629481949672 21.5776792870859
23.047123028255 4.08151090621268 22.286004597712
22.2552110075244 4.12672699292865 22.9943299083381
21.4632989867939 4.17194307964461 23.7026552189642
20.6713869660634 4.21715916636057 24.4109805295904
19.8794749453328 4.26237525307653 25.1193058402165
19.0624095064569 4.29568685980803 25.7913151445492
18.118069258423 4.26876250141594 26.2795676034447
17.1737290103891 4.24183814302385 26.7678200623401
16.2293887623551 4.21491378463176 27.2560725212356
15.2850485143212 4.18798942623967 27.7443249801311
14.3407082662873 4.16106506784759 28.2325774390265
13.3963680182534 4.1341407094555 28.720829897922
12.4520277702195 4.10721635106341 29.2090823568174
11.5076875221856 4.08029199267132 29.6973348157129
10.5633472741517 4.05336763427923 30.1855872746083
9.53548140485439 4.01667441575503 30.4345348775808
8.49325163032882 3.97830124586976 30.6423292126199
7.45102185580324 3.93992807598448 30.850123547659
6.40879208127767 3.9015549060992 31.0579178826982
5.3665623067521 3.86318173621393 31.2657122177373
4.32433253222652 3.82480856632865 31.4735065527765
3.28210275770095 3.78643539644337 31.6813008878156
2.23987298317538 3.7480622265581 31.8890952228547
1.1976432086498 3.70968905667282 32.0968895578939
0.14582797862909 3.69108396275205 32.1375625263816
-0.913604471559947 3.6881878549094 32.0454300956373
-1.97303692174898 3.68529174706675 31.953297664893
-3.03246937193802 3.6823956392241 31.8611652341488
-4.09190182212706 3.67949953138145 31.7690328034045
-5.15133427231609 3.6766034235388 31.6769003726602
-6.21076672250513 3.67370731569615 31.5847679419159
-7.27019917269416 3.6708112078535 31.4926355111717
-8.3296316228832 3.66791510001085 31.4005030804274
-9.37216639722218 3.679222813654 31.2351443078688
-10.3669096146052 3.73070307821804 30.8626800779353
-11.3616528319882 3.78218334278208 30.4902158480018
-12.3563960493712 3.83366360734612 30.1177516180683
-13.3511392667542 3.88514387191015 29.7452873881348
-14.3458824841372 3.93662413647419 29.3728231582013
-15.3406257015202 3.98810440103823 29.0003589282678
-16.3353689189032 4.03958466560227 28.6278946983343
-17.3301121362862 4.09106493016631 28.2554304684008
-18.3248553536692 4.14254519473034 27.8829662384673
-19.2043030448563 4.23032735074998 27.2945271740568
-20.0771641818573 4.3201833459117 26.6937499904056
-20.9500253188582 4.41003934107342 26.0929728067543
-21.8228864558592 4.49989533623514 25.492195623103
-22.6957475928601 4.58975133139686 24.8914184394518
-23.5686087298611 4.67960732655858 24.2906412558005
-24.441469866862 4.7694633217203 23.6898640721493
-25.314331003863 4.85931931688202 23.089086888498
-26.1871921408639 4.94917531204374 22.4883097048467
-26.9841430895804 5.03157098845701 21.7963122809943
-27.7267962248837 5.10863037201471 21.0390659137009
-28.4694493601869 5.18568975557242 20.2818195464075
-29.2121024954901 5.26274913913012 19.5245731791142
-29.9547556307934 5.33980852268783 18.7673268118208
-30.6974087660966 5.41686790624553 18.0100804445274
-31.4400619013998 5.49392728980323 17.252834077234
-32.1827150367031 5.57098667336094 16.4955877099407
-32.9253681720063 5.64804605691864 15.7383413426473
-33.6573831140103 5.71371698265985 14.9712529487268
-34.3170411109063 5.70192794937309 14.1372228326192
-34.9766991078023 5.69013891608634 13.3031927165117
-35.6363571046983 5.67834988279959 12.4691626004042
-36.2960151015943 5.66656084951284 11.6351324842967
-36.9556730984904 5.65477181622609 10.8011023681891
-37.6153310953864 5.64298278293933 9.96707225208162
-38.2749890922824 5.63119374965258 9.13304213597409
-38.9346470891784 5.61940471636583 8.29901201986657
-39.5943050860744 5.60761568307908 7.46498190375904
-40.2408751951221 5.49795196077679 6.63232572380507
-40.8773823820511 5.31303504373624 5.80072592610847
-41.51388956898 5.12811812669569 4.96912612841187
-42.150396755909 4.94320120965513 4.13752633071527
-42.786903942838 4.75828429261458 3.30592653301867
-43.4234111297669 4.57336737557403 2.47432673532206
-44.0599183166959 4.38845045853348 1.64272693762546
-44.6964255036248 4.20353354149292 0.811127139928861
-45.3329326905538 4.01861662445237 -0.0204726577677402

-39.8193715486829 -24.9009162144075 6.01698171900662
-40.6032678077235 -24.734436106612 6.71630999717706
-41.387164066764 -24.5679559988165 7.41563827534749
-42.1710603258045 -24.401475891021 8.11496655351793
-42.9549565848451 -24.2349957832255 8.81429483168836
-43.7388528438856 -24.0685156754299 9.5136231098588
-44.5227491029262 -23.9020355676344 10.2129513880292
-45.3066453619667 -23.7355554598389 10.9122796661997
-46.0905416210072 -23.5690753520434 11.6116079443701
-46.8744378800478 -23.4025952442479 12.3109362225405
-47.6648919123772 -23.10480477326 12.9369586352594
-48.4628324448907 -22.6571074642483 13.4792934377143
-49.2607729774043 -22.2094101552365 14.0216282401693
-50.0587135099178 -21.7617128462248 14.5639630426242
-50.8566540424314 -21.314015537213 15.1062978450791
-51.6545945749449 -20.8663182282013 15.6486326475341
-52.4525351074584 -20.4186209191896 16.190967449989
-53.250475639972 -19.9709236101778 16.7333022524439
-54.0484161724855 -19.5232263011661 17.2756370548989
-54.8459397542368 -19.0742904809308 17.8170833333067
-55.5570246106914 -18.3685969302514 18.1743282791472
-56.268109467146 -17.662903379572 18.5315732249878
-56.9791943236006 -16.9572098288926 18.8888181708283
-57.6902791800552 -16.2515162782131 19.2460631166688
-58.4013640365098 -15.5458227275337 19.6033080625093
-59.1124488929644 -14.8401291768543 19.9605530083498
-59.823533749419 -14.1344356261749 20.3177979541904
-60.5346186058736 -13.4287420754955 20.6750429000309
-61.2457034623283 -12.7230485248161 21.0322878458714
-61.8538056774924 -11.8993902900928 21.2760073231997
-62.3967510938681 -11.0010961644457 21.4478995875479
-62.9396965102438 -10.1028020387986 21.6197918518962
-63.4826419266195 -9.20450791315152 21.7916841162444
-64.0255873429952 -8.30621378750444 21.9635763805926
-64.5685327593709 -7.40791966185736 22.1354686449409
-65.1114781757465 -6.50962553621028 22.3073609092891
-65.6544235921222 -5.6113314105632 22.4792531736373
-66.1973690084979 -4.71303728491613 22.6511454379856
-66.6802390322307 -3.78308856734889 22.7793192393224
-67.007702855438 -2.77125407853521 22.794399810128
-67.3351666786452 -1.75941958972153 22.8094803809336
-67.6626305018525 -0.747585100907855 22.8245609517392
-67.9900943250598 0.264249387905825 22.8396415225448
-68.317558148267 1.27608387671951 22.8547220933504
-68.6450219714743 2.28791836553318 22.869802664156
-68.9724857946816 3.29975285434686 22.8848832349616
-69.2999496178888 4.31158734316054 22.8999638057672
-69.6272305362483 5.32345614654855 22.914959608992
-69.723293437377 6.37870350405955 22.8227970061046
-69.8193563385057 7.43395086157056 22.7306344032173
-69.9154192396343 8.48919821908156 22.63847180033
-70.011482140763 9.54444557659256 22.5463091974426
-70.1075450418916 10.5996929341036 22.4541465945553
-70.2036079430203 11.6549402916146 22.3619839916679
-70.2996708441489 12.7101876491256 22.2698213887806
-70.3957337452776 13.7654350066366 22.1776587858933
-70.4917966464062 14.8206823641476 22.0854961830059
-70.4116221131934 15.8689573092166 21.9566509231667
-70.2806212471776 16.9152214320302 21.8172264981388
-70.1496203811618 17.9614855548438 21.6778020731109
-70.018619515146 19.0077496776575 21.538377648083
-69.8876186491302 20.0540138004711 21.3989532230551
-69.7566177831144 21.1002779232847 21.2595287980272
-69.6256169170986 22.1465420460983 21.1201043729992
-69.4946160510827 23.1928061689119 20.9806799479713
-69.3636151850669 24.2390702917255 20.8412555229434
-69.1044925693938 25.2564222910061 20.7084570972041
-68.7602964357947 26.2545764876791 20.5800583699607
-68.4161003021956 27.252730684352 20.4516596427173
-68.0719041685965 28.250884881025 20.3232609154739
-67.7277080349974 29.249039077698 20.1948621882305
-67.3835119013983 30.247193274371 20.066463460987
-67.0393157677991 31.2453474710439 19.9380647337436
-66.6951196342 32.2435016677169 19.8096660065002
-66.3509235006009 33.2416558643899 19.6812672792568
-65.9152032203911 34.2002077842406 19.5785766679068
-65.3754995757526 35.1137663538607 19.5050938283059
-64.8357959311141 36.0273249234807 19.431610988705
-64.2960922864755 36.9408834931008 19.3581281491041
-63.756388641837 37.8544420627208 19.2846453095032
-63.2166849971984 38.7680006323409 19.2111624699023
-62.6769813525599 39.681559201961 19.1376796303014
-62.1372777079213 40.595117771581 19.0641967907005
-61.5975740632828 41.5086763412011 18.9907139510996
-60.99426656486 42.3765347296669 18.9439301534247
-60.2802071355356 43.1648164414971 18.9436367847192
-59.5661477062112 43.9530981533273 18.9433434160136
-58.8520882768868 44.7413798651575 18.9430500473081
-58.1380288475624 45.5296615769876 18.9427566786025
-57.423969418238 46.3179432888178 18.9424633098969
-56.7099099889136 47.106225000648 18.9421699411914
-55.9958505595892 47.8945067124782 18.9418765724858
-55.2817911302648 48.6827884243083 18.9415832037803
-54.5263843503339 49.4241105799041 18.9582882907027
-53.6648292620517 50.0448765842083 19.0186323843094
-52.8032741737694 50.6656425885126 19.0789764779161
-51.9417190854871 51.2864085928169 19.1393205715227
-51.0801639972048 51.9071745971211 19.1996646651294
-50.2186089089226 52.5279406014254 19.2600087587361
-49.3570538206403 53.1487066057297 19.3203528523428
-48.495498732358 53.769472610034 19.3806969459495
-47.6339436440757 54.3902386143382 19.4410410395561
-46.7490958305081 54.9692612974829 19.5050721471918
-45.7735951355577 55.3858232854861 19.5834527326724
-44.7980944406073 55.8023852734893 19.6618333181529
-43.8225937456569 56.2189472614925 19.7402139036334
-42.8470930507064 56.6355092494957 19.8185944891139
-41.871592355756 57.0520712374989 19.8969750745944
-40.8960916608056 57.4686332255021 19.9753556600749
-39.9205909658552 57.8851952135053 20.0537362455555
-38.9450902709048 58.3017572015085 20.132116831036
-37.9606997238808 58.6896467708219 20.2050959192247
-36.9145789767059 58.8784380728201 20.2405675768982
-35.8684582295309 59.0672293748183 20.2760392345718
-34.8223374823559 59.2560206768165 20.3115108922454
-33.776216735181 59.4448119788148 20.346982549919
-32.730095988006 59.633603280813 20.3824542075926
-31.6839752408311 59.8223945828112 20.4179258652661
-30.6378544936561 60.0111858848095 20.4533975229397
-29.5917337464812 60.1999771868077 20.4888691806133
-28.5451235319157 60.3806531348401 20.5205854125702
-27.484925995984 60.3360517212595 20.4480532776982
-26.4247284600522 60.2914503076789 20.3755211428262
-25.3645309241205 60.2468488940983 20.3029890079542
-24.3043333881888 60.2022474805178 20.2304568730822
-23.2441358522571 60.1576460669372 20.1579247382101
-22.1839383163253 60.1130446533566 20.0853926033381
-21.1237407803936 60.068443239776 20.0128604684661
-20.0635432444619 60.0238418261955 19.9403283335941
-19.0033457085302 59.9792404126149 19.8677961987221
-17.9944015042486 59.7358933351257 19.6471418389978
-16.9897728480039 59.4758118048289 19.4140155373311
-15.9851441917593 59.215730274532 19.1808892356645
-14.9805155355147 58.9556487442352 18.9477629339979
-13.9758868792701 58.6955672139384 18.7146366323313
-12.9712582230254 58.4354856836415 18.4815103306646
-11.9666295667808 58.1754041533447 18.248384028998
-10.9620009105362 57.9153226230479 18.0152577273314
-9.95737225429157 57.655241092751 17.7821314256647
-9.05249875634896 57.2609346778409 17.4040831631933
-8.17629694939052 56.8280492613078 16.9843813386631
-7.30009514243208 56.3951638447748 16.564679514133
-6.42389333547365 55.9622784282417 16.1449776896028
-5.54769152851521 55.5293930117087 15.7252758650726
-4.67148972155677 55.0965075951757 15.3055740405424
-3.79528791459834 54.6636221786426 14.8858722160122
-2.9190861076399 54.2307367621096 14.466170391482
-2.04288430068146 53.7978513455766 14.0464685669518
-1.27510246038576 53.3006482003873 13.5220415454739
-0.586218135540587 52.7566408626992 12.9214057028851
0.102666189304584 52.2126335250111 12.3207698602963
0.791550514149755 51.6686261873231 11.7201340177076
1.48043483899493 51.124618849635 11.1194981751188
2.1693191638401 50.5806115119469 10.51886233253
2.85820348868527 50.0366041742588 9.91822648994127
3.54708781353044 49.4925968365707 9.3175906473525
4.23597213837561 48.9485894988827 8.71695480476373
4.85798801979172 48.3901152812807 8.07097148378777
5.32936193661651 47.799049917542 7.32282886489488
5.80073585344129 47.2079845538034 6.57468624600199
6.27210977026607 46.6169191900647 5.82654362710909
6.74348368709085 46.025853826326 5.0784010082162
7.21485760391563 45.4347884625873 4.33025838932331
7.68623152074042 44.8437230988487 3.58211577043042
8.1576054375652 44.25265773511 2.83397315153753
8.62897935438998 43.6615923713713 2.08583053264464
9.10035327121476 43.0705270076326 1.33768791375174
9.363738497554 42.4734275936286 0.500012080120415
9.61225285274022 41.8758967543206 -0.344065240520537
9.86076720792643 41.2783659150126 -1.18814256116149
10.1092815631126 40.6808350757046 -2.03221988180244
10.3577959182989 40.0833042363965 -2.8762972024434
10.6063102734851 39.4857733970885 -3.72037452308435
10.8548246286713 38.8882425577805 -4.5644518437253
11.1033389838575 38.2907117184725 -5.40852916436625
11.3518533390437 37.6931808791644 -6.25260648500721
11.4963740193823 37.089347792855 -7.10846979551198
11.5153984137375 36.4779093536894 -7.97855606675657
11.5344228080927 35.8664709145238 -8.84864233800116
11.5534472024479 35.2550324753582 -9.71872860924575
11.5724715968031 34.6435940361925 -10.5888148804903
11.5914959911583 34.0321555970269 -11.4589011517349
11.6105203855134 33.4207171578613 -12.3289874229795
11.6295447798686 32.8092787186957 -13.1990736942241
11.6485691742238 32.1978402795301 -14.0691599654687
11.667593568579 31.5864018403645 -14.9392462367133
11.4620874807031 30.9246834496534 -15.7433997036741
11.2389360174907 30.2590136639775 -16.5423716511056
11.0157845542782 29.5933438783016 -17.3413435985372
10.7926330910657 28.9276740926258 -18.1403155459687
10.5694816278533 28.2620043069499 -18.9392874934003
10.3463301646408 27.596334521274 -19.7382594408318
10.1231787014283 26.9306647355982 -20.5372313882634
9.90002723821588 26.2649949499223 -21.3362033356949
9.67687577500342 25.5993251642465 -22.1351752831265
9.36059467630734 24.9012156976197 -22.8580082041194
8.91597579009598 24.1584025568155 -23.475917336396
8.47135690388462 23.4155894160113 -24.0938264686727
8.02673801767326 22.672776275207 -24.7117356009493
7.5821191314619 21.9299631344028 -25.329644733226
7.13750024525053 21.1871499935985 -25.9475538655027
6.69288135903917 20.4443368527943 -26.5654629977793
6.24826247282781 19.7015237119901 -27.183372130056
5.80364358661645 18.9587105711858 -27.8012812623326
5.35902470040509 18.2158974303816 -28.4191903946093
4.7678361020628 17.4135267975513 -28.7838224367761
4.16841352153171 16.6078103484441 -29.1342258977546
3.56899094100062 15.802093899337 -29.4846293587332
2.96956836046953 14.9963774502298 -29.8350328197117
2.37014577993844 14.1906610011226 -30.1854362806902
1.77072319940735 13.3849445520154 -30.5358397416688
1.17130061887626 12.5792281029082 -30.8862432026473
0.571878038345168 11.773511653801 -31.2366466636259
-0.0275445421859215 10.9677952046938 -31.5870501246044
-0.65986501207449 10.1507551172247 -31.7839919169724
-1.32553281827099 9.32223668922796 -31.8253754661376
-1.9912006244675 8.49371826123121 -31.8667590153028
-2.656868430664 7.66519983323446 -31.908142564468
-3.3225362368605 6.8366814052377 -31.9495261136332
-3.98820404305701 6.00816297724095 -31.9909096627984
-4.65387184925351 5.1796445492442 -32.0322932119636
-5.31953965545001 4.35112612124745 -32.0736767611288
-5.98520746164652 3.5226076932507 -32.115060310294
-6.64993162942852 2.69589754569729 -32.1375625263816
-7.30038401013881 1.8965362142336 -31.8744994653732
-7.9508363908491 1.09717488276991 -31.6114364043648
-8.6012887715594 0.297813551306221 -31.3483733433564
-9.25174115226968 -0.501547780157469 -31.0853102823481
-9.90219353297998 -1.30090911162116 -30.8222472213397
-10.5526459136903 -2.10027044308485 -30.5591841603313
-11.2030982944006 -2.89963177454854 -30.2961210993229
-11.8535506751108 -3.69899310601222 -30.0330580383146
-12.5040030558211 -4.49835443747591 -29.7699949773062
-13.1122865747845 -5.24617222952699 -29.3417416697057
-13.695808248187 -5.96372330083384 -28.8164875134974
-14.2793299215895 -6.6812743721407 -28.2912333572891
-14.862851594992 -7.39882544344756 -27.7659792010808
-15.4463732683945 -8.11637651475442 -27.2407250448725
-16.0298949417971 -8.83392758606128 -26.7154708886642
-16.6134166151996 -9.55147865736813 -26.1902167324559
-17.1969382886021 -10.269029728675 -25.6649625762475
-17.7804599620046 -10.9865807999818 -25.1397084200392
-18.3508941160305 -11.6811001599567 -24.5786586815423
-18.863647857638 -12.2741122311853 -23.8598476523261
-19.3764015992455 -12.8671243024139 -23.1410366231099
-19.889155340853 -13.4601363736425 -22.4222255938937
-20.4019090824604 -14.0531484448712 -21.7034145646775
-20.9146628240679 -14.6461605160998 -20.9846035354613
-21.4274165656754 -15.2391725873284 -20.2657925062451
-21.9401703072829 -15.832184658557 -19.5469814770289
-22.4529240488904 -16.4251967297856 -18.8281704478127
-22.9656777904979 -17.0182088010142 -18.1093594185965
-23.4660936714531 -17.5058400176578 -17.3120142578167
-23.9613340467389 -17.9492659035948 -16.4817254729677
-24.4565744220248 -18.3926917895318 -15.6514366881188
-24.9518147973106 -18.8361176754688 -14.8211479032699
-25.4470551725964 -19.2795435614058 -13.9908591184209
-25.9422955478823 -19.7229694473428 -13.160570333572
-26.4375359231681 -20.1663953332797 -12.3302815487231
-26.932776298454 -20.6098212192167 -11.4999927638741
-27.4280166737398 -21.0532471051537 -10.6697039790252
-27.9343797054302 -21.4698666019871 -9.83491554769095
-28.4977647904233 -21.7490589148166 -8.97705896856924
-29.0611498754165 -22.028251227646 -8.11920238944753
-29.6245349604096 -22.3074435404754 -7.26134581032582
-30.1879200454028 -22.5866358533049 -6.40348923120412
-30.7513051303959 -22.8658281661343 -5.54563265208241
-31.314690215389 -23.1450204789638 -4.6877760729607
-31.8780753003822 -23.4242127917932 -3.82991949383899
-32.4414603853753 -23.7034051046227 -2.97206291471729
-33.0048454703685 -23.9825974174521 -2.11420633559558
-33.63762380504 -24.1501321717388 -1.28404841212079
-34.32280454732 -24.2333485676483 -0.474807166422996
-35.0079852896001 -24.3165649635579 0.334434079274798
-35.6931660318802 -24.3997813594674 1.14367532497259
-36.3783467741603 -24.4829977553769 1.95291657067039
-37.0635275164404 -24.5662141512864 2.76215781636818
-37.7487082587205 -24.649430547196 3.57139906206597
-38.4338890010006 -24.7326469431055 4.38064030776377
-39.1190697432807 -24.815863339015 5.18988155346156

-12.7807832084449 56.8074345257073 -22.1092479684136
-11.9904888740185 57.4887108862376 -22.3064776467398
-11.2001945395922 58.1699872467679 -22.5037073250659
-10.4099002051658 58.8512636072982 -22.7009370033921
-9.61960587073942 59.5325399678285 -22.8981666817183
-8.82931153631305 60.2138163283588 -23.0953963600444
-8.03901720188669 60.8950926888891 -23.2926260383706
-7.24872286746032 61.5763690494194 -23.4898557166967
-6.45842853303395 62.2576454099497 -23.6870853950229
-5.66813419860758 62.93892177048 -23.8843150733491
-4.7449840958603 63.4395158596844 -23.960535124598
-3.78297953203224 63.8872683420248 -24.0013651893593
-2.82097496820418 64.3350208243653 -24.0421952541206
-1.85897040437612 64.7827733067058 -24.0830253188819
-0.896965840548065 65.2305257890462 -24.1238553836433
0.0650387232799941 65.6782782713867 -24.1646854484046
1.02704328710805 66.1260307537271 -24.2055155131659
1.98904785093611 66.5737832360676 -24.2463455779273
2.95105241476417 67.0215357184081 -24.2871756426886
3.95674147490757 67.3236229347058 -24.2448248225814
4.99607655029555 67.5135180422402 -24.1384076733091
6.03541162568354 67.7034131497745 -24.0319905240369
7.07474670107152 67.8933082573089 -23.9255733747647
8.11408177645951 68.0832033648433 -23.8191562254925
9.1534168518475 68.2730984723777 -23.7127390762203
10.1927519272355 68.4629935799121 -23.6063219269481
11.2320870026235 68.6528886874464 -23.4999047776758
12.2714220780115 68.8427837949808 -23.3934876284036
13.3090627599079 68.9415490079655 -23.2412709312655
14.3437756233736 68.8828467931185 -23.0099151433389
15.3784884868393 68.8241445782714 -22.7785593554123
16.413201350305 68.7654423634244 -22.5472035674857
17.4479142137707 68.7067401485774 -22.3158477795591
18.4826270772364 68.6480379337303 -22.0844919916325
19.5173399407021 68.5893357188833 -21.853136203706
20.5520528041678 68.5306335040362 -21.6217804157794
21.5867656676335 68.4719312891892 -21.3904246278528
22.610313462367 68.3746988734524 -21.1420129896471
23.5822142748506 68.0992348096013 -20.8147049990988
24.5541150873342 67.8237707457501 -20.4873970085504
25.5260158998178 67.548306681899 -20.1600890180021
26.4979167123014 67.2728426180478 -19.8327810274537
27.4698175247851 66.9973785541967 -19.5054730369054
28.4417183372687 66.7219144903455 -19.178165046357
29.4136191497522 66.4464504264944 -18.8508570558087
30.3855199622358 66.1709863626432 -18.5235490652603
31.3574207747194 65.8955222987921 -18.1962410747119
32.2348255981673 65.4464089477659 -17.801339950313
33.111985295116 64.9968451433152 -17.4062634865326
33.9891449920646 64.5472813388645 -17.0111870227521
34.8663046890132 64.0977175344138 -16.6161105589717
35.7434643859619 63.6481537299631 -16.2210340951912
36.6206240829105 63.1985899255124 -15.8259576314108
37.4977837798591 62.7490261210617 -15.4308811676303
38.3749434768078 62.299462316611 -15.0358047038498
39.2521031737564 61.8498985121603 -14.6407282400694
40.0437104565265 61.2922860083443 -14.2097447392642
40.8172583180903 60.7118652998579 -13.77118155398
41.5908061796541 60.1314445913715 -13.3326183686957
42.3643540412179 59.5510238828851 -12.8940551834114
43.1379019027817 58.9706031743986 -12.4554919981272
43.9114497643455 58.3901824659122 -12.0169288128429
44.6849976259093 57.8097617574258 -11.5783656275586
45.4585454874731 57.2293410489394 -11.1398024422744
46.2320933490369 56.648920340453 -10.7012392569901
46.9406978968612 56.0056861651066 -10.2457183960411
47.6167775160282 55.3309937316163 -9.78170478719498
48.2928571351952 54.656301298126 -9.3176911783489
48.9689367543622 53.9816088646356 -8.85367756950281
49.6450163735292 53.3069164311453 -8.38966396065672
50.3210959926962 52.632223997655 -7.92565035181063
50.9971756118632 51.9575315641646 -7.46163674296455
51.6732552310302 51.2828391306743 -6.99762313411846
52.3493348501972 50.608146697184 -6.53360952527237
52.9801162448933 49.8978379180762 -6.06241172589125
53.5685682053156 49.1542470450565 -5.58450057903097
54.157020165738 48.4106561720367 -5.10658943217069
54.7454721261604 47.667065299017 -4.62867828531041
55.3339240865827 46.9234744259973 -4.15076713845013
55.9223760470051 46.1798835529776 -3.67285599158985
56.5108280074275 45.4362926799579 -3.19494484472957
57.0992799678499 44.6927018069381 -2.71703369786928
57.6877319282722 43.9491109339184 -2.239122551009
58.2445431617112 43.1844756654229 -1.75904049198439
58.7485541434714 42.3847227026298 -1.2753357377951
59.2525651252316 41.5849697398368 -0.791630983605812
59.7565761069918 40.7852167770437 -0.307926229416524
60.260587088752 39.9854638142507 0.175778524772763
60.7645980705123 39.1857108514576 0.659483278962051
61.2686090522725 38.3859578886645 1.14318803315134
61.7726200340327 37.5862049258715 1.62689278734063
62.2766310157929 36.7864519630784 2.11059754152991
62.7589793564891 35.9744086456977 2.59380924266302
63.1703131566979 35.1220750478801 3.07540461566153
63.5816469569066 34.2697414500625 3.55699998866005
63.9929807571153 33.4174078522449 4.03859536165856
64.4043145573241 32.5650742544273 4.52019073465708
64.8156483575329 31.7127406566096 5.00178610765559
65.2269821577416 30.860407058792 5.48338148065411
65.6383159579503 30.0080734609744 5.96497685365262
66.0496497581591 29.1557398631568 6.44657222665114
66.4507910595246 28.2986822009193 6.92702453234369
66.7475727115167 27.3932554670673 7.39577312287323
67.0443543635088 26.4878287332153 7.86452171340277
67.3411360155008 25.5824019993633 8.33327030393232
67.6379176674929 24.6769752655113 8.80201889446186
67.934699319485 23.7715485316593 9.2707674849914
68.2314809714771 22.8661217978073 9.73951607552094
68.5282626234691 21.9606950639553 10.2082646660505
68.8250442754612 21.0552683301033 10.67701325658
69.1218259274533 20.1498415962513 11.1457618471096
69.2811464438983 19.1975419261815 11.5860783743931
69.4312667333829 18.2421050664633 12.0244919533722
69.5813870228674 17.286668206745 12.4629055323513
69.731507312352 16.3312313470268 12.9013191113304
69.8816276018365 15.3757944873085 13.3397326903095
70.031747891321 14.4203576275902 13.7781462692886
70.1818681808056 13.464920767872 14.2165598482677
70.3319884702901 12.5094839081537 14.6549734272468
70.4821087597747 11.5540470484355 15.0933870062259
70.4917966464062 10.5723779415464 15.4901172688589
70.4606540623779 9.58308185557917 15.874728181609
70.4295114783496 8.59378576961196 16.2593390943591
70.3983688943212 7.60448968364476 16.6439500071092
70.3672263102928 6.61519359767755 17.0285609198593
70.3360837262645 5.62589751171034 17.4131718326094
70.3049411422362 4.63660142574313 17.7977827453595
70.2737985582078 3.64730533977592 18.1823936581096
70.2426559741794 2.65800925380871 18.5670045708597
70.0842095964598 1.66891956839735 18.9016569924151
69.8426763622327 0.679964593609046 19.2037032058688
69.6011431280055 -0.308990381179255 19.5057494193225
69.3596098937784 -1.29794535596755 19.8077956327762
69.1180766595512 -2.28690033075586 20.1098418462299
68.8765434253241 -3.27585530554416 20.4118880596836
68.635010191097 -4.26481028033246 20.7139342731373
68.3934769568698 -5.25376525512076 21.015980486591
68.1519437226427 -6.24272022990906 21.3180267000447
67.8142922314136 -7.20863962830097 21.5720400338553
67.3487333504439 -8.14390490811089 21.7621346029224
66.8831744694742 -9.07917018792082 21.9522291719894
66.4176155885045 -10.0144354677307 22.1423237410565
65.9520567075348 -10.9497007475407 22.3324183101235
65.4864978265651 -11.8849660273506 22.5225128791906
65.0209389455954 -12.8202313071605 22.7126074482577
64.5553800646258 -13.7554965869704 22.9027020173247
64.0898211836561 -14.6907618667804 23.0927965863918
63.570877343122 -15.5957961798265 23.2487571463651
62.8906775729333 -16.4095140867231 23.3016116739623
62.2104778027446 -17.2232319936197 23.3544662015595
61.5302780325559 -18.0369499005163 23.4073207291567
60.8500782623673 -18.8506678074129 23.4601752567539
60.1698784921786 -19.6643857143095 23.5130297843511
59.4896787219899 -20.4781036212062 23.5658843119482
58.8094789518012 -21.2918215281028 23.6187388395454
58.1292791816125 -22.1055394349994 23.6715933671426
57.4378215377444 -22.9068727077261 23.7147419981319
56.5812004849653 -23.5265119540442 23.6154961578442
55.7245794321862 -24.1461512003623 23.5162503175565
54.8679583794071 -24.7657904466805 23.4170044772688
54.011337326628 -25.3854296929986 23.317758636981
53.1547162738489 -26.0050689393168 23.2185127966933
52.2980952210699 -26.6247081856349 23.1192669564056
51.4414741682908 -27.244347431953 23.0200211161179
50.5848531155117 -27.8639866782712 22.9207752758301
49.7282320627326 -28.4836259245893 22.8215294355424
48.776323721012 -28.8797569752541 22.5905302484013
47.8104552455253 -29.2431427946948 22.3402284410826
46.8445867700386 -29.6065286141354 22.0899266337639
45.878718294552 -29.969914433576 21.8396248264453
44.9128498190653 -30.3333002530167 21.5893230191266
43.9469813435787 -30.6966860724573 21.3390212118079
42.981112868092 -31.0600718918979 21.0887194044892
42.0152443926053 -31.4234577113386 20.8384175971705
41.0493759171187 -31.7868435307792 20.5881157898518
40.0679995760298 -31.9553223377867 20.2512234362328
39.078951546337 -32.0273813056951 19.8714950325532
38.0899035166441 -32.0994402736036 19.4917666288735
37.1008554869513 -32.171499241512 19.1120382251938
36.1118074572584 -32.2435582094204 18.7323098215141
35.1227594275656 -32.3156171773288 18.3525814178345
34.1337113978727 -32.3876761452372 17.9728530141548
33.1446633681798 -32.4597351131456 17.5931246104751
32.155615338487 -32.5317940810541 17.2133962067954
31.1933038569128 -32.4741048977516 16.7957082538578
30.2644546830949 -32.2540285376393 16.3305117701286
29.3356055092771 -32.0339521775269 15.8653152863993
28.4067563354593 -31.8138758174146 15.40011880267
27.4779071616414 -31.5937994573023 14.9349223189407
26.5490579878236 -31.3737230971899 14.4697258352115
25.6202088140057 -31.1536467370776 14.0045293514822
24.6913596401879 -30.9335703769653 13.5393328677529
23.76251046637 -30.7134940168529 13.0741363840237
22.856788987732 -30.4414305708182 12.6052509374472
22.0463815051001 -29.9551176346611 12.1211625150727
21.2359740224682 -29.4688046985041 11.6370740926982
20.4255665398363 -28.982491762347 11.1529856703237
19.6151590572044 -28.49617882619 10.6688972479492
18.8047515745726 -28.0098658900329 10.1848088255747
17.9943440919407 -27.5235529538759 9.70072040320025
17.1839366093088 -27.0372400177188 9.21663198082576
16.3735291266769 -26.5509270815617 8.73254355845126
15.563121644045 -26.0646141454047 8.24845513607677
14.8837952490348 -25.3722544343845 7.82234860536819
14.215265591089 -24.6629232983362 7.40101786077926
13.5467359331432 -23.953592162288 6.97968711619033
12.8782062751974 -23.2442610262398 6.55835637160139
12.2096766172516 -22.5349298901916 6.13702562701246
11.5411469593058 -21.8255987541433 5.71569488242353
10.87261730136 -21.1162676180951 5.29436413783459
10.2040876434142 -20.4069364820469 4.87303339324566
9.53555798546834 -19.6976053459987 4.45170264865673
8.94397614696615 -18.8928432046983 4.1087720733783
8.39741767367724 -18.0322428988701 3.81171465579524
7.85085920038834 -17.171642593042 3.51465723821218
7.30430072709943 -16.3110422872139 3.21759982062912
6.75774225381052 -15.4504419813858 2.92054240304605
6.21118378052161 -14.5898416755577 2.62348498546299
5.66462530723271 -13.7292413697295 2.32642756787993
5.1180668339438 -12.8686410639014 2.02937015029686
4.5715083606549 -12.0080407580733 1.7323127327138
4.04000493703048 -11.1295868966246 1.46908480872799
3.54535110379548 -10.2074336634519 1.28865986513224
3.05069727056048 -9.28528043027923 1.10823492153648
2.55604343732548 -8.36312719710654 0.927809977940729
2.06138960409048 -7.44097396393384 0.747385034344975
1.56673577085548 -6.51882073076114 0.566960090749222
1.07208193762048 -5.59666749758844 0.386535147153469
0.577428104385485 -4.67451426441574 0.206110203557715
0.082774271150486 -3.75236103124304 0.0256852599619617
-0.411879562084513 -2.83020779807034 -0.154739683633792
-0.926369615028241 -1.91318360870523 -0.302154105075602
-1.44398423629275 -0.996967337785883 -0.444368763997679
-1.96159885755726 -0.0807510668665392 -0.586583422919756
-2.47921347882177 0.835465204052803 -0.728798081841833
-2.99682810008627 1.75168147497215 -0.87101274076391
-3.51444272135078 2.66789774589149 -1.01322739968599
-4.03205734261529 3.58411401681083 -1.15544205860806
-4.5496719638798 4.50033028773018 -1.29765671753014
-5.0672865851443 5.41654655864952 -1.43987137645222
-5.59648696693569 6.32208679513525 -1.60228024261343
-6.14633918740941 7.20859679701717 -1.80068566758944
-6.69619140788313 8.09510679889909 -1.99909109256545
-7.24604362835684 8.98161680078101 -2.19749651754146
-7.79589584883056 9.86812680266293 -2.39590194251747
-8.34574806930427 10.7546368045449 -2.59430736749348
-8.89560028977799 11.6411468064268 -2.79271279246949
-9.44545251025171 12.5276568083087 -2.9911182174455
-9.99530473072542 13.4141668101906 -3.18952364242151
-10.5451569511991 14.3006768120725 -3.38792906739752
-11.06348680619 15.1796418663732 -3.67804241005677
-11.5745165721046 16.0568596282808 -3.98939387865707
-12.0855463380192 16.9340773901883 -4.30074534725737
-12.5965761039339 17.8112951520959 -4.61209681585767
-13.1076058698485 18.6885129140035 -4.92344828445797
-13.6186356357631 19.5657306759111 -5.23479975305827
-14.1296654016777 20.4429484378187 -5.54615122165856
-14.6406951675924 21.3201661997263 -5.85750269025886
-15.151724933507 22.1973839616339 -6.16885415885916
-15.617312304898 23.0831677565946 -6.51305839600298
-15.9735751112793 23.9895595729242 -6.93629928313053
-16.3298379176606 24.8959513892538 -7.35954017025807
-16.6861007240419 25.8023432055834 -7.78278105738561
-17.0423635304233 26.708735021913 -8.20602194451315
-17.3986263368046 27.6151268382426 -8.6292628316407
-17.7548891431859 28.5215186545722 -9.05250371876824
-18.1111519495672 29.4279104709018 -9.47574460589578
-18.4674147559485 30.3343022872314 -9.89898549302332
-18.8236775623298 31.240694103561 -10.3222263801509
-18.9533592555246 32.1800074125518 -10.7913358241955
-19.0480870523056 33.1243994080583 -11.2675212542504
-19.1428148490866 34.0687914035649 -11.7437066843054
-19.2375426458676 35.0131833990714 -12.2198921143604
-19.3322704426486 35.957575394578 -12.6960775444154
-19.4269982394296 36.9019673900845 -13.1722629744704
-19.5217260362105 37.8463593855911 -13.6484484045254
-19.6164538329915 38.7907513810976 -14.1246338345803
-19.7111816297725 39.7351433766042 -14.6008192646353
-19.6415328264041 40.6767692842749 -15.0601554097324
-19.4208029527691 41.6158528379225 -15.5040051169645
-19.200073079134 42.5549363915702 -15.9478548241966
-18.979343205499 43.4940199452178 -16.3917045314288
-18.7586133318639 44.4331034988655 -16.8355542386609
-18.5378834582289 45.3721870525131 -17.279403945893
-18.3171535845939 46.3112706061608 -17.7232536531251
-18.0964237109588 47.2503541598084 -18.1671033603572
-17.8756938373237 48.1894377134561 -18.6109530675893
-17.5840135749846 49.108958020058 -19.0314047986174
-17.0517034077036 49.9621291161351 -19.3725017453706
-16.5193932404225 50.8153002122122 -19.7135986921238
-15.9870830731415 51.6684713082892 -20.054695638877
-15.4547729058605 52.5216424043663 -20.3957925856302
-14.9224627385794 53.3748135004433 -20.7368895323835
-14.3901525712984 54.2279845965204 -21.0779864791367
-13.8578424040173 55.0811556925975 -21.4190834258899
-13.3255322367363 55.9343267886745 -21.7601803726431
