-0.924091658246179 -12.7254348626982 3.56849700212555
-1.49922175976287 -13.4676441585884 3.03113418778912
-2.07435186127955 -14.2098534544786 2.49377137345269
-2.64948196279624 -14.9520627503688 1.95640855911625
-2.97590595681522 -15.6825172032044 1.26837732578017
-3.13522742566642 -16.4050737239099 0.479113864851493
-3.29454889451762 -17.1276302446153 -0.310149596077188
-3.37332005893469 -17.8441738037282 -1.09757874877374
-3.07297629746779 -18.5324169919791 -1.87637461778055
-2.7726325360009 -19.22066018023 -2.65517048678737
-2.472288774534 -19.908903368481 -3.43396635579419
-1.76224724967144 -20.4333693846409 -4.04222960534542
-1.01338799756481 -20.9423179677977 -4.63433536198437
-0.264528745458174 -21.4512665509545 -5.22644111862331
0.696622885544755 -21.7395975144875 -5.56956946164323
1.72010559578601 -21.9631530282299 -5.83959564726342
2.74358830602727 -22.1867085419723 -6.10962183288361
3.80246979135742 -22.2095077199758 -6.13616280712859
4.87818474123086 -22.1368396211877 -6.04691729830439
5.9538996911043 -22.0641715223995 -5.95767178948018
6.95461209428946 -21.8421233995888 -5.67902535184336
7.90592001118018 -21.5216780399462 -5.27561974262041
8.8572279280709 -21.2012326803036 -4.87221413339747
9.68651505205798 -20.7805996548722 -4.3502550004629
10.411511324852 -20.2743364946456 -3.72696848220651
11.136507597646 -19.768073334419 -3.10368196395013
11.7371948284511 -19.1925309524159 -2.42986074676861
12.2054365133227 -18.5431747576502 -1.70219714064548
12.6736781981942 -17.8938185628846 -0.974533534522343
13.0384300148224 -17.1862264286401 -0.254636407353038
13.2685338350716 -16.4028650166763 0.455155954511186
13.4986376553208 -15.6195036047125 1.16494831637541
13.6509471274945 -14.7816019236497 1.81740509966451
13.6805011271392 -13.8576385084024 2.37938929445788
13.7100551267839 -12.9336750931551 2.94137348925124
13.6850716797759 -11.9711488547555 3.40672173107934
13.5542607650086 -10.9337931886079 3.68455224289749
13.4234498502414 -9.89643752246026 3.96238275471564
13.2638191341329 -8.85542834245887 4.13015392597476
13.0306122808469 -7.80509184498911 4.01694671564174
12.7974054275609 -6.75475534751935 3.90373950530872
12.5660983990439 -5.72871435231285 3.71209478774708
12.3425123276198 -4.8014111636575 3.20167718246417
12.1189262561957 -3.87410797500215 2.69125957718125
11.9060231745821 -2.95719109315765 2.16484556072719
11.854790217597 -2.19745450880568 1.39635120595042
11.8035572606119 -1.43771792445372 0.627856851173648
11.7523243036268 -0.677981340101755 -0.140637503603122
11.9529822410662 0.0298722737235086 -0.927654968928849
12.1903577882022 0.730163015274073 -1.71737250940042
12.4277333353381 1.43045375682464 -2.507090049872
12.8320888034065 2.19288318026768 -3.13944024191542
13.3125034503045 2.98361670813177 -3.70010977182186
13.7929180972025 3.77435023599585 -4.26077930172831
14.300574382619 4.64234518312349 -4.59838162769494
14.8300848945835 5.57232203192159 -4.75703138416062
15.3595954065481 6.5022988807197 -4.9156811406263
15.8108921893138 7.45714643448493 -4.87513734289908
16.1722675891643 8.44058753835485 -4.6055831138282
16.5336429890148 9.42402864222476 -4.33602888475731
16.773501630494 10.374456399157 -3.93704560963589
16.8256323908329 11.2738827489333 -3.33811097884334
16.8777631511717 12.1733090987095 -2.73917634805078
16.8131817463376 13.0066837581233 -2.08486115793975
16.5069014569783 13.7032721634394 -1.3158585280762
16.2006211676189 14.3998605687556 -0.546855898212642
15.8068114153087 15.0236174059338 0.220742393465037
15.1629761210639 15.4393328399123 0.984329231123171
14.519140826819 15.8550482738907 1.7479160687813
13.8251521261039 16.2104336330858 2.47705467886654
12.9204475171917 16.3123465485479 3.06146155346936
12.0157429082795 16.41425946401 3.64586842807218
11.0949541436541 16.4809154378999 4.18943690141528
10.0592433598589 16.2956589715306 4.44121315289025
9.02353257606376 16.1104025051612 4.69298940436522
7.98931820357065 15.9167287765308 4.92471127771912
6.98534315470538 15.5529598894166 4.75117636817149
5.9813681058401 15.1891910023025 4.57764145862387
4.97739305697483 14.8254221151883 4.40410654907624
4.12232896635347 14.4720684176179 3.85076821641376
3.27462515669099 14.1192295157495 3.2786571894094
2.42692134702851 13.766390613881 2.70654616240505
1.69682384866353 13.58278725204 1.94124232407057
0.993204853583957 13.437286469501 1.13244204040856
0.289585858504388 13.291785686962 0.32364175674656
-0.41404565772908 13.3295006933143 -0.485152299067184
-1.11768453733757 13.4749602873554 -1.29394269244033
-1.82132341694606 13.6204198813965 -2.10273308581348
-2.58861247294941 13.8577070461005 -2.80687477695425
-3.4361734143052 14.2108017802719 -3.37903963623568
-4.283734355661 14.5638965144432 -3.95120449551711
-5.17917085139351 14.9201987362981 -4.4013733956749
-6.18324988055806 15.283779611997 -4.57470059153877
-7.18732890972261 15.6473604876958 -4.74802778740265
-8.19810833709262 15.9731847561324 -4.83126799756996
-9.23380084379418 16.1586243305297 -4.57955136598284
-10.2694933504957 16.3440639049271 -4.32783473439572
-11.2874010396578 16.4905384055769 -4.03097043476839
-12.1919344370289 16.3886191495351 -3.44629970256423
-13.0964678344 16.2866998934933 -2.86162897036006
-13.9837115790283 16.1639607795646 -2.26509888041742
-14.6274948023577 15.7480513209285 -1.50157379871768
-15.2712780256871 15.3321418622924 -0.73804871701793
-15.9150612490165 14.9162324036564 0.0254763646818178
-16.2217214866211 14.2198177733626 0.794360997317178
-16.5280476048867 13.5231251370991 1.56325094175177
-16.8343737231522 12.8264325008357 2.33214088618636
-16.8062111127831 11.9405619016654 2.94243954620713
-16.7540803524442 11.0411355518892 3.54137417699968
-16.7019495921054 10.1417092021129 4.14030880779224
-16.3821429246294 9.16955110768218 4.45419730976461
-16.0208554376496 8.18612202362643 4.72391318840929
-15.6595679506698 7.20269293957068 4.99362906705397
-15.1649062566769 6.26164300956481 4.9237188635991
-14.6353957447124 5.33166616076671 4.76506910713343
-14.1058852327479 4.4016893119686 4.60641935066775
-13.6107202067102 3.56974659423069 4.16506243953336
-13.1300542383682 2.77918930121549 3.60435979093403
-12.6493882700262 1.98863200820029 3.0436571423347
-12.3072894731787 1.24996231377388 2.35197454134138
-12.0692297617355 0.550250896714108 1.56194949526262
-11.8311700502922 -0.149460520345661 0.77192444918386
-11.7043817991835 -0.871787064371285 -0.0103511542948191
-11.7547474694382 -1.63011887346746 -0.780288965667081
-11.805113139693 -2.38845068256363 -1.55022677703934
-11.8896391473785 -3.17980104579306 -2.26952490682099
-12.1133011198121 -4.10563685997071 -2.78256626390741
-12.3369630922458 -5.03147267414837 -3.29560762099382
-12.561296865115 -5.96506823661866 -3.78385138760513
-12.7956738277655 -7.01466941718411 -3.90137954568786
-13.0300507904161 -8.06427059774955 -4.0189077037706
-13.2644277530666 -9.113871778315 -4.13643586185333
-13.399888371763 -10.1524483963017 -3.87166349497668
-13.533249286147 -11.1907909951096 -3.59877600749583
-13.6666102005309 -12.2291335939175 -3.32588852001499
-13.652799699469 -13.1647855827584 -2.79093456355896
-13.6264477537767 -14.091686629067 -2.23364819900457
-13.6000958080843 -15.0185876753756 -1.67636183445018
-13.3985698183821 -15.8241595614918 -0.989410885888729
-13.1718524154232 -16.6122833545885 -0.283813144425193
-12.9451350124644 -17.4004071476852 0.421784597038343
-12.5208925303229 -18.0781339142178 1.14320401913233
-12.0557014899513 -18.7329744776951 1.86790340452656
-11.5905104495797 -19.3878150411723 2.59260278992079
-10.9247029393768 -19.9309038396278 3.23715758102729
-10.2022219367003 -20.4424231322536 3.85907178801334
-9.47974093402371 -20.9539424248794 4.48098599499939
-8.59261576850353 -21.3300073667399 4.94493210064705
-7.64294787880301 -21.6546178023936 5.34887149108136
-6.6932799891025 -21.9792282380474 5.75281088151566
-5.66051613543571 -22.1386692135453 5.95081873544822
-4.58524795487827 -22.2136245366513 6.04349077128841
-3.50997977432084 -22.2885798597573 6.13616280712859
-2.46428321438766 -22.1880101178898 6.01917522620701
-1.4393563485902 -21.9641599525725 5.75493274275285
-0.414429482792746 -21.7403097872552 5.49069025929868
0.476140138066015 -21.3741627350848 5.06853527492019
1.22857337421734 -20.8617163336386 4.48402609827056
1.98100661036867 -20.3492699321923 3.89951692162094
2.57501244831563 -19.7725638851975 3.24872939701409
2.87945534149027 -19.0784083792961 2.47680276498858
3.18389823466492 -18.3842528733947 1.70487613296306
3.44485909695335 -17.6867984274517 0.931811211933097
3.28912579144348 -16.9577297940555 0.147837913815877
3.1333924859336 -16.2286611606593 -0.636135384301343
2.97765918042372 -15.4995925272631 -1.42010868241856
2.54158050004133 -14.7592550971146 -2.03688785634564
1.96955977276901 -14.0134533239314 -2.5725930639884
1.39753904549669 -13.2676515507481 -3.10829827163116
0.770276916796241 -12.5198279880677 -3.49783608109598
-0.00621585247066892 -11.7665427076547 -3.49251326255151
-0.782708621737578 -11.0132574272417 -3.48719044400704
-1.55920139100449 -10.2599721468286 -3.48186762546258
-2.29351679288725 -9.69301970474337 -2.92818982782616
-3.02743257827297 -9.12783270419121 -2.36931654954519
-3.76134836365868 -8.56264570363905 -1.81044327126422
-4.41506431910518 -8.24283669484485 -1.03018201402604
-5.04660538575449 -7.99087358652994 -0.188707985911244
-5.67814645240379 -7.73891047821503 0.652766042203551
-6.35643325208772 -7.59992809805269 1.47729638452049
-7.0689848314704 -7.54376097201171 2.2894069481013
-7.78153641085307 -7.48759384597072 3.10151751168211
-8.58349563699179 -7.43003685208722 3.80519949181408
-9.51576280708799 -7.3704541833593 4.35085130016448
-10.4480299771842 -7.31087151463138 4.89650310851487
-11.4167509509977 -7.21542058700116 5.32201768133454
-12.4748814855737 -7.03199625339556 5.45287390949105
-13.5330120201496 -6.84857191978996 5.58373013764757
-14.5754042033794 -6.63152998948828 5.63118436996213
-15.5527041020894 -6.27544896157866 5.33369609060943
-16.5300040007994 -5.91936793366904 5.03620781125673
-17.478246299376 -5.54485180908216 4.70326215562501
-18.186909342575 -5.0183387296721 4.07797123515524
-18.8955723857741 -4.49182565026204 3.45268031468546
-19.5941822161032 -3.96185612831408 2.82296853198502
-19.917554589028 -3.302874446138 2.02824750055741
-20.2409269619528 -2.64389276396192 1.23352646912979
-20.5642993348776 -1.98491108178585 0.438805437702177
-20.4810794710092 -1.25658969780875 -0.350550911652231
-20.3740906255413 -0.524214783175937 -1.13959364697778
-20.2671017800734 0.20816013145688 -1.92863638230332
-19.809016912186 0.940969016988867 -2.56137980013267
-19.2957989716642 1.67384604954497 -3.16957932947013
-18.7825810311423 2.40672308210107 -3.7777788588076
-18.0319999241412 3.07993125238627 -4.12132796081678
-17.2160216829494 3.73669975070883 -4.39196187650487
-16.4000434417576 4.3934682490314 -4.66259579219296
-15.5043810752258 4.96089619999744 -4.63066802778466
-14.57469767875 5.49018032465122 -4.46956196174488
-13.6450142822743 6.019464449305 -4.3084558957051
-12.7827111183726 6.48739087246104 -3.90432159642013
-11.9649779711674 6.91473100382576 -3.33943136027239
-11.1472448239622 7.34207113519048 -2.77454112412465
-10.4480032014314 7.78314159048972 -2.09895526587526
-9.88527379582534 8.24003053546193 -1.29583872711116
-9.32254439021928 8.69691948043414 -0.492722188347064
-8.82264986813319 9.20577645720363 0.309976637970797
-8.48579636620468 9.84947765497208 1.11159160354838
-8.14894286427618 10.4931788527405 1.91320656912597
-7.81825499002388 11.1584441824526 2.69345159121343
-7.54984227287771 12.0415153504621 3.25785215137664
-7.28142955573153 12.9245865184716 3.82225271153985
-7.01301683858536 13.8076576864811 4.38665327170306
-6.65627503205037 14.807435331531 4.5737225463006
-6.29489943860254 15.813335455027 4.74099683846422
-5.93352384515472 16.8192355785231 4.90827113062784
-5.43511545738194 17.7455091879538 4.71522073980216
-4.91305420531493 18.6580386776598 4.45997566871334
-4.39099295324793 19.5705681673658 4.20473059762451
-3.76004447785485 20.2596813341061 3.69421440045252
-3.09752102229776 20.884008516316 3.10967500297919
-2.43499756674068 21.508335698526 2.52513560550586
-1.71854440318607 21.8481534940811 1.81798921983135
-0.979419784341983 22.0683666769192 1.05930020664421
-0.240295165497898 22.2885798597573 0.300611193457064
0.498801537531268 22.2290885301735 -0.458052987712342
1.23788217160095 22.0085931070167 -1.21670287502402
1.97696280567063 21.7880976838598 -1.97535276233569
2.6727067542932 21.339005409883 -2.63544400788751
3.33523020985029 20.714678227673 -3.21998340536084
3.99775366540737 20.0903510454631 -3.80452280283416
4.59071731948352 19.3233614658252 -4.22607359663672
5.11268623478474 18.4107665304681 -4.48127352263146
5.63465515008597 17.4981715951109 -4.73647344862619
6.08969078932282 16.5467045676141 -4.81551250713037
6.45105473219033 15.5408368738681 -4.64801817802834
6.81241867505784 14.5349691801221 -4.4805238489263
7.14405071707656 13.568320144716 -4.18625662124978
7.41229973796451 12.6852781771164 -3.62173256236618
7.68054875885246 11.8022362095168 -3.05720850348259
7.9611341374407 10.9622812800069 -2.44999402802435
8.2978965556023 10.3185351750686 -1.64837685449404
8.63465897376389 9.67478907013029 -0.846759680963734
8.97142139192549 9.031042965192 -0.0451425074334277
9.53206491584496 8.57237500954934 0.757947041633601
10.0947190687208 8.1153692017012 1.56104981379455
10.6573732215967 7.65836339385306 2.3641525859555
11.425298197133 7.22498572993384 2.97544790805231
12.2428105957044 6.79731593405623 3.54040816389687
13.0603229942759 6.36964613817863 4.10536841974143
13.9527337794371 5.87413975086467 4.4005129901291
14.8824747700179 5.34482283693493 4.56117836247134
15.8122157605986 4.81550592300519 4.72184373481357
16.6772173930203 4.21375332181017 4.63701109983089
17.4931101151755 3.55705365646186 4.36595265175437
18.3090028373306 2.90035399111355 4.09489420367784
18.9779528346165 2.20680699278992 3.66005964687898
19.4909469717188 1.47415252919538 3.05140332424551
20.003941108821 0.741498065600826 2.44274700161205
20.352184704623 0.00911797030164399 1.76085985268039
20.4582420197503 -0.722858798632323 0.97132206228846
20.5642993348776 -1.45483556756629 0.181784271896528
20.5310990584189 -2.16293033201441 -0.609532434756249
20.2068773199259 -2.82111632105844 -1.40456673270995
19.882655581433 -3.47930231010247 -2.19960103066365
19.4651883918825 -4.10535398951903 -2.9535107936981
18.7553035762944 -4.63063251132787 -3.57845406306878
18.0454187607062 -5.1559110331367 -4.20339733243945
17.2928811801197 -5.6541106958266 -4.77608404398018
16.3149221468644 -6.0091975788541 -5.0725928998076
15.336963113609 -6.36428446188159 -5.36910175563502
14.3532597850742 -6.70702367661063 -5.6348053542504
13.2952871130658 -6.89011698642965 -5.5022205436918
12.2373144410574 -7.07321029624867 -5.3696357331332
11.1793417690489 -7.25630360606769 -5.2370509225746
10.2450550524342 -7.31960306058331 -4.69986415195559
9.31392839614309 -7.37984189428757 -4.15234018018266
8.38280173985194 -7.44008072799183 -3.60481620840972
7.64073678982652 -7.49832086232313 -2.82912254653991
6.93022551153833 -7.5562274214151 -2.01534824082155
6.21971423325014 -7.61413398050708 -1.20157393510319
5.56461636321949 -7.80610546394018 -0.368161812865124
4.93492687783106 -8.05954894976042 0.474254722047694
4.30523739244262 -8.31299243558066 1.31667125696051
3.62600652844006 -8.71584712337655 2.02363644676615
2.89282675408097 -9.2814056310324 2.58309963563279
2.15964697972189 -9.84696413868825 3.14256282449944
1.41443932108571 -10.4631255175872 3.55184353582519
0.636896459438724 -11.2153252950008 3.55738068027954
-0.140646402208258 -11.9675250724145 3.56291782473388
