-0.47442715861451029 -1.719343162145222 0.31346782724672401
-0.50078292306102623 -1.77309874747555 0.21534928570108289
-0.51432276954359935 -1.8405349729727201 0.088832379863113833
-0.50901231078993059 -1.9100662117638929 -0.01811441407155643
-0.50043556604811545 -1.9830684156212119 -0.099045757891252501
-0.48448989523444819 -2.0608289296187068 -0.1699880295565161
-0.44514863607727811 -2.1598571150979282 -0.2496496023277042
-0.39223605678724471 -2.248227773835541 -0.31623594758973672
-0.32430160501018529 -2.334705334525438 -0.37694524946584812
-0.2466141636299197 -2.4117867377393001 -0.42823417289663929
-0.154373080449171 -2.4835700446889781 -0.47470253663803619
-0.052971407562089221 -2.5457963717131991 -0.51302354198867095
0.053630733855364272 -2.5965787845778858 -0.54221347565211286
0.16715267185938651 -2.6363203832301112 -0.564084138406726
0.28438615984281163 -2.6644367693150901 -0.57757786097421826
0.41160799210228632 -2.6825838024142619 -0.58189001287150532
0.53057122793919309 -2.688242127377154 -0.57758765870258555
0.65200743341827905 -2.6826246878793309 -0.56367880769711676
0.77137843985039745 -2.6653928706366239 -0.5402861032318611
0.88586209774350233 -2.6371388045820479 -0.50807370601216384
0.99705582764652501 -2.597467388051105 -0.46618027354509439
1.0969345417432139 -2.5495104385420539 -0.41817096105155371
1.18921554590226 -2.4914748188118492 -0.36228135610801349
1.2712099500526191 -2.424604087222507 -0.29975419736911157
1.3412152084903439 -2.350380405635804 -0.2319606169683362
1.398524838101872 -2.2696382554645789 -0.15965420982630099
1.4423756477834011 -2.183220085102255 -0.083602681543179777
1.4714077737541049 -2.0938051252000931 -0.0061666615063453159
1.485229706568767 -2.0074821586485392 0.067500711810240505
1.486858049270023 -1.909031460741289 0.15043403705148661
1.4840706627181139 -1.8128240662294239 0.2311774296582717
1.4813065205827509 -1.718706843430984 0.31021566686858892
1.4785073266184241 -1.624614797352421 0.38928280388715908
1.475675344504269 -1.5305489795582969 0.46838011834375343
1.472813776442345 -1.4365109385178449 0.54750947603557354
1.469894257656384 -1.3414423590877931 0.62756593727590337
1.464687653674634 -1.2378120592569659 0.71111112169842572
1.453684382925938 -1.1464067958234361 0.77284941371900662
1.434031263127733 -1.040467224081941 0.82993322603983066
1.406778718546734 -0.92764710892346747 0.8758899561034742
1.372366053925641 -0.81428007987108353 0.90969546517640798
1.330884835070697 -0.7001986862965458 0.93147780990708751
1.282268942947387 -0.58860512164313838 0.94078635215479567
1.226215303475245 -0.47945543831040688 0.93775776031011793
1.162798765448021 -0.37408765583799491 0.92223453300756142
1.094050055498941 -0.27583258489617057 0.89429560842375833
1.02195435533937 -0.18660842695812499 0.85477039378839093
0.94625883969345193 -0.10537039681084059 0.80288694425130092
0.86906999778807359 -0.03417520071344058 0.7387873380481822
0.7926956688397615 0.025573675702065299 0.66358057262548542
0.71963233332496002 0.073623319939287293 0.57619187609902323
0.65296689754791881 0.1089362773791762 0.47838135072330901
0.59652173392612129 0.13180822180059709 0.37118238017915772
0.5534729351805221 0.14287310455118571 0.25694635375334263
0.52778765278077211 0.14415340234155971 0.14529137920441079
0.517356311761489 0.14516697060991679 0.039201307080736859
0.51299204488137295 0.1487436400050412 -0.095536955649213856
0.5295845091098984 0.15161423211676739 -0.2239973218405443
0.56443439138105234 0.161103960989919 -0.34818429728800748
0.61116707036864115 0.17439394006419329 -0.4566357845318697
0.67244045616747461 0.19457776127565851 -0.56159409059208731
0.74597812851869427 0.22174862760266739 -0.65862399284380757
0.82900150681723184 0.25783901025970007 -0.74583779475937662
0.91603247875911387 0.30090466883266997 -0.8189394528694327
1.008541613946218 0.35111549445155482 -0.87994250883289504
1.105893526892634 0.41077965837653541 -0.92935922567676488
1.2032408701825681 0.47711162090599601 -0.96459142833937594
1.299041315543394 0.54895790142180745 -0.98589225288458848
1.3949197837999969 0.62779833780069116 -0.99356031125266431
1.485927444252704 0.71012803389869161 -0.98733836419460863
1.571159393880833 0.79637230682540427 -0.96783549658880841
1.650290747339948 0.88448878654275842 -0.93446776744969084
1.7209888534249951 0.97444655498631549 -0.88859159906528795
1.7818001328763411 1.0646041458649671 -0.83124860423561964
1.832272537650866 1.153378474451433 -0.76281931090325028
1.87073501303193 1.2405137579491381 -0.68540727059129369
1.897639032965269 1.3246006057272299 -0.59852558611286499
1.913098116378303 1.402102320801512 -0.50393496297281182
1.9160711651977791 1.472952376690424 -0.40375683410309482
1.9060558724547481 1.5370801835890291 -0.29911897175518659
1.8831741522628731 1.5932001012411641 -0.19234132311313079
1.847689314248026 1.640951046086804 -0.085824918608580547
1.7982432354497919 1.6817538409462689 0.023143784574546251
1.739778430678881 1.711421997530705 0.12535030406795369
1.6705010279527419 1.7312783049929441 0.22410090580075689
1.5907755971197881 1.741888601972251 0.31670446954180859
1.5021394548511251 1.742278049374034 0.40239095535353198
1.4067260091926279 1.7320754902805591 0.47963385109717288
1.3052425905508449 1.712777262529976 0.54624053898756131
1.200038642224929 1.6839844137432181 0.60188037075573741
1.090275947681149 1.6470520679463301 0.64568682742226935
0.98056540868619957 1.603849027130763 0.675570006873072
0.86944439444836064 1.5532321393921069 0.69228844339115692
0.75924234188231443 1.4962049164826829 0.69487472995784116
0.65384733070226364 1.4355259109521019 0.68303029833317463
0.55322986057490198 1.3731446719276681 0.65688539676717594
0.45700594758877028 1.308734278212955 0.61621681251717553
0.3666976209451675 1.244337264947784 0.56108807230156399
0.28380732741830678 1.182388477592081 0.4920948367916646
0.20994015317273501 1.1262675390294581 0.41120572866588961
0.1445204608532025 1.077362909403502 0.31659596251199662
0.083631960928030227 1.0387340806961951 0.20244906540972929
0.039432800843713332 1.021718604656088 0.096005127528906734
-0.00078254538743951498 1.014618257787649 -0.018741438517626972
-0.047361317481600579 1.0302385646629419 -0.14099762485773901
-0.094556625106532718 1.0537141672923129 -0.2377894279841806
-0.14881300449880611 1.091118817026137 -0.33137229183335859
-0.21864876119130711 1.1421805991220639 -0.4224188345824314
-0.29520662626882849 1.1991277320600491 -0.49854519116426899
-0.38246074490997961 1.261479480367437 -0.56313618393465825
-0.47536495828147107 1.3242345594921761 -0.6131241365848783
-0.57513395214839091 1.387382392819057 -0.64919413380630198
-0.67909341320767769 1.447564948912289 -0.67074452673823803
-0.78618871719717665 1.5048472621275959 -0.67776699649507122
-0.89750445031005133 1.557846050202371 -0.670645568742123
-1.00905782139039 1.6043818099124281 -0.64946789048030606
-1.119327346178302 1.643784060421438 -0.61505294277297473
-1.2269738910719159 1.6750509102452109 -0.56826989194950261
-1.333756515326578 1.698372323292938 -0.50862252252241058
-1.4332472835640939 1.7124285281038221 -0.43919072006984933
-1.525521796891723 1.7181981432638831 -0.35943575141344658
-1.611253282617179 1.7133821863612171 -0.27110368373486893
-1.688026672847083 1.698171629644502 -0.17654179637571621
-1.754241861228405 1.6734056941353099 -0.076808534111401885
-1.8092696692227781 1.6394048863978219 0.027283456185778151
-1.853292839380039 1.5953048238735199 0.1352010456943091
-1.884369173544298 1.543948328014016 0.24121153191429009
-1.902673710806251 1.484924274082648 0.34661108216604131
-1.9079531878880309 1.418287163601696 0.44976273248455573
-1.900193135454703 1.3453195222977099 0.5481711069725842
-1.8798165956562549 1.266527527698055 0.6403544794331385
-1.847798732287558 1.182832921448052 0.72412787164498671
-1.804122509725625 1.0951719184396489 0.7993375441668702
-1.7491661343317499 1.0067361615954671 0.8645193499509185
-1.6841593531825481 0.91744056458789913 0.91831595780696262
-1.6092694765101021 0.82888646370259311 0.96063615513493328
-1.5264809471506351 0.74313309346858492 0.99024001722559685
-1.43810258879282 0.6595335314300742 1.005785024895786
-1.344540598414375 0.57987049920383638 1.0076945459789399
-1.247362144692121 0.50516468314816709 0.99596827469004601
-1.147273530177672 0.43565202985106161 0.97018080563704501
-1.0494148222384589 0.37361530305768742 0.93120990392792014
-0.95193974180341423 0.31778705683533759 0.87791531666124523
-0.85926680145931056 0.2714551267459141 0.8129973393200427
-0.77355166600114478 0.2325444242252665 0.73670026807979194
-0.69267512117913532 0.200124325026761 0.6461693102134296
-0.62149068423049758 0.17645021857572321 0.54554858804201123
-0.56311655659332394 0.15945294898191201 0.43703556639146229
-0.52003585807067543 0.14891406812518049 0.32544798124091329
-0.49169074908793431 0.14181003244205281 0.20479904652795869
-0.48123412443497737 0.1403607397041492 0.097260488836351952
-0.48571631541645011 0.1358480677263432 -0.043182815588887313
-0.50115406633668713 0.1357478341530422 -0.16523205864371379
-0.53164920197001209 0.13172653499962689 -0.27743099155288792
-0.58041497996472768 0.1157363790636028 -0.39317761772731402
-0.64013342528235717 0.088201368369215008 -0.49717883875250241
-0.70801329010921699 0.048888368723230609 -0.59029974527725981
-0.78270049968296185 -0.003326456801920708 -0.6742731598809012
-0.86044654021249622 -0.067539960878975736 -0.74640301431741729
-0.93755797764147442 -0.14201609433145879 -0.8065168248554544
-1.012544550611292 -0.22562273303339689 -0.85414852818489062
-1.084701526924797 -0.31715792633619039 -0.8894335510369823
-1.153347951472909 -0.41780125462509782 -0.91310097487587827
-1.2156009457858501 -0.5230263945021898 -0.92371903331060057
-1.271109095494334 -0.63253890979290472 -0.9219244509848411
-1.3190344564817691 -0.74377570953108085 -0.9077385332767639
-1.360432758473749 -0.8589973768245508 -0.88091765232396479
-1.3951657729192291 -0.97347651695617776 -0.84140877640629264
-1.4216183489094429 -1.0796902769025101 -0.79206076371858958
-1.440224414924979 -1.181323664727526 -0.73170313824125266
-1.450969830697846 -1.272765105051362 -0.66397860150726395
-1.4591883015821361 -1.375427570286589 -0.57942232072830258
-1.4667709338563439 -1.4701415420042621 -0.50141794373920678
-1.474366594254753 -1.564862054732572 -0.42342282343073739
-1.4819884306611391 -1.6595925864046801 -0.34544257961293701
-1.4896499304831099 -1.7543362135838561 -0.26748244357026579
-1.497364982907206 -1.8491015193559219 -0.18954267075277351
-1.5055376868439501 -1.9587537743351131 -0.099324030210205722
-1.5026937548530821 -2.0378345378293239 -0.03340839347186822
-1.484603096202622 -2.130748685075599 0.045422204203477513
-1.451138321947399 -2.2213187891879538 0.12365575630292611
-1.403941703626759 -2.3064565091725568 0.19847304513120631
-1.343107732862866 -2.3862148997498158 0.26980724607760143
-1.269647127086305 -2.459220641040138 0.3363298847183418
-1.1846888111001299 -2.5244274845821661 0.39697737302674752
-1.0896006280714521 -2.5808352065444642 0.45071027470968589
-0.98594571798787889 -2.627671389490573 0.49667157291693109
-0.87406491070773895 -2.664601871382382 0.53475171581772285
-0.75781366654033544 -2.6897818855129501 0.56442701157901509
-0.63857013077023816 -2.7026053992132688 0.58612755915372039
-0.51551792760139792 -2.7041349106518142 0.59880356352366004
-0.3913414917125671 -2.6947087996486778 0.6013559508062386
-0.27164551810142751 -2.6734430026744498 0.59594676385967005
-0.1548981413640633 -2.640537096069699 0.58179650755088297
-0.043894506535170442 -2.5965835268031801 0.55940792958792041
0.06310568706449049 -2.5406625271802921 0.52836027450186762
0.16142738301028051 -2.4755832687388328 0.48936016644075458
0.24880579008499479 -2.40153834443645 0.44372923298997707
0.32326762441127532 -2.3210277360365188 0.39240623868377122
0.38739127989360161 -2.2328930952611712 0.33209638599176211
0.43517610570791632 -2.1436708519831149 0.26735427521353061
0.46971232519243428 -2.0455869726115901 0.19075411983746349
0.48517630839480058 -1.944944661704975 0.097305626261713282
0.49059118304211058 -1.8884455592340099 0.030288818827089382
0.49100371572126972 -1.8141766634861221 -0.086648290028212047
0.47409151539918892 -1.7505593648376609 -0.20498728655470869
0.44652007181819459 -1.699750893215473 -0.29104202783833449
0.39663352196147889 -1.6288052210582751 -0.37786368977562401
0.33327324061677249 -1.5475533784601909 -0.44509371744740539
0.26274803034411731 -1.46407453163602 -0.48772523905108889
0.18697559655618901 -1.379396188429268 -0.50872285275628992
0.093650318402484334 -1.2791542337832791 -0.51101002712375176
0.0038692527648235761 -1.195821058440282 -0.49792220949275451
-0.086345913711288649 -1.1252937050940219 -0.47515995875417322
-0.18998385869669451 -1.053605792314438 -0.43989074222326519
-0.28449581951331632 -0.99618033958881302 -0.39824389453630171
-0.38631267165429017 -0.94599302738660862 -0.34584231513103081
-0.48900139231585499 -0.90471192399766764 -0.28423389052090248
-0.578969482244444 -0.87598468108631689 -0.22257494422532631
-0.67299404786206241 -0.85169048066657438 -0.14833745233753479
-0.77285573755018999 -0.82596827532058448 -0.067874421797676929
-0.87848676263851877 -0.78448724415112869 -0.0016857769416475979
-0.97359998173571516 -0.7356958237741652 0.037279585866366677
-1.070260002772355 -0.67344061141574585 0.060914171103757263
-1.167339075070285 -0.59268505219618883 0.07513411449661099
-1.252616371881067 -0.50163608261721393 0.081656004655840872
-1.32524163089965 -0.40248397472066888 0.082201645985434571
-1.387007729657274 -0.2924491730367797 0.077139333046252215
-1.4323366057594951 -0.18184618057750909 0.069441968611875002
-1.4658118493750021 -0.060016517628663647 0.058043604087795582
-1.4836225878969931 0.059998638661883742 0.045297420891795261
-1.4865842938007769 0.18056876511328879 0.03300389939918541
-1.474270171847706 0.3053558526832747 0.02133099113424463
-1.4478003304674281 0.42005526892271472 0.011967542361842311
-1.4055121810790649 0.53564591765756153 0.0059667331142006473
-1.349651805188353 0.64385050862873261 0.0066085243801395233
-1.272203487770347 0.7560342983914784 0.01895630557243726
-1.2057952107946359 0.83061546163721067 0.039210121589285059
-1.116955486796565 0.91688090206651984 0.085892733930592852
-1.047485133459831 0.99332270078060014 0.14382729249624709
-0.99316389613359268 1.0810440661003939 0.2105037799065394
-0.95279088971138015 1.174133853480259 0.26423872799520842
-0.9124516462113148 1.2815718649542429 0.3037092462775699
-0.85801324559742675 1.4069630270896349 0.3250573155467455
-0.80316320453342704 1.512808465960533 0.32774631021470862
-0.73580168515780664 1.616252098136651 0.31784497614196677
-0.659522754339957 1.7110201008075261 0.29693672820653177
-0.57486756610385292 1.7952873232000619 0.26710781254552363
-0.48241108011318301 1.867775323597642 0.2300034413831363
-0.38331294113084841 1.927156738228476 0.18698556412308259
-0.28073364533321399 1.9716551239262099 0.14109287676511151
-0.17067766817859281 2.003340925093041 0.089901193181844558
-0.062913114076487475 2.0193585743611191 0.039641725910501663
0.049687093293262451 2.021072907155208 -0.01258620069108243
0.1640550120421235 2.0079075442716139 -0.065506304909214885
0.27089808401612048 1.980773672507453 -0.1149397561108125
0.37379229059398411 1.9394518787715951 -0.16206720335302491
0.47500718627722133 1.882942258537611 -0.20605200228234
0.56958572688518239 1.813492302348533 -0.2440906766294211
0.6571027419937433 1.731015128131012 -0.27560781254219668
0.73515121287139318 1.6385727313949869 -0.29790829313382522
0.80261802238285374 1.539584880412419 -0.30956655663113031
0.86719282170670076 1.424094261231186 -0.30830160728648681
0.91500106179845486 1.320202300733452 -0.29217871622662878
0.95918039010009892 1.2088242043727859 -0.25594638268422681
1.001869343742525 1.110653266078693 -0.20278197690664559
1.057425571531593 1.0201788547621149 -0.13526897728335729
1.1288102250297301 0.94209997376858712 -0.074195786022134655
1.2224408206643671 0.85465761187234091 -0.02483802570442438
1.288011195774851 0.78492883649067136 -0.004786618285325275
1.36393194912045 0.68188454581766911 0.0077802315784445634
1.426444638878964 0.56979480638367153 0.0090340879964838725
1.4726082693102709 0.45475503601568779 0.003146377386133388
1.5022543316781081 0.34114366792641632 -0.0060701565016764566
1.5177956424889441 0.21970153472715409 -0.017737842260635302
1.518161269742935 0.099406598139524238 -0.029987522299248861
1.5036153900775999 -0.02156707695999446 -0.042547604814087737
1.4732703946059571 -0.14625610463391731 -0.053732485614991901
1.4306759243221561 -0.2589448537402777 -0.061554216786995242
1.372822963375367 -0.36955019771782288 -0.066693873973337106
1.3024229871409361 -0.471608477834843 -0.066749931600056669
1.220203850885307 -0.56417459878378051 -0.061252975259848901
1.12412992561597 -0.64904574501390666 -0.048235655482501527
1.0202555683985011 -0.71914213782262526 -0.025697482320720211
0.92233289610408031 -0.77017350613077318 0.00979850587326625
0.83933077533406686 -0.80423393708042001 0.057736419939247018
0.75688785795739755 -0.83007593870848884 0.11850387752972109
0.61808758357927007 -0.86361860606087615 0.23566638126041109
0.54724655290150226 -0.88254468432738264 0.28957666363477841
0.44775452897314288 -0.91558551283435352 0.35581056252178289
0.34434853542650379 -0.95978724250952951 0.41505202320776541
0.24712600489850209 -1.012958274934237 0.46353992228948071
0.14418305731427711 -1.076775164723071 0.50483465404547612
0.049166370382000488 -1.144486586673173 0.53520599667654756
-0.037869100602159499 -1.2178466392700951 0.55413248386504066
-0.140722739823678 -1.316966386283529 0.56399804115827579
-0.21915247679630481 -1.4010000780309351 0.55643747112093067
-0.29687506634645622 -1.4882528833765161 0.52751400928756798
-0.36464798884769051 -1.569012044447925 0.47914246786569181
-0.4253787036888772 -1.6479139687932221 0.40749029912370022
