-0.47442715861451029 -1.719343162145222 0.31346782724672401
-0.50153399479513261 -1.7768395168329378 0.20833123922738073
-0.51309224260513697 -1.8344062408479285 0.10033047631530816
-0.50975397415202317 -1.9003554175134538 -0.0031781303277447492
-0.50076740890052818 -1.9802438871678556 -0.095914443063636112
-0.48087065102802939 -2.0699391409908436 -0.17731658720573881
-0.44423120206528754 -2.1613893452230841 -0.25080412132294516
-0.39093439319035561 -2.2498847341811872 -0.31739917311342264
-0.32445214090291702 -2.33451370897376 -0.37681072377651109
-0.24530144294043904 -2.4128083154240239 -0.42889548324107779
-0.15515059963634714 -2.4829649683331101 -0.47431084517952615
-0.055504416754349278 -2.544241960884805 -0.51206628501207352
0.05202946380686306 -2.5958159822961528 -0.54177501385508409
0.16608754246894847 -2.6359475042474956 -0.56387893502403297
0.28485298054036273 -2.6645033570264869 -0.57759368374394959
0.40648229927436885 -2.6818526691193516 -0.5817162788066812
0.52914746424090708 -2.6881744079878938 -0.57763914970011754
0.65115802338657502 -2.6826639801928804 -0.56377609596075207
0.77061838163920104 -2.6655025889390878 -0.54043504909101348
0.88577600982977156 -2.6371600507026365 -0.50809792866650549
0.99489558931251032 -2.5982381123970688 -0.4669941665482138
1.0967244728946834 -2.5496113034886396 -0.41827193613003233
1.189329139645654 -2.4913821771638802 -0.36219473197678714
1.2713241363772185 -2.424483020182862 -0.29964361853617583
1.3415101566026126 -2.3499648603786643 -0.23158848686671049
1.3988651188837016 -2.2689676534212246 -0.15906405257056361
1.4425423526581451 -2.1827066569879729 -0.083158037494929629
1.471629398730153 -2.0924209971153371 -0.0049854569623981465
1.4853617633461575 -1.9994979168255775 0.074226512012614446
1.4867552489766738 -1.9054832810417761 0.15341189616481984
1.4840272218279498 -1.8113449324736624 0.23241958408205918
1.4812626260521946 -1.7172313736191949 0.31145552909539281
1.4784630187067396 -1.6231430860988343 0.39052032470549747
1.475630677655164 -1.5290811189663489 0.46961526599822245
1.4727688193931756 -1.4350469976723679 0.54874224846424235
1.4698737990961928 -1.3410351595515555 0.62789421539926371
1.4650691798069093 -1.2454058128091046 0.70498915213924973
1.4533106949798393 -1.1443924417981652 0.7739348155687219
1.4333078446239615 -1.0374724153344244 0.83115314694674103
1.406384610653606 -0.92634878339529436 0.87627711060323621
1.3719836334600426 -0.813228349453049 0.90989627929527128
1.3305906005624135 -0.69952329649725731 0.93153414733568274
1.2815430499758369 -0.58719163647564032 0.94074713198007642
1.2253045581986983 -0.47794221773463608 0.93753482625565265
1.1623776998865532 -0.37348587252244164 0.92206341533894776
1.0937210958410222 -0.27542547117914673 0.89411526200841263
1.0206245457889389 -0.18518124719157969 0.85385891169972306
0.94467697656958494 -0.10391136396978555 0.80157332429271411
0.86756144681443936 -0.032995036816338953 0.73730184886923211
0.79113647008049226 0.026599072984438595 0.66171566533322779
0.71858522814403103 0.074177975890429598 0.57465557911578857
0.65235078856366668 0.10918592871405 0.47721125492382899
0.59617622476160859 0.13189702842252349 0.37026552314254496
0.5531736962825845 0.14288802028751521 0.25564555000848704
0.52683987993623238 0.14424549332766209 0.13565222645806677
0.51651459394993871 0.14585678780455708 0.013214904609828826
0.5147955580239153 0.14905565819167535 -0.1094999183249787
0.53159270440716666 0.15216106980038241 -0.23115349235885885
0.56484710150509332 0.16122132872981901 -0.3491420644805267
0.61372437070287822 0.17523633015015527 -0.46101631463754988
0.67531265587123068 0.19563898815053846 -0.56538383872515086
0.74799824369127044 0.22262677459070482 -0.66074606891585297
0.82920460196482115 0.25793950811797689 -0.74600838451278995
0.91730193456965392 0.30159368645460527 -0.8197765667792849
1.0108436333794317 0.35252633539617356 -0.88111103484391273
1.1070463431567479 0.41156518125420455 -0.92977645592545333
1.2043683366806517 0.47795717307423896 -0.9648421157549284
1.3011483811615316 0.55069053207218777 -0.98606076936632869
1.3958790246438204 0.62866611098334335 -0.99349473055630855
1.4868613039569842 0.71107298531142604 -0.98712467739928789
1.5721000605258935 0.79741978332778829 -0.96743884079498577
1.651064328856608 0.88547310805858803 -0.93396578857242551
1.7214881463471954 0.97518679672131059 -0.88812078260303728
1.7822096854435676 1.0653244950208833 -0.83069334254593064
1.8325861014262417 1.1540888413269728 -0.76218821237463874
1.8709940282783843 1.2413232940576744 -0.68457082752541309
1.8976711201577929 1.3247614698862544 -0.59832925186363639
1.9130888371222194 1.402055800691498 -0.50399174063496477
1.9160614700053478 1.4730144548986237 -0.40365554058755837
1.9060627308817186 1.5370362691582007 -0.29919062728794765
1.8831546413328752 1.5932263565489051 -0.1922827562933794
1.8473012279958807 1.6412712940037051 -0.084969658562743106
1.7992232598919533 1.6809451269442155 0.020984017912646549
1.7402614355443276 1.7111768951304616 0.12450592861182902
1.670684968307097 1.731225583960009 0.22383871033786817
1.5908078128770926 1.7418843145228282 0.31666704993925715
1.5024291537749692 1.7422767765017011 0.40211089710536946
1.4072351136545937 1.7321299288172047 0.47922170056003571
1.305772079058964 1.7128779507996239 0.54589301939989043
1.2001729721899739 1.6840211779752894 0.60180932687596433
1.0912019430687223 1.6473636417647601 0.64531726126878031
0.98034307811519139 1.6037477530231536 0.6756034570675552
0.86950689741918163 1.5532606102072726 0.69227903966174509
0.76035199866450942 1.4967791403124366 0.69484868788001597
0.65428712580796744 1.4357791139201792 0.68307972309246867
0.55230396655076219 1.3725248966890375 0.65649407201266585
0.45599650901366551 1.3080144682936776 0.615600600490679
0.36639619190859285 1.2441119893154382 0.56083717966232904
0.28446754982125849 1.1828819005914177 0.49264436892380742
0.21062562830709325 1.1267883320379144 0.41195636618285081
0.14619649714074567 1.0786158338819849 0.3190198412495393
0.090526390494752099 1.0431080386536877 0.21537396491125374
0.042795278873215978 1.0230130673616518 0.10410291494874073
0.0017699086194881419 1.0150689143283327 -0.011458513969291734
-0.04150751125741288 1.0282754762108577 -0.12563302866150497
-0.092910883182023063 1.0528955523622585 -0.23441421260005799
-0.15138660884880875 1.0930005582822617 -0.33472756124790015
-0.21988069424028664 1.1430969655207337 -0.42364382400026068
-0.29717977199482609 1.2005377409810856 -0.50000583787421959
-0.38289118647560733 1.2617702356898197 -0.56336778691390366
-0.47596762670355869 1.3246160127232283 -0.61334202239757007
-0.57531681936574164 1.3874882553971588 -0.64923204147096403
-0.68006491740886932 1.4480845796138191 -0.67080823036124815
-0.78833221136342602 1.5058678060334729 -0.67762986638401734
-0.8991530906068832 1.5585337992856902 -0.67033258515912908
-1.0108929487643099 1.6050375500060052 -0.64889515007237186
-1.1219066251013525 1.6445332338094028 -0.61393199144969501
-1.2307247479257688 1.6758701004700456 -0.56617471264489638
-1.3360271286344798 1.6986931189433041 -0.50703792550468496
-1.4359548629725603 1.7125978239433644 -0.4368504973683735
-1.528591599185356 1.7180256974533301 -0.35627282962728507
-1.613849659560274 1.7128677849698932 -0.2679057227838203
-1.6903726696282562 1.697294175295921 -0.17300825795397878
-1.7564927654480982 1.6720148962024335 -0.072550666885068768
-1.811173638103341 1.6374975919804229 0.03195081047570366
-1.8542375549066681 1.5937435947151741 0.1384237473098911
-1.8850894258466895 1.5416258322233738 0.24535882433984804
-1.9029123982331695 1.4819115816906556 0.35127461259065196
-1.9076011049314705 1.4149765335377535 0.4542276393569939
-1.8992412419306455 1.3416387408623509 0.55247746890345839
-1.8783272923227394 1.2626344929052569 0.64425117893629724
-1.8456887109666136 1.1785979722122102 0.72776129054556582
-1.8017021056493137 1.0912770060691874 0.80220829951218409
-1.746256240678691 1.002739029505785 0.86692744346038031
-1.680778854114291 0.91344326790596642 0.92022627458130313
-1.6058676627686439 0.82536282346528722 0.96185258965357279
-1.5227630212279737 0.73961620330903111 0.99089396903075455
-1.4339564363425235 0.65600330430550291 1.0058696443602266
-1.3402168234180851 0.57654660252544165 1.0071728072945239
-1.2431244717316141 0.50222157225868913 0.99487645359874655
-1.1443555280013353 0.43380218625913192 0.96901875089101597
-1.0460196317748349 0.37167072883082863 0.92935358051025263
-0.94972041287844311 0.31667750109862097 0.87636066279649261
-0.85672694390471538 0.27030214902239513 0.81073655198362626
-0.77010855743229978 0.23116422281336343 0.73284614798277969
-0.69118415310654269 0.1996284675278652 0.64406179499480043
-0.62146696628729159 0.17644331242926414 0.54550449820651736
-0.56377566420839442 0.15964486670776346 0.43826079684541847
-0.51970549252552001 0.14883126976223579 0.32404180386078257
-0.49166761154666683 0.14180682556874094 0.20456109423465052
-0.48171596316876686 0.13987562424147004 0.082162733240217875
-0.48563519418781664 0.13592974061729599 -0.040640993195461314
-0.50082320656174883 0.13574998234533231 -0.16261631589095499
-0.53317216658144673 0.13122715935910034 -0.28104578091553695
-0.58054597890005677 0.11567597800885238 -0.39340575577000358
-0.64021809192784618 0.088152333212580217 -0.49729498858280113
-0.70881174022849469 0.048330161582991207 -0.59119747038024728
-0.78291034604064158 -0.0034997771389133712 -0.67446784744480004
-0.85999895645048441 -0.067170283895672006 -0.74598776292477831
-0.93712332077009042 -0.14159629197478435 -0.80617797913182876
-1.0126901114694526 -0.22580738518998339 -0.85421970797191848
-1.0854733356193025 -0.31828948411692953 -0.88969964972479676
-1.1534605164872493 -0.41799152128632366 -0.91312017430416537
-1.2157954370976536 -0.52341010811667066 -0.92371274539301529
-1.2713330640179403 -0.63305875025513036 -0.92185815625112155
-1.3195463832115195 -0.74520052766360612 -0.90740686929021075
-1.3601497257672603 -0.85820962711572146 -0.88110102183820116
-1.3940865605532122 -0.96991946020042286 -0.84263638270935926
-1.4213863473734099 -1.0787587322595793 -0.79249356900560453
-1.440432777536172 -1.1830967908382191 -0.7303899027542311
-1.4516389851846008 -1.2811239652579218 -0.65709396135179421
-1.4592206432025636 -1.3758315465327915 -0.57908961463613962
-1.4668030219546193 -1.4705416916899652 -0.50108845098226484
-1.4743984846122264 -1.5652584146591824 -0.42309654801381419
-1.482020183138302 -1.659985243838374 -0.34511948002449666
-1.4896816093468281 -1.7547253304740278 -0.26716241419060677
-1.4973933100781447 -1.8494815818413184 -0.18922996655202357
-1.5044569131176846 -1.9442531540845165 -0.11125471276918374
-1.502527561061697 -2.0386881139595534 -0.032684198949272394
-1.4843671611229194 -2.1313872271009973 0.045973770432767708
-1.4512636568927866 -2.2209795788001561 0.12336274975505324
-1.4040610029739433 -2.3062413057368798 0.19828392874886971
-1.3433395707325795 -2.3859109410384081 0.26953539189847331
-1.2700238050975798 -2.4588462954007277 0.33598878196043414
-1.1852262973927699 -2.5240149554002569 0.39659368847191112
-1.0902002110880591 -2.5804795249969064 0.45037145936738004
-0.9863898333063329 -2.6274707172186322 0.49647464913808248
-0.87534397379106987 -2.6641796683505503 0.53431636943279359
-0.75883667037483427 -2.689560302929531 0.56416587079234126
-0.63859727856572746 -2.7026024797248023 0.58612261865926285
-0.51632458211554422 -2.7041248841161281 0.5987204674401847
-0.39377520551597517 -2.6948935404676311 0.60130592698234009
-0.27282811392795331 -2.6736531086787769 0.59600020660895325
-0.1552723388337614 -2.6406425657370587 0.58184186180426578
-0.042977685887337885 -2.5961043732112388 0.55914190080524195
0.062537100454149758 -2.5409596848820941 0.52852525813760254
0.15990407014070857 -2.4765915515086983 0.48996440099908589
0.24718840769955319 -2.4029089228242619 0.44457386578273833
0.32300114345286096 -2.3213158640994798 0.39258991131062976
0.38632553411169379 -2.2343579075982061 0.33309874573919895
0.43536630692309392 -2.1431306749364016 0.26693241541379631
0.46823807404778139 -2.0497738892340158 0.19402395852940196
0.48285023303708685 -1.9600831675012966 0.11136204596144253
0.49063382381970833 -1.8807688741469732 0.018201802443838525
0.49099990181981867 -1.8148632860582747 -0.085567196016327576
0.47581082113804785 -1.7570267425043147 -0.19295686402044102
0.44428631913029015 -1.6965741835345771 -0.29492961119051619
0.39369517282208022 -1.6250371462217106 -0.38098149938376635
0.32990302602357496 -1.5435641435936456 -0.44713096591052209
0.25538267214162352 -1.4558434864058112 -0.48976628404073835
0.1742980182905407 -1.3657790286343294 -0.50903354920021504
0.090328436667255693 -1.2760709227182521 -0.51052578045065178
0.00055018948348592835 -1.1932263201278113 -0.49708477435210074
-0.094640437216304343 -1.1195562594349102 -0.47233723445603804
-0.19201878596659464 -1.0523693708210307 -0.43899404824579058
-0.29044219055227583 -0.99324926900936517 -0.39518350494834031
-0.39053311179933636 -0.94429640067968246 -0.34331024864093812
-0.49017227085909931 -0.90433805685923929 -0.28343143781490582
-0.58789873504967916 -0.87367752810109445 -0.21552481505601409
-0.68238523337062673 -0.849271514966635 -0.14077055407313543
-0.77641883448538651 -0.82456905634202127 -0.065641777009518107
-0.87525901169407638 -0.78575477362385415 -0.0037082931556743498
-0.97783045576333172 -0.73297112895058125 0.038313989727735275
-1.0784261562712656 -0.66664756862220309 0.062110332518809631
-1.1718064992500588 -0.58791526723052412 0.075475776942359254
-1.2553079682234098 -0.49796136317997747 0.081676226906705271
-1.3274810663498131 -0.39849447496920265 0.082018103179852642
-1.3874700360515966 -0.2913211399805482 0.077060828104073234
-1.4334903763788414 -0.17764715256475602 0.06904910819695062
-1.4658766441726339 -0.059579906998791177 0.057997233952175355
-1.483656208288471 0.061367314345270201 0.04515786854640641
-1.4862836792488372 0.18361508985821845 0.032718938270712566
-1.474254793432729 0.30542249060509719 0.021325551169615847
-1.4461146001560052 0.42466305297351048 0.011728332413236706
-1.4033963619528795 0.53974437455956625 0.005991042192215963
-1.3463884399337247 0.64857748907000368 0.0071288109590875717
-1.276833013140577 0.74932843675174643 0.018218208629836644
-1.1971673259481626 0.83899333870344894 0.043743816489351411
-1.1149356045889853 0.91910348222801042 0.087577207643912428
-1.0439732828047301 0.99899385904996207 0.14813790612578165
-0.99034249970238231 1.0875494819009666 0.21425895209221124
-0.94742749427443795 1.188418517507059 0.26948662010426638
-0.90548497878535639 1.297618598783687 0.30644123136727747
-0.85696448906079925 1.4089868377146542 0.32510873028920106
-0.79991800296264526 1.5177919556551969 0.32726930457137504
-0.73267710849890511 1.6201340336328791 0.31698852177406811
-0.65639464791505064 1.7141338714489653 0.29583451551677964
-0.57159260262624223 1.7978549694968404 0.26579351361760639
-0.47912420583677345 1.8697448786897077 0.22857662998542663
-0.38013730532610912 1.9285343131647827 0.18556482458674198
-0.27564113011453639 1.9731212907699369 0.13872413283627194
-0.16772494650400044 2.0037798046538016 0.088524096421206996
-0.057257773521571187 2.0194446766517054 0.037018580551282008
0.054226697180910569 2.0205503346262814 -0.01468675750344263
0.16516484399089826 2.0076256912958295 -0.06601979467011472
0.27377896197862961 1.9796167264664248 -0.11625925143231694
0.37854483101035663 1.9367984723509002 -0.16413250740937449
0.47866122000555478 1.8802590654928157 -0.20752162317257425
0.57264433363974943 1.8106098315301855 -0.24519215986291396
0.65897813681156703 1.7287938675497803 -0.27614366167884513
0.73675628516517699 1.6362177562867253 -0.29818564959796895
0.80526986516558996 1.5348421174746116 -0.30951460994565483
0.86526023746913516 1.4275506459594915 -0.30833946448759891
0.91622726375309316 1.3171109898260327 -0.29117308395654412
0.95961803431270809 1.2078177626747604 -0.25540134485780797
1.0039135544888182 1.1073242286109208 -0.20029781257733945
1.0584431462352177 1.0190658551145308 -0.13439839051923333
1.1305255485015353 0.94049801946322298 -0.073291546075621022
1.2143613617162838 0.86220308318410099 -0.029097146300136469
1.2958558940244749 0.77428153214957074 -0.0034881176674396771
1.3676385835110336 0.67523828432064215 0.0078545778805779697
1.4272595921165407 0.567763942856788 0.0089301488396413466
1.4728660313861486 0.45376722516517293 0.0030662428685086832
1.5030348665224726 0.33504445160613705 -0.0066561453798870043
1.5178141455020053 0.21361386276456024 -0.018357752257158647
1.5171956821905475 0.091376098951425011 -0.030821288259941529
1.5015965241186637 -0.029862693074321184 -0.043291739876648735
1.472323118760601 -0.14876223581387127 -0.053906436293536336
1.4284110931140794 -0.26327483842422145 -0.061755424396838211
1.3711805027819803 -0.3719312596483389 -0.066695181820978125
1.3012035244435947 -0.4729814055579446 -0.066668401514591455
1.2195793744221191 -0.56472625765559115 -0.061168363230185749
1.1279210678961338 -0.64569667199605141 -0.048749327753556976
1.0279886413483568 -0.71392371304838842 -0.027375368392752862
0.92447421305320132 -0.7690575813777546 0.0090222999205012734
0.8247583982270239 -0.80880169626347398 0.068477504025327957
0.72985674609656082 -0.83660831479618403 0.14132107121632842
0.63748119548931781 -0.8589319188336747 0.21929606687924169
0.54234391379919933 -0.88417282748313353 0.29284045192413144
0.44365840045233079 -0.91733643615496407 0.35815724116590786
0.34365909471145084 -0.96016429785272939 0.41539586873032858
0.24484863997054707 -1.0143700700112854 0.46445346883169014
0.14595666195701662 -1.0756756631576814 0.50412318687184388
0.049044233484123193 -1.144589532853058 0.53523255622068255
-0.04340073338753523 -1.2231774573763634 0.55466306927341624
-0.13170656677693857 -1.3082775270639013 0.56313322419670231
-0.2158725941622002 -1.3974858415068701 0.5567536494395966
-0.29541329874968553 -1.4866118762469323 0.52805798729369402
-0.36695992612196709 -1.5720157354201632 0.47641476541511862
-0.42726995260489864 -1.650668191830504 0.40386490667681074
