3.01283369435069 -48.543594381872 -4.2171503836552
2.15246184443003 -48.6199027625367 -3.58344116309446
1.29208999450936 -48.6962111432014 -2.94973194253372
0.431718144588702 -48.7725195238661 -2.31602272197299
-0.42865370533196 -48.8488279045309 -1.68231350141225
-1.28902555525262 -48.9251362851956 -1.04860428085152
-2.14939740517328 -49.0014446658603 -0.414895060290781
-3.00976925509394 -49.0777530465251 0.218814160269955
-3.86473028452652 -49.0411313275275 0.854760517526091
-4.71506951354751 -48.9080472730581 1.49261778632002
-5.5654087425685 -48.7749632185887 2.13047505511394
-6.41574797158948 -48.6418791641193 2.76833232390786
-7.26608720061047 -48.5087951096499 3.40618959270179
-8.11642642963146 -48.3757110551804 4.04404686149571
-8.96676565865245 -48.242627000711 4.68190413028964
-9.81425282980144 -48.0924847685569 5.31696050317444
-10.6285118399887 -47.7436046778937 5.91938478222289
-11.4427708501759 -47.3947245872306 6.52180906127134
-12.2570298603632 -47.0458444965675 7.12423334031979
-13.0712888705504 -46.6969644059044 7.72665761936824
-13.8855478807377 -46.3480843152413 8.32908189841669
-14.6998068909249 -45.9992042245781 8.93150617746514
-15.5140659011122 -45.650324133915 9.53393045651359
-16.2884793165087 -45.1710925573344 10.0860164480816
-17.0374676418147 -44.6086849536349 10.6059820634597
-17.7864559671208 -44.0462773499353 11.1259476788378
-18.5354442924268 -43.4838697462358 11.6459132942158
-19.2844326177328 -42.9214621425363 12.1658789095939
-20.0334209430388 -42.3590545388367 12.685844524972
-20.7824092683448 -41.7966469351372 13.20581014035
-21.5191475513413 -41.2093315037592 13.7082735405996
-22.1710417109591 -40.4495037861992 14.0895161268921
-22.8229358705768 -39.6896760686391 14.4707587131847
-23.4748300301945 -38.9298483510791 14.8520012994773
-24.1267241898122 -38.170020633519 15.2332438857699
-24.7786183494299 -37.4101929159589 15.6144864720624
-25.4305125090476 -36.6503651983989 15.995729058355
-26.0824066686653 -35.8905374808388 16.3769716446476
-26.6532029662502 -35.0326214470432 16.6348893145846
-27.1741634082256 -34.1144286680616 16.8170219691033
-27.695123850201 -33.1962358890799 16.999154623622
-28.2160842921764 -32.2780431100983 17.1812872781408
-28.7370447341518 -31.3598503311166 17.3634199326595
-29.2580051761272 -30.441657552135 17.5455525871783
-29.7789656181025 -29.5234647731534 17.727685241697
-30.287124984493 -28.5982808682096 17.889840918593
-30.645384704287 -27.5912313962604 17.8180676677313
-31.003644424081 -26.5841819243112 17.7462944168696
-31.3619041438751 -25.577132452362 17.6745211660079
-31.7201638636691 -24.5700829804128 17.6027479151463
-32.0784235834631 -23.5630335084636 17.5309746642846
-32.4366833032571 -22.5559840365144 17.4592014134229
-32.7949430230511 -21.5489345645653 17.3874281625613
-33.0652956552961 -20.5480949743821 17.1764993094988
-33.2436645866446 -19.5537532437333 16.8199616363992
-33.4220335179931 -18.5594115130845 16.4634239632997
-33.6004024493416 -17.5650697824358 16.1068862902001
-33.7787713806901 -16.570728051787 15.7503486171006
-33.9571403120386 -15.5763863211382 15.393810944001
-34.1355092433871 -14.5820445904894 15.0372732709015
-34.3138781747357 -13.5877028598406 14.6807355978019
-34.3619185023233 -12.6949681981942 14.1044237817436
-34.3819803923974 -11.8240461467422 13.4809317078721
-34.4020422824715 -10.9531240952902 12.8574396340006
-34.4221041725456 -10.0822020438382 12.2339475601292
-34.4421660626197 -9.21127999238618 11.6104554862577
-34.4622279526938 -8.34035794093417 10.9869634123862
-34.4822898427679 -7.46943588948216 10.3634713385147
-34.5009043274269 -6.60217464384577 9.7359997159647
-34.4529598887873 -5.90325551642616 8.9255285878856
-34.4050154501477 -5.20433638900654 8.1150574598065
-34.3570710115081 -4.50541726158693 7.3045863317274
-34.3091265728685 -3.80649813416732 6.4941152036483
-34.2611821342289 -3.1075790067477 5.6836440755692
-34.2132376955893 -2.40865987932809 4.87317294749011
-34.1652932569496 -1.70974075190847 4.06270181941101
-34.11734881831 -1.01082162448886 3.25223069133191
-34.1145330704465 -0.386071090154589 2.38206399379212
-34.1122816790978 0.237751929377331 1.51115077374184
-34.1100302877491 0.861574948909251 0.640237553691561
-34.1077788964004 1.48539796844117 -0.230675666358716
-34.1055275050518 2.10922098797309 -1.10158888640899
-34.1032761137031 2.73304400750501 -1.97250210645927
-34.1010247223544 3.35686702703693 -2.84341532650955
-34.0987733310057 3.98069004656885 -3.71432854655983
-34.1193983615817 4.68351540040947 -4.52097660780786
-34.1454410188619 5.40505019917376 -5.31240530294926
-34.1714836761421 6.12658499793805 -6.10383399809067
-34.1975263334224 6.84811979670234 -6.89526269323207
-34.2235689907026 7.56965459546663 -7.68669138837348
-34.2496116479829 8.29118939423092 -8.47812008351488
-34.2756543052631 9.01272419299521 -9.26954877865629
-34.3016969625433 9.73425899175951 -10.0609774737977
-34.2474342652117 10.5920422050867 -10.6899856872026
-34.1724483188043 11.4849850892082 -11.2770803804656
-34.097462372397 12.3779279733296 -11.8641750737286
-34.0224764259896 13.270870857451 -12.4512697669916
-33.9474904795822 14.1638137415724 -13.0383644602546
-33.8725045331748 15.0567566256939 -13.6254591535176
-33.7975185867675 15.9496995098153 -14.2125538467806
-33.7225326403601 16.8426423939367 -14.7996485400436
-33.4664241222603 17.8361534994504 -15.1074629857083
-33.209949451092 18.8298679112804 -15.4147128450893
-32.9534747799236 19.8235823231104 -15.7219627044702
-32.6970001087552 20.8172967349405 -16.0292125638512
-32.4405254375869 21.8110111467705 -16.3364624232322
-32.1840507664185 22.8047255586006 -16.6437122826131
-31.9275760952501 23.7984399704306 -16.9509621419941
-31.6110549526593 24.7861942645642 -17.1644070969605
-31.1678465537711 25.7613737821908 -17.1799405729343
-30.7246381548829 26.7365532998173 -17.1954740489081
-30.2814297559947 27.7117328174439 -17.2110075248819
-29.8382213571065 28.6869123350705 -17.2265410008556
-29.3950129582183 29.6620918526971 -17.2420744768294
-28.95180455933 30.6372713703236 -17.2576079528032
-28.5085961604418 31.6124508879502 -17.273141428777
-27.9554455651585 32.5027731418734 -17.1058825459532
-27.3584332481366 33.359241372409 -16.8656981819186
-26.7614209311148 34.2157096029446 -16.625513817884
-26.1644086140929 35.0721778334802 -16.3853294538494
-25.5673962970711 35.9286460640158 -16.1451450898148
-24.9703839800492 36.7851142945514 -15.9049607257802
-24.3733716630274 37.6415825250869 -15.6647763617455
-23.7598378380957 38.4709018229835 -15.3949853592871
-23.0528746177748 39.1466934661548 -14.9577683359993
-22.3459113974539 39.8224851093261 -14.5205513127115
-21.638948177133 40.4982767524974 -14.0833342894237
-20.9319849568121 41.1740683956687 -13.6461172661359
-20.2250217364912 41.84986003884 -13.2089002428481
-19.5180585161704 42.5256516820113 -12.7716832195603
-18.8110952958495 43.2014433251826 -12.3344661962725
-18.0603609805299 43.7475253876147 -11.8147803406324
-17.2826029626677 44.2135264484878 -11.2441793046752
-16.5048449448055 44.6795275093608 -10.6735782687179
-15.7270869269432 45.1455285702339 -10.1029772327607
-14.949328909081 45.611529631107 -9.53237619680344
-14.1715708912188 46.07753069198 -8.96177516084621
-13.3938128733566 46.5435317528531 -8.39117412488897
-12.6117499851959 46.9863391068643 -7.81258012801016
-11.7937534297289 47.2355436602807 -7.1672671875542
-10.9757568742619 47.4847482136971 -6.52195424709825
-10.1577603187949 47.7339527671135 -5.87664130664229
-9.33976376332788 47.9831573205299 -5.23132836618633
-8.52176720786088 48.2323618739463 -4.58601542573037
-7.70377065239388 48.4815664273628 -3.94070248527441
-6.88577409692688 48.7307709807792 -3.29538954481845
-6.05700685469137 48.8504900033122 -2.63554937386233
-5.22126234535669 48.8863281040556 -1.96629844112385
-4.38551783602202 48.9221662047989 -1.29704750838538
-3.54977332668734 48.9580043055423 -0.6277965756469
-2.71402881735266 48.9938424062856 0.0414543570915765
-1.87828430801799 49.0296805070289 0.710705289830053
-1.04253979868331 49.0655186077723 1.37995622256853
-0.206800407762229 49.0777530465251 2.046775526876
0.628899056685486 48.9058657913497 2.69462677673924
1.4645985211332 48.7339785361744 3.34247802660248
2.30029798558092 48.562091280999 3.99032927646572
3.13599745002863 48.3902040258237 4.63818052632896
3.97169691447635 48.2183167706484 5.2860317761922
4.80739637892406 48.046429515473 5.93388302605544
5.64309584337178 47.8745422602977 6.58173427591867
6.4676959958753 47.5779064254116 7.1890392611136
7.28533242524675 47.2030031650676 7.77090546572376
8.10296885461819 46.8280999047236 8.35277167033393
8.92060528398964 46.4531966443797 8.93463787494409
9.73824171336108 46.0782933840357 9.51650407955425
10.5558781427325 45.7033901236917 10.0983702841644
11.373514572104 45.3284868633477 10.6802364887746
12.1868140894206 44.9331489613185 11.2502419962837
12.9625688028137 44.3609076299317 11.7175690216313
13.7383235162068 43.7886662985448 12.1848960469789
14.5140782295999 43.2164249671579 12.6522230723266
15.289832942993 42.6441836357711 13.1195500976742
16.0655876563861 42.0719423043842 13.5868771230218
16.8413423697792 41.4997009729973 14.0542041483694
17.6170970831722 40.9274596416105 14.5215311737171
18.3498178648661 40.2514929804679 14.8921022558918
19.0501906625093 39.4975574891464 15.1899432949822
19.7505634601525 38.7436219978248 15.4877843340726
20.4509362577957 37.9896865065033 15.7856253731631
21.1513090554388 37.2357510151817 16.0834664122535
21.851681853082 36.4818155238601 16.3813074513439
22.5520546507252 35.7278800325386 16.6791484904344
23.2515302961357 34.9728717290333 16.9753048481581
23.8316540758666 34.0751427912862 17.0473410879369
24.4117778555976 33.1774138535391 17.1193773277156
24.9919016353285 32.279684915792 17.1914135674944
25.5720254150594 31.3819559780449 17.2634498072732
26.1521491947903 30.4842270402979 17.3354860470519
26.7322729745212 29.5864981025508 17.4075222868307
27.3123967542522 28.6887691648037 17.4795585266094
27.8251039372282 27.7625661357031 17.4426412622971
28.2377564986923 26.7941040106174 17.2440234355274
28.6504090601564 25.8256418855316 17.0454056087577
29.0630616216205 24.8571797604458 16.846787781988
29.4757141830845 23.88871763536 16.6481699552183
29.8883667445486 22.9202555102742 16.4495521284486
30.3010193060127 21.9517933851884 16.2509343016788
30.7136718674768 20.9833312601027 16.0523164749091
30.9833380885446 20.041560992153 15.645879989953
31.2023209122493 19.1092520055945 15.1657794360855
31.421303735954 18.176943019036 14.685678882218
31.6402865596587 17.2446340324775 14.2055783283505
31.8592693833634 16.312325045919 13.725477774483
32.0782522070681 15.3800160593605 13.2453772206156
32.2972350307728 14.447707072802 12.7652766667481
32.5162178544775 13.5153980862435 12.2851761128806
32.5790896670302 12.7168954076309 11.5750768029898
32.6389275732922 11.9209931592917 10.8605076311233
32.6987654795542 11.1250909109525 10.1459384592567
32.7586033858162 10.3291886626134 9.43136928739014
32.8184412920782 9.53328641427417 8.71680011552357
32.8782791983402 8.73738416593498 8.002230943657
32.9381171046022 7.94148191759579 7.28766177179043
32.9953875925696 7.1532765860514 6.56577794230299
33.0099263885795 6.49317748409474 5.72215014266273
33.0244651845894 5.83307838213809 4.87852234302247
33.0390039805993 5.17297928018143 4.03489454338221
33.0535427766093 4.51288017822477 3.19126674374195
33.0680815726192 3.85278107626811 2.34763894410169
33.0826203686291 3.19268197431146 1.50401114446143
33.097159164639 2.5325828723548 0.660383344821169
33.1116979606489 1.87248377039814 -0.183244454819091
33.1570615401919 1.20873272203037 -1.02285893429416
33.2047625232674 0.544704751281861 -1.86216908888335
33.2524635063428 -0.119323219466644 -2.70147924347254
33.3001644894182 -0.783351190215151 -3.54078939806173
33.3478654724937 -1.44737916096366 -4.38009955265091
33.3955664555691 -2.11140713171216 -5.2194097072401
33.4432674386445 -2.77543510246067 -6.05871986182929
33.49096842172 -3.43946307320917 -6.89803001641848
33.5024655224259 -4.21978843693517 -7.62798632188079
33.506160850029 -5.02517536348472 -8.33437736685253
33.5098561776321 -5.83056229003426 -9.04076841182426
33.5135515052352 -6.6359492165838 -9.74715945679599
33.5172468328383 -7.44133614313335 -10.4535505017677
33.5209421604414 -8.24672306968289 -11.1599415467395
33.5246374880445 -9.05210999623243 -11.8663325917112
33.5283328156476 -9.85749692278198 -12.5727236366829
33.3889796289188 -10.7952229807382 -13.0655416551158
33.2393055262228 -11.7424972752547 -13.5429504309565
33.0896314235268 -12.6897715697711 -14.0203592067973
32.9399573208308 -13.6370458642876 -14.497767982638
32.7902832181347 -14.584320158804 -14.9751767584788
32.6406091154387 -15.5315944533205 -15.4525855343195
32.4909350127427 -16.478868747837 -15.9299943101603
32.3026274373082 -17.4355493488841 -16.3532772047996
31.961999145775 -18.42931632206 -16.5631572547125
31.6213708542418 -19.4230832952358 -16.7730373046253
31.2807425627086 -20.4168502684116 -16.9829173545382
30.9401142711754 -21.4106172415874 -17.192797404451
30.5994859796422 -22.4043842147632 -17.4026774543638
30.258857688109 -23.3981511879391 -17.6125575042767
29.9182293965759 -24.3919181611149 -17.8224375541895
29.4800274312471 -25.35476949754 -17.889840918593
28.9657246267896 -26.293508736845 -17.8461221441881
28.451421822332 -27.23224797615 -17.8024033697832
27.9371190178745 -28.170987215455 -17.7586845953783
27.422816213417 -29.10972645476 -17.7149658209734
26.9085134089595 -30.048465694065 -17.6712470465685
26.3942106045019 -30.98720493337 -17.6275282721636
25.8799078000444 -31.925944172675 -17.5838094977587
25.2336356681625 -32.7422382062228 -17.3345350404819
24.5846968317322 -33.5560579891739 -17.0811069189777
23.935757995302 -34.369877772125 -16.8276787974734
23.2868191588717 -35.1836975550761 -16.5742506759691
22.6378803224414 -35.9975173380273 -16.3208225544648
21.9889414860112 -36.8113371209784 -16.0673944329605
21.3400026495809 -37.6251569039295 -15.8139663114562
20.6487248908945 -38.3668974688821 -15.4905780577736
19.9039067869574 -39.0174891332157 -15.0787206265351
19.1590886830203 -39.6680807975494 -14.6668631952965
18.4142705790832 -40.318672461883 -14.255005764058
17.6694524751461 -40.9692641262167 -13.8431483328195
16.924634371209 -41.6198557905503 -13.4312909015809
16.1798162672719 -42.2704474548839 -13.0194334703424
15.4349981633348 -42.9210391192176 -12.6075760391038
14.6304710348295 -43.4020093924688 -12.0918220524215
13.821719406302 -43.8709787064755 -11.5687172338683
13.0129677777745 -44.3399480204822 -11.0456124153152
12.204216149247 -44.8089173344888 -10.522507596762
11.3954645207195 -45.2778866484955 -9.99940277820888
10.5867128921921 -45.7468559625022 -9.47629795965573
9.77796126366457 -46.2158252765089 -8.95319314110258
8.95232239131513 -46.5983721793459 -8.39743145491034
8.10608808182043 -46.8755195654853 -7.80184192754322
7.25985377232573 -47.1526669516247 -7.20625240017611
6.41361946283103 -47.4298143377642 -6.610662872809
5.56738515333634 -47.7069617239036 -6.01507334544189
4.72115084384164 -47.984109110043 -5.41948381807478
3.87491653434694 -48.2612564961825 -4.82389429070767

-31.5247262549133 -18.6378291910776 -9.74316822060661
-32.5725691439686 -18.4700853400483 -9.87242442411853
-33.6204120330239 -18.3023414890191 -10.0016806276304
-34.6682549220792 -18.1345976379899 -10.1309368311424
-35.7160978111346 -17.9668537869606 -10.2601930346543
-36.7639407001899 -17.7991099359314 -10.3894492381662
-37.8117835892452 -17.6313660849021 -10.5187054416781
-38.8596264783005 -17.4636222338729 -10.64796164519
-39.8965061963486 -17.2613162277183 -10.7418082669071
-40.8567059372535 -16.8172712882485 -10.5879887780712
-41.8169056781583 -16.3732263487787 -10.4341692892352
-42.7771054190632 -15.9291814093089 -10.2803498003993
-43.737305159968 -15.485136469839 -10.1265303115633
-44.6975049008728 -15.0410915303692 -9.97271082272736
-45.6577046417777 -14.5970465908994 -9.81889133389141
-46.6179043826825 -14.1530016514295 -9.66507184505546
-47.5134725252204 -13.6435714774358 -9.44574889092129
-48.2408784662708 -12.9640182481544 -9.05599526188626
-48.9682844073213 -12.284465018873 -8.66624163285123
-49.6956903483718 -11.6049117895917 -8.2764880038162
-50.4230962894222 -10.9253585603103 -7.88673437478117
-51.1505022304727 -10.2458053310289 -7.49698074574614
-51.8779081715231 -9.5662521017475 -7.10722711671111
-52.6053141125736 -8.88669887246612 -6.71747348767608
-53.1822024701052 -8.13850335214416 -6.25932145361466
-53.5697093671842 -7.30394199321268 -5.71511043871058
-53.9572162642631 -6.46938063428121 -5.17089942380651
-54.3447231613421 -5.63481927534974 -4.62668840890243
-54.7322300584211 -4.80025791641827 -4.08247739399835
-55.1197369555 -3.9656965574868 -3.53826637909427
-55.507243852579 -3.13113519855533 -2.99405536419019
-55.894750749658 -2.29657383962386 -2.44984434928611
-56.0385257071496 -1.43030281297386 -1.87233966347584
-56.0309112294093 -0.544335932364658 -1.27415525040527
-56.023296751669 0.341630948244542 -0.675970837334701
-56.0156822739286 1.22759782885374 -0.077786424264131
-56.0080677961883 2.11356470946294 0.520397988806439
-56.000453318448 2.99953159007214 1.11858240187701
-55.9928388407077 3.88549847068134 1.71676681494758
-55.9852243629674 4.77146535129054 2.31495122801815
-55.6638969929559 5.61030142521383 2.87116313389685
-55.2612270576277 6.43691695986146 3.41649199514502
-54.8585571222995 7.26353249450909 3.96182085639318
-54.4558871869713 8.09014802915672 4.50714971764135
-54.0532172516431 8.91676356380435 5.05247857888952
-53.6505473163148 9.74337909845198 5.59780744013768
-53.2478773809866 10.5699946330996 6.14313630138585
-52.8452074456584 11.3966101677472 6.68846516263401
-52.1137352950614 12.0648175640222 7.08428455602465
-51.3725522189613 12.7283464953738 7.47568830001591
-50.6313691428613 13.3918754267255 7.86709204400716
-49.8901860667612 14.0554043580772 8.25849578799842
-49.1490029906611 14.7189332894288 8.64989953198967
-48.407819914561 15.3824622207805 9.04130327598093
-47.666636838461 16.0459911521322 9.43270701997218
-46.8926801810886 16.674770363539 9.79028956801309
-45.9218020994238 17.0947544393627 9.9446560554568
-44.9509240177591 17.5147385151864 10.0990225429005
-43.9800459360943 17.9347225910101 10.2533890303442
-43.0091678544295 18.3547066668338 10.4077555177879
-42.0382897727648 18.7746907426575 10.5621220052316
-41.0674116911 19.1946748184812 10.7164884926753
-40.0965336094353 19.6146588943049 10.870854980119
-39.1013096141829 19.9498284707508 10.9393421403035
-38.0493697618492 20.0874155244529 10.8077661714719
-36.9974299095155 20.225002578155 10.6761902026403
-35.9454900571818 20.362589631857 10.5446142338088
-34.8935502048481 20.5001766855591 10.4130382649772
-33.8416103525144 20.6377637392611 10.2814622961456
-32.7896705001807 20.7753507929632 10.149886327314
-31.737730647847 20.9129378466653 10.0183103584824
-30.7182182718166 20.9362151629365 9.76437124688922
-29.7414960975529 20.808653213061 9.34896586765848
-28.7647739232892 20.6810912631854 8.93356048842774
-27.7880517490255 20.5535293133099 8.51815510919699
-26.8113295747619 20.4259673634344 8.10274972996624
-25.8346074004982 20.2984054135588 7.6873443507355
-24.8578852262345 20.1708434636833 7.27193897150475
-23.8811630519709 20.0432815138077 6.85653359227401
-22.9956032922539 19.8133544860996 6.33144783878712
-22.1988494056772 19.48370850995 5.69951694028519
-21.4020955191004 19.1540625338004 5.06758604178325
-20.6053416325237 18.8244165576508 4.43565514328131
-19.8085877459469 18.4947705815012 3.80372424477937
-19.0118338593702 18.1651246053516 3.17179334627744
-18.2150799727935 17.835478629202 2.5398624477755
-17.4183260862167 17.5058326530524 1.90793154927356
-16.702961817332 17.0974961745593 1.2369977367002
-16.0681089693034 16.6113182670092 0.527481852869262
-15.4332561212748 16.1251403594591 -0.18203403096168
-14.7984032732462 15.638962451909 -0.891549914792623
-14.1635504252176 15.1527845443589 -1.60106579862356
-13.528697577189 14.6666066368088 -2.31058168245451
-12.8938447291604 14.1804287292587 -3.02009756628545
-12.2589918811317 13.6942508217086 -3.72961345011639
-11.6332090571729 13.1380359598955 -4.38657958963615
-11.0194076696624 12.4893027861039 -4.97412789553168
-10.4056062821519 11.8405696123123 -5.56167620142721
-9.79180489464138 11.1918364385207 -6.14922450732274
-9.17800350713087 10.5431032647292 -6.73677281321826
-8.56420211962037 9.89437009093757 -7.32432111911379
-7.95040073210986 9.24563691714597 -7.91186942500932
-7.33659934459935 8.59690374335438 -8.49941773090485
-6.69738586639474 7.90274090252964 -8.97244893161246
-6.01223371207574 7.12645263625519 -9.23846197438457
-5.32708155775674 6.35016436998074 -9.50447501715668
-4.64192940343774 5.57387610370629 -9.77048805992878
-3.95677724911873 4.79758783743184 -10.0365011027009
-3.27162509479973 4.02129957115739 -10.302514145473
-2.58647294048073 3.24501130488294 -10.5685271882451
-1.90132078616173 2.46872303860849 -10.8345402310172
-1.2105135172533 1.68827038333541 -10.9745246917725
-0.506607768961073 0.898172094435976 -10.8225994560557
0.197297979331149 0.108073805536542 -10.670674220339
0.901203727623372 -0.682024483362891 -10.5187489846222
1.60510947591559 -1.47212277226232 -10.3668237489055
2.30901522420782 -2.26222106116176 -10.2148985131887
3.01292097250004 -3.05231935006119 -10.062973277472
3.71682672079226 -3.84241763896062 -9.91104804175523
4.40597689784698 -4.604842341853 -9.6679707111596
5.05143658236961 -5.28532697049701 -9.15499668483525
5.69689626689223 -5.96581159914101 -8.6420226585109
6.34235595141486 -6.64629622778502 -8.12904863218655
6.98781563593748 -7.32678085642903 -7.6160746058622
7.63327532046011 -8.00726548507304 -7.10310057953785
8.27873500498274 -8.68775011371705 -6.5901265532135
8.92419468950536 -9.36823474236105 -6.07715252688914
9.56632979255973 -10.0156296336825 -5.52793612637244
10.1951038808519 -10.5300416298441 -4.83306683654472
10.823877969144 -11.0444536260057 -4.13819754671701
11.4526520574362 -11.5588656221672 -3.4433282568893
12.0814261457284 -12.0732776183288 -2.74845896706158
12.7102002340205 -12.5876896144904 -2.05358967723387
13.3389743223127 -13.1021016106519 -1.35872038740616
13.9677484106048 -13.6165136068135 -0.663851097578447
14.6136454920578 -14.1080817249379 0.0282455218872024
15.3636028828722 -14.4608224200039 0.703491995299341
16.1135602736865 -14.81356311507 1.37873846871148
16.8635176645008 -15.166303810136 2.05398494212362
17.6134750553151 -15.519044505202 2.72923141553576
18.3634324461295 -15.8717852002681 3.4044778889479
19.1133898369438 -16.2245258953341 4.07972436236004
19.8633472277581 -16.5772665904002 4.75497083577218
20.6391117642197 -16.9026529649403 5.40549901876725
21.5671004534065 -17.0666891335203 5.91022569132111
22.4950891425932 -17.2307253021003 6.41495236387497
23.42307783178 -17.3947614706803 6.91967903642883
24.3510665209667 -17.5587976392603 7.42440570898269
25.2790552101535 -17.7228338078403 7.92913238153655
26.2070438993402 -17.8868699764203 8.43385905409041
27.135032588527 -18.0509061450003 8.93858572664427
28.088099950558 -18.1584221208119 9.38415076404551
29.124703640212 -18.0776709833781 9.63265012067872
30.161307329866 -17.9969198459443 9.88114947731194
31.19791101952 -17.9161687085105 10.1296488339452
32.234514709174 -17.8354175710768 10.3781481905784
33.271118398828 -17.754666433643 10.6266475472116
34.3077220884819 -17.6739152962092 10.8751469038448
35.3443257781359 -17.5931641587754 11.123646260478
36.3705299362462 -17.410260776605 11.2663568670396
37.3795542748761 -17.0586039158075 11.2343065604149
38.3885786135061 -16.70694705501 11.2022562537903
39.397602952136 -16.3552901942125 11.1702059471657
40.4066272907659 -16.003633333415 11.138155640541
41.4156516293958 -15.6519764726175 11.1061053339164
42.4246759680258 -15.30031961182 11.0740550272918
43.4337003066557 -14.9486627510225 11.0420047206672
44.3463847905934 -14.458090561651 10.8668561531437
45.183481951818 -13.858526742551 10.5794340674507
46.0205791130427 -13.258962923451 10.2920119817577
46.8576762742673 -12.659399104351 10.0045898960647
47.694773435492 -12.0598352852511 9.71716781037174
48.5318705967167 -11.4602714661511 9.42974572467877
49.3689677579413 -10.8607076470511 9.14232363898579
50.206064919166 -10.2611438279511 8.85490155329281
50.8217896853315 -9.5217507596747 8.41997804340771
51.3692694354627 -8.73925091943792 7.93958257186994
51.9167491855938 -7.95675107920114 7.45918710033217
52.464228935725 -7.17425123896436 6.9787916287944
53.0117086858561 -6.39175139872758 6.49839615725663
53.5591884359872 -5.6092515584908 6.01800068571886
54.1066681861184 -4.82675171825403 5.53760521418109
54.6541479362495 -4.04425187801725 5.05720974264332
54.843016496339 -3.17133225058152 4.47202802930771
55.0252781298456 -2.29674676075148 3.8849157710653
55.2075397633522 -1.42216127092145 3.29780351282288
55.3898013968587 -0.547575781091415 2.71069125458046
55.5720630303653 0.327009708738619 2.12357899633804
55.7543246638719 1.20159519856865 1.53646673809562
55.9365862973784 2.07618068839869 0.949354479853202
56.0385257071496 2.94834301888905 0.360460287907861
55.8300929306856 3.8111420470843 -0.235319453682171
55.6216601542216 4.67394107527955 -0.831099195272204
55.4132273777577 5.53674010347479 -1.42687893686224
55.2047946012937 6.39953913167004 -2.02265867845227
54.9963618248297 7.26233815986529 -2.6184384200423
54.7879290483657 8.12513718806054 -3.21421816163233
54.5794962719017 8.98793621625579 -3.80999790322237
54.2139001803909 9.80145019561911 -4.36625623533805
53.640527590429 10.5498072719912 -4.87026560546167
53.0671550004671 11.2981643483633 -5.37427497558529
52.4937824105052 12.0465214247354 -5.87828434570891
51.9204098205433 12.7948785011076 -6.38229371583252
51.3470372305814 13.5432355774797 -6.88630308595614
50.7736646406195 14.2915926538518 -7.39031245607976
50.2002920506576 15.0399497302239 -7.89432182620338
49.4390361553779 15.6555275557286 -8.27968003638971
48.5771988846552 16.2000233888235 -8.60151958085843
47.7153616139325 16.7445192219184 -8.92335912532716
46.8535243432099 17.2890150550133 -9.24519866979588
45.9916870724872 17.8335108881081 -9.5670382142646
45.1298498017645 18.378006721203 -9.88887775873333
44.2680125310418 18.9225025542979 -10.210717303202
43.4061752603192 19.4669983873928 -10.5325568476708
42.4003520794166 19.7848574839215 -10.6371906638344
41.3714029599694 20.0663158851652 -10.7069385226287
40.3424538405222 20.3477742864089 -10.7766863814229
39.313504721075 20.6292326876527 -10.8464342402172
38.2845556016278 20.9106910888964 -10.9161820990115
37.2556064821806 21.1921494901401 -10.9859299578057
36.2266573627334 21.4736078913839 -11.0556778166
35.196803097756 21.7411979487831 -11.1112221681755
34.1496879019231 21.7443216676712 -10.8959086876771
33.1025727060902 21.7474453865592 -10.6805952071788
32.0554575102572 21.7505691054473 -10.4652817266804
31.0083423144243 21.7536928243354 -10.249968246182
29.9612271185914 21.7568165432234 -10.0346547656837
28.9141119227585 21.7599402621115 -9.81934128518534
27.8669967269255 21.7630639809995 -9.60402780468699
26.8441318737574 21.7188670569714 -9.33594702074054
25.9195642027451 21.4828589935814 -8.85397741424869
24.9949965317327 21.2468509301914 -8.37200780775683
24.0704288607203 21.0108428668014 -7.89003820126498
23.145861189708 20.7748348034114 -7.40806859477313
22.2212935186956 20.5388267400214 -6.92609898828128
21.2967258476832 20.3028186766314 -6.44412938178942
20.3721581766709 20.0668106132414 -5.96215977529757
19.5011945078894 19.7833162070778 -5.42943812757311
18.7699494943344 19.3760488049095 -4.76443145156883
18.0387044807794 18.9687814027412 -4.09942477556454
17.3074594672244 18.5615140005729 -3.43441809956026
16.5762144536694 18.1542465984046 -2.76941142355598
15.8449694401144 17.7469791962363 -2.1044047475517
15.1137244265594 17.339711794068 -1.43939807154742
14.3824794130044 16.9324443918997 -0.77439139554314
13.6859482967314 16.4879683296527 -0.101572757034
13.0866005785866 15.9393246484008 0.593115885182992
12.4872528604418 15.390680967149 1.28780452739998
11.887905142297 14.8420372858971 1.98249316961698
11.2885574241522 14.2933936046453 2.67718181183397
10.6892097060074 13.7447499233934 3.37187045405096
10.0898619878626 13.1961062421416 4.06655909626795
9.49051426971786 12.6474625608897 4.76124773848495
8.88801118486055 12.071238502046 5.42425401940296
8.27092911389484 11.3675826806178 5.94087582354126
7.65384704292914 10.6639268591896 6.45749762767957
7.03676497196343 9.96027103776144 6.97411943181788
6.41968290099772 9.25661521633325 7.49074123595619
5.80260083003202 8.55295939490505 8.0073630400945
5.18551875906631 7.84930357347685 8.52398484423281
4.5684366881006 7.14564775204866 9.04060664837111
3.94444237573948 6.43132664503902 9.51995191725659
3.26062277344601 5.62469773718426 9.67666963284896
2.57680317115255 4.81806882932951 9.83338734844133
1.89298356885908 4.01143992147476 9.9901050640337
1.20916396656562 3.20481101362001 10.1468227796261
0.525344364272149 2.39818210576525 10.3035404952184
-0.158475238021317 1.5915531979105 10.4602582108108
-0.842294840314783 0.784924290055747 10.6169759264032
-1.52582095627685 -0.0208102907573869 10.7556543530148
-2.20289633431422 -0.806887842444083 10.4978348404909
-2.87997171235158 -1.59296539413078 10.240015327967
-3.55704709038895 -2.37904294581748 9.98219581544318
-4.23412246842631 -3.16512049750417 9.72437630291931
-4.91119784646368 -3.95119804919087 9.46655679039544
-5.58827322450104 -4.73727560087756 9.20873727787157
-6.26534860253841 -5.52335315256426 8.95091776534771
-6.94242398057577 -6.30943070425096 8.69309825282384
-7.56602322793977 -6.96223418450484 8.1214967261837
-8.18914503060921 -7.61384776942548 7.5470936962186
-8.81226683327866 -8.26546135434613 6.97269066625351
-9.4353886359481 -8.91707493926678 6.39828763628841
-10.0585104386175 -9.56868852418742 5.82388460632331
-10.681632241287 -10.2203021091081 5.24948157635822
-11.3047540439564 -10.8719156940287 4.67507854639312
-11.9278758466259 -11.5235292789494 4.10067551642802
-12.5811390587897 -12.0133449906493 3.41262515480168
-13.2364625421041 -12.4921012497218 2.71680659909641
-13.8917860254185 -12.9708575087944 2.02098804339115
-14.5471095087329 -13.4496137678669 1.32516948768588
-15.2024329920473 -13.9283700269395 0.629350931980616
-15.8577564753617 -14.407126286012 -0.0664676237246491
-16.5130799586761 -14.8858825450846 -0.762286179429915
-17.1684034419905 -15.3646388041572 -1.45810473513518
-17.9643911159531 -15.691153203642 -2.08795211681024
-18.7779309174757 -15.9986708099334 -2.7095675920098
-19.5914707189983 -16.3061884162248 -3.33118306720935
-20.405010520521 -16.6137060225162 -3.9527985424089
-21.2185503220436 -16.9212236288075 -4.57441401760846
-22.0320901235662 -17.2287412350989 -5.19602949280801
-22.8456299250889 -17.5362588413903 -5.81764496800757
-23.6591697266115 -17.8437764476817 -6.43926044320712
-24.6253674530062 -17.9609344031317 -6.86947039379969
-25.6081920746474 -18.0573591409885 -7.27883321437977
-26.5910166962886 -18.1537838788453 -7.68819603495986
-27.5738413179299 -18.2502086167021 -8.09755885553994
-28.5566659395711 -18.3466333545589 -8.50692167612002
-29.5394905612123 -18.4430580924156 -8.91628449670011
-30.5223151828535 -18.5394828302724 -9.32564731728019
