0.13149765489662871 -2.1174304994522428 -0.17984597739624339
0.093734486124744859 -2.1245571099756768 -0.15293987557147831
0.055885248289812388 -2.130454103161906 -0.12581489048816219
0.017953591073280359 -2.1351153985532219 -0.098488983706391198
-0.020046807203475341 -2.1385326990989721 -0.070987371305963665
-0.058092018877939848 -2.140696784608616 -0.043342881915904997
-0.096150422922665083 -2.141598918264358 -0.01559424862877448
-0.13418611156050439 -2.1412318424594918 0.012216291889512039
-0.17216140813891609 -2.139590269127345 0.040044810607527702
-0.21003802329923099 -2.1366710733272609 0.06784653300613723
-0.24777772334361001 -2.132473362486166 0.095576342333960729
-0.28534381074769072 -2.126998328070679 0.12318988737294979
-0.32270393726628249 -2.1202486131224929 0.15064567240724239
-0.35983340031107641 -2.112227087145067 0.17790748962863151
-0.39671715931526302 -2.1029353448470798 0.20494587549998511
-0.43334906058564893 -2.0923726090029309 0.23173747015820459
-0.46972805517849858 -2.080535696109544 0.25826214014613841
-0.50585270676963745 -2.067420245945486 0.2844988600462402
-0.54171608453550779 -2.053022795560504 0.31042193369592369
-0.57730279523365791 -2.03734289231986 0.33599885785876821
-0.61258872764989625 -2.0203845247404 0.36119023007459239
-0.64754282755716297 -2.0021566127736499 0.38595116503264848
-0.68212960681547297 -1.9826727969733631 0.41023324266761318
-0.71631133899991517 -1.9619509597855029 0.43398621443372581
-0.7500496547661486 -1.9400127177041091 0.45715925977735672
-0.78330690320970653 -1.9168827609743171 0.47970204781848808
-0.81604775126136675 -1.892587730785465 0.50156591292115349
-0.84824106245119579 -1.8671545085943031 0.52270513490981552
-0.87986152228098735 -1.8406082474255989 0.54307793135649829
-0.91089022099149441 -1.81297087658324 0.56264664553436694
-0.94131367509291675 -1.784260846791424 0.58137686346464634
-0.97112141079413028 -1.754494472636464 0.59923566377847393
-1.0003028613135161 -1.7236885797622641 0.61618960366028031
-1.0288445949367999 -1.6918636309054189 0.63220314481815554
-1.056728677825592 -1.659046368261305 0.64723799279601468
-1.0839324457064621 -1.6252713107606009 0.66125341876741406
-1.1104294229353679 -1.590580972208619 0.67420728543346908
-1.136190852072555 -1.5550250994250421 0.68605736511987681
-1.16118735301509 -1.5186593498427441 0.69676262056094151
-1.185390477229459 -1.4815436594638269 0.70628429070366194
-1.208774128995888 -1.443740329393306 0.71458674058397365
-1.2313158437758009 -1.4053118375673681 0.72163804218708116
-1.2529977783348381 -1.366318625530099 0.72741021481966672
-1.2738071513859881 -1.326817423605156 0.73187907469238078
-1.2937359391054819 -1.286860752096197 0.73502376665802949
-1.312779889788664 -1.246497900038227 0.73682620893675144
-1.330937224302847 -1.2057770653937561 0.73727075119862129
-1.3482075337893269 -1.1647478006838581 0.73634425642374579
-1.364591277394462 -1.123462778521509 0.73403661292027722
-1.3800899956926569 -1.081978235015929 0.73034149181716201
-1.394707069544491 -1.040353023698475 0.72525709479077716
-1.4084487159163721 -0.99864667276779473 0.71878669892943348
-1.4213249410790001 -0.95691699731486168 0.7109389306945505
-1.433350281352034 -0.91521774542730316 0.70172781546445406
-1.4445442629727321 -0.87359663739281834 0.69117273338406393
-1.454931585793958 -0.83209406773932793 0.67929847753254391
-1.4645421035365449 -0.79074258383185247 0.6661356400617402
-1.4734107626412889 -0.7495669185211844 0.65172151888386787
-1.481577822102063 -0.70858390555753525 0.63610166510902999
-1.489089672443177 -0.66780136900930775 0.61933189115868459
-1.495999275397031 -0.62721556799220013 0.60147943402456661
-1.5023655385391761 -0.58680722428415111 0.58262332896991464
-1.5082587014899911 -0.54653475396756712 0.5628603353154189
-1.51374927698754 -0.50633408534934299 0.5422939654924338
-1.5189026769756251 -0.46609995248704389 0.52103158177180542
-1.523068483395432 -0.42604042862840341 0.49854601908240698
-1.5256938401202631 -0.38653758536860378 0.47460965503207059
-1.5268353190303461 -0.3474715843109506 0.44923890299708702
-1.5263429939083011 -0.30910598699745778 0.42250585182653072
-1.524337463881565 -0.27157461276928702 0.39468830680341149
-1.520564307853163 -0.234651717393242 0.36521974901317678
-1.5153029405452629 -0.19873310940369079 0.33474473387485432
-1.508436820061323 -0.16413809531151119 0.30291421150994002
-1.5001386898245559 -0.1307793661213249 0.27018132711507159
-1.4895160752565331 -0.097812326541775352 0.23636719095429681
-1.4780066157066829 -0.067139577539609419 0.200958461355839
-1.4665918686090049 -0.03838074950952728 0.16239879436623719
-1.4562906355241509 -0.01159450741446332 0.1215538427879805
-1.4484630267642991 0.01420267578113139 0.07742639229577189
-1.444037064204803 0.039180752288949343 0.031144477772155201
-1.4434895115345749 0.063115538067714444 -0.015197690321458819
-1.446650091880386 0.088201779505041045 -0.061660007518628011
-1.453318241736693 0.1140958447395042 -0.1066790762968651
-1.4627992799250249 0.1409293859024551 -0.14807362216188669
-1.4735741860341209 0.16974112905427199 -0.1868424641303649
-1.484591890822416 0.20029099013724261 -0.22295262401784249
-1.4948761732628111 0.23308003903001959 -0.25716195754815258
-1.5032899613654629 0.26660765549391802 -0.28965831883768328
-1.5098850751102391 0.30102779185271461 -0.32131819541948431
-1.514851006318026 0.33713936611364181 -0.35230489108543322
-1.518057561145747 0.37370178018649042 -0.38167932739071891
-1.5197150957804879 0.41138636132107642 -0.4100070751997596
-1.519612440782744 0.4494965290218913 -0.43684212187026411
-1.5178575073170111 0.48847319177852971 -0.46266617621153711
-1.514417333688131 0.52766767986880914 -0.48698486638589727
-1.509380035658263 0.56745390541266383 -0.51004834106998209
-1.5029433671100401 0.60743188231964718 -0.53152198298420439
-1.4950798321616681 0.64773968976670193 -0.55146128598540667
-1.48601743630702 0.68825921361376086 -0.56992482160561819
-1.4766476536970541 0.72870019029628574 -0.58759082662795381
-1.4668875010157529 0.76916141809834027 -0.60437871478238114
-1.4566573469533031 0.80968748190388928 -0.62019740336154972
-1.4458755397244361 0.85030215452615199 -0.63495845634250159
-1.4344720785468861 0.89100999010914894 -0.64858548351058209
-1.4223881816017061 0.93180008587993413 -0.66101385920215461
-1.4095745875180861 0.97264980166026327 -0.67218964468450793
-1.3959906188854241 1.013527833266231 -0.68206878693287254
-1.3816034013636529 1.054396482990311 -0.69061629011302361
-1.366386992544812 1.0952132090639179 -0.69780519072501646
-1.3503215518395191 1.135931607960581 -0.70361548377581384
-1.3333927444400491 1.176502017919683 -0.70803325758325619
-1.31559136428234 1.2168719175334459 -0.71105007675010756
-1.296913071879376 1.2569862436912269 -0.7126625427800497
-1.2773581797592291 1.296787719528594 -0.71287198634874949
-1.256931445350566 1.336217255781565 -0.71168425895174825
-1.235641833455055 1.3752144617611159 -0.70910958284133718
-1.21350220940478 1.413718285682465 -0.7051624131054921
-1.1905289251970499 1.4516677934310711 -0.69986126557654704
-1.1667412695578849 1.489003073610806 -0.69322846662749016
-1.142160775274734 1.525666220025286 -0.68528979068127482
-1.116810412121753 1.561602301340983 -0.67607397248447876
-1.0907137358636221 1.5967601936469979 -0.66561211333860293
-1.0638941093509371 1.6310931303462339 -0.65393704100762573
-1.036374152208988 1.6645588245143941 -0.64108272634828523
-1.00817558590209 1.697119065734553 -0.62708388993498942
-0.97931958377808614 1.7287388103405441 -0.61197592107206089
-0.9498275939795725 1.75938495615737 -0.59579515631571889
-0.91972241654085263 1.7890251457778721 -0.57857943540896728
-0.88902917972323969 1.817626976149914 -0.56036872633159107
-0.85777586824611174 1.845157857141926 -0.54120556381725582
-0.82599322243225404 1.8715855134915931 -0.52113511494617382
-0.79371405940913764 1.896878900063294 -0.50020483167469199
-0.76097222308034973 1.9210092214203021 -0.47846377809725482
-0.72780136817323249 1.9439508270266559 -0.45596175459915977
-0.69423367810665781 1.9656818913130369 -0.43274829427816908
-0.66029855268026583 1.986184856702518 -0.40887157215963371
-0.62602138828289067 2.0054465773679331 -0.38437733173611011
-0.59142276834969032 2.0234580324883571 -0.35930808193419872
-0.55651850202376396 2.0402135054439019 -0.3337029222074725
-0.52132081121355289 2.0557092994505628 -0.30759826661173167
-0.48584055299511419 2.0699422956707778 -0.28102942670821379
-0.45008987601632539 2.0829087936271691 -0.25403261900146851
-0.41408444800444588 2.0946039912130301 -0.22664672413090789
-0.37784454999336481 2.1050221911214 -0.19891421339183321
-0.34139484463602582 2.1141575196517279 -0.17088104256924469
-0.3047631884402851 2.1220047874181152 -0.14259576366051141
-0.26797913090218911 2.1285601773774241 -0.1141083444928376
-0.23107258831688851 2.133821633881642 -0.085469087438702476
-0.19407276102250501 2.1377889920397162 -0.056727719589632818
-0.1570070292689387 2.140463924697773 -0.027932464080650241
-0.1198995903268596 2.1418497158991499 0.00087107940997251544
-0.082769981067130891 2.1419508093201438 0.029641118745401221
-0.045632073635850492 2.1407721273896652 0.058340447306555687
-0.0084942667661505149 2.1383183042651348 0.086936251164431114
0.028638755934954681 2.1345931104479439 0.1153986750095725
0.065763013080391799 2.1295993417006338 0.1436984267620405
0.1028718922377569 2.1233392666383222 0.17180418490225891
0.13995361000269421 2.1158154721508131 0.199680689852477
0.17699019620681319 2.1070317754069139 0.22728807096369211
0.21395801154405319 2.0969938945810189 0.25458237981918858
0.25082917938779431 2.0857097589471389 0.28151681742165607
0.28757314059655481 2.0731895424488358 0.30804303170169389
0.32415787898577569 2.059445565103049 0.33411214025191888
0.36055092171975689 2.0444920864901088 0.35967555401843199
0.39672055509857967 2.0283448398728088 0.38468590735683239
0.4326375395482886 2.0110201204666009 0.4090982602686441
0.46827705340915959 1.9925334525335749 0.43287133878234457
0.50362005279859956 1.9728982222167191 0.45596823952402188
0.53865314468579573 1.9521249212987679 0.47835604229225459
0.57336658437054766 1.930221564903678 0.50000420168883719
0.60775086569423087 1.907195395439153 0.52088218375567352
0.64179306213754272 1.883055397761731 0.5409572053114553
0.67547417878425708 1.8578147795848461 0.56019287801304252
0.70876823864586802 1.83149264855862 0.57854910245689151
0.74164300465418354 1.804114579948537 0.59598299753404027
0.77406164385458731 1.7757122895676971 0.61245032294991808
0.8059845895615575 1.7463228523586189 0.62790689926420107
0.83737125604645524 1.71598773323159 0.6423098147510119
0.86818170041546361 1.684751554575826 0.65561845386909046
0.89837842342531415 1.6526603885730029 0.66779540316739505
0.9279282019780406 1.6197596230689879 0.67880713459720343
0.95680345553323554 1.586091931173351 0.68862424491060859
0.98498255884373087 1.551696163078383 0.69722111301958412
1.012448870084427 1.516607767588714 0.70457509892841286
1.039188829779681 1.4808607088258601 0.71066565574232954
1.0651899086619909 1.4444901695132271 0.71547377456679706
1.090439184195531 1.4075350430244269 0.71898200379374755
1.1149229575010311 1.3700394371832401 0.72117501377481075
1.138627360631226 1.3320529236978511 0.72204048453364567
1.161539612322644 1.2936297219043891 0.72157005451939449
1.183649533342308 1.2548272053685261 0.71976014117662579
1.204951026873593 1.2157041036624949 0.71661254149138909
1.225443339321334 1.17631868689556 0.71213479690237191
1.245132020794298 1.1367271407977859 0.70634037498205116
1.26402961179447 1.0969822101751641 0.69924875318597113
1.2821561458457871 1.0571319777851971 0.69088542686689713
1.2995396824131329 1.017218502837407 0.68128188731968564
1.316217221818974 0.97727605840730891 0.67047579232086818
1.332235790717031 0.93732884119938076 0.65851122181639377
1.347653033837422 0.8973885458639026 0.64543853275271179
1.3625374153181189 0.85745264599998572 0.63131386576714366
1.376967443748826 0.8175039365391249 0.61619876451071764
1.391026723992465 0.77751279796097905 0.60015861621042366
1.404812959152445 0.73741989253726259 0.58326791436829306
1.417598095240497 0.69730928221537958 0.5649059825971805
1.429023145292291 0.65749680994557125 0.54498858879313317
1.439005729814022 0.61779050003638991 0.52348958305837345
1.4473719864620149 0.5785222026138187 0.50060913910876936
1.4541522187848399 0.53947553895644051 0.47633960332281988
1.459123918258697 0.500912254526512 0.45088446167172358
1.4624354142691141 0.4624826789015295 0.42399118361520782
1.4639722463268701 0.42488480721042632 0.39595733448846582
1.463848475630747 0.38795863727587121 0.36679942313724928
1.461945336482338 0.35166108336035812 0.33639779079591769
1.458255716152951 0.31626754806727758 0.30486697939228669
1.4528009257303409 0.28204616361787771 0.2723367251837317
1.4455869010202591 0.2489986478157904 0.23876837131778719
1.436312046361911 0.21622595759462179 0.20344347641277569
1.4270550775002231 0.18598468986073219 0.1662569900235211
1.4186249272324269 0.15743825859106969 0.125575541632337
1.412922284920231 0.1306437710413362 0.082088184419578589
1.4102803118350471 0.10516114581825629 0.036331943631289811
1.4109944288932079 0.080341684758106754 -0.0097022400432960811
1.4151389024911389 0.055497380103440103 -0.055708668029863358
1.4225847870696691 0.029903241136930402 -0.099872076246172559
1.4328677016141129 0.003278105748551073 -0.14104005952707019
1.4449275828973389 -0.025504860939307959 -0.17929295341214879
1.457226792482339 -0.05625677862692028 -0.2153092758684651
1.4677350704727119 -0.088052941950373192 -0.24961324021117451
1.476548956162886 -0.12117333650952331 -0.28319938157546698
1.4834737885224649 -0.1553473323929748 -0.31561027495911942
1.4887434228744389 -0.19053317003818171 -0.34720918759381558
1.4921775444357659 -0.2266438341474582 -0.37755192424518252
1.4939750429357499 -0.26329596897333679 -0.40660367941054087
1.494127411078142 -0.30115715252389008 -0.43475382111874339
1.4926742554908781 -0.33935331856674222 -0.46135732224713782
1.489673861983698 -0.3780648228219407 -0.48659253164934829
1.485099179502092 -0.41764184314022151 -0.5106618380429081
1.478999588877929 -0.45747894084566298 -0.53316125273817039
1.471325455059872 -0.49790815321216669 -0.55429977088013849
1.4625518823140089 -0.53850688306826888 -0.5741092487020224
1.4534554117181411 -0.57904974682512744 -0.5930639528714603
1.443972024765275 -0.61959776048187332 -0.6111249429699902
1.4340296932139871 -0.66018508021794864 -0.62823766369713063
1.423557555768123 -0.70084221384480583 -0.64435373226863357
1.4124885269048331 -0.74159224486719033 -0.65942865959210573
1.4007615727883329 -0.78244763023032826 -0.6734211427472625
1.38832214848742 -0.8234085915349737 -0.68629206442365553
1.3751229569441501 -0.86446273260041073 -0.69800470628011047
1.3611245827159739 -0.90558586215546943 -0.70852565607346307
1.346295423760048 -0.94674359147245457 -0.71782554160424838
1.330611405923529 -0.98789313659871381 -0.72587964439867392
1.3140556885447381 -1.028984955705742 -0.73266836260222223
1.296618325260251 -1.069964162971982 -0.73817747291124314
1.278295824110546 -1.1107719335723949 -0.74239826584119506
1.259090499189661 -1.151347149397618 -0.74532758388093245
1.2390095194230399 -1.191628363872038 -0.74696770672299873
1.218063639401568 -1.2315559813157479 -0.74732601028870638
1.196265671091749 -1.271074446601375 -0.74641435484354346
1.1736288418732681 -1.310134150095889 -0.74424820562283422
1.150165336720175 -1.348692590733972 -0.74084556585937
1.1258854964898111 -1.3867142149408509 -0.73622591886402799
1.10079816321879 -1.4241685244164211 -0.73040948656679527
1.074912354830531 -1.4610266565649921 -0.72341710522221137
1.04823985963112 -1.4972574451907661 -0.71527081319464725
1.020797791409507 -1.5328244294046811 -0.70599490560089351
0.99261004879860326 -1.567684971566484 -0.69561694891743364
0.96370713299538613 -1.6017916554605509 -0.68416827171811911
0.93412460476505588 -1.635095074772789 -0.67168376295916399
0.9039010329396826 -1.6675466941195911 -0.65820118193142296
0.87307619155347749 -1.699100912667272 -0.64376031702968506
0.84168961438303747 -1.7297163563138629 -0.62840213031214698
0.80977899862479441 -1.7593570132158729 -0.61216770872407578
0.7773779563787937 -1.7879936419205309 -0.5950967659650197
0.74451333577680601 -1.8156051190057201 -0.57722577270981013
0.71120323791362317 -1.8421787476370111 -0.55858633432343463
0.677457163088096 -1.867708642275961 -0.53920473131436619
0.64327901862065295 -1.8921921868084099 -0.5191032435962194
0.60867232087617196 -1.915625666975006 -0.49830306172653349
0.57364568147396178 -1.938000746942897 -0.47682772304243498
0.53821640890590361 -1.959303091602304 -0.45470567107695842
0.50241101125060916 -1.9795133515202259 -0.43197098956163782
0.46626299501461149 -1.9986096088922329 -0.40866235299978287
0.42980960615414332 -2.0165699076675629 -0.38482112602293889
0.39308926113141091 -2.03337387456568 -0.36048974373450499
0.35614036730688697 -2.0490033072541411 -0.33571090829850442
0.31900084256928252 -2.0634423008797449 -0.31052721861914401
0.28170696176916382 -2.0766775490600309 -0.2849803310092951
0.24429071333723471 -2.0886989488879508 -0.25910906337273237
0.20677626425573289 -2.0995000433342059 -0.23294681502767589
0.1691773688142211 -2.1090776595308771 -0.20651958064149009

-1.4166139227623751 -0.85631623796766287 -0.41474190948382778
-1.463168236408025 -0.85171618748414768 -0.42390106017875467
-1.50938493506136 -0.84547298063387077 -0.43146931695489738
-1.5559008780015009 -0.8374919846726091 -0.43753613440968381
-1.601616673397227 -0.82810684606975382 -0.44205549118418358
-1.6475519736554129 -0.81704797313568789 -0.44511915531432178
-1.6924667131382221 -0.80446853024063214 -0.44658429355868512
-1.737373135506975 -0.79027375004207945 -0.44658182329827217
-1.7812288464704 -0.77455492352970146 -0.44501744948124472
-1.824671315889574 -0.75734524201768472 -0.44199314785171889
-1.866859280473067 -0.73885630390781254 -0.43758029580996621
-1.908585839864801 -0.71870991466031175 -0.43168043674314599
-1.948804444765595 -0.6974762399763268 -0.42450391294932938
-1.988322266894835 -0.67466325722273235 -0.41588826267483192
-2.0263504123236089 -0.65074727644296115 -0.40604431764563798
-2.0634809637252309 -0.62533304261047418 -0.39482110837003409
-2.098852223952234 -0.59921862167180173 -0.38262171795423999
-2.1332359889279888 -0.57151534320275799 -0.36905809030124193
-2.1657712762463301 -0.54313233573319086 -0.3545972578737342
-2.197048662998728 -0.51334049098323042 -0.33890108698832638
-2.2264488291498821 -0.48287678827463543 -0.32238078671388248
-2.2543645069915161 -0.45127175021601479 -0.30481596551890261
-2.2807256223360981 -0.41888618073769562 -0.28643695862043189
-2.3051469978508741 -0.38560339671139598 -0.2672723144310088
-2.3278659219213811 -0.35171577999463899 -0.24749411284635711
-2.3486681622025469 -0.31686391873068198 -0.22701483969742731
-2.367689017863237 -0.28150444660577922 -0.20609706654733589
-2.3846834851049379 -0.24535312532220929 -0.18467913482912809
-2.3999644650746621 -0.20871865644143059 -0.1629368370985739
-2.4131031198727588 -0.1715031244842706 -0.14051126354227239
-2.4243970909252339 -0.13413447215486329 -0.11784784356352911
-2.4336099078833571 -0.096243608158495531 -0.094834656463224615
-2.4406659926069731 -0.058289423342592447 -0.071367287261296306
-2.4459255145783931 -0.02012705607383887 -0.047969846003956061
-2.4487941605351531 0.01848991395366378 -0.024345181710352989
-2.449962451170808 0.056675890445790973 -0.00054113456494659751
-2.4488440520061299 0.095482958662539155 0.02335742632639012
-2.44578155289528 0.13384763324707261 0.046808394661659307
-2.4406420544282379 0.1721721513235667 0.070409697068336594
-2.4334147039532832 0.21004571223821389 0.093761568845799559
-2.424218503985339 0.24767614947439981 0.1168760100542624
-2.4129216851740041 0.28505655933978441 0.13971509939677981
-2.3997439884912262 0.32183572458481707 0.16227515886653229
-2.3845886610199072 0.35822957320086629 0.18445754895607269
-2.3675663784907051 0.39399917355156799 0.2059669878822615
-2.3485417966995761 0.42933821461411809 0.2269696046875784
-2.327752286023097 0.46383365095315959 0.2474069047404141
-2.305048972355642 0.49754293605411021 0.26740335929927622
-2.2806830467425931 0.53048008454974294 0.28678178493651812
-2.2544507308943831 0.56255263872668837 0.30544838488114778
-2.2268279635131778 0.59365705561046289 0.32323521060689708
-2.1973125039243162 0.62391804086982938 0.34020273643004389
-2.166380669535227 0.65312139704674399 0.35617397037088949
-2.1337964899179549 0.68127453524974413 0.37113755161935941
-2.0997175096851728 0.70844913508362062 0.38509088495213462
-2.064451481615897 0.73424524665226576 0.39780554657127609
-2.0274040569774971 0.75933687112292036 0.40957855889374167
-1.9896921074771969 0.78269705254547473 0.41988405209606128
-1.9503217618463251 0.80517002158969564 0.42908935727745667
-1.91014726129899 0.82600513541981324 0.43684017463988312
-1.8687234351172981 0.8457451124373927 0.44335692561655499
-1.826535696632821 0.86386787651963348 0.44838889338710303
-1.7833431831009019 0.88078815205730632 0.45210943097599432
-1.739474155958564 0.89611784869016631 0.45429984277672042
-1.694879621658689 0.91003424332916838 0.45504466688207817
-1.6498944211860329 0.92232517118618107 0.45425221887289008
-1.604173388196714 0.93304153110128962 0.45190340208653529
-1.558393860615003 0.9423431806901803 0.44814491288478842
-1.51196390713691 0.94999307112513598 0.44275423597953101
-1.465764213268018 0.9561148571825665 0.43592322293358787
-1.41916500945322 0.96046155402759648 0.42740731169358259
-1.3729052166619939 0.9632530310028341 0.41748333033096369
-1.3265150679334341 0.96435412497581718 0.40600463205420839
-1.2804824298631921 0.96377956074329107 0.39304423317923892
-1.2346666979570931 0.96141693317813315 0.37857820095821559
-1.189439252254834 0.95727758219896586 0.362782912827047
-1.1447132488050249 0.95130405628302206 0.3457151504253072
-1.1004940324824291 0.94371011212180245 0.32715710832347122
-1.057115092288019 0.93432692693212716 0.30721438374625848
-1.014618294868413 0.9231517088673985 0.2860708625104097
-0.9732427390437568 0.9102225226954147 0.26363811515181801
-0.93289949940523209 0.89578304295550315 0.23971814863469401
-0.89377241321399103 0.87974854082448106 0.21453414111256411
-0.85621616151639268 0.86215300089887348 0.18828734110132281
-0.82000893023466659 0.84298377393534585 0.160751064003784
-0.78542933057525655 0.82224398928690834 0.13194962689502909
-0.75287377152364976 0.80079902906054656 0.1018330963414837
-0.72183446824500397 0.77797983282228755 0.070217368248314205
-0.69325090482313334 0.75418119416634688 0.038050183239810888
-0.66605107616743031 0.72901810736648831 0.0044040387543532542
-0.64166585090867323 0.70317360872955592 -0.028878669159928531
-0.61851110602917481 0.67564624347619118 -0.063402294994800615
-0.59567313049073922 0.64863546769668079 -0.097192784884617148
-0.57264196438800863 0.6216565714966803 -0.1308102903049119
-0.54944747077590583 0.59469330615817539 -0.16424034634234011
-0.5261299358260817 0.56771213608758841 -0.19748718035358959
-0.50257719536174617 0.5405132320712227 -0.23075439938463449
-0.47849464142607412 0.51282604366091544 -0.26318610853342927
-0.45456479031657943 0.48557612951888163 -0.29256318405835868
-0.42860350177087131 0.45629401577768253 -0.32119252312363578
-0.40207745366875292 0.42656217107865402 -0.3476834625733331
-0.37454466782370588 0.39602074037849339 -0.37236503107435459
-0.34614741676914501 0.36486757990709262 -0.39520463948212281
-0.3169398020560481 0.33318393137061408 -0.4159972941218269
-0.28680184138186582 0.30102167961365223 -0.43489995599018028
-0.25593266453016827 0.26861788696004402 -0.45177825934968779
-0.22427853526333791 0.23594173848684741 -0.46664422817632101
-0.19192866284312551 0.20298920589509531 -0.47940969326686128
-0.15902538714414319 0.16993673134884479 -0.49000993236985441
-0.12543150425367611 0.13674196610895989 -0.49839518573273622
-0.091494958034366497 0.10371350296037719 -0.50442872401435079
-0.057078105864290123 0.070761234912218626 -0.50793271428436637
-0.02274710105529763 0.038149507314107017 -0.5086188909797783
0.01192592057277621 0.0051786154052122961 -0.50649027935682267
0.046124879151185537 -0.027648582740272831 -0.50182395029847937
0.079977675142537508 -0.060480469280486213 -0.49483721852079621
0.11344148948818369 -0.093228569816651993 -0.48554234914442918
0.14648708828533191 -0.12588773735770689 -0.47406176485596668
0.17904076502220079 -0.1581665970233001 -0.46047072754232382
0.2109324644276378 -0.19006312487956639 -0.4448117301563726
0.2423087882133218 -0.22165494737778971 -0.42711687594409442
0.27291320425771909 -0.25251284835106941 -0.40749375439736468
0.30296016325250708 -0.28275795884443339 -0.38587733961449328
0.33234139093181209 -0.3122477358549805 -0.36232181380062861
0.3607933197925981 -0.34067340377971561 -0.33707831989631371
0.38905695214909691 -0.36860961727361241 -0.30947027471170913
0.41535676948211331 -0.39424882900341468 -0.28136230854574429
0.4423226767072766 -0.42004683053124448 -0.2500415472344058
0.46893702267789472 -0.44512317576808191 -0.21801410708359231
0.49550234341804822 -0.46979031533819332 -0.1859039476944141
0.52212216810941448 -0.49418514138546582 -0.15355886735267091
0.548757565614031 -0.51831563250250801 -0.1209678699683511
0.57535644047447587 -0.54218569223082425 -0.088122801874117265
0.60186204362362761 -0.5658027166117221 -0.055024710678200701
0.6282213208158598 -0.5891781133951286 -0.021684197470245751
0.65459629451207002 -0.61249718929915598 0.012147691970969141
0.68203858020568886 -0.63528825669074496 0.045161325662655287
0.71159239905438432 -0.65742633621625879 0.076945466385743011
0.74270264901308269 -0.6786648621290261 0.10748930880792169
0.77570689202931475 -0.69887990778617481 0.13690322972426469
0.80998435051950401 -0.71787211747686808 0.1650750640650204
0.84616638692906465 -0.73570659155494178 0.19237770133427731
0.88328037789147618 -0.75184255221348839 0.21831910924830561
0.92175923442073482 -0.7663507470991423 0.24321916876049979
0.9618004021593487 -0.77944001850177413 0.26726512803885871
1.001979428889364 -0.79038196905168423 0.28962412733915238
1.0442369971150269 -0.80010838365063808 0.31146301453452191
1.0865767671316151 -0.80789428770346994 0.33159549179196801
1.129334638857181 -0.81398060711365017 0.35043232266492119
1.1739348428034879 -0.81842044072725573 0.36842357366982398
1.2176795397694431 -0.82119564797680844 0.38459481980704902
1.262928981808749 -0.82226592862049797 0.39976115871762918
1.307513581973377 -0.82165629645391225 0.41319710431796219
1.353425077508531 -0.81936645132542152 0.42551266249156727
1.3985876410263249 -0.81551277827548496 0.43613527865230339
1.4442020326885801 -0.81014858158121672 0.44548282540182249
1.4897030125866531 -0.80298722004859491 0.45323259660149939
1.5347855779928801 -0.79445594211054593 0.4595485747448293
1.5801082688191419 -0.78406251747961286 0.46432355616946641
1.6246142962498871 -0.772444973062826 0.46767238190596627
1.66895813230617 -0.75908911892032882 0.46949805660187122
1.7125919734710791 -0.74446134408038322 0.46993372443974052
1.755658948971266 -0.72818879836887573 0.46884157164525009
1.7979254857716209 -0.71066442115339734 0.46638490544323219
1.839441949415864 -0.69156945817033633 0.46244198281968463
1.8800942473646629 -0.67127878652750694 0.45718459757947039
1.91969326499474 -0.64968426810676461 0.4505893586385542
1.958264281295838 -0.62682353806202507 0.44268315487277238
1.9956869369258821 -0.60271868938616335 0.43349658688716258
2.0318132501739719 -0.5774653882467361 0.42307865114939669
2.0667593314959678 -0.55101579544955692 0.41143593293521791
2.100107968130621 -0.52362617752224094 0.39869268545986181
2.132386838171938 -0.49494368628467722 0.38472444549613738
2.1629084245803671 -0.46556769624466648 0.36984131115589869
2.191994792494957 -0.43514344961712947 0.35389660406472168
2.21945882133154 -0.40387052477003549 0.33701232227061628
2.2451959947590971 -0.37186278107700771 0.31927740713096581
2.2693259108037118 -0.33897447781162959 0.30062987560169852
2.2915573555156281 -0.30556314982966332 0.28130046970525158
2.3121912542352452 -0.27138046085472151 0.26115783111224272
2.3309833503460902 -0.2367279956358932 0.24042750820984879
2.3479830179630699 -0.2014630925396261 0.21905485321682511
2.3630250876597532 -0.16584220067891561 0.19723380822372841
2.3762287336648131 -0.1297173898204034 0.1748957599535583
2.3874526532867959 -0.093267573694321301 0.15220072116222871
2.3967626755709279 -0.056557588971113168 0.12921517479699479
2.4041945866144059 -0.019422085993034022 0.10590484472422421
2.4096509541956359 0.017765893221950851 0.082548469841713171
2.413195369971981 0.055237303574058969 0.05903464903005777
2.4147908681669858 0.092766234983930315 0.035592283200465341
2.4143703699633452 0.13026520272922659 0.011974523008385611
2.4119766068244939 0.16765012586228889 -0.01180536487006969
2.4075711393373358 0.20523780108973391 -0.035547901260415807
2.401275513188335 0.24211041690612681 -0.05881960053823003
2.3930153612427691 0.27891986480008968 -0.082151862118463995
2.3828324624467019 0.31526103631575031 -0.1052407208724372
2.370688733638084 0.35120193759390589 -0.12821113077549379
2.3567729734699161 0.38652658080626978 -0.15084290168330139
2.3409468720761462 0.42146379108790372 -0.1732909542651358
2.3234272793648101 0.45564988887516422 -0.19523536903633409
2.3039924984204321 0.48924889387381848 -0.2167559269948246
2.28282355565258 0.52212378142359517 -0.23771116930822159
2.2598550600605649 0.55426762868398249 -0.25807273244470191
2.235205410629042 0.58561074699467208 -0.27776055227294411
2.2088643289110919 0.61610080310830673 -0.29671273056204389
2.1809084446848952 0.64578071595529263 -0.3149130186978602
2.1515360864864119 0.67442107379282801 -0.33218256488011971
2.1204826867939142 0.70217923624005152 -0.34860854548734482
2.088068261535164 0.72879772878990767 -0.36400860654921768
2.0541451750658402 0.75441112802119548 -0.37843877505385309
2.018959697902758 0.77882806474217958 -0.39176716511074539
1.982423194095851 0.80212678947771621 -0.40401571140595888
1.9447003979328019 0.8242168594910918 -0.415111556387873
1.905822350973126 0.84509570336428608 -0.42501656999888748
1.8660664450794091 0.86456745088869968 -0.43361445228041517
1.825052086357233 0.88284827675774913 -0.44098424412131121
1.7834460450235119 0.89960551647902431 -0.44696810656322522
1.740683426946229 0.91511268508526344 -0.4516519664375695
1.6975233422605009 0.9290479098782688 -0.45490749456033919
1.65345534295152 0.94168682643120083 -0.45681139201203158
1.6089900201301981 0.95287323425776027 -0.45730070758120173
1.563988049779591 0.96249124329171898 -0.45628757086196309
1.518787352107589 0.97060961287947545 -0.45383940466443118
1.472976568181295 0.97717458907081522 -0.44985584872335432
1.4274353613123141 0.98216412134188258 -0.4444631499414744
1.3811996967536531 0.98568759373754766 -0.43752754742678568
1.335550714572856 0.98754263329174652 -0.429159408318319
1.289646523216132 0.98782984991382439 -0.4192493622326175
1.2440632837258969 0.98641502840685602 -0.40784795104769678
1.1990352166053511 0.98348234092376496 -0.39514112496417031
1.1536940588727249 0.97892227429622169 -0.38080368424319438
1.1096608517840729 0.97273605236546157 -0.36529806800216158
1.0656329902541051 0.96479925949845802 -0.34826775962871681
1.0229598433879159 0.95530237599477319 -0.33015719011454148
0.9799519410759312 0.94399811724040017 -0.31028242832476638
0.93911927503116788 0.93116385178412286 -0.28971357458612618
0.89870753522659785 0.91666363173316301 -0.26753807913683803
0.85945693422667802 0.90051847353414705 -0.24397309210170759
0.82162347276731551 0.88309518271478771 -0.21934051931379939
0.78507820720163146 0.8639311776126376 -0.19344727843278489
0.75009596962032099 0.84349295109396505 -0.1664258830914474
0.71675852393609663 0.82168793783847416 -0.13823883920516111
0.68500063471067985 0.79843718138469766 -0.1090507547984105
0.65532360819142521 0.77439232351778642 -0.078638754146948889
0.62741000831520344 0.74942973026151605 -0.046646501685870867
0.60169448459559194 0.72450145452309778 -0.013864527436443969
0.57761170976856291 0.6985897896576293 0.02083031143761413
0.55436269445301178 0.67273982968285473 0.055318640700848798
0.53101741040089367 0.64687272752459213 0.089465448961330865
0.50753305480204725 0.62085314430879712 0.12340821031999299
0.48394687962835542 0.59467007439661113 0.15713225481515361
0.46028570968921889 0.56829368825059845 0.19066553525171451
0.43648784978037403 0.54160990576779033 0.2241446826243268
0.4120712915087073 0.51416446795009585 0.25649137849708331
0.38782172150617727 0.48688298253953671 0.28586289364139422
0.36175843561932558 0.45755750700691578 0.31450949166362319
0.33507890894950743 0.4276652015915981 0.34095785802890288
0.30746542782718572 0.39695624765249787 0.36560775607223678
0.27898463043367239 0.36546038696913902 0.38834323623019801
0.2497153781513268 0.33336411998653809 0.40913458236120243
0.21969581067582919 0.30079196620125231 0.42795085984951892
0.18891109912123061 0.26785262827816508 0.44475928549747851
0.15742178432998641 0.2346050427681009 0.4594977644750568
0.12533959820674551 0.2010630369505314 0.47214846980376579
0.092502631727116022 0.1673469686327797 0.48254733146611262
0.059451921673294481 0.13395470822013039 0.49059397443144909
0.025412624159877311 0.100078506690168 0.49624380221943298
-0.0081905586001211391 0.066885787841240135 0.49903669968059738
-0.042201438776578448 0.033246911482531658 0.49901151236794622
-0.076017210819995643 -0.0005245037167547434 0.4963499709971147
-0.1094774738958126 -0.034221935920555079 0.49122049036130983
-0.14255343683579491 -0.067899582221100194 0.48385368019814678
-0.17525035475237921 -0.1016135373377675 0.47421450845296181
-0.20737778253475839 -0.13491441223386891 0.46244443936563179
-0.23891392484091301 -0.16797143910728299 0.44860290591413388
-0.26987941233097551 -0.20076811262356811 0.43267503650314709
-0.30006327408495742 -0.2330461177181358 0.41484016603080609
-0.32967532090405188 -0.26481080659880291 0.39494418430328032
-0.35845179544902073 -0.29578554998916068 0.37319485906349792
-0.38673754570630797 -0.32633775881976101 0.34935573177209522
-0.41392247265622151 -0.35556978814202528 0.32392779410778949
-0.44074295370794841 -0.38427861496154819 0.29635533829194849
-0.46605660170568758 -0.41127167306029289 0.26761982582369559
-0.49186617290427098 -0.43862544874110287 0.2361846549141331
-0.51731896215420703 -0.46544382934105871 0.20500776697349041
-0.54276545480566507 -0.49214353374700509 0.17362858678615559
-0.5681840010246163 -0.51875904489251146 0.14202900465828661
-0.59353850522904794 -0.54532303732584386 0.110203841878763
-0.61878643655109233 -0.57186420651279335 0.078161545552448877
-0.64389648855343751 -0.59839288143039737 0.045922274978414307
-0.66897083724587625 -0.62511585011923854 0.01328059237494896
-0.69569722273300383 -0.65089762474877355 -0.019111618518090592
-0.72416710421226382 -0.67497302332464748 -0.050620248151045183
-0.75465972332952302 -0.69796169930611285 -0.081802778477277613
-0.78684484846899438 -0.71961240256483794 -0.1121650177124778
-0.82093844841421648 -0.73964835857875799 -0.14161747251776771
-0.85640666283118227 -0.75837660377118554 -0.16961614041938561
-0.89373869995916266 -0.77599322939852433 -0.1963057983729074
-0.93231586632995622 -0.79214014146677014 -0.22159735999511701
-0.97242539497688341 -0.80666603771702605 -0.24581981981817441
-1.0134631817876709 -0.81954947277403611 -0.2686829223215651
-1.0555437337299149 -0.83062687431193372 -0.2901724465035404
-1.098727609485213 -0.84001157832694995 -0.31064782175039402
-1.1428202073322939 -0.84759661133882724 -0.32968649679295697
-1.1872812466659779 -0.85357940248255915 -0.34716314244477919
-1.232457954440348 -0.8576916534786122 -0.36347398492743521
-1.2780918579548139 -0.85995027659429024 -0.37844857794279091
-1.324134003014366 -0.86045457814291482 -0.39204334399198371
-1.370353900626841 -0.85919004442553137 -0.40410989749643023
