0.13149765489662871 -2.1174304994522428 -0.17984597739624339
0.095334531965619251 -2.1242802280049515 -0.15408318542756275
0.059110031500662762 -2.1300000785330968 -0.12813168440888115
0.022841127505664083 -2.1345848183197322 -0.10201735304175727
-0.013455172150739663 -2.1380296704555173 -0.075766201498916511
-0.049761824624148597 -2.1403306729817291 -0.049404420952734909
-0.086061742358979745 -2.1414829766288181 -0.022958272232429494
-0.12233776026758093 -2.1414827119141528 0.0035456979747987053
-0.15857255770075984 -2.1403246502309563 0.030080719360796062
-0.19474866927683343 -2.1380044323877958 0.056619622860036918
-0.23084834907599072 -2.1345165137130344 0.083134789666173783
-0.26685361986611028 -2.129856016623374 0.10959806837646639
-0.30274615092734325 -2.1240175574712965 0.13598067291393501
-0.33850724704607693 -2.1169958492252468 0.16225310786868405
-0.37411790376700588 -2.1087864274400916 0.18838518719780623
-0.40955875747542059 -2.0993853293935545 0.2143459697586694
-0.44481016746979679 -2.0887897510246169 0.24010381935304539
-0.47985226610979309 -2.0769982435304173 0.26562644989775458
-0.51466503328597857 -2.0640109603817227 0.29088100560587765
-0.54922832180790793 -2.0498295921407452 0.31583409266845769
-0.58352181906407352 -2.0344570765028727 0.34045173391425715
-0.61752501912817892 -2.017897474879558 0.36469933443379471
-0.65121716572657917 -2.0001558068856822 0.38854161211135374
-0.68457719244084203 -1.9812379568400371 0.4119425248636982
-0.71758366837415444 -1.9611506574752033 0.4348652061968511
-0.75021457828310067 -1.9399010322088746 0.45727167163261762
-0.78244812410501352 -1.9174991250281346 0.47912395087104992
-0.81426115156443568 -1.8939535013978721 0.50038191671019216
-0.84563053968629009 -1.8692755247146291 0.52100523920776165
-0.87653275169319977 -1.8434781075646769 0.54095279558506737
-0.90694392101161381 -1.81657603733962 0.56018282173382372
-0.93683987359254994 -1.7885861100453584 0.57865297110427871
-0.96619658766198591 -1.7595280746647526 0.59632102448521274
-0.99499007147561824 -1.7294242558138673 0.6131447455902046
-1.0231963719046469 -1.6982995189410166 0.62908192070127444
-1.0507920112875893 -1.6661819093920092 0.6440910516856162
-1.0777534142304286 -1.6331016096112527 0.6581305199117734
-1.104057481718431 -1.5990917904360635 0.67115949452393686
-1.1296811001257399 -1.5641878339476032 0.68313721639959424
-1.1546013471958632 -1.5284276491056492 0.69402334644380048
-1.178795702498981 -1.4918518869497475 0.70377832804327201
-1.2022417711055273 -1.4545036065294463 0.71236298780895746
-1.2249176285278511 -1.4164286482335282 0.71973909826332194
-1.2468022601182653 -1.3776759308152711 0.72587008978291445
-1.2678755465095151 -1.338297258738953 0.73072104084908762
-1.2881187732127903 -1.2983475111175597 0.73425948073698577
-1.3075150324395599 -1.2578845851052252 0.73645601180136566
-1.3260494708203456 -1.2169691455077272 0.73728467372035755
-1.3437101488091467 -1.1756645508410752 0.73672426752657316
-1.3604879347542671 -1.1340361644182173 0.73475813770382747
-1.376376797567308 -1.0921508660797496 0.73137457711270037
-1.3913743664249163 -1.0500765234101452 0.72656765347306984
-1.4054823216964576 -1.0078812539734339 0.72033776552965911
-1.418706155992806 -0.96563257392288171 0.71269118971585688
-1.4310564482406658 -0.9233965691805297 0.70364205958543391
-1.4425485996123619 -0.88123679180027792 0.69321190842743985
-1.4532033879883226 -0.83921311358742134 0.68143056232086885
-1.4630477855649466 -0.79738027672895506 0.66833752098860855
-1.472114615437891 -0.75578652952836112 0.65398156745316938
-1.4804435057093568 -0.71447183153870075 0.63842256298489908
-1.4880813144686638 -0.67346597934308061 0.62173242705987519
-1.4950826311004075 -0.63278660649022078 0.60399636383400956
-1.5015065795561038 -0.59243784582085313 0.58531127834391727
-1.5074270401484309 -0.55240479527658992 0.56579854123510087
-1.5129024859017075 -0.51266278650441011 0.54557314604388929
-1.5180483221665 -0.47314533374306073 0.52482806991959974
-1.5223494256856911 -0.43402464475590957 0.5031640092148465
-1.5252261283932642 -0.39551910287963082 0.48020331088317558
-1.5266901771334442 -0.35767412843432106 0.45604079826813593
-1.5266528314701995 -0.320590401216784 0.43068432182475225
-1.5252072274737245 -0.28425332260515079 0.4043068940085664
-1.5222193558530099 -0.24886727934677 0.37679366481242993
-1.51781241531653 -0.21440757037196706 0.34830883928570261
-1.5120050121340733 -0.18104480279658644 0.31879183877533274
-1.5049126282983136 -0.14894030693669977 0.28817735057873789
-1.4962112743422324 -0.1177198958723681 0.25706993424644975
-1.4858588280101934 -0.087721343214400158 0.22527528312209932
-1.4751443003410105 -0.059855533575792673 0.19171278441972747
-1.4649135078865536 -0.034173240294173179 0.15630521372542472
-1.4558204282205203 -0.010259461248261935 0.11938246528498947
-1.4489747760924347 0.01216218230103509 0.081065924667394137
-1.4447113215079375 0.033575641305630913 0.041809170890686614
-1.4432535959379784 0.0542342193799513 0.0019481146112259257
-1.4445684938849832 0.075134722864489356 -0.037792061293669993
-1.448497140879802 0.096762482786674694 -0.076967576880969266
-1.4550368398338935 0.11935224478544731 -0.11523693840218266
-1.4638177434634616 0.14365929004408892 -0.15197714409339844
-1.4736422577513824 0.16992420296469257 -0.18707103930139515
-1.4838418728364804 0.19810964818756294 -0.22052986634989086
-1.493499053066391 0.22829560006761832 -0.25236622342999249
-1.5017619974291589 0.2598573083459278 -0.28324914016226166
-1.5084053631824328 0.29236499889656187 -0.31353638537138784
-1.5135144710412025 0.32594961038160086 -0.34293202585625682
-1.5170943060081905 0.36056445273726656 -0.37134289623753192
-1.5192501052373715 0.39609890921470259 -0.3987446352220258
-1.5198675159626807 0.432493017572328 -0.42507386691719273
-1.5189132047662817 0.4696071623509388 -0.45036906249214043
-1.5164025318741217 0.50736090186384897 -0.47458698699836427
-1.5123128672203483 0.54570009628627558 -0.49764285102888473
-1.5067871619714512 0.58458234227416994 -0.51945641882986737
-1.4998828229149261 0.62397593090507686 -0.53991750058883559
-1.4915726346187352 0.66382074057360974 -0.55893058030575926
-1.4824033239284078 0.70397651609418188 -0.57687265148951272
-1.4729295177770971 0.74433377882885843 -0.5941927725521633
-1.4629639474406115 0.78493014107295489 -0.61065644333974856
-1.4524576052890079 0.8257615621631339 -0.62617463999393108
-1.4413248880535754 0.8668159765580522 -0.64063066215197118
-1.4295022828199793 0.90806642524253411 -0.6539341622549687
-1.4169344386867164 0.94947447836593424 -0.66600724769057651
-1.4035762161776304 0.99099208077048062 -0.67678531086080507
-1.3893923228245908 1.0325633874771778 -0.68621662699023456
-1.3743562408060019 1.0741266791033015 -0.69426049568877768
-1.3584502354537631 1.1156160240354216 -0.70088766869234043
-1.3416633449953905 1.1569626725429918 -0.70607753566378573
-1.3239919151799069 1.1980965280308422 -0.70981943656556656
-1.305437523365004 1.2389470135093981 -0.71210967601684738
-1.2860075048185371 1.2794443658428589 -0.71295277897316933
-1.2657130164773955 1.3195199594357898 -0.71235866577605722
-1.2445696681234657 1.359107505738719 -0.71034403538688606
-1.2225959161746973 1.3981430677815312 -0.70692999584044791
-1.1998127106716168 1.436565428574808 -0.70214172365393468
-1.1762435008318188 1.4743167440965486 -0.69600871256944141
-1.1519132413910322 1.5113422966204724 -0.68856328716842286
-1.126848212835466 1.5475907259597717 -0.67984046151629529
-1.1010757046818143 1.5830140918161197 -0.66987754046063441
-1.0746237457061178 1.6175679076222034 -0.65871377777336448
-1.0475208748430489 1.6512111573934576 -0.64639008425040279
-1.0197958795415378 1.6839061940688858 -0.63294865687246693
-0.99147768966268279 1.7156188100944578 -0.61843286849283674
-0.9625953082865476 1.7463183874632735 -0.60288721449213989
-0.93317731487993416 1.775977190758824 -0.58635645705404416
-0.90325199860604255 1.8045707093584249 -0.56888589932597122
-0.87284706487091279 1.8320771602697952 -0.55052086166777903
-0.84198962627916096 1.8584774969590392 -0.53130666472926613
-0.81070584740419982 1.8837544762933012 -0.51128794641946551
-0.77902127160262435 1.9078933965585341 -0.49050925068257495
-0.74696052594619511 1.930881217511057 -0.46901443764481504
-0.71454738060067613 1.95270653177234 -0.44684675516732497
-0.68180478658200605 1.973359507138025 -0.42404886905971984
-0.64875490496548327 1.9928318193612529 -0.40066287673112988
-0.61541914297598832 2.011116628711068 -0.37673033445999737
-0.58181819012908842 2.0282085868979038 -0.35229228562609027
-0.54797204751498685 2.0441038484719289 -0.32738927626081343
-0.51390004518632282 2.0588000521245915 -0.30206134716596944
-0.479620846820489 2.0722962398082614 -0.27634799966028795
-0.44515244609831089 2.0845926977731959 -0.25028814242898934
-0.41051216323499545 2.0956907282868227 -0.22392003533247398
-0.37571663189992555 2.1055922201977655 -0.19728121640169483
-0.34078182430341203 2.1142993169565547 -0.17040850224389245
-0.30572325294486397 2.121815810132035 -0.14333826295541624
-0.2705556816405047 2.1281437219375938 -0.11610591709217409
-0.2352934941163965 2.1332859806976923 -0.088746493319277614
-0.19995066498722222 2.1372455777132662 -0.061294533073909939
-0.16454079413494113 2.1400248396736812 -0.033784138231187526
-0.12907725714214854 2.1416267625959424 -0.0062491203144472542
-0.093573197685760778 2.1420534851540145 0.021276977614077354
-0.058041659064503363 2.1413079079156385 0.048760800639201983
-0.022495604108775571 2.1393928939552653 0.076169150922682782
0.013052020344797991 2.1363113347925187 0.10346892009173719
0.04858824500481132 2.1320672375688483 0.13062718322127212
0.084100035995551659 2.1266644323676909 0.15761105178966772
0.11957425489209263 2.1201073313041641 0.18438773154185167
0.15499762265288503 2.1124008164150418 0.21092450962853299
0.1903566065670963 2.1035491144817402 0.23718845503105432
0.22563744462597904 2.0935574044512246 0.26314673554119772
0.26082595413238546 2.0824298593893307 0.28876605326999649
0.29590755184081929 2.0701710945729772 0.31401294361077675
0.33086711399856 2.0567853858573719 0.33885346213903955
0.36568888510771813 2.0422767638920702 0.36325308346500684
0.40035649255095523 2.0266498036505376 0.38717692096146683
0.43485277572236569 2.0099089344197796 0.41058935649952455
0.46915972512440024 1.9920587527637079 0.43345403544600786
0.50325860065087835 1.9731051223748726 0.45573433975216293
0.53712998991010585 1.9530555064020023 0.47739361295433952
0.5707532888572604 1.9319168412252319 0.49839385069367204
0.60410741634319221 1.9096990099181537 0.51869769380438679
0.63717044984258853 1.8864131331415417 0.53826746859354346
0.66991970000456103 1.8620719671165253 0.55706541829611833
0.70233168466318907 1.8366898654298021 0.57505366557593895
0.73438209017165501 1.8102827408786539 0.59219415071186399
0.76604571219769224 1.7828680190575095 0.60844853083986428
0.7972964201413536 1.7544647010335526 0.62377814181256819
0.82810726181404715 1.7250937318614501 0.638144262323185
0.85845036796584007 1.6947778810148488 0.65150792035963034
0.88829692934854987 1.6635418519890524 0.66382986763036245
0.91761757138187539 1.6314130369825592 0.67507135143548913
0.9463823252397604 1.598421409766148 0.68519399120913094
0.97456111916594246 1.5646001797379467 0.69416066657109166
1.0021238297225672 1.5299856431582548 0.7019354588127773
1.0290410669767489 1.4946178836323241 0.70848495457215177
1.0552844710600346 1.4585406040978388 0.71377850182961189
1.0808271456527649 1.421801045628512 0.71778867381045786
1.1056441795429888 1.3844498687657072 0.7204918296952546
1.1297131326454848 1.3465408778830195 0.72186854732023209
1.1530145555035671 1.3081306725253521 0.72190406227078652
1.1755324674048033 1.269278186252536 0.7205885865140208
1.1972552080026775 1.2300443179691465 0.71791821820259438
1.2181759602521192 1.1904912351993104 0.71389524063061516
1.2382934270238417 1.1506816659849879 0.70852867181645973
1.257612550128518 1.1106780819568955 0.7018348740516408
1.2761450000084207 1.0705417300237152 0.6938377951065049
1.2939103007227042 1.0303316458770895 0.68457031340432073
1.3109361216874098 0.99010344256746863 0.67407413790590054
1.3272591194188934 0.94990808113386249 0.66240086685297883
1.3429261193752788 0.90979049278033652 0.64961358184426121
1.3579914497706336 0.86978803075014421 0.63578431800724289
1.3725271461448776 0.82992953863934171 0.62100448517287243
1.3865793183724258 0.79023467839525752 0.60534232660038756
1.4003190009534765 0.75070766891140084 0.58899290936401028
1.4132515983151752 0.71138323330055853 0.57154125150769575
1.4249181591030804 0.67234756810138907 0.55261261889920898
1.4352008199709161 0.63363718545758985 0.5322667063106391
1.4439828462057758 0.59529154703315301 0.51057216890846646
1.4512546405962188 0.55735286797233385 0.48763784928842607
1.4568946813666741 0.51984472367919743 0.46356550687607206
1.4608924478410157 0.48282359198542651 0.43843251368890535
1.4632978887536345 0.44641792529114288 0.41222208156260542
1.464124133271737 0.4107169086173853 0.38496448626576724
1.4634132722370672 0.37574554377117175 0.35677446119939676
1.4610898956639691 0.34161956876092131 0.32765072496855691
1.4571748919358916 0.30843927847971053 0.2976190764277134
1.4517049865171032 0.27633515715003559 0.26667471174716606
1.4446388426256138 0.24532826429587112 0.23494477321656676
1.4360714282598401 0.21542779704741766 0.2025305549728301
1.4275442633637145 0.18756565498532632 0.16834365429085082
1.4198310438167487 0.16189199123312731 0.13230036212331805
1.4142248758576479 0.13805400202778975 0.094645269820277864
1.4110004450776237 0.11578595489145106 0.055766147354315523
1.4101723388316285 0.094321431393788971 0.016312629561385426
1.4118538673001904 0.073100625021312551 -0.023245410104827054
1.4160550282905355 0.051700099164486299 -0.062517300028520656
1.4227955319656631 0.029298817074925796 -0.10086437081827029
1.4319830773508255 0.0054608061049925914 -0.13780780058048858
1.442785310578184 -0.020404486199538829 -0.17290522396734276
1.4541904023676204 -0.048245359585420602 -0.20626548768530578
1.4645364785491155 -0.077641367072732462 -0.23862177388750694
1.4733559482370091 -0.10822096113934221 -0.27032859124945158
1.4806001051793722 -0.13997575086641603 -0.30126818017952217
1.4863154732605763 -0.1727413162846784 -0.33146777393970467
1.4904867196834777 -0.20647230446422418 -0.36084329033805984
1.4930844778657422 -0.24116544538572585 -0.3892663699891763
1.4942208711667309 -0.27667326050967245 -0.41676332354956391
1.4938427006094563 -0.31300109941917892 -0.44318933525674126
1.4919940853450284 -0.35006388968363478 -0.46850985347612178
1.4886879478559485 -0.38779394381336219 -0.49266985363674937
1.4839250415140715 -0.42613069892987765 -0.51559994328068393
1.4776771836613904 -0.46500923316215725 -0.53722362209846297
1.469985611670048 -0.50434342903584395 -0.55751856360561514
1.4613280452466093 -0.54402160922353027 -0.576731308950445
1.4523359552688 -0.58393597142679876 -0.5952907175870189
1.4428921458512469 -0.62409945988854409 -0.61307128226647745
1.4329418207629574 -0.66450752851038664 -0.63000070000611186
1.422415811083501 -0.70514847219258747 -0.64599835100718772
1.4112541140584429 -0.74600139267693555 -0.66099325542548915
1.3994025749715173 -0.78703707689740021 -0.67492127732505891
1.3868142990591121 -0.82821876799934757 -0.68772618672249552
1.3734498082255739 -0.86950315401082923 -0.69935974508003773
1.359277394157816 -0.91084150128171437 -0.70978198880205967
1.3442729687185127 -0.95218081889620554 -0.71896124787614824
1.328419585210654 -0.99346503325981139 -0.7268737561106261
1.3117068121219448 -1.0346360687550775 -0.73350308258950203
1.2941301845182578 -1.0756348266523856 -0.73883971140653115
1.2756905584904588 -1.1164020462156266 -0.74288047140044999
1.2563934724822408 -1.1568790397930606 -0.7456279487164571
1.236248534887382 -1.1970083045452191 -0.74708990670099995
1.2152688577234141 -1.2367340237106257 -0.74727874001621264
1.1934705526617393 -1.2760024785987922 -0.74621098614170522
1.1708721531120037 -1.3147622928782716 -0.74390668323862419
1.1474946270835251 -1.3529649813990716 -0.74038960898337369
1.1233606986123503 -1.3905650013650805 -0.7356864221143653
1.0984945224146223 -1.4275199072772142 -0.729826313421576
1.0729213568429092 -1.4637904298042952 -0.72284062434203189
1.0466675050529877 -1.4993407828713967 -0.71476286826765578
1.0197593458042329 -1.5341378978862266 -0.70562725567454732
0.99222328383626068 -1.5681514237167218 -0.69546864692622234
0.9640859993309675 -1.6013541878918185 -0.68432298596291186
0.93537326823839118 -1.633720650544134 -0.67222536256257337
0.90610995221118162 -1.6652265765822334 -0.65920994189104798
0.87632079677026209 -1.6958501455745354 -0.64531125667573819
0.84602972653004471 -1.7255707394023641 -0.63056299359995405
0.81526004075449121 -1.7543690573758932 -0.61499826959021964
0.7840344637923552 -1.7822270391358059 -0.59864967012343484
0.75237522088763864 -1.8091278649437139 -0.58154933541678078
0.72030412846334302 -1.8350560346611335 -0.56372907981950715
0.68784267714686431 -1.859997493174518 -0.54522050941866085
0.65501208160972912 -1.8839397369442912 -0.5260550920403877
0.62183323457964801 -1.9068716860519959 -0.50626406232393384
0.58832676080586011 -1.9287838495038117 -0.48587850716951059
0.55451288843543733 -1.9496679380344921 -0.46492911878413007
0.52041133323843625 -1.9695163642440943 -0.44344595403731052
0.48604122364345398 -1.9883217085615255 -0.42145825080301652
0.45142134780876497 -2.0060774404040247 -0.39899484763062626
0.4165698078944895 -2.0227761524873209 -0.3760834748254695
0.38150448092274752 -2.0384112043547926 -0.35275158536908108
0.34624271192896444 -2.052974867375343 -0.32902570459111935
0.31080173073978484 -2.0664600824049955 -0.30493220738006305
0.27519840386341349 -2.0788586164227243 -0.28049676700793208
0.23944959748090755 -2.0901629324231998 -0.25574506422617538
0.20357201646342288 -2.1003647152809966 -0.23070241096028879
0.16758243138441947 -2.1094563061295188 -0.20539422329677617

-1.4166139227623751 -0.85631623796766287 -0.41474190948382778
-1.4638930335573883 -0.85161827788307665 -0.42401974998345371
-1.5112467240602014 -0.84515354326377179 -0.43171213980834006
-1.5585633595538686 -0.83694539550839975 -0.43779934111836111
-1.6057432300474945 -0.82711338210208551 -0.44233071271358143
-1.6526690104403099 -0.8156148250696249 -0.44528607526927855
-1.6991990360198008 -0.8023404639532542 -0.44658392321988222
-1.7452519661361328 -0.78744980832366962 -0.44630077811454849
-1.7906648190504841 -0.77081687444937685 -0.44436055249468637
-1.835389572968239 -0.75264794994091377 -0.44087202046146495
-1.8792707599431147 -0.73286380176562826 -0.43582539483678606
-1.9222075597388684 -0.71151823883874177 -0.42924980552085268
-1.9640902848249921 -0.68865197824174074 -0.4211713038882085
-2.0048070835066492 -0.6642959213245192 -0.41162101201842055
-2.0442510415325224 -0.63849508089802498 -0.4006336113621905
-2.0823908132333293 -0.61137199720886193 -0.38829918533498503
-2.1190807262886753 -0.58292035318278423 -0.37464202539111441
-2.1542390450188975 -0.55319277877973128 -0.35972294376866609
-2.1877333587924368 -0.52221335810954828 -0.34357585754473469
-2.2195114982104207 -0.49006507375045044 -0.32627895482741859
-2.2494795319763554 -0.45680232776979734 -0.3078896402177585
-2.2777169712898644 -0.42258241574976424 -0.28853459438473911
-2.3039075310515305 -0.38729260974386276 -0.26824498446671796
-2.3282138777535106 -0.35113281834130478 -0.24715155923512919
-2.3502263197106887 -0.31396732837963831 -0.22530128979889238
-2.3702558108888088 -0.27604426018062461 -0.20286216680175465
-2.3880362257774803 -0.23731529829299233 -0.17990874143419003
-2.4037508787135913 -0.19799355558841056 -0.15647403714840741
-2.4171310655872764 -0.15817575696152955 -0.13242845325742703
-2.4283381050300714 -0.11792570233636564 -0.10800337412797829
-2.4371241222002822 -0.077340895834073109 -0.083146961649418705
-2.4436688022225446 -0.036501450213042783 -0.058009027334047406
-2.4477639811171037 0.0046219050360721756 -0.032829199355068832
-2.4496278268449276 0.045738580625968868 -0.0073591411346787781
-2.449091134133047 0.08690951435281058 0.018077641217652995
-2.4462388827513264 0.12811855040657533 0.043306409000694018
-2.4410528947672718 0.16910857262988291 0.068523060240915354
-2.4334609253389403 0.20980349782349672 0.09361222561483494
-2.4234663470830142 0.2501649858239543 0.1183966663539414
-2.4111155029479634 0.29009764323732196 0.14280726181435449
-2.3965681409026711 0.329462172550673 0.16692355001529349
-2.3798101502522497 0.3682708482259639 0.19049569838396155
-2.3608517279875034 0.40647194758983718 0.21337977797923674
-2.3397499059052849 0.44392634580747992 0.23561254549512617
-2.3165517823315471 0.48046386527971141 0.25727200048745069
-2.2913605335784553 0.51604656886648836 0.27828988982334518
-2.2642032828391643 0.55062882489254661 0.2985085864033527
-2.2352092925224638 0.58421932086263006 0.31783831331630302
-2.2043542175612361 0.61669846185816046 0.3361546728173489
-2.1717556734286259 0.64804674964055597 0.35339865987573477
-2.1374227461988595 0.67814140452695326 0.36947227168521829
-2.1015264364478377 0.70700669576858133 0.38435023608524854
-2.0640712187863768 0.73450279254679429 0.39792638733204194
-2.0252367458076477 0.76067938411409852 0.41017081707249259
-1.9850235579442677 0.78536190517640159 0.42097562044570197
-1.9436390870094264 0.80863575953340439 0.4303786375783345
-1.9010907674254831 0.8303208879082179 0.43826493233939001
-1.8575844746120647 0.85053012250452442 0.44468553180103598
-1.8131563145839864 0.86910912812271002 0.44954137305911934
-1.7679837582861726 0.88615538580290687 0.45287633800717575
-1.7221251035179597 0.90153188124295991 0.4545896090600946
-1.6757195384938675 0.915269191655259 0.45470714766241682
-1.6288569594763931 0.92725605302853764 0.45317146588077284
-1.5816811843500314 0.93761157823186159 0.45005679707012575
-1.5343080237706082 0.94631161053107549 0.44534846458590871
-1.4868376719274961 0.95332247492632183 0.43903911091835579
-1.4393883074045402 0.95857515816232652 0.43110307892209765
-1.3920642291084913 0.96209690947946158 0.42159345860809005
-1.3449740323211878 0.96391599198870836 0.41057208632016012
-1.2982275062294866 0.96400104894407501 0.39804032459209765
-1.2519340040715612 0.96230737433676561 0.38403024540299546
-1.2061853670063609 0.95881023666170762 0.36863134630523403
-1.1610645276351903 0.95348790416382867 0.35195491522680666
-1.1166870545816747 0.94649100504233641 0.33395304029298928
-1.0731864712153201 0.93780328490796683 0.31460292486982627
-1.0306365214615307 0.92736395981470732 0.29404044456592643
-0.98916205213605013 0.91519704832046278 0.27226915155976705
-0.94888348235502329 0.90150396175217318 0.24919523427270965
-0.90987067080811179 0.88634569821148979 0.22489572639294919
-0.87222422019166213 0.86965296223208033 0.19947483441138816
-0.83605263424988596 0.85147780655580252 0.17295260120491612
-0.80149011806739656 0.8318767576576277 0.14532669792615857
-0.76864650483962915 0.81118882571819284 0.11642415294323397
-0.73758772456702792 0.78956117033417594 0.086263175204353712
-0.70839745610814153 0.76679219355768846 0.055095710777250305
-0.68110357728870052 0.74294346686282742 0.023023958534163346
-0.65567714601260574 0.71802337506850744 -0.0097550466591469955
-0.63217493397391844 0.69189039492556081 -0.043029585820446067
-0.60964593845503479 0.66516129251414602 -0.076518972293161042
-0.58696374617221592 0.63843322372660705 -0.10990546183850669
-0.56407929349166064 0.61170258969196201 -0.14315160599311494
-0.54102135473557045 0.58494328453676447 -0.17625455290214079
-0.51782748747040874 0.5581243984623756 -0.20921402667792038
-0.49437408799939431 0.53108229797270112 -0.24180143338288754
-0.47023017346797913 0.50341495116154245 -0.27333184233960345
-0.44500361054345022 0.47479193623340982 -0.30310696955294414
-0.41874664613160023 0.44524591317456064 -0.33103633268392546
-0.39154714717656913 0.41488116546620024 -0.35712328034136837
-0.36341277208484191 0.38380851132725802 -0.38131829697404535
-0.33438969651741907 0.352113115713244 -0.40357486138986282
-0.3044816204634882 0.3198889650274831 -0.42381112056763681
-0.27371583810079875 0.28728512489367053 -0.44205497454485271
-0.24213931516029708 0.25437919070170545 -0.45825613463789655
-0.2098256789552107 0.22121963348590457 -0.47234741705643285
-0.17685896051438554 0.18785117048497182 -0.48426460343924016
-0.14327573526866444 0.1543741958026848 -0.49394114871015282
-0.10912972258574102 0.12087639182228493 -0.50129346015101051
-0.074491991751379938 0.087434085545849236 -0.50615980122392745
-0.039507869399815855 0.054070905904902336 -0.50828389208594471
-0.0044380504776632621 0.020739264445025864 -0.50749487997540477
0.030453940039820389 -0.012606223419442782 -0.50396219548449095
0.065001433005623027 -0.04595587040352643 -0.49792810019789574
0.099129607758971866 -0.079222786229374773 -0.48951760043613812
0.13277136684159585 -0.11233240591017774 -0.47882683197060688
0.16592166837283567 -0.14515825135755209 -0.46594790093579402
0.19850492425379435 -0.17763370315761554 -0.4509137197876571
0.2304504221594372 -0.20971513575256007 -0.43380446815383111
0.26175655753967908 -0.24126379530200237 -0.41464723951155302
0.2924164542879093 -0.27214471699525161 -0.39346270578642972
0.32239386847250878 -0.30226346214340621 -0.37029694420129472
0.35164491732903752 -0.3315334452291579 -0.34519508565068763
0.38015146572085323 -0.35980729607906814 -0.31816919453208747
0.40791502485747433 -0.38699400804195089 -0.28931568341053893
0.43490752850305858 -0.41295283576577291 -0.25865420339513712
0.46149261876693654 -0.43810897212168232 -0.22697262896423193
0.48803409202294984 -0.46285569552654082 -0.19493100763472923
0.51460987660013047 -0.48730075928640476 -0.16268686407074073
0.54118858031408557 -0.51145846686367336 -0.1302292590679402
0.56773048704451123 -0.53534209584512471 -0.097539552056401302
0.59419336990040905 -0.55896977441186879 -0.064600741105221543
0.62053819178282166 -0.58236471755063624 -0.031402197821177938
0.64673424125707968 -0.60554606135771016 0.0020628244155563753
0.67371125385567965 -0.62837233656099623 0.035143380917831889
0.70245712012826822 -0.65058331087359533 0.067120780363985486
0.73298661249835029 -0.6720318619582949 0.097950166928055638
0.76528703244643614 -0.69249776058451429 0.12761688052427081
0.79918891826679472 -0.71189066138076307 0.15620255301968655
0.83465313203278879 -0.73003159737612799 0.18368990337112967
0.87157575968525214 -0.74675376348445577 0.21013798219912522
0.90989405415225777 -0.76187706042507009 0.23554108990222233
0.94948429250702693 -0.77541393956930704 0.25986892338516837
0.99026975273546314 -0.78719307405200201 0.28310787589555664
1.0321248473060145 -0.79732053296084027 0.30520340508515947
1.0749677646909155 -0.80575949625049403 0.32607543399459565
1.1186824190023346 -0.81246432929514278 0.3457395244565557
1.1631995742659775 -0.81735177283144744 0.36409307977576233
1.2083769689695854 -0.8206054835977219 0.3811559078349181
1.2541505667259518 -0.82205829362386684 0.39681888115036545
1.3004101106588051 -0.8217534265076033 0.41105641327657799
1.3470585850196848 -0.81968398142635224 0.42380487868504391
1.3939856800043799 -0.81590545866795516 0.43505285857436582
1.4410839384195575 -0.81051526565527288 0.44484384873487698
1.4882395821488101 -0.80321754815288438 0.45298334370441168
1.5353601133970263 -0.79432418933259008 0.45960910504063879
1.5822883118543818 -0.78349345418067395 0.46448759202358636
1.6289677459259715 -0.7711337640186493 0.46785161725455982
1.6752277650580998 -0.7569872921323143 0.46956065657639429
1.7210091340226115 -0.74128098074524928 0.46972027027187141
1.7661367383609112 -0.72384454053398872 0.46823256903907517
1.8105503368644575 -0.70485778342167427 0.46518589168764302
1.8540992874227775 -0.68425358065141162 0.460546412916221
1.8967413985243349 -0.66220060141370818 0.45441200507201901
1.938322294861212 -0.63864299246475653 0.44677082025902565
1.9787416656503158 -0.61363355347028847 0.43765633674955912
2.017884261564507 -0.58720214000180404 0.42709542715499016
2.0556622357986916 -0.5594148390996827 0.41513306730083399
2.0919654456732371 -0.53031372464794846 0.40180412236460977
2.1267249847821832 -0.4999747192803225 0.38717453518906314
2.1598830846987638 -0.46847948310398529 0.37131654705223305
2.1913161113807251 -0.43585334786435925 0.35426864678956516
2.2208654467418816 -0.40212119103946709 0.33604304791125816
2.2484874413471552 -0.36737664472370668 0.31673378642734507
2.2741555700830189 -0.33171605028642315 0.29643066831845655
2.2978060287522779 -0.29521142441621184 0.27520056738422383
2.3194621356233132 -0.25797301748469459 0.25313702714920461
2.3390268881806509 -0.22004210573039781 0.23031485407244159
2.3564229189498285 -0.18147669396372221 0.20681136127170052
2.3716109908953764 -0.14235140652118763 0.18270809912437375
2.384537735874888 -0.10273380360910671 0.15809475515078347
2.3952039149768907 -0.062703876901247207 0.13306360424357144
2.4036133541502629 -0.022326367244096187 0.1077278913819302
2.4097052810892428 0.018340234792451903 0.082188062676716064
2.4133651103509992 0.059229896647247017 0.056540684402923404
2.4147069645349868 0.10024854896961152 0.03087974021538999
2.4136725772328065 0.1411630761113491 0.0050425786462668142
2.4103029100876676 0.18193019251956194 -0.020825475856325014
2.4046119732302298 0.22256922967552009 -0.046486419864892332
2.3966083337064541 0.26290861784506747 -0.072002875280724063
2.3863141492256812 0.30283544131253232 -0.097346291606728391
2.3737189790719673 0.3422335429842957 -0.12247928507800379
2.3589317184393797 0.38104668643389999 -0.14733204629294747
2.3419751459952183 0.41919380549613422 -0.17183243037289375
2.3228656095596349 0.45662090813417633 -0.19585731829474867
2.3014581352758556 0.49318470230326794 -0.21926470574618442
2.2779869586701635 0.5288924804896713 -0.24199881080518668
2.2524696012056959 0.56365856591860553 -0.26397154182483096
2.224992555119143 0.59743222573694643 -0.28510861263496484
2.1956242563829207 0.63015738581355552 -0.30533249493801778
2.1644730596714568 0.6618065081236193 -0.32457624146651909
2.1315575355996303 0.69227959706135689 -0.34275040262659401
2.09694704623274 0.721506534747823 -0.35979030480835994
2.0607333848316163 0.74943674436353835 -0.37563628899026913
2.0230086034275652 0.77601832964805995 -0.39023342458797206
1.9838691241382935 0.80120474378271078 -0.40353097588889641
1.943387691131486 0.82492182804016478 -0.41544599650899822
1.9016703591861188 0.84712927633873114 -0.42591450794838343
1.8588339686229787 0.86779109370115004 -0.43491404217133928
1.8150027760718752 0.88689573467700888 -0.4424295556303145
1.7702709941625812 0.90438323459551084 -0.44841119154830339
1.7247648053853972 0.92025237773091584 -0.45285269439128811
1.6785931750224743 0.93447717392034446 -0.45572534646488988
1.6318921697545321 0.94711160318106347 -0.45704868245988006
1.5847504047905034 0.95805382607408551 -0.4567549971563129
1.5372801691911626 0.96728817025722535 -0.45484101508225416
1.4895998062118656 0.97479237351935788 -0.45130135113438391
1.4418243307717704 0.98058765395330616 -0.44616699978233948
1.3940691853911327 0.98470685109237699 -0.43945804109674508
1.3464472123954718 0.98709983186447403 -0.43115689884754071
1.2990686294597928 0.98777089700673293 -0.42128345768968467
1.2520514321746763 0.98666296612151994 -0.40984596975126497
1.2054767700066766 0.98390188065175632 -0.396958917821218
1.159453497269278 0.97950151453045631 -0.38262489064210542
1.1141020272183402 0.9733599927660439 -0.36686195958526174
1.0695040747398898 0.96549709025077446 -0.34976512425742351
1.0257722493047405 0.95592827526207846 -0.33135078085249309
0.98296863700850423 0.94479102992788011 -0.31167650034011701
0.94126398371646791 0.93183796305972144 -0.29079393997817693
0.90072059987385855 0.9173859436282521 -0.26864272610676149
0.86151197774779176 0.90136378550158192 -0.24520688401056964
0.82359574947913261 0.88400346732319313 -0.22062462729091145
0.78720024591328341 0.86504395542578461 -0.19495079629396683
0.75233573228002448 0.84480152309370304 -0.16815594716061796
0.71915432614142838 0.82325495947953264 -0.14026450675462496
0.68765648535756352 0.80038159702674461 -0.11149169765524626
0.65806591470316578 0.77661418931891468 -0.081448975965076553
0.63044428218589987 0.75214322278122669 -0.050124134672580901
0.60460560099999783 0.72732345080934568 -0.017575598774008758
0.58083678713413889 0.70205978530647872 0.016184105161190895
0.5577792304027378 0.67653858487115381 0.050250442535268378
0.53464112919397511 0.65088788981622203 0.08416508806013076
0.51136166406678218 0.6250950668493257 0.11787458730608988
0.48797054288181918 0.59913675267287714 0.15137913047031673
0.46450356426833722 0.57299555892617049 0.18468787223648625
0.44099081111935573 0.54665893292225409 0.2178098564316189
0.41696207091380216 0.51966194964055812 0.25001214615658907
0.39208922191316825 0.49168404705658719 0.28069402042759251
0.36627247581328021 0.46263654331245946 0.30954803379320028
0.3395315853957771 0.43265407436639353 0.33654376105430334
0.31188494580473047 0.40187119384867803 0.36166255745477249
0.28339232959094596 0.37033469848063005 0.38482468457773344
0.25409238402633116 0.33816388554916199 0.40602538629132034
0.2240110309275524 0.30547411286346626 0.42524607798529318
0.19314948719140318 0.27238766173608753 0.44244512930932178
0.16155913128992172 0.23897340701315273 0.4575612916875032
0.12935313019517533 0.20525919468079878 0.47056584665215356
0.096459162219104472 0.17140942222306199 0.48129437123074592
0.062963378105624329 0.13750245250232843 0.4897390628076661
0.028938723402025617 0.10358771097073755 0.49565854180171648
-0.0054107780109068221 0.069631613325049219 0.49880566078747646
-0.039826570495443074 0.035595803956435662 0.49901327111542915
-0.07404225154180763 0.0014478649667026625 0.49650541431563056
-0.10797166480053985 -0.032705453525158357 0.49145133189946266
-0.14150484708205202 -0.066831917618107167 0.48408722628322609
-0.17453530955080562 -0.10087625066464004 0.4744253064101614
-0.20711936705238976 -0.13464655818380725 0.4625391113730305
-0.23910066802925178 -0.16816922560689171 0.44850684990603112
-0.2704264754803884 -0.20135313077888978 0.43235179090622866
-0.30106673817738766 -0.23412252844022119 0.41416595045330179
-0.33104409216758252 -0.26628413991424094 0.39390966385349852
-0.36029501881049453 -0.29777646571700778 0.37164139712803662
-0.38878187562928296 -0.32853603260445396 0.34744352895681974
-0.41651501822903464 -0.358344866699642 0.32126256047088791
-0.44347253662839764 -0.38718928948635817 0.29325677406877909
-0.46953714825923387 -0.41496046311960033 0.2633806397121719
-0.49502621411388054 -0.44195503227077698 0.23231394944007361
-0.52049849402278237 -0.46877994965449549 0.20108694751982464
-0.54592795813698636 -0.49545496005508116 0.16969705652132716
-0.57128195647191182 -0.52200478239134906 0.13814042787528405
-0.59652354834566468 -0.54846097894085799 0.10641550631695225
-0.62161899211878879 -0.57485679075094831 0.074524773898036328
-0.64654618942233943 -0.60121679818384888 0.042472905432759646
-0.67142311555899203 -0.62748145570507807 0.01030844650340438
-0.69782845099258561 -0.65269988619629571 -0.021470324575345083
-0.72617656242350592 -0.67648797300932029 -0.052675171389039044
-0.75620020182572834 -0.69899796816178017 -0.083256008080573679
-0.78788779233026185 -0.72022531458829453 -0.11306598613434551
-0.82138127780162895 -0.73988218532989847 -0.14196704277832495
-0.85648715738968095 -0.75841458837130926 -0.16967368810225339
-0.89325237000566249 -0.7757637350183274 -0.19595810826248097
-0.93144496546767719 -0.79177561599830482 -0.22102638900638619
-0.97099512721756309 -0.80614805803033218 -0.24495606986884647
-1.011735648352063 -0.81900712956900201 -0.26772047339130361
-1.0536607476705651 -0.83013119182425366 -0.28921085088302045
-1.0965408778213668 -0.83953635860508558 -0.309610996069551
-1.1403910109505169 -0.84717872861819432 -0.32863759782157809
-1.1850516926957799 -0.85327938799915348 -0.34628675436922557
-1.2303860286172377 -0.85750305454235531 -0.36272592564198919
-1.2763058083947145 -0.85986187712566031 -0.3778624925280451
-1.3227131604660265 -0.86043901559480696 -0.39162381484075864
-1.3695248224022512 -0.8592127272401523 -0.40389345139262744
