-0.92228137899887952 -0.67026497869419421 0.072316254575838845
-0.83915804083386858 -0.71283742418566931 0.090301671368217762
-0.75227003806236725 -0.74754472545465034 0.1073401372440477
-0.66222927804464082 -0.77396362570084509 0.12283292477487531
-0.56989736958636328 -0.7917964495739549 0.13702671444654868
-0.47602431383024618 -0.80084046819981747 0.14925403936974463
-0.38280443945055254 -0.81551854307258465 0.16087724947131848
-0.29153692517678376 -0.83913391600472187 0.17344437641340293
-0.20288712236843587 -0.87130345461554881 0.1857304105925788
-0.11829861201924735 -0.91284658170098643 0.19781879013697604
-0.03989508390094032 -0.96487959858073091 0.21143875675153673
0.036085537384154313 -1.0216155380129848 0.21577206219739214
0.11294139110855851 -1.0763949951584919 0.20483220611276165
0.19142267066655211 -1.1256041175644007 0.18330301594480952
0.27174990598655152 -1.1675503007400085 0.15443381673771703
0.35336139104625297 -1.201933714159567 0.11977216113334907
0.43578596770836076 -1.2279442200821811 0.080104962649397385
0.51833158378732247 -1.2456151954844017 0.036298890239512167
0.60049829180088743 -1.2546229052413918 -0.010742271939608451
0.68180954119437231 -1.2546453744738495 -0.060060695296088769
0.76160640774923605 -1.246281595309447 -0.11112815035436804
0.83888710690762669 -1.2301648541179537 -0.16414454136646298
0.91347019013410946 -1.2058328280457358 -0.21790971488675767
0.98451203460381109 -1.1729623483020466 -0.27192085447861991
1.0515217557759988 -1.1314061823623534 -0.32508412379367546
1.1148519449620216 -1.0812736085609529 -0.37529756683161741
1.1733297779049685 -1.0232698877784419 -0.42284537604775696
1.226502326998606 -0.95799007360863908 -0.46707569498820228
1.2737995138595164 -0.88620929855074049 -0.50776256863361602
1.315377711527933 -0.80870039350189993 -0.5439373687798339
1.3518246446487694 -0.72629192792382191 -0.57436123872125799
1.3820249423551725 -0.63968489779102811 -0.59950895999891174
1.4065143927943347 -0.54976170397158031 -0.61846848822386513
1.4246746377272377 -0.45730926667228983 -0.63141994140044133
1.4361136432094384 -0.36316355441715475 -0.63849443179354182
1.4406847705297661 -0.26818494765957485 -0.64037770910326053
1.4383767495257298 -0.1731641098579759 -0.63731116035415869
1.4287874465412795 -0.078926782272337903 -0.62879339322406613
1.4114272893297528 0.013705888659513532 -0.61601967725499474
1.3865285766230564 0.10391699704301405 -0.59907729967245038
1.3547753640216058 0.19092205532716192 -0.57746177278842414
1.3166009080004164 0.27397722397357083 -0.55120639044979591
1.271945613472161 0.35228428464948458 -0.52088883348336246
1.2211649541350729 0.42508153192458337 -0.48672389539885869
1.1648037626633225 0.4917802415115623 -0.44904189395890892
1.1033439600660337 0.55173452643966425 -0.40813374212032527
1.0373655519181759 0.60441726042907895 -0.36435475347085017
0.96748830845578493 0.64937635802507876 -0.31808490461527417
0.89434726000060427 0.68620419990559811 -0.26971678729285292
0.8185816563429742 0.71443618577254187 -0.21964394062937515
0.74084948955688423 0.73337435832548881 -0.16827564902412037
0.66220115323377637 0.74591266473981033 -0.11628903780658806
0.58374598795841448 0.75826807831507415 -0.063967837463361404
0.50744180867761157 0.7763347528276443 -0.01018859980057947
0.43496740780045912 0.80311660893264403 0.045260887450314702
0.36700510282612453 0.83765086930153843 0.10212816840662467
0.3036181486201765 0.87990458699442864 0.15905619840112184
0.24703338945214304 0.92908815438567027 0.21756032575766659
0.19776730113844188 0.98187625543336177 0.27942825261070392
0.15376510592510639 1.0458348235899477 0.3341957648745717
0.10982293073756874 1.117439981461577 0.37874900898779351
0.066177331665896316 1.1947312919165638 0.41289796226540892
0.021344247558941369 1.2750094894101454 0.437203995603969
-0.025684336194350756 1.3563281059963914 0.45204208009253044
-0.074733478373819287 1.437612525319802 0.4576145563770006
-0.12580521726315719 1.5177570416194686 0.45395050627890116
-0.17887533246352313 1.5956601933232368 0.44130787055913318
-0.2337085427196369 1.6704240050297607 0.42011899730623864
-0.2902954550043586 1.741037865161829 0.39084474590086782
-0.34828417178203558 1.8068575529421511 0.35410989336182419
-0.40686014950855898 1.8674480827986151 0.31003926438593332
-0.46616879943556 1.9218246639563137 0.25933734549906373
-0.52572466031420151 1.9694893795688608 0.2025412183535644
-0.58510752714694936 2.0100074851301617 0.14027862318881609
-0.64383134005556464 2.04287798460029 0.073078169839916135
-0.70142788644240139 2.0678321279283876 0.0016299891246153164
-0.75783529177234799 2.08442821750437 -0.073121871572858751
-0.8119526102957495 2.0927281001678608 -0.15088725430867059
-0.86377786034273962 2.0924782678420368 -0.23063168359335201
-0.91338016397247745 2.0835356844413613 -0.31128456947277666
-0.95940879107067423 2.0664327873397363 -0.39273277708175475
-1.0012964515850944 2.0412165724832132 -0.47430885232912046
-1.0398133275839996 2.007699040305043 -0.55454851197436839
-1.0746345534705457 1.9662251167401796 -0.63273190185092321
-1.104852112185345 1.9172886801194429 -0.70847732893123105
-1.1301634830454292 1.8613292933129395 -0.78109443271264478
-1.1505541046187031 1.7987700923064247 -0.84976653380696476
-1.1658055615534162 1.7302046235509065 -0.91388381735922086
-1.1761670293895159 1.6562494550621756 -0.97277906944374526
-1.1813767958746948 1.5777159969502572 -1.0261659301314987
-1.181035902105253 1.4952331334222841 -1.0735120789039667
-1.1756632016281661 1.4093705534638434 -1.1140572133835593
-1.1652852352294205 1.3209297786259522 -1.1474587538028873
-1.1495672976931095 1.2308980624897981 -1.1737733386203533
-1.1285280137963829 1.140125314463508 -1.1928216914906034
-1.1031954248058673 1.0491224255299818 -1.2038579678259302
-1.0739065078188321 0.9586846094377337 -1.2067476360017666
-1.0401729466827201 0.86989269775984657 -1.2019550797867045
-1.0030904094401976 0.78325060165871507 -1.1891767566903753
-0.96314966379301448 0.69948775100286509 -1.168352098949069
-0.92002322548510129 0.61959865814883586 -1.1400126112506852
-0.87501434154813962 0.54403971079342495 -1.1038142715483845
-0.82825557508391767 0.47356554403440004 -1.0603126938944578
-0.78037412154824159 0.40880932221818889 -1.0097241177303879
-0.73238095434512251 0.35012289588000545 -0.95229645065709312
-0.68505427280033038 0.29809282930856934 -0.8882779443042107
-0.63922963507875963 0.25298519813746539 -0.81820707805249748
-0.59541234333091964 0.21507780672454035 -0.74278760762502416
-0.55426106922414442 0.18479771244783152 -0.66256874319777237
-0.51634024670865664 0.16213831438851301 -0.57834747547303245
-0.48280554836161166 0.14697291732205839 -0.49065463517538088
-0.45421855091374758 0.14001756969983781 -0.40022255642654703
-0.43217943227667632 0.14096083057363365 -0.30775052986860402
-0.41301525962689029 0.14829277496411128 -0.21497364661906826
-0.40237997986856389 0.16343714057481307 -0.12168422227350276
-0.40363221884276607 0.1818958255618586 -0.028529755891437761
-0.42101919688899681 0.1964467066669098 0.06373463708605609
-0.44524727967304656 0.20986054302764748 0.15467069162884312
-0.47467023001839642 0.23295168890096662 0.24210840886547944
-0.51127113053142503 0.2586391439052213 0.32604830651287092
-0.55494288003508929 0.28659576747486454 0.40576579162210785
-0.59390260271610185 0.31176320708795374 0.48876334416925943
-0.62505700365699035 0.33340731806152502 0.5759741934119369
-0.64836001257053222 0.35155451474128635 0.66637898702519749
-0.66376599168313544 0.36615476904598077 0.75908610680128497
-0.67107138665135535 0.37709066272314967 0.85327908187156731
-0.67017797923751043 0.38429214262057948 0.94810902540468833
-0.66110076121299044 0.38774175934575178 1.0427188404511964
-0.64389202809174151 0.38743952756574651 1.1362554659759965
-0.61869532646401504 0.38342785589272133 1.2278764810188691
-0.5857840808125292 0.37563603227934095 1.316766931677692
-0.54542737636479888 0.36416601470257443 1.4021200165403129
-0.49791810550740012 0.34930609713874305 1.4831594775950687
-0.44366464843125525 0.33122493941179432 1.5591528154534615
-0.38314686618955018 0.31008734948494276 1.6294101251548532
-0.31721531748861309 0.28539455516065443 1.6933518572930575
-0.2464279406166128 0.25741941592616374 1.7503767822112435
-0.17120866912696547 0.22692006704691345 1.7999472229448461
-0.092319346222046961 0.19395644262856521 1.8416017179132858
-0.010797354671502821 0.15813332592601242 1.8750057389998027
0.072248272315111786 0.11901974053056298 1.8998748355017301
0.15591152484041099 0.076764948801175986 1.9160062275081733
0.2399066493069642 0.03273912988430025 1.9232120594907749
0.32369463926228459 -0.012217879300577134 1.9213900322944497
0.40648636873397853 -0.057771023950133678 1.9106281447445257
0.48776856877582375 -0.1030869405586135 1.8910117752388296
0.56679349241075738 -0.14782230660928997 1.8627468548091466
0.64301335747014088 -0.19126189612529751 1.8260220251072745
0.71585706463301457 -0.2328372002545008 1.7811855534676548
0.78439213586159995 -0.27268728218902349 1.7286506703492894
0.84805037896747337 -0.31030769830820953 1.6688390077178024
0.9063505584199385 -0.34521292052913088 1.6022979772755213
0.95925430680595758 -0.3761932543122728 1.5295922684822159
1.0063413906146907 -0.40272301873589461 1.4513369533148586
1.047146406197069 -0.42446171765886898 1.3682280227494577
1.0817376777528012 -0.44048497379867374 1.2810981267525763
1.1093291577602098 -0.45134029561372746 1.1907308212748327
1.1292516287368144 -0.45802145387754267 1.0979754377216477
1.1414183903080612 -0.46035002544246401 1.0036807190191517
1.1457373224579916 -0.45826020943540913 0.90869653381985394
1.1418605748894199 -0.45243209295894637 0.81384920910172986
1.1300236939703863 -0.4425269940102925 0.72000526151058719
1.1103678436876767 -0.42858715125966185 0.62800371264273902
1.0829156913721278 -0.41102203208707488 0.53865704288472627
1.0479390226629968 -0.38993630603830121 0.45276824078779981
1.0058290801552181 -0.36548979285998817 0.37107209507357991
0.95697453108220032 -0.33764387367992355 0.29437045991567157
0.90190217047048005 -0.30636306904518984 0.22344397843058064
0.8361914124064862 -0.28169650263462764 0.15957581243046692
0.76467629912479418 -0.26629142962180902 0.098870007961885525
0.69742434332325476 -0.25704450763441461 0.032258848576679822
0.63598013868882775 -0.25439970356227098 -0.040195190746894344
0.58384681012693107 -0.25460818739477487 -0.1195514073922711
0.53996955993561535 -0.26259419547625718 -0.20338630431362048
0.49954947051479504 -0.28445909984828016 -0.2865971832115542
0.46054819778646633 -0.31832667012683946 -0.36643032085626576
0.42216709429440352 -0.36157193744588489 -0.4419426736818155
0.37963933310998721 -0.4105504822986446 -0.51141897106432332
0.33599298622321971 -0.46659154699313954 -0.5746482236839896
0.29212815394923536 -0.52942467127325776 -0.63096610850920931
0.24688596277474339 -0.59764513297378796 -0.67938604678996661
0.20023318358540113 -0.6700641880521031 -0.71968267677635089
0.15261752649557819 -0.74601112045980389 -0.75146525765386196
0.10351250666129871 -0.82416902015666171 -0.7743820089034793
0.053509013368779286 -0.90384182015080372 -0.78838896524093838
0.002993303629195615 -0.98426515929303149 -0.79336131840852075
-0.047919810873069138 -1.0644832546443743 -0.7891995172269084
-0.098820789332638187 -1.1437365920811009 -0.77607322753727526
-0.14908284634624652 -1.2213999538602025 -0.75401597691670397
-0.19823753488468848 -1.2967855435950233 -0.72327005910539943
-0.24663308099805334 -1.3687308490491206 -0.68420293351176453
-0.29319325922723949 -1.4369935210833906 -0.63712194563726399
-0.33766864790665746 -1.5008466519834394 -0.58244925718173868
-0.38037492259072697 -1.5592897729969164 -0.52076439961071375
-0.42069432744126728 -1.6119828808054966 -0.45263022239306133
-0.45741074475940097 -1.6591495562911496 -0.37866138628336199
-0.49040872331323127 -1.6999333144040807 -0.29933727699015228
-0.51988015628979012 -1.7340021045980301 -0.21558184771286226
-0.54533530343471104 -1.7610551258488012 -0.12803639866643823
-0.56678679229439011 -1.780451054432348 -0.037437497412212792
-0.58419065432863426 -1.7919303430180722 0.055351047048270832
-0.59815011719688604 -1.7948556639180764 0.14937588873286295
-0.60896827774178441 -1.7889273192350725 0.24367513196357443
-0.61627205765481508 -1.7743277006827478 0.33736588847907834
-0.6201167447675765 -1.7513691233589357 0.42957761852079873
-0.61967617000709196 -1.7206476250693601 0.51958330077441306
-0.6150723057227705 -1.682768873939996 0.60669309929406101
-0.6064096269462812 -1.6379054649947626 0.69009916968549012
-0.59283915136501319 -1.5867038067927315 0.76908722623348136
-0.57478698498292347 -1.5296324734540589 0.84298966616043425
-0.55237113362527501 -1.4671854338326253 0.9111264411286043
-0.52566408308547508 -1.4000005375988629 0.97291375159167781
-0.49494878962423328 -1.3286567826947719 1.0277901306991766
-0.46054413482628809 -1.253768065594558 1.0752540216857689
-0.42284815888446742 -1.1759515696979408 1.1148581454465403
-0.38237682588132316 -1.095805243102538 1.1462190435312611
-0.33961504929875308 -1.013976045336652 1.1690301682846642
-0.29496250242168831 -0.93119035290119567 1.1830877149662211
-0.24874583767802894 -0.84823299582046929 1.1882900352402221
-0.20132522831403912 -0.76587628023417942 1.1845916483079584
-0.15317216775219772 -0.68483176722162875 1.1720192828316631
-0.10475339449558746 -0.60580138533102057 1.1506908403532168
-0.056519347542907279 -0.52952366972628662 1.1206891903177882
-0.0089630199318632645 -0.45684062553947213 1.0820010419722617
0.037536962355538744 -0.38738861476892544 1.0366188039576563
0.083697232945354888 -0.31467184791365665 0.99635703131703257
0.12974085027703014 -0.23778051411598092 0.96454766508140988
0.17440892026973906 -0.1573126916124466 0.94056703238163997
0.21976271354213983 -0.075102078302114059 0.9256207200536245
0.25960158818093659 0.011124435794948234 0.92238667611848035
0.30812326108031929 0.092680830329172112 0.92527591505822815
0.36462710155983413 0.16880138150160684 0.93291498439190568
0.42664045309142756 0.23986915286730248 0.94511199619803288
0.49373032210909779 0.30521528368315937 0.9615919018492608
0.56578477130871285 0.36453865343516983 0.97987500420692386
0.63699986231372496 0.42658904218211718 0.99079060835474264
0.7047556517608331 0.49324225509065012 0.99423732931589515
0.76844084155663372 0.56377967681363894 0.99049170566895894
0.82758173610579555 0.63747553324207851 0.97970919402812773
0.88149737207218481 0.71380408025535258 0.96203973153893352
0.9296603647336743 0.79211268191510387 0.93768328607311269
0.97165592614884067 0.87168173556504924 0.90685703083031688
1.0070941465151679 0.95179723277571782 0.86983315050939991
1.0356437975077313 1.0317478158656133 0.82696188178612207
1.0570456380725488 1.1108103776418878 0.77862759503573775
1.0711256253503467 1.188247589791827 0.72523874215033179
1.0777413590337648 1.2633762926575101 0.66729850544876501
1.0768393248088211 1.3355035708393928 0.6053145160036818
1.0684103184854365 1.4039977317800096 0.53987245844048992
1.0525620235078916 1.4682124079176659 0.47153150031067431
1.0296220371283213 1.5274284903312223 0.40073185138138112
1.0000789293046317 1.5810243596763749 0.32794125515279127
0.96408715445131032 1.6284049236271292 0.25374521763978958
0.92271674600781295 1.6688932683485223 0.17829572063450691
0.87537933041908544 1.7016447090790858 0.10259900997377942
0.82312658429140195 1.7268423841676397 0.027232536178981304
0.76614334611513768 1.7447749563031081 -0.046767805701461752
0.70427457667013071 1.7554711613596092 -0.1182013693364775
0.63829923799318822 1.7587732273449379 -0.1866240109640476
0.56849910497845646 1.7548089429129976 -0.25110045671128767
0.49546844528999384 1.7437541944790624 -0.31101147852062622
0.41977885215569349 1.7256799397634042 -0.36568868030330298
0.34204559320215905 1.700864623796934 -0.41454130737318101
0.26270234665242703 1.6699043459101985 -0.45686418285241581
0.18263683972159725 1.6328188514484587 -0.49235444039518322
0.10227674377846817 1.5903686748205657 -0.5203736434756685
0.021992262687457489 1.5434315501688545 -0.54027411895006072
-0.057632002046712399 1.4926919614140881 -0.551713012190018
-0.13609446402689332 1.4389994818850644 -0.55415581765770261
-0.21286210030175262 1.3833037222909355 -0.54712082272400975
-0.28744026370159148 1.3267723286988242 -0.53015978612670234
-0.3594870878589726 1.2711202058491633 -0.50264311750155266
-0.42917719827854545 1.219093237915281 -0.46423273161865014
-0.49767685804452733 1.175476083449323 -0.41480805113667113
-0.56892364775737247 1.1420684373175738 -0.36139268054387963
-0.64683452771661309 1.1183379714924153 -0.3123026384876601
-0.73014025055919995 1.0970273182362116 -0.27179464873957371
-0.81620923309603954 1.0682217068631263 -0.24361159507984276
-0.90046348217878847 1.0293521370978664 -0.22274889588735655
-0.98093298721437894 0.98107902687386517 -0.20732421812960322
-1.056685799158501 0.92485194685875327 -0.19530068083358532
-1.1271219465767857 0.86162311428412219 -0.18602870484143541
-1.1919353205069223 0.79232935878998301 -0.17947281517443542
-1.2497446138609281 0.71705750904848264 -0.17356195648577447
-1.2989084304135665 0.63593630634239839 -0.16671653964929559
-1.339260668752096 0.55019389636835159 -0.15870792279792406
-1.3707157234074303 0.46098586776902201 -0.14886727983582196
-1.3932207980537992 0.36937829343757972 -0.13680217882131387
-1.4071540720845839 0.27643107357062635 -0.12224004045490588
-1.4123822419018588 0.18264036169528911 -0.10741745335972006
-1.4085403799753839 0.088752622397902228 -0.092730377865271982
-1.395624617851924 -0.0042385405900860207 -0.077525002198635673
-1.3737144460593897 -0.095501562342151056 -0.062155633510749819
-1.3431865317874965 -0.18429301022889327 -0.047006279980021527
-1.3043861725674575 -0.26978825113431426 -0.031844382897362446
-1.2577086506600703 -0.35096811606024464 -0.01521861496898675
-1.2035603862762434 -0.42720447363384573 0.002133135576244876
-1.1422748171146662 -0.4978833280094605 0.019271129631214943
-1.0744949174706806 -0.56234366359413468 0.036474950045160721
-1.0009438198810245 -0.61996146211749026 0.054237816095761074
