-17.7928477800023 -10.446440657458 -4.52657011048992
-17.0372798744965 -11.1103145305744 -4.90265182254253
-16.2817119689907 -11.7741884036908 -5.27873353459514
-15.5261440634848 -12.4380622768073 -5.65481524664776
-14.6888315089292 -13.0347857542813 -5.91608210187745
-13.7588965347889 -13.5554231246798 -6.0472556731207
-12.8289615606486 -14.0760604950783 -6.17842924436396
-11.8990265865083 -14.5966978654768 -6.30960281560721
-10.899074217061 -14.9419298703435 -6.15818239275296
-9.8924365160405 -15.270413993871 -5.97977961011752
-8.88579881502003 -15.5988981173985 -5.80137682748208
-7.89973015265818 -15.8608966153872 -5.52008813383473
-6.95758986506293 -15.9809047401876 -5.01907060734557
-6.01544957746769 -16.1009128649881 -4.51805308085641
-5.07330928987245 -16.2209209897885 -4.01703555436724
-4.24498143767914 -16.2554985739007 -3.35310429317136
-3.47726953117855 -16.244576270443 -2.60240597474918
-2.70955762467797 -16.2336539669852 -1.85170765632699
-1.94184571817739 -16.2227316635275 -1.10100933790481
-1.26024361051917 -16.2385213015409 -0.273078205063519
-0.595432467008734 -16.2595196295942 0.569912926005366
0.0693786765016972 -16.2805179576474 1.41290405707425
0.734189820012129 -16.3015162857006 2.25589518814314
1.4982911559484 -16.3596880954695 3.00673192155657
2.27274889455976 -16.4217372624685 3.74795654699558
3.04720663317111 -16.4837864294675 4.48918117243458
3.83944928584089 -16.5351887422552 5.20514827365622
4.80076712342052 -16.4853749997624 5.68100060325814
5.76208496100015 -16.4355612572696 6.15685293286005
6.72340279857977 -16.3857475147769 6.63270526246197
7.71687457373104 -16.2530340991739 6.9640737840876
8.75351876122451 -16.0090130447295 7.10144695068629
9.79016294871798 -15.7649919902852 7.23882011728497
10.8268071362114 -15.5209709358408 7.37619328388366
11.8047708267011 -15.1210647903074 7.24869267063059
12.7704744467997 -14.6885896944878 7.06585218550248
13.7361780668982 -14.2561145986681 6.88301170037437
14.6566400625585 -13.7849927042482 6.63434498565362
15.4506447139115 -13.2058470247041 6.20168376844929
16.2446493652645 -12.6267013451601 5.76902255124496
17.0386540166175 -12.0475556656161 5.33636133404063
17.6740283043283 -11.3932664702686 4.78491504127391
18.2488003908244 -10.7102698928025 4.18808880430705
18.8235724773205 -10.0272733153365 3.59126256734019
19.3526342570778 -9.32976567172842 2.97788254409916
19.6971788443911 -8.57368171623547 2.29768043224067
20.0417234317043 -7.81759776074251 1.61747832038218
20.3862680190176 -7.06151380524956 0.937276208523692
20.577016551133 -6.26774191409177 0.248196544409641
20.6958625122657 -5.45635019864237 -0.445033543656352
20.8147084733984 -4.64495848319296 -1.13826363172235
20.8969074566507 -3.82627384812598 -1.82293019851149
20.7975744852324 -2.97146350692976 -2.46517709398914
20.6982415138141 -2.11665316573353 -3.10742398946679
20.5989085423957 -1.26184282453731 -3.74967088494445
20.3614969157575 -0.389220445767626 -4.31690672199704
20.0497821090438 0.492986984603431 -4.84377744850502
19.7380673023302 1.37519441497449 -5.370648175013
19.4018185088078 2.25704791548858 -5.87501210119132
18.8899184237138 3.1363674521188 -6.21823839499556
18.3780183386197 4.01568698874902 -6.56146468879979
17.8661182535257 4.89500652537923 -6.90469098260403
17.2571580973128 5.7435465596223 -7.10277826762925
16.577309378007 6.56960654958157 -7.19486217080579
15.8974606587012 7.39566653954085 -7.28694607398232
15.2166775704632 8.22062484535776 -7.37619328388366
14.4379772336697 8.93013209508186 -7.16816905105454
13.6592768968763 9.63963934480597 -6.96014481822543
12.8805765600828 10.3491465945301 -6.75212058539632
12.1054690304464 10.9923578076712 -6.42059418972399
11.3355927244093 11.5390402131269 -5.90924533195135
10.5657164183722 12.0857226185825 -5.39789647417871
9.79584011233509 12.6324050240382 -4.88654761640607
9.11575444346509 13.0778220549949 -4.19670971189062
8.46476600380655 13.4904233948513 -3.44903129227617
7.813777564148 13.9030247347076 -2.70135287266173
7.16753844544623 14.3156437447113 -1.95023515143149
6.65825431987934 14.7287723043817 -1.0999391406166
6.14897019431245 15.1419008640521 -0.249643129801704
5.63968606874556 15.5550294237225 0.600652881013189
5.13647210042605 16.0031542356218 1.43417109390198
4.65000066972683 16.5478047297453 2.22141325470253
4.16352923902761 17.0924552238688 3.00865541550308
3.67705780832838 17.6371057179924 3.79589757630363
3.12115541043371 18.2478641897102 4.46764510588398
2.50438685839287 18.916575740826 5.03814510412699
1.88761830635203 19.5852872919418 5.60864510237
1.27084975431119 20.2539988430575 6.17914510061301
0.495909827757837 20.9230877473512 6.47705862971115
-0.304644933888187 21.592237761561 6.73082853625331
-1.10519969553421 22.2613877757707 6.98459844279546
-1.93554174405457 22.8979672086305 7.16108763053218
-2.8681745965253 23.4226978865003 7.07219155878491
-3.80080744899603 23.9474285643701 6.98329548703764
-4.73344030146676 24.4721592422399 6.89439941529037
-5.68384174154061 24.8408361410924 6.61894107009446
-6.64559196214551 25.1098416350665 6.22432557273577
-7.60734218275042 25.3788471290406 5.82971007537708
-8.56864354488098 25.6461956166613 5.43391826596235
-9.44473517095512 25.5989837649258 4.81481945546765
-10.3208267970293 25.5517719131902 4.19572064497296
-11.1969184231034 25.5045600614546 3.57662183447827
-11.9961915555325 25.3245716994643 2.91016434545549
-12.6832484420374 24.9506237735625 2.17452542805276
-13.3703053285423 24.5766758476607 1.43888651065003
-14.0573622150472 24.2027279217589 0.703247593247307
-14.5276893359994 23.5924784583621 -0.0284085545324758
-14.9471861753615 22.9268084870325 -0.759130611413728
-15.3666830147235 22.2611385157028 -1.48985266829498
-15.7201601561518 21.5495520467303 -2.19345591230895
-15.8289867455544 20.66781186838 -2.79656441390647
-15.9378133349571 19.7860716900296 -3.39967291550399
-16.0466399243597 18.9043315116793 -4.00278141710151
-15.9669377237699 17.9566607377391 -4.46090451280212
-15.7673296322942 16.9670575523027 -4.82681567492893
-15.5677215408185 15.9774543668663 -5.19272683705574
-15.3677025232028 14.9878800471618 -5.55812898811423
-14.9135681032875 14.0161562031854 -5.6087603328857
-14.4594336833722 13.044432359209 -5.65939167765717
-14.005299263457 12.0727085152325 -5.71002302242864
-13.4937033542991 11.1515390523089 -5.63269129008702
-12.887032126172 10.3140164625737 -5.34363287726468
-12.2803608980448 9.47649387283845 -5.05457446444234
-11.6736896699177 8.6389712831032 -4.76551605162
-11.0419693396313 7.94839914719165 -4.26366518939267
-10.4008850415864 7.3127606892593 -3.68226729898094
-9.75980074354156 6.67712223132696 -3.10086940856922
-9.12017210450503 6.04971498407172 -2.51128583417248
-8.50899567805295 5.58319442433898 -1.76170543389951
-7.89781925160087 5.11667386460625 -1.01212503362653
-7.28664282514879 4.65015330487351 -0.262544633353553
-6.6674270172029 4.18531668792518 0.48132722236887
-6.03196461344649 3.7238831110997 1.21366281550063
-5.39650220969007 3.26244953427422 1.94599840863238
-4.76103980593366 2.80101595744874 2.67833400176414
-4.06962185254728 2.2502363756204 3.27022524619487
-3.33956155630774 1.63775533646191 3.76512702827233
-2.60950126006821 1.02527429730341 4.26002881034978
-1.87944096382867 0.412793258144912 4.75493059242724
-1.11357226402881 -0.308251980984903 4.90140736994461
-0.341010936644515 -1.04958798114195 4.98276315448907
0.431550390739779 -1.790923981299 5.06411893903352
1.19870245145794 -2.53168793460543 5.11448135483176
1.89342180448392 -3.26479190276521 4.74982751106069
2.58814115750991 -3.99789587092499 4.38517366728961
3.28286051053589 -4.73099983908477 4.02051982351854
3.93087116042116 -5.44492635634872 3.57477284440944
4.45220252298989 -6.10684145713823 2.90909210777474
4.97353388555862 -6.76875655792773 2.24341137114003
5.49486524812735 -7.43067165871724 1.57773063450532
5.93550749115867 -8.12217225626557 0.891644963101514
6.27276885805671 -8.85157851684878 0.179415989528016
6.61003022495475 -9.580984777432 -0.532812984045482
6.94729159185279 -10.3103910380152 -1.24504195761898
7.16821319817175 -11.1579605578107 -1.84550765854274
7.31550165060676 -12.0803173507251 -2.37523673243005
7.46279010304178 -13.0026741436394 -2.90496580631736
7.61007855547679 -13.9250309365538 -3.43469488020467
7.54215571595365 -14.950642035076 -3.70298897793205
7.43203144793761 -15.9965005804447 -3.9200175061274
7.32190717992157 -17.0423591258134 -4.13704603432276
7.18139239975768 -18.0820957183057 -4.31911736207418
6.77495451250475 -19.068263989131 -4.19530613964146
6.36851662525181 -20.0544322599563 -4.07149491720875
5.96207873799888 -21.0406005307816 -3.94768369477604
5.45398033615201 -21.9284289917944 -3.7108364067266
4.78912804813354 -22.664623876929 -3.2996948744099
4.12427576011508 -23.4008187620636 -2.88855334209319
3.45942347209661 -24.1370136471982 -2.47741180977649
2.6828573779836 -24.6030090460567 -1.93997726862999
1.85782688355017 -24.951784769684 -1.34775348386559
1.03279638911674 -25.3005604933113 -0.755529699101188
0.207551083105176 -25.6461956166613 -0.162968696459384
-0.648273318556574 -25.5447565314897 0.477596318896072
-1.50409772021832 -25.4433174463182 1.11816133425153
-2.35992212188007 -25.3418783611466 1.75872634960699
-3.18284244543933 -25.1031165580361 2.37039294971194
-3.93495438805583 -24.5688412537229 2.91987120983892
-4.68706633067232 -24.0345659494097 3.4693494699659
-5.43917827328881 -23.5002906450965 4.01882773009288
-6.05334751566752 -22.7547054495417 4.43246858074098
-6.58547363419714 -21.8834410875808 4.76531845520837
-7.11759975272676 -21.0121767256199 5.09816832967576
-7.64972587125639 -20.140912363659 5.43101820414315
-7.90992514443616 -19.1066398208378 5.47611871897497
-8.14996315909904 -18.0602814904937 5.4998848590406
-8.39000117376192 -17.0139231601496 5.52365099910623
-8.56432963239109 -15.9724283332154 5.47195986386891
-8.50768083930441 -14.948029324898 5.15502703284991
-8.45103204621774 -13.9236303165807 4.8380942018309
-8.39438325313107 -12.8992313082633 4.52116137081189
-8.22506302154157 -11.9651546628366 4.06391006890217
-7.93679249329682 -11.1264337881643 3.45852074762881
-7.64852196505208 -10.2877129134919 2.85313142635544
-7.36025143680733 -9.44899203881956 2.24774210508208
-6.95353519892967 -8.75949118356569 1.54533343979705
-6.49799505754892 -8.13149955352056 0.802932924198138
-6.04245491616816 -7.50350792347542 0.0605324085992306
-5.5869147747874 -6.87551629343028 -0.681868106999677
-4.97254734050637 -6.29265791963487 -1.33860601190418
-4.33718913289259 -5.71576440196972 -1.98402266079945
-3.7018309252788 -5.13887088430456 -2.62943930969472
-3.05701009923895 -4.55774605817001 -3.25526772209756
-2.26022163133029 -3.90866731683339 -3.56651321737438
-1.46343316342162 -3.25958857549678 -3.8777587126512
-0.666644695512955 -2.61050983416017 -4.18900420792803
0.142916643113894 -1.96201007293052 -4.38307215950534
0.98873991444189 -1.3151540250162 -4.24447533293941
1.83456318576988 -0.668297977101879 -4.10587850637347
2.68038645709788 -0.0214419291875564 -3.96728167980754
3.48993378833852 0.569911778392845 -3.64069800754135
4.26175330078305 1.10354176513141 -3.11860365702531
5.03357281322758 1.63717175186998 -2.59650930650928
5.80539232567211 2.17080173860854 -2.07441495599324
6.50729973164271 2.6498422494361 -1.42454892637939
7.18444459599887 3.10954742283592 -0.729426764739444
7.86158946035503 3.56925259623573 -0.0343046030994934
8.53873432471119 4.02895776963555 0.660817558540457
9.19571543624499 4.5898372581828 1.29858622248038
9.85256631772192 5.1513701933842 1.93598446186025
10.5094171991988 5.7129031285856 2.57338270124013
11.1576342060355 6.33286280857315 3.1476861508276
11.7842478736516 7.09901557564454 3.56411631597288
12.4108615412678 7.86516834271592 3.98054648111816
13.037475208884 8.6313211097873 4.39697664626344
13.5786977848896 9.51071203141397 4.62878892050329
14.0678307237396 10.4591796479475 4.74798196516889
14.5569636625895 11.407647264481 4.8671750098345
15.0460966014395 12.3561148810146 4.98636805450011
15.2871629667788 13.3869805772553 4.81113404417766
15.5257572099521 14.4186674164514 4.63296590355853
15.7643514531253 15.4503542556475 4.4547977629394
15.8815031669572 16.4644345607989 4.18463360426571
15.8025795331283 17.450088191188 3.76593703835965
15.7236558992994 18.4357418215771 3.34724047245359
15.6447322654704 19.4213954519662 2.92854390654753
15.3077596826289 20.2730575021864 2.39221616293677
14.9012188313548 21.0885963197697 1.82417584162359
14.4946779800807 21.9041351373531 1.25613552031041
14.0308513704616 22.6664067685551 0.679887547029069
13.3374346960368 23.2151939818732 0.0707449171749165
12.644018021612 23.7639811951914 -0.538397712679236
11.9506013471872 24.3127684085095 -1.14754034253339
11.1291964371471 24.6609449797039 -1.71358443216716
10.2274530322512 24.8831978129641 -2.25257547403335
9.3257096273553 25.1054506462243 -2.79156651589955
8.42129188174112 25.3187640873146 -3.32595528548317
7.4179655009624 25.2014603139672 -3.69013220920215
6.41463912018367 25.0841565406199 -4.05430913292112
5.41131273940494 24.9668527672726 -4.41848605664009
4.41621126400693 24.720244986443 -4.6703277592558
3.43190116633319 24.3039856021705 -4.77478152893443
2.44759106865946 23.887726217898 -4.87923529861306
1.46328097098572 23.4714668336255 -4.98368906829169
0.585086252021212 22.8905981582605 -4.83310708554196
-0.270798034212649 22.2751208845901 -4.62890461848848
-1.12668232044651 21.6596436109197 -4.42470215143501
-1.94781866469342 21.0343556776481 -4.16262015360084
-2.62625130971572 20.3687770872361 -3.66283708112777
-3.30468395473802 19.703198496824 -3.16305400865469
-3.98311659976032 19.037619906412 -2.66327093618162
-4.60586449388326 18.4152244263862 -2.06051111702057
-5.17661648060655 17.8331513860341 -1.36159625902707
-5.74736846732985 17.2510783456819 -0.662681401033571
-6.31812045405315 16.6690053053297 0.0362334569599272
-6.92485247648758 16.1566785468089 0.757620994769951
-7.54263313305939 15.665769253145 1.48590937112757
-8.1604137896312 15.1748599594811 2.21419774748519
-8.77819444620301 14.6839506658173 2.9424861238428
-9.51446613701342 14.1590243121972 3.5214245171047
-10.2514818687272 13.6338843552089 4.09942509682612
-10.9884976004409 13.1087443982207 4.67742567654753
-11.7408413068474 12.5442144801521 5.17655992739574
-12.5299402943965 11.885230524762 5.48657890708062
-13.3190392819456 11.2262465693719 5.7965978867655
-14.1081382694947 10.5672626139818 6.10661686645038
-14.8554553938813 9.82004429058719 6.21660943163487
-15.5824200235297 9.02984584676207 6.22916650111677
-16.3093846531782 8.23964740293695 6.24172357059867
-17.021675279843 7.44160052810875 6.22851349254483
-17.5992525045004 6.57150181834284 5.97875036836865
-18.1768297291578 5.70140310857694 5.72898724419248
-18.7544069538152 4.83130439881104 5.47922412001631
-19.2229485315278 3.94541725337673 5.11956429536533
-19.6042880048593 3.04690318405332 4.67201373209384
-19.9856274781908 2.14838911472992 4.22446316882234
-20.3597501033719 1.25008520900173 3.77269475537578
-20.5236669407127 0.357902757291769 3.19807263895972
-20.6875837780535 -0.534279694418193 2.62345052254366
-20.8515006153942 -1.42646214612815 2.04882840612759
-20.8969074566507 -2.30452288441099 1.44373702676932
-20.8340490829259 -3.16968268276802 0.810810347337187
-20.7711907092012 -4.03484248112504 0.177883667905057
-20.7045214149495 -4.89931516804066 -0.454874544931332
-20.4075127910193 -5.72225752449964 -1.07745031432354
-20.110504167089 -6.54519988095862 -1.70002608371574
-19.8134955431588 -7.3681422374176 -2.32260185310794
-19.3965429566399 -8.15916955473767 -2.90299158194022
-18.8635680412471 -8.91932531264718 -3.44257456597191
-18.3305931258543 -9.67948107055669 -3.98215755000361
