-0.92228137899887952 -0.67026497869419421 0.072316254575838845
-0.83814769270393485 -0.71335488404277503 0.090520280637568618
-0.75221023008083399 -0.74756853636812159 0.1073518511372311
-0.66142814640328329 -0.77419863034085379 0.122970758145746
-0.56777942866030473 -0.79220364748988337 0.13735195679824319
-0.4654349368258941 -0.80183723607249546 0.15062764823852531
-0.38338030865580142 -0.81536953752389296 0.16079795486729659
-0.29067436219448578 -0.8393571032654521 0.1735631474633251
-0.19865049875731741 -0.87284518968646674 0.1863176042936022
-0.1253560267648447 -0.90820373929027876 0.19655330309501179
-0.044778762423853279 -0.96121288693241469 0.21100186359148301
0.02461946305283275 -1.0133177256383139 0.21721021860264481
0.10416237766276611 -1.0708816452585359 0.20723338182022041
0.19068296271043489 -1.1252178485075841 0.1835688632163501
0.27285907556027073 -1.168129499438018 0.15403518684275569
0.35416662116915443 -1.202271843215986 0.11942944278746789
0.43519713050925513 -1.2278179047487261 0.080417348190696097
0.51798429736505325 -1.245577123431012 0.036497714767201331
0.60066362047337729 -1.254641029768129 -0.01083692405703501
0.68037833219051158 -1.254795384324652 -0.059144767081872343
0.76336079639213594 -1.246097711908867 -0.11225090325237121
0.83786230711718035 -1.2304991853649501 -0.16340578753418181
0.91412929949596822 -1.205617799845192 -0.21838485117338149
0.98542671998497366 -1.172537962064484 -0.27261660180236541
1.0510900897578199 -1.1317478918818109 -0.32474186305999009
1.1149650006923959 -1.081184112937783 -0.37538720682085841
1.173138376456581 -1.0235047140278259 -0.42268617874144138
1.2263516270903529 -0.95821854106966753 -0.46694606409007888
1.2735795246680619 -0.8866190426069761 -0.50757113712727264
1.315209418788543 -0.8090806800864645 -0.54379688661848213
1.351741764429697 -0.72652951952914724 -0.57429221810766751
1.3819848986785479 -0.63983193478980804 -0.59947795851853636
1.4065251857274059 -0.54972207323283195 -0.61847684402260805
1.4246240789829741 -0.45772180438200838 -0.63138861439489713
1.4360495838617431 -0.3644945756658623 -0.63846803972271637
1.440780800957643 -0.26618963324216072 -0.64041727306925622
1.438394262407378 -0.1733365611073385 -0.63732672804897772
1.428829478003097 -0.079151089319829601 -0.6288243212145932
1.41143451663969 0.013679667830812739 -0.61602459508077667
1.3866658904287441 0.1035407517850295 -0.59917077400198182
1.3545410916875209 0.19156397078741011 -0.57730229538375477
1.316537684509361 0.27411455735125362 -0.55116290425516434
1.2719347157547689 0.35230338830573782 -0.52088143489747252
1.2210752872320061 0.42521006888321911 -0.48666356813543432
1.164750501107914 0.4918432508393738 -0.44900628467163489
1.103225588689857 0.55184997688832171 -0.4080549534599065
1.0371485699083161 0.60459044822845864 -0.36421077910202648
0.96754518716222204 0.64934771856678164 -0.31812251845872058
0.89381280986324751 0.68647330522425731 -0.26936335584098497
0.81750415916224772 0.7148366837517155 -0.21893183497618399
0.7485986587760769 0.73213896718221649 -0.1733978558792281
0.66199865359994803 0.74594494771712971 -0.1161551853918049
0.57579717433201139 0.75951984740963263 -0.058666708116027373
0.50732239001009494 0.77636412892095041 -0.010103907237774301
0.43562169327740591 0.80278414132394538 0.044713415788527819
0.3659299105359764 0.83819721584626827 0.1030278327436274
0.30243821817893352 0.88069435437267152 0.1601171469633163
0.2441669989760831 0.93159182655008821 0.22053217107141479
0.19721651397250639 0.9824731562617296 0.28012737797891729
0.1580560630715713 1.03885192327445 0.32982987040312228
0.1104902911405881 1.1162582064151221 0.37822633152247642
0.066319755246248585 1.194476268008684 0.41282074803040381
0.020970205524722309 1.2756792497197931 0.43740678063058153
-0.0263920790938602 1.3575515379127741 0.45226409554686198
-0.075000617975619618 1.438054950665659 0.45764412358020329
-0.1258023510620713 1.517752833508426 0.45395118804140178
-0.1787457411365401 1.595483480354158 0.44135792716114658
-0.23364201311717331 1.6703409838530729 0.42015341523486882
-0.29099275402425201 1.741908012930508 0.39048401042354808
-0.34886194704918411 1.8075125592118519 0.35374306590275378
-0.4071209962159954 1.8677176426008699 0.30984270669544101
-0.46671087887149071 1.922321385290843 0.25887368866145022
-0.52624829389157124 1.969907904614661 0.20204137624502189
-0.58548288255423953 2.0102632070202389 0.1398847515386675
-0.64416581033052134 2.0430649419611528 0.072695215144855149
-0.70164776434248033 2.0679272302580811 0.0013571091711285311
-0.75807396495729107 2.084498310341 -0.073438243130010308
-0.8121408068306587 2.0927568465834159 -0.15115778144320419
-0.86386199683291265 2.0924778139308251 -0.23076117694613801
-0.91364223680949319 2.0834883585935029 -0.31171073617369899
-0.95954283873780133 2.0663828325293951 -0.39297008608928069
-1.0012737839055259 2.0412362979842991 -0.47426163025187901
-1.0398754306610329 2.007644997970901 -0.55467788720625955
-1.0746749999441809 1.966176919662729 -0.63282272720525512
-1.104841058310795 1.917313117048727 -0.70844561672216244
-1.1301596937761449 1.861340914574263 -0.78108167366143733
-1.150537546345366 1.7988443401301499 -0.84969703058612522
-1.1657386867898409 1.7306819434138909 -0.91350369688583299
-1.1762269418069839 1.6558218290734159 -0.97311961549239279
-1.1813772897006021 1.57783945509545 -1.0260950350867
-1.1810476197343709 1.495420849774364 -1.073423388411306
-1.1756909959804911 1.409607767586136 -1.113967562915487
-1.1653320358408279 1.3211980212945691 -1.14738030858422
-1.1496077964306579 1.2310728751796849 -1.173736618081316
-1.128587939223834 1.1403407190238299 -1.1927954958104381
-1.103306605166682 1.0494658620797179 -1.2038469270522161
-1.073985096649352 0.95889161277467394 -1.206758701560998
-1.040383088201104 0.87038376973053544 -1.2020274310697729
-1.00315201210275 0.78337983994509108 -1.189208849827714
-0.96327268362237162 0.69971566276381625 -1.1684329172158849
-0.920073774924835 0.61968352970138907 -1.1400532572251389
-0.87507323085735567 0.5441284679466144 -1.1038690586621509
-0.82819100227407538 0.47346822078759448 -1.0602526191894539
-0.78040596570359833 0.40884826150447801 -1.0097622218118361
-0.73236116415856611 0.3500986962825785 -0.95227277011440115
-0.68507019230050092 0.29810851817274869 -0.88830225723407574
-0.6396726376164098 0.25336866692848897 -0.81896920335331824
-0.59557745311441201 0.215199298462492 -0.74310946690216884
-0.55391416609419697 0.18454245280623599 -0.66189250228531749
-0.51600047054304943 0.16193571661937431 -0.57759198844027004
-0.48219201786351418 0.1466963649730082 -0.48904780153497218
-0.45314065592075742 0.13976021725950269 -0.3967998742425537
-0.43440352643861557 0.14026255514536889 -0.31794165081407688
-0.41420008236286709 0.14660561777546691 -0.22536654962702879
-0.40086342957149063 0.16559666930257541 -0.1083815064616038
-0.40373508344483688 0.1825013632385952 -0.025563145672208219
-0.41579461387011463 0.19365799011664889 0.043782276762062852
-0.44334099607650013 0.20836137442141131 0.14898021149060969
-0.47410174438018121 0.23255271103300351 0.24080465333987941
-0.51210711381881036 0.25922585851546359 0.32796553670651257
-0.55954674540829263 0.28953740683972851 0.41412754002235441
-0.5937209821896442 0.31163710737459532 0.48825594460153582
-0.62489701248563656 0.33328272508452561 0.57535350237243033
-0.64842355729625811 0.35160400013778548 0.6666255108898097
-0.6637626732708567 0.36614980619136289 0.75904337875013639
-0.67107246482973326 0.37708197186185372 0.85316463957669364
-0.6701772655831908 0.38429789516656992 0.94818477561425873
-0.66109828754354205 0.3877426979209187 1.0427446043376529
-0.64389928834698196 0.38744068350118271 1.136229066014429
-0.61869444087672099 0.38342771489468458 1.2278797012184011
-0.58578259131740307 0.37563567963436051 1.3167709546387381
-0.54540976886921688 0.36416101034130782 1.4021572554258479
-0.49790383517540471 0.34930163352285432 1.483183817205874
-0.44360579243006332 0.33120532403785508 1.559235250897645
-0.38305113389265699 0.31005391071360833 1.6295212419462779
-0.31718882449618291 0.28538463198880543 1.6933775433724829
-0.24646625644937231 0.25743495194409888 1.750351531598211
-0.17106717403549929 0.22686269467313391 1.800040469979904
-0.091923139244624918 0.1937908801359495 1.8418108266198849
-0.010453729305618531 0.1579822908367815 1.8751463430503159
0.072153926304762195 0.1190673874929505 1.8998566261594301
0.1557612284865037 0.076843726231449611 1.9159933337803441
0.24030780193095741 0.03252886681374563 1.9232464738502539
0.32358936258035947 -0.012159954626813669 1.9214037169441089
0.40673927601256038 -0.057910177002228128 1.910595269966936
0.48805339797145658 -0.10324574314452099 1.890942936540368
0.56698801150153377 -0.14793242830341349 1.86267719936587
0.64335069267276745 -0.19145415509658101 1.8258593809196251
0.71619979789420207 -0.23303281542102189 1.7809743829710709
0.78462417083969549 -0.27282221264605377 1.728472630823531
0.84835093786215132 -0.31048533144236101 1.668556420812872
0.90682413587757149 -0.34549647761435442 1.6017569650251759
0.95954625895988166 -0.37636418623785672 1.5291904265995759
1.006705397407553 -0.40292805703244189 1.450731352002897
1.047346012932677 -0.4245680024384032 1.3678208068880831
1.08172660771347 -0.44048061851075831 1.2811343832210811
1.1094210386046079 -0.45137644431377227 1.1904298941650491
1.1293571293723299 -0.45805680596375448 1.0974835711737541
1.141472483078745 -0.46036031015448958 1.0032600286619731
1.145756754513823 -0.45825064066369331 0.90826567043955253
1.1418378640892359 -0.45239817669044169 0.81329885629610077
1.1299613879876771 -0.44247493502255147 0.71951324649428905
1.1102709339107031 -0.42851846220542472 0.62755110598920361
1.082739851184422 -0.41090956459380162 0.53808562960918327
1.047833384400352 -0.38987264150242851 0.45250925900169298
1.005790521618007 -0.36546741022578938 0.3709973384986972
0.95508890028396098 -0.33656912508113518 0.29141056909622542
0.8989847856267249 -0.3047062142173424 0.21971589245528159
0.85073413965850941 -0.28492764206074561 0.17174142714861271
0.77039547896163019 -0.26707779797575198 0.1045346937709994
0.6902044782769583 -0.25605180001651823 0.025107776528191919
0.62355663298858666 -0.25402118664767898 -0.055156955008976383
0.58327875036057142 -0.25461658459937608 -0.1204725874666107
0.54520624155958197 -0.25986398115970921 -0.19260295293234131
0.50189309891608835 -0.28244586996477589 -0.28179318256453301
0.46191009194653809 -0.31679217862831521 -0.36375088167996222
0.41786713542467258 -0.36641684428450327 -0.45040256622694841
0.37854930980591911 -0.41180890394508701 -0.51315878604651088
0.33551312882486228 -0.46720926615577107 -0.57534156744790388
0.29239938763401929 -0.52901567942904471 -0.63067582375650477
0.24659300113737281 -0.59808688828322643 -0.67969958563571797
0.20020133302337009 -0.67011363857999928 -0.71971014633925712
0.15248442403910711 -0.74622342254354479 -0.75155408374050592
0.1028751546015665 -0.82518345434355533 -0.77467910621763569
0.052952921260406273 -0.90472787880134042 -0.78854340195037886
0.0024018842358269812 -0.98520671754365352 -0.79341835265666105
-0.048601447716698339 -1.065557101787366 -0.78914237062920523
-0.099434811632781409 -1.1446924777799079 -0.77591343362035026
-0.1496396379366996 -1.2222602110255241 -0.75377040184378785
-0.19877398299215551 -1.297608191819041 -0.72293338093274895
-0.247303568970661 -1.3697272507415801 -0.68366033450234975
-0.29376913895843237 -1.437837660180129 -0.63653792524575714
-0.3381830212022755 -1.5015849322864301 -0.58181549687064971
-0.3808553352463882 -1.5599468217398731 -0.52006924914817243
-0.42132126154471178 -1.6128017564406409 -0.45156895494008298
-0.4578066835444432 -1.659658039370639 -0.37786151519674649
-0.49090682177068989 -1.7005486456075929 -0.29813757285503673
-0.52038159210404833 -1.734581077047251 -0.21415307198009151
-0.54559770509527383 -1.761333514673425 -0.12713083565097291
-0.56704308487064325 -1.7806822906092721 -0.036352611757916348
-0.58445001618137171 -1.7921004730017751 0.056738090903613869
-0.59828704044252468 -1.794883200188224 0.15030174088046611
-0.60908289618317268 -1.788863407744969 0.24467710507335891
-0.61631568733668918 -1.7742394861840971 0.33792839944078612
-0.62013291130173065 -1.75127185187371 0.42996741800617799
-0.61966868495063943 -1.7201457565737031 0.52105192195982974
-0.61500972168133106 -1.682259952405097 0.60785918475513678
-0.6063568838523038 -1.6376334455612711 0.6906035352055816
-0.59270533413822757 -1.5861996347337259 0.76986416644080768
-0.5746394228180155 -1.5291666284864911 0.84359187325859253
-0.5521956656422552 -1.4666970390970919 0.91165859491490098
-0.52546466286599491 -1.3994992244586131 0.97337416577023772
-0.49473618952375831 -1.328163232662054 1.0281692396147131
-0.46033155646748181 -1.2533055370142121 1.07554675652683
-0.42260983243413031 -1.1754597387103909 1.1151080946075871
-0.38215423212818578 -1.095364545410499 1.146391168447541
-0.33938055934248668 -1.0135274051758989 1.169154961892078
-0.29473460501766191 -0.93076790307404433 1.183159200269196
-0.24854112188088809 -0.84786559742499634 1.188312874795006
-0.20110009489912581 -0.76548534121828549 1.184573904866854
-0.15299450594700709 -0.6845327962373966 1.171972744686848
-0.10448086223556 -0.60535660185269891 1.150570610837121
-0.055930490619198241 -0.52859261599677132 1.1203223153040229
-0.01144964591253211 -0.46055463070455632 1.0844278956301949
0.043107856069797362 -0.37906797137915182 1.0311818207146961
0.083168374376126689 -0.31555391495286378 0.99672369405026096
0.12901781426288431 -0.23908303588733679 0.96493583634304636
0.17754773247143901 -0.15165824128227681 0.93888192034221651
0.2229753972784525 -0.069275930013454209 0.9246115038604491
0.26625402818415822 0.025727609005111229 0.92198257914016346
0.30533059952236519 0.088918626995283551 0.9248983595666781
0.36486687147003211 0.16912439348741079 0.93294740022333567
0.42707594564154039 0.24036789059402669 0.94519775439406206
0.49143130738552487 0.30332247481393881 0.96100854964853255
0.56988708035252245 0.36791613808665519 0.98091592446908493
0.63648410777637499 0.42608168041617739 0.99076437204358458
0.70476923555708815 0.49325561784047972 0.99423802032039332
0.76874973092664056 0.56412180941426315 0.99047353121341686
0.82774565507559406 0.63767991292970139 0.97967920220553728
0.88164965758788727 0.71401974979534777 0.96198975665371544
0.9298132976930209 0.79236143857633901 0.9376058604175006
0.97178457729129275 0.87192561715671391 0.90676248915830804
1.0072044926833881 0.95204684008973606 0.86971774238904087
1.0357302765636569 1.0319901728846761 0.82683186853569057
1.057108613967066 1.111043250675664 0.77848517628098457
1.071163010714381 1.188453504750727 0.725096726333331
1.0777579040713821 1.263564729068009 0.66715313860403069
1.076836881581233 1.335694913024041 0.60515003827714853
1.068397380049678 1.4041026062849009 0.53977222899182953
1.0525827439786319 1.4681589211769721 0.47159544987148883
1.029352697506162 1.528123749561072 0.39990058886988228
1.000369682462845 1.580641604208973 0.32854063465885153
0.96321622912262295 1.6295514337228489 0.25194982942618649
0.92261466898779221 1.6689924275706129 0.17811007895813241
0.87643771325448261 1.7011343285004179 0.1041255628947285
0.82268231937385794 1.727056620621704 0.026591753009725209
0.76599702596200103 1.744820810506692 -0.046957656723614891
0.70448868791818975 1.7554604243330001 -0.11797929377977839
0.63835931620582842 1.7587766108022189 -0.18656848360664061
0.56885101978654873 1.754862074379278 -0.2508116068356317
0.4957960821890941 1.743832370984234 -0.31077472619248703
0.41995571579559349 1.725736317664661 -0.36557741587700548
0.34256079925985422 1.7010655432494459 -0.41426634363831077
0.26294946807483932 1.67001880993464 -0.45675464251148817
0.18213005936601659 1.632584116157437 -0.49257907851997162
0.101924852078507 1.5901826429281221 -0.52049612651397414
0.022254606717269781 1.543598725692916 -0.54023643037159563
-0.057682865145974503 1.49265954952623 -0.55172031922844722
-0.13600454678665361 1.4390647014805851 -0.55416398940085609
-0.21243515719525291 1.3836273517247359 -0.54721792081980869
-0.28763279663860553 1.326626385774708 -0.53011599907105478
-0.36275792030279769 1.268593545143869 -0.50139254233287822
-0.43189949045415399 1.2170643947365309 -0.46270968191022999
-0.49730353355733858 1.175651135439884 -0.41508794116280318
-0.56973809970627354 1.1416865404965399 -0.36078206702913862
-0.64640979677167176 1.1184449564566921 -0.31251287904622749
-0.72561457470258373 1.09849416069196 -0.2733067487848706
-0.80955788711731513 1.0712868178713111 -0.245259957426819
-0.90014818171760491 1.0295404841063529 -0.2228095194104765
-0.97951043932783277 0.98213286614247375 -0.20755036107932889
-1.0559912578967621 0.92547502659589198 -0.195392177813805
-1.1268901213960041 0.86187096494241033 -0.18605215401889799
-1.1938501805776269 0.79028212937575859 -0.1792791265791647
-1.2497064479398261 0.71712036550373937 -0.17356725593107611
-1.298585635473557 0.6366199511160624 -0.16678024350626719
-1.3388640643607119 0.55131459472080757 -0.15883126118085569
-1.370449281470856 0.46206318564344778 -0.14900870326788301
-1.392987997185859 0.37093128043904411 -0.13704548692271731
-1.4074145517172409 0.27469344480986579 -0.1219678043355269
-1.4123908780596841 0.18285141283401929 -0.1074504685758805
-1.4085403373342971 0.088751580331496813 -0.092730214852421944
-1.3956133689533821 -0.0043195299950580272 -0.077511759274407829
-1.373749494554978 -0.095399622634059295 -0.062173026184407662
-1.342988218338969 -0.18486981145000969 -0.046907867736234329
-1.304427209836071 -0.26971688059477311 -0.031858999699551221
-1.2575487410919599 -0.35124622502166969 -0.015161657802875751
-1.2033973977108501 -0.42743378838168983 0.0021853478277805609
-1.142155598014176 -0.49802073926831841 0.01930445531082316
-1.074255820176693 -0.56257096602479506 0.036535626627105078
-1.0006435994013849 -0.62019648233511104 0.054310308454331539
