-1.37082570668754 -0.13401896324301951 -0.31826208913675319
-1.376877749628711 -0.20913891252213479 -0.26969282869876299
-1.376442257650452 -0.28102312925522371 -0.2180266130774442
-1.3691123409838479 -0.34886989326898871 -0.164845482230944
-1.3547485853155641 -0.41398561801833877 -0.1098144799309682
-1.3331364925015881 -0.47705328855273282 -0.052608492664313403
-1.3051274605726439 -0.53503886830155445 0.004389636291863625
-1.2700747944058759 -0.58966558389952428 0.062600040171567908
-1.228947089603134 -0.63915435452229352 0.1212587947317199
-1.180636416114162 -0.68410675103764096 0.18166374869042901
-1.125252233707922 -0.72342897958616237 0.2435396327521627
-1.0674309820599519 -0.75436204661370598 0.30370004651427362
-1.0030060721543299 -0.77913776674240709 0.3681187604952188
-0.93457430742806169 -0.79582297575035577 0.43552610355811699
-0.87205151059601504 -0.80254630716921904 0.49654839832377951
-0.81100392574145697 -0.80052447923991643 0.55612567625766152
-0.75901075337391355 -0.79192525270749603 0.60934748162472319
-0.72165963700295321 -0.77933299224703434 0.65144794858282851
-0.65577610076841075 -0.74549308456370711 0.74064991771301936
-0.60436380520634136 -0.72403997135597908 0.83240545209282046
-0.56106118633405555 -0.70247739407900867 0.93729055457033061
-0.53108389128426037 -0.68798998743468887 1.03579854419442
-0.50519953583021637 -0.6727776306553146 1.1642640029867839
-0.48172815927627821 -0.65675570187612209 1.250838063726309
-0.45047305239856039 -0.63510117213611905 1.338180006953668
-0.41128082320737319 -0.60764185342125032 1.424260980040873
-0.36427474933246068 -0.57440119610955898 1.507168554026
-0.30976827520224409 -0.53553989255487378 1.585240487801435
-0.24844619937872461 -0.49148787354347723 1.6568068278354799
-0.18105816225620969 -0.44272812187307781 1.7206085701202309
-0.1085543764604634 -0.38989495822583631 1.7755501883558651
-0.031766488986522977 -0.33354241656628342 1.8208985563114219
0.048050953232383238 -0.27454152143070248 1.855909078507832
0.13034726994783111 -0.21364355633072149 1.880332093579574
0.2159689091990587 -0.1501687645239016 1.894283012475658
0.30085273601618723 -0.087435067209412631 1.897133454835672
0.38789331842492641 -0.023910366955694151 1.889002977205414
0.47592190765316661 0.038615456370023143 1.869787025508864
0.55955499454198498 0.096108404086058377 1.8405391358001899
0.64126182745560456 0.14979127550976529 1.8008645020590599
0.71891573409197618 0.19938861746433029 1.7514570683451951
0.79168288293376887 0.24505281596418091 1.6924886828463539
0.85844296991898106 0.28640608442597643 1.6248152502403519
0.9183360142142728 0.32306374229019369 1.549410293810972
0.97057767722722832 0.3548120913900733 1.4674754426309951
1.0144433830222639 0.38133296584444859 1.3806985179967961
1.0502928093589601 0.40322080750404138 1.2888805944633019
1.0769973809393829 0.42237247038627412 1.1934030023447579
1.094147765638827 0.43813067923962501 1.096909391438301
1.101898532490069 0.45111289853490433 1.0012322183271529
1.101199951874348 0.4605309107690792 0.89971916248839856
1.0924471911931981 0.46444958456585422 0.80217434022423562
1.075705433062482 0.46387019554018338 0.70552953578577371
1.05167715608667 0.45840409492427242 0.61198956948022931
1.019685685631186 0.44741901986863392 0.51906202307250848
0.97873502423034608 0.43036008367062861 0.42632347323562741
0.92861662140889067 0.40693575887293348 0.33582538431028047
0.87127040689303747 0.37802880824806351 0.25206504918687661
0.81827186088045434 0.34990815278559972 0.18851775784267169
0.74000940392919634 0.31576042718792008 0.1113888196378255
0.66941207396479119 0.29026457037501591 0.030274435042130791
0.60812794355320399 0.27218364648201882 -0.055654268737378602
0.55971046287860771 0.26194514038661082 -0.1444487413185348
0.52843273843688021 0.25334108846505388 -0.22592370737373141
0.50917535266686109 0.25400312488635268 -0.29507651154362841
0.48167740957859961 0.26450907761247783 -0.39473693922095282
0.45183161597813642 0.28866373996927752 -0.49526367106669722
0.42497244125709249 0.32407869750808799 -0.58843648321720587
0.39721364390669189 0.37238221111675568 -0.67970154018569062
0.37043065415184001 0.43015693198162919 -0.7631196096701468
0.34317943530199418 0.4974107353453377 -0.83929128926530328
0.31537321230095577 0.57221852137203522 -0.90666278579728377
0.28655502014467771 0.65383726229509909 -0.96498960028762182
0.25619305811380511 0.74097974672266065 -1.0137441996914911
0.22417826466766161 0.83117257656176546 -1.0521420623598241
0.19082974155960261 0.92388091944024608 -1.080310508023661
0.15607139946428719 1.0193037649910679 -1.098284046702988
0.1197734140073443 1.1154743333091759 -1.1056767389610931
0.08269380596982015 1.211546128531245 -1.102648709781255
0.043795852331644507 1.3080842668815189 -1.0889548673737841
0.0043751591089634381 1.403298154544441 -1.064726007841835
-0.034911141709445592 1.491558529234557 -1.0312607009270589
-0.076664332730961543 1.5745893962806541 -0.98860793493864074
-0.1180753397024422 1.651312235652888 -0.93704114030096175
-0.16043175404247109 1.7209511380844169 -0.87765233770149631
-0.20373218706838961 1.7849132001929291 -0.80925862706132135
-0.24690961273206141 1.842186472587841 -0.73205472057260645
-0.28847258554018079 1.889940244820141 -0.64953409138526386
-0.32687731942828391 1.9293880100014591 -0.56066834263827503
-0.36134582382494712 1.959757935918558 -0.46727682826261702
-0.39201723131558203 1.9806311316622129 -0.37039214254676672
-0.41878510913638062 1.991734448800764 -0.27134439567665558
-0.4409164611936941 1.9933746298188491 -0.17117335254510041
-0.45804439606195252 1.985820956130609 -0.070906174010987519
-0.47014410277590257 1.9692861898880429 0.02836148806972234
-0.47719092479059572 1.9441446840587 0.12549800589423049
-0.47917997885564262 1.910861019941297 0.21960849029616239
-0.47628662886837908 1.869592967764788 0.31042199035408458
-0.4689752790357774 1.821315299927462 0.39586787244904093
-0.45755887663241451 1.7662366653624111 0.47586390572270232
-0.44221910202580778 1.7050360024946181 0.54972859507850513
-0.42318453024220309 1.6384682539900139 0.61684051304503495
-0.40071576697426592 1.5673081314971511 0.67670136041202134
-0.37505418384722983 1.4922143838292119 0.72900204674197311
-0.34645762403962638 1.413872078545529 0.77345067421266689
-0.3154944165826033 1.333734486045919 0.80948068903177817
-0.28343281627360772 1.254781556349249 0.8364427247369921
-0.25247594784990851 1.1817603594824171 0.85427292786444742
-0.22124284506643391 1.11067233591384 0.8657139314369785
-0.1797559628310238 1.0175900750483999 0.8777282689838608
-0.13554374764236751 0.91854993114664396 0.89048449849595168
-0.09346679920279323 0.82442497710735774 0.90258708297068502
-0.05423674020703665 0.73677523138001333 0.91384245522735241
-0.01277575137439632 0.64423757001749682 0.92571449228851443
0.036081135317775299 0.53312390347699457 0.9392877679628614
0.070791627307452976 0.44206514891593368 0.94652096613871428
0.108679192682926 0.31633399539632362 0.94856469781984676
0.12915438033211751 0.2193096719493064 0.94188304153445235
0.14970239656141901 0.14793160551912621 0.92805209767230556
0.17804432249261889 0.070727596729101477 0.91355041937458958
0.2106725458317403 -0.0016076689483875801 0.90321482832728184
0.24284584861419861 -0.061389560164404451 0.89685036568010412
0.28588629693356538 -0.1219966611350652 0.89371093301885296
0.35338613243369488 -0.20880058531298509 0.90273176802597788
0.43765728519769709 -0.30292842120204289 0.9265641211033262
0.51887030519782174 -0.38229193138871598 0.96095850290092555
0.56821384722326851 -0.42813766726459979 0.97628137347005484
0.63365778031205133 -0.49445915187846778 0.99000644798258619
0.70171661151768594 -0.5703376133121778 0.99599603886122323
0.76800406625031215 -0.65201895933818343 0.99247796448812409
0.8299595308528227 -0.73671675041638574 0.97912020276385936
0.88645175743918059 -0.82287839519944361 0.95614919524816333
0.9368957032562053 -0.90952116754153223 0.92388668460271051
0.98084006002269764 -0.99580261806841186 0.88267674719012645
1.017786721790146 -1.080679352932731 0.83303913208811464
1.0473176963176729 -1.163037563785599 0.77569555091479747
1.069134853768722 -1.241715291228662 0.71160484032922044
1.0831427173098991 -1.3156042954719189 0.64196563511364135
1.08957802339155 -1.3842623911200691 0.56770725476445483
1.0882938759549381 -1.4504444148087019 0.48639398286648527
1.0786635364884629 -1.512142533181722 0.40030878906282952
1.06127647862742 -1.5684047381568069 0.3088671820432039
1.036583688323687 -1.6148367255784679 0.22185739965589479
1.0053557691638531 -1.6521126716592489 0.13760346963293479
0.96772257020570995 -1.680940237551072 0.053424981278916192
0.92437420165529438 -1.7013882694988589 -0.028305791873331879
0.87417726597305712 -1.7140267716238691 -0.111762944562564
0.81787597532992429 -1.718343325387238 -0.19514709358786489
0.75653228902780489 -1.7142281410265681 -0.27736885191053878
0.69280068651371884 -1.701679953083532 -0.35506974313045958
0.63212847134180072 -1.6829915355845999 -0.42218168994368638
0.5660846721406293 -1.6565242448104169 -0.48745425014205318
0.5008777639953681 -1.6243553657734171 -0.54507772165455615
0.43457247372038921 -1.585918443647349 -0.59695401172622164
0.36769865971112747 -1.541545524692979 -0.64270953966248556
0.30112642842244652 -1.491869828293851 -0.68182977442449
0.23522522446031111 -1.437240802179391 -0.7141996842414573
0.17083203441180861 -1.378436439295931 -0.73952117968671205
0.1083122489276933 -1.315891912070182 -0.75778287036949965
0.048115778104906963 -1.2501379174871481 -0.76896024036828781
-0.0094225352188037001 -1.1816035948895389 -0.77307719413627507
-0.063731866272482673 -1.1110341955603109 -0.77018029341902094
-0.1145734093481868 -1.038805401690664 -0.7603689999482004
-0.16158736676848001 -0.96546600524222326 -0.74376657201336027
-0.20443286021229359 -0.89158376738708756 -0.72054471821799659
-0.2428790385087469 -0.81756652657265516 -0.69084900332365506
-0.27656487845120792 -0.74411392525365638 -0.65497227515220235
-0.30518901351273359 -0.67194010448104291 -0.61330916988650996
-0.32854731317534269 -0.60170371019555957 -0.56632965238689859
-0.34643940334777429 -0.53428116008086601 -0.51475766664112677
-0.3585388340755345 -0.47208674503314457 -0.46089577953573502
-0.36500069549662101 -0.41937589429010591 -0.40983876965529398
-0.37050514326858369 -0.32269190342943121 -0.3071477105676309
-0.37473523736862951 -0.23645594463977329 -0.2145932755840356
-0.37968403964557729 -0.19117268906105039 -0.16468249197322801
-0.39685299396168983 -0.1157126174522006 -0.080654187842824396
-0.42809165601414989 -0.039961012764534648 0.01027988207717687
-0.47194929429338173 0.028136949827744569 0.1002130865298111
-0.52102314680358053 0.07973675145633162 0.17813371219411009
-0.55971377168809144 0.1102613795279124 0.2233500771075109
-0.61836303637274337 0.14687285224895291 0.28008909787875291
-0.7016489203835744 0.18141377812215281 0.36172375826216668
-0.77391225992299406 0.19969843823523159 0.43094291884035929
-0.84805724810622896 0.20724564793365749 0.4993853787153244
-0.92352156207510139 0.20386897648505181 0.56849104063039302
-0.9973623273418678 0.18987293163651639 0.63620264025232098
-1.0680342523531241 0.1660267555018646 0.70138432637164316
-1.136116022372339 0.13267696330733969 0.76453027793494188
-1.2008307720076841 0.089952084349438188 0.82666161663549453
-1.2603312374496241 0.039228307989393148 0.88577548748718726
-1.314227258471877 -0.018603831193050511 0.94185113262676112
-1.362330246493592 -0.08326077102794821 0.99495548100846298
-1.4044012827167209 -0.1541582536061786 1.044899622857719
-1.4396925175515909 -0.2301396253186194 1.091188821143495
-1.468002756545576 -0.31045659715773388 1.1336067057920749
-1.489006294889156 -0.39431572832003292 1.172176933218487
-1.5030419838422351 -0.48207833324113031 1.20658970843018
-1.509751135851227 -0.57147256326365814 1.236115028046096
-1.5091851221222381 -0.662285475167397 1.2608627936026731
-1.501150301389218 -0.75453177724931253 1.281064781791702
-1.4858660629034171 -0.84759421196001161 1.2959101178847361
-1.4628693171855081 -0.94005891136135444 1.305914505677785
-1.4330452869154759 -1.027791123003837 1.3113322470748889
-1.3951515371508501 -1.114038152151807 1.312767736883643
-1.3500146113072959 -1.196300017291676 1.3104993494103681
-1.29792995910075 -1.275292746553309 1.3034072079702881
-1.2402804952448001 -1.349460054798159 1.2911138979758541
-1.1782711927959411 -1.4177014035829141 1.27374596171611
-1.1119545765488461 -1.4795660839332081 1.252117941445875
-1.041662541787473 -1.5350836538495931 1.226058740771599
-0.96853280767501115 -1.5838865309366621 1.1952963608316911
-0.89307451758886236 -1.6256527694877489 1.1600854467730031
-0.81589313774270478 -1.6599573760480739 1.120861066435465
-0.73737402747659475 -1.686568671545585 1.077831151797485
-0.65830141839577705 -1.7052090253206049 1.0313029441853001
-0.57936447645844491 -1.715653062957466 0.98169489505849306
-0.50101186558491806 -1.717735164167733 0.92928638159085886
-0.42413441276315522 -1.7113253234936341 0.87467164950261023
-0.34926871927135211 -1.6963771098332501 0.81823721328818211
-0.27715651894114318 -1.6729243404937559 0.76054017729699608
-0.20842366997196751 -1.641050719985697 0.70207851178746716
-0.14372773804864089 -1.600928880922311 0.64340563029272435
-0.08363651269583551 -1.5527596925670419 0.58502511901017895
-0.02857816698063232 -1.4966363585604601 0.5273086750680509
0.021097554713177868 -1.432450234909606 0.47050587112140468
0.064789658778460518 -1.360157955097165 0.41506882640431247
0.1011861507061757 -1.280987624994681 0.36238866023932947
0.13303605239484209 -1.190661404630575 0.31292100929500472
0.1643212355928487 -1.12166110786066 0.27498021075637591
0.20714096847671881 -1.046858949705634 0.2299189686185632
0.26054997019560622 -0.97378426767108195 0.1818175237117137
0.3229730849025978 -0.9071242015155041 0.13138752444922669
0.37736950034652361 -0.8628188522959318 0.094103988285452175
0.43116412740149812 -0.82700052756418818 0.057696172889541687
0.49919129434387449 -0.79077007369419205 0.015111389363383861
0.57571310340432369 -0.75985054664589702 -0.030657789289014581
0.64902786816887714 -0.73853366586111824 -0.072118983818685825
0.70243812121554827 -0.72759307844374577 -0.1007088491118357
0.78726053213199421 -0.71358925619106239 -0.1424747053063386
0.8849095457412659 -0.68438557287106538 -0.19047766406160091
0.97330252390596661 -0.64577346649660816 -0.23543257718674901
1.0516423562281849 -0.60052380612631029 -0.27664182416506811
1.1218329066550661 -0.54959588723130004 -0.31467568120694972
1.18590442134318 -0.49257097398265243 -0.35056408028724018
1.243879046175252 -0.42990533088519711 -0.38427227237634493
1.2956693294201911 -0.36209288636992931 -0.41565742656751192
1.340884001715956 -0.29003314913829698 -0.4444837572244113
1.3791463893541429 -0.21487683924951889 -0.47059480170783019
1.410292163920986 -0.13776890030790831 -0.49403166529605153
1.436551856242188 -0.053306739347885983 -0.51615252302335712
1.4550466750682289 0.0291410548142855 -0.53425479854808255
1.4668703320521239 0.1131649743106399 -0.54993596528122213
1.4717401619043819 0.19774336671888379 -0.56354568589190501
1.4700998140077379 0.28425833823448821 -0.57401552737995376
1.461723483599884 0.37153745605352312 -0.58123490939361122
1.4466090033849039 0.45702808565733533 -0.58551577894933704
1.4255042396036639 0.54039720601951491 -0.58556584452919436
1.3981669991543439 0.62164889406990431 -0.58183410278912095
1.3645415719598379 0.70119178181857855 -0.57392008898816094
1.325606570779297 0.77743736564395616 -0.56156534654645507
1.281359928187183 0.84942684049532946 -0.54544619521915327
1.2318046956728179 0.91693705596115804 -0.52574595021572312
1.1761794471234801 0.98128051263666771 -0.50165449287514574
1.1168405179849079 1.0396365169055739 -0.47345586140668511
1.055784954993868 1.089717676357485 -0.44380791291854538
0.99023866845985198 1.1342977095418429 -0.41127611000778219
0.92157843881072399 1.172214300365882 -0.37630473441874029
0.84843893803875303 1.2041499221529779 -0.33995562605544077
0.76710693659708562 1.23089016270609 -0.30143559429637579
0.68459889819257258 1.2493169810808411 -0.26429759775883888
0.60349400627582395 1.259432596957196 -0.22969604082448489
0.51672053295301945 1.261550571874541 -0.19510526284297641
0.42197960031996568 1.2538228029292631 -0.16057228797052669
0.32438468019385941 1.235051284698373 -0.12971473047869239
0.23160471830608931 1.207156338595611 -0.1082733817355519
0.13709089009115191 1.1686149171298521 -0.096935933500639226
0.068143696969968109 1.133023070955046 -0.097857153643769693
-0.0089103861441193564 1.0909366845210451 -0.11247693535681989
-0.064869550625225286 1.0654621926907719 -0.1224061341982388
-0.12477829514735871 1.043611804742925 -0.1365680517669762
-0.20224374692802419 1.018770464561026 -0.16136243886871771
-0.28207535760480179 0.99742600493910838 -0.19353567850630049
-0.36458651965098032 0.98015180317290695 -0.23396046350008259
-0.4462569130937859 0.96564739443979142 -0.28387009088150073
-0.52195170186515483 0.94205542102194018 -0.333424437365477
-0.60880622374697058 0.90532499887369766 -0.38376347474420958
-0.69189059374230366 0.86122983777588702 -0.42586946507328438
-0.77038712521821173 0.81125224374929461 -0.46003519169332652
-0.84494932056294758 0.75575837391953171 -0.48707264121416888
-0.91568152043498796 0.69512825426957159 -0.50732834177257913
-0.98209927463874802 0.63014599965870211 -0.52091246908816402
-1.045616086966257 0.55977151511069234 -0.52809669395766101
-1.103689553581767 0.48719369620794878 -0.52851186486810231
-1.157169294335201 0.41175266409668337 -0.52232197468937247
-1.205110660001119 0.33459222216958973 -0.50992724728494199
-1.247488928798596 0.25612077344298129 -0.49150149800484971
-1.2843306952296709 0.17714189397637939 -0.46704306718868788
-1.3152699604466369 0.098872977454707467 -0.43703828352883028
-1.339657258118033 0.021748412056275462 -0.40262859552551039
-1.3583636287600731 -0.057036779510461121 -0.36258352349703832
