-1.37082570668754 -0.13401896324301951 -0.31826208913675319
-1.3768442581056899 -0.21466717026227203 -0.26571943691134603
-1.3751927604882164 -0.29258865488913899 -0.20896107043902132
-1.3650091030303002 -0.36747124791011976 -0.14912499084458397
-1.3462099173517026 -0.43890286701326986 -0.087213108790317878
-1.3190252739839754 -0.50626697893595918 -0.023892289446860795
-1.2834991608782369 -0.56874480583717468 0.040306791764514072
-1.2402810128327086 -0.62551629886966931 0.10509368597799966
-1.1898114936925639 -0.67556947147647861 0.17019174677728122
-1.1327301738458881 -0.71811971512829909 0.2351851868274496
-1.0706345895221667 -0.75264818879267581 0.30036683692497557
-1.0049706500707642 -0.77838225412003936 0.36615437151776498
-0.93731634617376791 -0.79515440480580957 0.43282511305812155
-0.86852028161014172 -0.80242935680328054 0.49999457905706768
-0.79984359093604007 -0.79867865520573333 0.56754973714485468
-0.73463041677172669 -0.78370585852501984 0.6368278799441125
-0.6782240466399857 -0.75702307307662098 0.71025687737068011
-0.62849391619380801 -0.73410888574833866 0.78934043808997578
-0.58708615470640013 -0.71543655004401996 0.87425437925821059
-0.55326322369344028 -0.69870880002860658 0.9629153356459671
-0.52725151838863382 -0.68573768395727053 1.0548188185518088
-0.5083246367585631 -0.67461426708916239 1.1487539577300929
-0.48445362106637974 -0.65861614472620666 1.2407852108815995
-0.45354867601768178 -0.63723206176608871 1.3295852213213226
-0.4158157120939634 -0.61081914039479657 1.4143006471826487
-0.37166357813943546 -0.57962625547020652 1.4941364111457447
-0.32155622440590381 -0.5439443083531923 1.5683561083903272
-0.26601607263079985 -0.50410956614168168 1.6363017893705096
-0.20559548963449686 -0.46048251925143441 1.697377084168209
-0.14088020472446794 -0.41345063543579763 1.7510544562207879
-0.07247672364352159 -0.36341855028929082 1.7968564480894818
-0.001023827951761442 -0.31081750244380313 1.8343832857967686
0.072879954980749617 -0.25616845514673403 1.8632775623977413
0.14864364695797322 -0.20007971041870568 1.8833132473392178
0.22557040373519877 -0.14307274547548393 1.8946054355775785
0.30312533762698285 -0.085776457717992055 1.8969211706798481
0.38082549988396991 -0.029068662567200268 1.8896631835017381
0.45827977263067948 0.026084424949714975 1.8736381654327032
0.53490335823628532 0.079161818829406858 1.849160225450581
0.61015071373247243 0.1293507094237821 1.8159712195541418
0.68307206546673616 0.17649536242132544 1.7742626651061675
0.75258084880212717 0.22051477817164192 1.7241758364474471
0.81774769190963481 0.26119816705132304 1.6660672808789285
0.87778418507630307 0.2982439139478773 1.6004647851172462
0.93198175658716542 0.33135654476997267 1.5280085656484135
0.97969202675393452 0.36032255828328869 1.4494450654232438
1.0203449556603592 0.38493616680593762 1.3655833487853624
1.0534978499725713 0.40551935991372495 1.2774215242622251
1.0783122845835849 0.42358063723561828 1.1860049291909105
1.0945328269057475 0.43877564120341839 1.0921561103500357
1.101868286231781 0.45152066769451715 0.99683703466845131
1.1012072892923159 0.46043199034295673 0.90078538691993282
1.09268111452463 0.46434485541093623 0.8047812902619651
1.0764289644936949 0.46389523509503178 0.70970625086723005
1.0527959532436175 0.45865860580055484 0.61634494828949471
1.0219274366384907 0.44818878139321161 0.52557377191680565
0.9840194459857784 0.4325614306204833 0.43829079179803787
0.93942191568838063 0.41198593422746604 0.35533635089182547
0.88862842220548866 0.38677859750301163 0.27741830383363547
0.83214451771386688 0.35726888685307334 0.20515160597317955
0.76821877212899037 0.32806882896951012 0.13918961584889686
0.70488051864465451 0.30307381383210064 0.071026699528962317
0.64597974848250006 0.2833512293381798 -0.0025808790776914343
0.59368270552574431 0.26912901299979047 -0.082145884453157209
0.55074373413152466 0.25947852233547491 -0.16780606456805175
0.51933573534064137 0.25365382807811987 -0.25859082435211883
0.49367135397137685 0.25992663257701326 -0.35126744683435701
0.46749351155506119 0.27598832565152254 -0.44251120624923862
0.44142504839285912 0.30238523934463263 -0.53136340893373357
0.4163452155200536 0.33909106675931178 -0.61680097748660445
0.39140198725242037 0.38491878168024907 -0.69780247600515044
0.36672852903618292 0.43929347724693046 -0.77346766381351617
0.3417005667269209 0.50138937293022501 -0.84287442923627609
0.31601794361235214 0.57048398439497616 -0.90510067096751423
0.28940721246269779 0.64575929735528514 -0.95921688243905678
0.26149690415737559 0.7257570703755899 -1.0052273953792026
0.23190461116699318 0.80940573129804505 -1.0428752466201452
0.20088335969040219 0.89593202725634491 -1.0718185338776169
0.16872994429119503 0.98455198181902248 -1.0917383131796079
0.13532412291198354 1.0742731345571785 -1.1025095768202702
0.10094471565258821 1.1642587446979273 -1.104139132415229
0.065739005054020055 1.2536250751960503 -1.0966798515232941
0.029925987782345072 1.3415845332933007 -1.0804301314440063
-0.006326743327768689 1.4273409862513253 -1.0556097906832724
-0.04392529374052187 1.5094841737305649 -1.0220523384580109
-0.083321977341138886 1.5869241216442713 -0.98031754507634883
-0.12288753774489333 1.6592240524386339 -0.93029385812267362
-0.16340091696468032 1.7253370938351817 -0.87296249846539531
-0.20388466642503489 1.7851154584701079 -0.80898598454475268
-0.24340988935735014 1.8375442178200834 -0.73831244233356152
-0.28204573081863865 1.882556110919049 -0.66229420115329507
-0.31800367988014078 1.920273371940987 -0.58120129633232243
-0.35082550638626897 1.9504885676407759 -0.49578135419168262
-0.38047383297194692 1.9727753587164409 -0.40685537042300401
-0.40691104518025129 1.986809086442531 -0.31528135956000014
-0.42971868145265918 1.9925447489453996 -0.22185680263491059
-0.4483980461728056 1.9900751397146581 -0.12737604583015555
-0.46270244545444356 1.9794555325982874 -0.032690894584755402
-0.47253500333366732 1.9607559843308304 0.061318721012699834
-0.47778876011554022 1.9341408583695767 0.15378410078315313
-0.47840779621886281 1.8998473252674077 0.24384496643579773
-0.47455511289898944 1.8581595724630791 0.33065777618754033
-0.46648170220519258 1.8092849945686389 0.41334064960440242
-0.45439535437273415 1.7536152504945506 0.49109702322110516
-0.4383979419015735 1.6916726324625722 0.56320120626776615
-0.41862825094536649 1.6240382033010534 0.62897926479994337
-0.39526169097321556 1.5513478142806683 0.68781727312631225
-0.3685106343187623 1.4742878654561244 0.7391729133526328
-0.33861807609479883 1.3935821102192261 0.78257308276867077
-0.30584740948537226 1.3099783582859064 0.81759328937914821
-0.27049236376627878 1.2242575602799257 0.84389602697702837
-0.23291438059093822 1.1372373044409645 0.86143852913197827
-0.19409947265991284 1.0497719660866975 0.87357447965562318
-0.15506503246316983 0.96227972051705946 0.88485216389153354
-0.11598784270602658 0.87480392005049412 0.89610935961941951
-0.076870156245108553 0.78734393332595698 0.90734877335509012
-0.037714557207684005 0.69989902031000695 0.91857345596858886
0.0012475678300931017 0.61234478029276129 0.92961040932946659
0.039415182792136787 0.52437743538449122 0.9399825384696272
0.073138301722227086 0.43427763134439001 0.94664755048899507
0.10096770145956341 0.34192483706854659 0.94814872443211984
0.12304590272589754 0.24825548271251818 0.94387641754111384
0.14732606736270742 0.1561863091125435 0.92965161342986524
0.17976421513558874 0.066914674095437374 0.91300561168407413
0.22042106695416394 -0.019721601272908583 0.90128639409196554
0.27115711421678201 -0.10125586732391624 0.89478530094716746
0.32932744266619635 -0.17786141832206653 0.89951650876983058
0.39084065154009823 -0.25063593124238237 0.91332411540000591
0.45479762819977781 -0.31967841752586651 0.93382319731246688
0.52091361188464436 -0.38419039458840254 0.96159302005575553
0.58923506186698071 -0.44944075981660803 0.98068999813106739
0.65534629143757972 -0.51863956793675514 0.99191516880701802
0.71865768048302725 -0.59121289539669852 0.99509692543440253
0.77861212265024793 -0.66652097220293949 0.99019083952413567
0.83466545800232994 -0.7438942055802561 0.9772066671422035
0.8862911996204661 -0.82263351326472156 0.95621448166159151
0.93251123460437169 -0.90199038236822737 0.92669086584316163
0.97335670389118467 -0.98110960924211155 0.88969445459347785
1.0084683161681938 -1.0592723893398941 0.84555835329782114
1.0375402448231381 -1.1357694690249611 0.79468151708812518
1.0603139992417958 -1.2099052449455225 0.73751723683967985
1.0765832959923742 -1.2810045074215006 0.67457538219489965
1.0862207451214272 -1.3484436857371536 0.60644761047677742
1.0890440586921097 -1.411781711238395 0.53389617080974905
1.0851050729359772 -1.4708739278925336 0.45788940866694189
1.0746139190634967 -1.5252465561541548 0.37901113605488257
1.0581104188767694 -1.5743581538992237 0.29771096330320623
1.0340688451671205 -1.6178386277361487 0.21507227195502016
1.0026209861098632 -1.6542075543923491 0.13148626700774443
0.96457583505509881 -1.6824245965487143 0.047491999130679349
0.91998015854571935 -1.7024945944651735 -0.03561130408707127
0.87034407433084016 -1.7143206579206114 -0.11744003330220094
0.81631153945892643 -1.7182383766562814 -0.19724397879073641
0.75867240864193031 -1.7143717089680615 -0.2745003513638386
0.69808060916403025 -1.7027195230790637 -0.34863251765176928
0.63495618889069394 -1.6838625366840823 -0.41905383925937534
0.56909009670351685 -1.6577286795456676 -0.48448392199504303
0.50137164593911032 -1.6245990152418355 -0.54464127722059563
0.43224393346977186 -1.584373382559487 -0.59854721513575171
0.36240555514278677 -1.5375958500244895 -0.64581995806554926
0.29251978403929035 -1.4847353212970522 -0.68605725868516521
0.22323897996553568 -1.4262948703137739 -0.7189130651929454
0.15520986286393235 -1.3628080853894748 -0.74408433137368069
0.089062777771029236 -1.2948652703939987 -0.7613571407288442
0.025408893565460375 -1.2230915746189117 -0.77058495246817138
-0.03516953693591577 -1.1481480098095214 -0.77170382962792339
-0.092112511206781489 -1.0707148104898232 -0.76470345657465244
-0.14489966972194754 -0.99149796886881314 -0.74965963660132262
-0.19304748606629607 -0.91121656545084184 -0.72671548374251038
-0.23610997267886863 -0.83059844802283134 -0.69607740983613375
-0.27369354161936416 -0.75037492868780642 -0.65803036042425433
-0.30540623089721469 -0.67128695052367249 -0.61287229014513966
-0.3305299317430489 -0.59423263228061263 -0.5606149720154241
-0.34925167665328666 -0.51982529871630068 -0.50223853655152018
-0.36140143935704167 -0.4487358326726027 -0.43827751884930599
-0.36716242063225529 -0.38140583409232687 -0.36950959353604246
-0.37086436956417451 -0.31536860912673526 -0.29928784125188679
-0.37408828208183886 -0.24964496789337498 -0.22874865359983609
-0.38111706885815605 -0.18487431555455883 -0.15766895974026518
-0.39561542719193943 -0.12115190486287641 -0.086711087697970313
-0.41937034868137241 -0.061109582582369523 -0.015107375848940077
-0.45066427276307058 -0.0049124038724832758 0.056566637058986569
-0.48948859538171668 0.046579040891902596 0.1280624043357354
-0.53758860287114507 0.092805922264708768 0.19749317482216835
-0.59789095387339575 0.13409327020307779 0.26028380414818997
-0.66304057556367102 0.16540184533966834 0.32388086141630179
-0.73012366709400012 0.18861869099671111 0.38899897246531234
-0.7994313420215543 0.20229602262533511 0.45449931550820011
-0.87024800022847537 0.20625271663708222 0.51970632954823848
-0.94117982757929053 0.20052196518240473 0.58468357871579524
-1.0112736720250974 0.18517895484823294 0.64903326432964092
-1.0797027515416355 0.16031095194609618 0.71220687819963135
-1.1456973500220053 0.12635134099720693 0.77372911926179244
-1.2080007449505961 0.083839727053364219 0.8337850038461545
-1.2660361943485297 0.033106708376851736 0.89171116014969243
-1.3191137275498628 -0.02517190835777449 0.94724565731110366
-1.3665896780590623 -0.090438701554890352 1.0000120157031347
-1.4080280032869061 -0.16196651548847804 1.049656554384369
-1.4428430609502594 -0.23907780861981034 1.0959093530504653
-1.4706462880805387 -0.32101121200861094 1.1384612027270435
-1.4910264265054911 -0.40694724313385666 1.1771299024274353
-1.5040994642787786 -0.49616843721582127 1.2112434184422176
-1.5096491488190071 -0.58783566348181937 1.2405741975572231
-1.5075488670497608 -0.6810710193275189 1.2649768375554622
-1.4977894622138952 -0.77499520279826617 1.2843291110651986
-1.4805879374746778 -0.8688163573521267 1.2982062868408653
-1.4555917394580966 -0.96146708402095071 1.3072365280123739
-1.4224692648515795 -1.0518623877606954 1.3117328876022629
-1.3814236228542405 -1.1390572205401486 1.3120778310417487
-1.3329134299769945 -1.2222360450781651 1.3081707556375617
-1.2780096401846646 -1.3009206767119785 1.2991593513686148
-1.2175037660440717 -1.374525886216674 1.2847344554512434
-1.1518809293504613 -1.4423200482726779 1.265139232587938
-1.0815630057260728 -1.5035697447142626 1.2408509458955863
-1.0074991673625793 -1.5578824645272527 1.2116877504098438
-0.93059571068254776 -1.6048847518228493 1.1775938677018747
-0.85151501598986212 -1.6441246127488911 1.1389644756189889
-0.77093255393521154 -1.6751951872941118 1.0962218406883388
-0.68961603406838623 -1.6978270061707168 1.0497292103253457
-0.60832915862809378 -1.7118207859108117 0.9998977965232474
-0.52780706971526781 -1.7170231224587564 0.94720916426366852
-0.44877725181651434 -1.7133799788742659 0.89217823958063169
-0.37195556321145845 -1.7009069254895177 0.8353387612406471
-0.29803498720918037 -1.67971456320517 0.77724505843480185
-0.22768529850499813 -1.6499829532255028 0.71846175359040532
-0.16154200318847847 -1.6119765783234414 0.65956142612706425
-0.10020118923678131 -1.5660379544041119 0.60111822212153454
-0.044218290159174382 -1.5125790071390028 0.54370386967399853
0.0059014077232735912 -1.4520852142607381 0.48788224188723711
0.049708219580118569 -1.3851114712032289 0.43420433010968162
0.086805353238339711 -1.3122690046651919 0.38320338056169334
0.11780131029582391 -1.2338670849958591 0.33658283757151758
0.14961587080574956 -1.154094177790209 0.29281399741804148
0.18925742649290586 -1.0780998623818814 0.24873867068909841
0.23624050617848874 -1.0070446974920917 0.20371121778015949
0.29035612643353126 -0.94195502691643829 0.15773791082870292
0.35169940357525847 -0.88372689545777428 0.11169838257574592
0.42013833176629967 -0.83434188394321451 0.065158351810665399
0.49394351227570638 -0.79356497953381944 0.018396483736852196
0.57190195253507781 -0.76139048648571039 -0.028378266011304804
0.65326529157228641 -0.73766566957716673 -0.074387225539758586
0.73774983048034426 -0.72176326419253634 -0.11809604378363461
0.82251751414565377 -0.70304502538433178 -0.15980656961178641
0.90524503420817182 -0.67550255908237189 -0.20081988961354275
0.98475205885974992 -0.63916013132982341 -0.24145539724789861
1.0602282263420184 -0.59429418555571933 -0.28129421333289323
1.1310363065322449 -0.54140467960739014 -0.3198307846768067
1.1965436183899296 -0.48107090603212599 -0.35675002972226394
1.256141397681434 -0.413849422729473 -0.39170331481624932
1.3092990393328405 -0.3403708818749217 -0.42434696261301491
1.3554985259777119 -0.26132679331231112 -0.45445701076810457
1.3942514362855254 -0.17748110731819222 -0.48196118862059506
1.4252599463409279 -0.089626247587373059 -0.50664035017152032
1.4488070891281317 0.0013256919234649264 -0.52814764470622899
1.4642702052051249 0.094687370539645779 -0.54648753788937188
1.4712683079985343 0.18954828680461583 -0.56222699509110263
1.4700054713718778 0.28524136321436272 -0.57409683930239319
1.4600749712133427 0.38086178344226229 -0.58170181704689505
1.4419401524370965 0.47547122013898413 -0.58552685458763332
1.4161084331916411 0.56832340189824049 -0.58428324532045572
1.3825988431306 0.65847626521042135 -0.57817001248880384
1.3420818797266878 0.74517411891712415 -0.56679324413270904
1.2948149090036738 0.82753552973433853 -0.5503478749666153
1.2408620479165267 0.90459801988973154 -0.52934662060369286
1.1809983933546997 0.97570628751163169 -0.50374159253912276
1.1161638095804089 1.0401915906752341 -0.47312725882020135
1.0458011147762487 1.0965079912897859 -0.43885275314631955
0.97118438524074369 1.1448201541062772 -0.4015710085474366
0.89287041084391439 1.1847493698389395 -0.36203732476392764
0.81102036662728205 1.2164523564096115 -0.32223364044584685
0.72620314756407933 1.2400253537241461 -0.28302423941683913
0.6389955219565191 1.2550047543552612 -0.24484195480144144
0.54998755072559835 1.2607385874452088 -0.20836659700206162
0.45990971432356448 1.256916662668043 -0.17439777646206014
0.36948260958137064 1.2437254718648689 -0.14397379178065006
0.27914882475063985 1.2214508075713473 -0.11926077326080081
0.18962144133368017 1.1900361435631175 -0.10323725910253106
0.1020943486675558 1.1505490400054625 -0.097403530765152249
0.017711022008348183 1.1054771063344242 -0.10742594830520789
-0.068018815018853679 1.0643135682403682 -0.12315059351048908
-0.15627394905070924 1.0335118926546338 -0.14664887382315192
-0.24365339676011033 1.0076988277581898 -0.17805109861216503
-0.32954504148498315 0.98748794472047852 -0.21679255329743685
-0.4124735596485542 0.97164721329811621 -0.26322473200580165
-0.49193545160932511 0.95141065656236823 -0.31377400053263466
-0.5702069892862931 0.92164845729154321 -0.36139217772699217
-0.64827873086871757 0.88437585331761193 -0.40376758626634035
-0.72544288888067932 0.83986758197225564 -0.44047314910389074
-0.80097338023802989 0.78848803131158296 -0.47112625898696581
-0.87416217747360514 0.73071774160476533 -0.49543837680712993
-0.94432852266564205 0.66710040516344926 -0.51318738549027565
-1.0108694274963934 0.59826964120285819 -0.52416658780233016
-1.0733917273491003 0.52505866748682883 -0.52829526377926617
-1.1313705628583957 0.44814556545244794 -0.52530798981102789
-1.184233251386263 0.36819389480946652 -0.51532487801776883
-1.2314219669768203 0.28587181817808166 -0.49848729092705796
-1.2726996331531724 0.20207577578486724 -0.47476467108215847
-1.3078388581809071 0.11767188294976967 -0.44424493870547715
-1.3360791065961333 0.033064277584908583 -0.40767725155768691
-1.3569623139697728 -0.05113489419493146 -0.36558334386764652
