-21.645607578122 3.90368341847762 0.567511046015046
-21.9330153233752 3.03615567735241 1.14208542264133
-22.2204230686285 2.1686279362272 1.71665979926761
-22.5078308138818 1.301100195102 2.2912341758939
-22.688566236881 0.389218955244495 2.83175250549165
-22.8031882413055 -0.550151715469827 3.35116356335651
-22.91781024573 -1.48952238618415 3.87057462122136
-22.9847657273332 -2.44123086393304 4.365569410226
-22.8924673066388 -3.43415996781026 4.77898941958664
-22.8001688859443 -4.42708907168747 5.19240942894728
-22.7078704652498 -5.42001817556469 5.60582943830792
-22.4156172252574 -6.41500566890375 5.8863955775938
-22.0844602230024 -7.41039364818532 6.1411133007465
-21.7533032207475 -8.4057816274669 6.3958310238992
-21.3139834181509 -9.36357751791641 6.56166477839175
-20.7332742623051 -10.2722333980253 6.61131027959024
-20.1525651064593 -11.1808892781342 6.66095578078873
-19.5682860288308 -12.0861730595265 6.70681553410512
-18.768642739462 -12.7880267866454 6.52429084145905
-17.9689994500932 -13.4898805137643 6.34176614881297
-17.1693561607243 -14.1917342408832 6.1592414561669
-16.2940115824236 -14.7012985502963 5.8483962982555
-15.3638667967508 -15.0716644376688 5.44465988042176
-14.4337220110779 -15.4420303250413 5.04092346258802
-13.5046288638033 -15.7678350499021 4.61978293343724
-12.5840882262436 -15.7312435595591 4.05710246872885
-11.6635475886838 -15.6946520692161 3.49442200402046
-10.7430069511241 -15.6580605788731 2.93174153931208
-9.89990493678776 -15.4036243594908 2.34170893913695
-9.11630366866838 -14.9818049481337 1.73066005014942
-8.332702400549 -14.5599855367766 1.11961116116189
-7.54910113242962 -14.1381661254195 0.508562272174364
-6.91050331009739 -13.4207032569811 0.0306610438369101
-6.28844899649583 -12.6695102927726 -0.432049307659811
-5.66639468289428 -11.9183173285641 -0.894759659156532
-5.06117992568267 -11.1342745926287 -1.28567875853439
-4.53740920639852 -10.1913548653713 -1.32938149870222
-4.01363848711437 -9.24843513811387 -1.37308423887005
-3.48986776783022 -8.30551541085643 -1.41678697903788
-2.98871765625777 -7.39345397883241 -1.24483883117795
-2.51245186237127 -6.51533892135418 -0.835658984004941
-2.03618606848477 -5.63722386387595 -0.426479136831934
-1.55992027459828 -4.75910880639772 -0.0172992896589268
-1.06287308725451 -3.95835069395368 0.504646594758622
-0.560779030115597 -3.17637911909864 1.05397829949938
-0.0586849729766886 -2.39440754424361 1.60331000424014
0.457319871089152 -1.60508349569096 2.12008993055714
1.06897682040066 -0.765203027028145 2.41304023802673
1.68063376971216 0.0746774416346692 2.70599054549632
2.29229071902367 0.914557910297484 2.99894085296591
2.9174469940698 1.76142671537748 3.07048961410279
3.55691591082626 2.61570489461858 2.90729768751426
4.19638482758273 3.46998307385968 2.74410576092572
4.83585374433919 4.32426125310078 2.58091383433718
5.37235630711553 5.10161833262622 2.07794660563907
5.89306021584974 5.86717301461138 1.52284591545001
6.41376412458395 6.63272769659654 0.967745225260951
6.88547478550077 7.39038145062974 0.370358909970713
7.21976927996394 8.12587469726749 -0.345630044588455
7.5540637744271 8.86136794390524 -1.06161899914762
7.88835826889027 9.59686119054299 -1.77760795370679
8.09378667971188 10.4111359732165 -2.44662702173896
8.23476681923986 11.2648108343583 -3.09215559557761
8.37574695876783 12.1184856955 -3.73768416941626
8.49203934515157 12.9871682636864 -4.358436491676
8.4059229932936 13.9788952834701 -4.77605449907325
8.31980664143563 14.9706223032538 -5.19367250647049
8.23369028957766 15.9623493230375 -5.61129051386774
7.99900549568489 16.9698183951393 -5.84925579479644
7.65915781667034 17.9884303426514 -5.9600554490505
7.31931013765578 19.0070422901635 -6.07085510330456
6.96037796790959 20.0152600438108 -6.15587805441559
6.38689234724843 20.9066232167132 -5.95111173683101
5.81340672658727 21.7979863896156 -5.74634541924642
5.23992110592612 22.689349562518 -5.54157910166184
4.56714100988961 23.4240919473797 -5.17978287703884
3.82378886791859 24.0475184769926 -4.70638002202968
3.08043672594757 24.6709450066055 -4.23297716702052
2.33029989731232 25.2617765759206 -3.74353165812457
1.51062282355842 25.518523221213 -3.08965555149414
0.690945749804522 25.7752698665055 -2.43577944486372
-0.128731323949377 26.032016511798 -1.7819033382333
-0.931389858858122 26.0448169418359 -1.09009060111363
-1.72228913506357 25.8890584444024 -0.372064882003355
-2.51318841126902 25.733299946969 0.345960837106919
-3.29244858209602 25.5424996429474 1.05818642688968
-3.95151478658873 24.9898318599061 1.71051561343022
-4.61058099108144 24.4371640768648 2.36284479997077
-5.26964719557415 23.8844962938235 3.01517398651131
-5.80479376447034 23.1484581931372 3.55576250002607
-6.24927191121598 22.2782533214617 4.01459358692704
-6.69375005796163 21.4080484497863 4.47342467382801
-7.12411237782408 20.5280014203758 4.91608248589038
-7.30888719042243 19.4767202858543 5.07735725997872
-7.49366200302077 18.4254391513327 5.23863203406705
-7.67843681561912 17.3741580168112 5.39990680815538
-7.73383400353411 16.3182585081171 5.37966779869326
-7.66705311971375 15.2579976266404 5.1880158101951
-7.60027223589339 14.1977367451637 4.99636382169694
-7.53349135207302 13.137475863687 4.80471183319878
-7.28517485033171 12.2228886379628 4.29604277941478
-7.02691959940072 11.3162767833788 3.77001761041324
-6.76866434846973 10.4096649287947 3.2439924414117
-6.46728141725907 9.58547837838453 2.63814082066127
-6.08504018675128 8.91582761267969 1.8826258958453
-5.7027989562435 8.24617684697486 1.12711097102933
-5.32055772573572 7.57652608127002 0.371596046213364
-4.84424646589755 7.02677493950621 -0.419748265965254
-4.32948113770833 6.52603652121141 -1.22573896148644
-3.8147158095191 6.02529810291662 -2.03172965700763
-3.29067540639463 5.52445527903306 -2.82974230742471
-2.57719903640668 5.0214800547331 -3.46480978505058
-1.86372266641873 4.51850483043313 -4.09987726267644
-1.15024629643079 4.01552960613317 -4.7349447403023
-0.373910822853869 3.48503498009361 -5.22498589327426
0.502744543617228 2.91062080577223 -5.48357249908548
1.37939991008833 2.33620663145085 -5.7421591048967
2.25605527655942 1.76179245712946 -6.00074571070791
3.13752616895577 1.18110992686432 -5.91863715285107
4.02083885329341 0.598029941442355 -5.70622307559299
4.90415153763105 0.0149499560203849 -5.49380899833491
5.77698076398791 -0.564019850352196 -5.25559657310448
6.49684510538133 -1.08301774033791 -4.64095860803119
7.21670944677475 -1.60201563032363 -4.02632064295789
7.93657378816817 -2.12101352030935 -3.4116826778846
8.56833191788835 -2.62888497683529 -2.71407544210565
9.07103196771913 -3.12045842087079 -1.8949347234571
9.57373201754991 -3.61203186490628 -1.07579400480854
10.0764320673807 -4.10360530894178 -0.256653286159985
10.4652754910221 -4.68519122116156 0.5609797213281
10.8142450763702 -5.29830048622332 1.37808471184416
11.1632146617183 -5.91140975128508 2.19518970236022
11.4958270681324 -6.54675523011383 2.99683524674267
11.6909667735072 -7.36898332358914 3.66855301903626
11.886106478882 -8.19121141706444 4.34027079132985
12.0812461842568 -9.01343951053975 5.01198856362343
12.1625803069295 -9.92210897608584 5.56038354515754
12.1407173917691 -10.9091620615928 5.99695144051935
12.1188544766086 -11.8962151470999 6.43351933588116
12.0969915614482 -12.8832682326069 6.87008723124296
11.8301892632446 -13.9146507078417 7.03658213634262
11.5585036442941 -14.9469169716527 7.19769263563491
11.2868180253437 -15.9791832354636 7.35880313492721
10.910050360932 -16.9739197317594 7.39534885658643
10.4109693011806 -17.9249723306688 7.28690367304232
9.91188824142921 -18.8760249295783 7.17845848949821
9.41280718167782 -19.8270775284877 7.0700133059541
8.75009090270926 -20.6113363785159 6.74236041545697
8.08142520457362 -21.3895309721371 6.40673761151726
7.41275950643798 -22.1677255657583 6.07111480757755
6.69351108504509 -22.8402205441062 5.653633972094
5.9210717639044 -23.4015657606909 5.15007429251068
5.14863244276371 -23.9629109772756 4.64651461292736
4.37468983820544 -24.517626817823 4.13977105778802
3.55119076869618 -24.8538020708821 3.52806950500525
2.72769169918692 -25.1899773239413 2.91636795222249
1.90419262967766 -25.5261525770005 2.30466639943972
1.07014990475499 -25.732852624672 1.66093861417987
0.228682330072277 -25.8483761391623 0.994657932870369
-0.612785244610433 -25.9638996536527 0.328377251560867
-1.45394124153227 -26.0448169418359 -0.33851944040409
-2.29340651934518 -25.9379499416266 -1.00875880029101
-3.13287179715809 -25.8310829414174 -1.67899816017792
-3.972337074971 -25.7242159412082 -2.34923752006484
-4.79579843139312 -25.4466322354685 -2.98066914169168
-5.61330688304407 -25.1055478247419 -3.59766562804099
-6.43081533469502 -24.7644634140153 -4.21466211439029
-7.23189601861428 -24.3508351989137 -4.79467704632904
-7.99462818271692 -23.7678627633994 -5.28836327583383
-8.75736034681957 -23.1848903278851 -5.78204950533863
-9.52009251092221 -22.6019178923708 -6.27573573484342
-10.1897951536739 -21.8249869525752 -6.59388168901186
-10.845012591199 -21.0178556129587 -6.88469506233015
-11.5002300287241 -20.2107242733422 -7.17550843564844
-12.0826314215598 -19.3370230139673 -7.35083087684275
-12.563849583551 -18.370817972123 -7.36567020342398
-13.0450677455422 -17.4046129302787 -7.38050953000521
-13.5262859075334 -16.4384078884345 -7.39534885658643
-13.7799403519547 -15.4332380874428 -7.1057003809518
-14.0230903785375 -14.4262696600468 -6.80199664582588
-14.2662404051202 -13.4193012326509 -6.49829291069996
-14.3819266678945 -12.4666757198006 -6.05180247002215
-14.3523674771999 -11.5759741689468 -5.44260602429953
-14.3228082865052 -10.6852726180931 -4.83340957857691
-14.2932490958106 -9.79457106723936 -4.22421313285428
-14.0232826227341 -9.15352736071061 -3.40553285551416
-13.7367714106906 -8.52966501335083 -2.57243597948536
-13.4502601986471 -7.90580266599105 -1.73933910345656
-13.0968434213944 -7.39781622724335 -0.877007488427245
-12.6051308833785 -7.12934868181252 0.0457531874455313
-12.1134183453626 -6.86088113638169 0.968513863318307
-11.6217058073467 -6.59241359095086 1.89127453919108
-11.0046175870651 -6.56183938880529 2.75066775035414
-10.3135238825905 -6.67168645287312 3.57265705811918
-9.62243017811584 -6.78153351694095 4.39464636588422
-8.9313364736412 -6.89138058100878 5.21663567364927
-8.07172114580284 -7.27748977223653 5.72347894206888
-7.19522833482707 -7.69126668526508 6.19876025506278
-6.3187355238513 -8.10504359829363 6.67404156805669
-5.42943042460756 -8.54388725215255 7.04247668558082
-4.49169169542807 -9.07748940844925 7.0070066627277
-3.55395296624858 -9.61109156474595 6.97153663987457
-2.61621423706909 -10.1446937210426 6.93606661702145
-1.73732501620873 -10.6393210348175 6.64383801143434
-0.910592614069798 -11.0994059394172 6.12405082061303
-0.0838602119308692 -11.5594908440169 5.60426362979173
0.74287219020806 -12.0195757486166 5.08447643897042
1.43242864031119 -12.3411471254009 4.32907798763555
2.09877880914007 -12.6392859410178 3.5338207920987
2.76512897796895 -12.9374247566347 2.73856359656185
3.43326966590297 -13.2155227298404 1.9390213597195
4.11124738590137 -13.3835172091321 1.11593729715836
4.78922510589976 -13.5515116884237 0.29285323459721
5.46720282589816 -13.7195061677153 -0.530230827963937
6.21725310479138 -13.8139493821637 -1.29072117033978
7.04424252650007 -13.829874900601 -1.9843912519876
7.87123194820876 -13.8458004190383 -2.67806133363541
8.69822136991745 -13.8617259374756 -3.37173141528322
9.62871208801214 -13.6727898506837 -3.87555329229813
10.5708649586517 -13.4607706975516 -4.35798375876927
11.5130178292913 -13.2487515444194 -4.8404142252404
12.4562435348568 -12.9411957413104 -5.23043357175347
13.4012279025611 -12.4770299275386 -5.46896648363118
14.3462122702654 -12.0128641137667 -5.70749939550888
15.2911966379697 -11.5486982999949 -5.94603230738659
16.1407297904711 -10.8907238370465 -5.97186656709641
16.9798376142482 -10.2115812949596 -5.97446955244936
17.8189454380252 -9.53243875287273 -5.97707253780231
18.5772726630822 -8.78467559964128 -5.88884714118136
19.2387926581972 -7.95467770951669 -5.69177328096516
19.9003126533123 -7.1246798193921 -5.49469942074895
20.5550731849957 -6.29191291003027 -5.29269735420401
21.0073072442412 -5.37618088015359 -4.9430367858737
21.4595413034868 -4.46044885027691 -4.5933762175434
21.9117753627323 -3.54471682040023 -4.2437156492131
22.2292978443753 -2.60772309193559 -3.82777063233152
22.4674022001946 -1.65819470027618 -3.37274815255558
22.7055065560139 -0.708666308616767 -2.91772567277965
22.8934773423996 0.240061336804091 -2.44731914019219
22.9239068040442 1.18627269175074 -1.92856927025206
22.9543362656887 2.1324840466974 -1.40981940031194
22.9847657273332 3.07869540164405 -0.891069530371815
22.8408520867195 3.99819845843753 -0.348693755142297
22.6695495414639 4.91350570236667 0.197393596046729
22.4982469962083 5.82881294629582 0.743480947235755
22.2274469234286 6.71682651972539 1.28429633968341
21.8544574842 7.57680801069198 1.81969714407915
21.4814680449713 8.43678950165856 2.3550979484749
21.0834202095711 9.28653059526122 2.88359799460059
20.5078399628781 10.0637210585614 3.36320791036655
19.9322597161852 10.8409115218616 3.8428178261325
19.3566794694923 11.6181019851618 4.32242774189846
18.6342133112968 12.3069270777235 4.71836300747742
17.8627336580089 12.9662660499301 5.08637737162788
17.091254004721 13.6256050221368 5.45439173577835
16.2588936807075 14.2267525114479 5.757077639518
15.3219126142745 14.7279005087943 5.94749947080486
14.3849315478415 15.2290485061407 6.13792130209173
13.4479504814086 15.7301965034871 6.3283431333786
12.4166259112892 16.0416136147257 6.28583593249107
11.3825178236779 16.3474328923076 6.23645637675046
10.3484097360667 16.6532521698896 6.18707682100986
9.31970369086385 16.8439719764887 5.98463367933387
8.29537601234644 16.9414034208065 5.65813218070003
7.27104833382902 17.0388348651243 5.3316306820662
6.25811340789819 17.1204552264524 4.98052864775628
5.35357610368237 17.0516392661112 4.39536205881503
4.44903879946654 16.9828233057701 3.81019546987377
3.54450149525072 16.9140073454289 3.22502888093251
2.71768636408811 16.816890682428 2.54661818968966
1.95114011002872 16.6978285242931 1.79590229747967
1.18459385596934 16.5787663661582 1.04518640526967
0.418047601909953 16.4597042080233 0.294470513059682
-0.349921787740434 16.3817350670104 -0.460054919232033
-1.11804016120022 16.3080678310788 -1.21497916088317
-1.88615853466 16.2344005951472 -1.96990340253432
-2.68094236326916 16.1538329617261 -2.69048390105754
-3.584891401709 16.0450159196362 -3.27046518970688
-4.48884044014884 15.9361988775463 -3.85044647835621
-5.39278947858868 15.8273818354564 -4.43042776700555
-6.35593967272607 15.627158237919 -4.8411606647071
-7.36132072033327 15.3617302232752 -5.13116105450571
-8.36670176794047 15.0963022086313 -5.42116144430433
-9.37078104079804 14.8194406088688 -5.69121585096509
-10.3562360418137 14.3790006347054 -5.67590644009845
-11.3416910428294 13.9385606605421 -5.66059702923181
-12.327146043845 13.4981206863788 -5.64528761836518
-13.2457193175519 12.9768730127629 -5.47915555193624
-14.1201663008753 12.4023111656839 -5.21351582379582
-14.9946132841988 11.8277493186049 -4.94787609565541
-15.843761572704 11.2375139045496 -4.65227020638156
-16.5719263142083 10.5723242788019 -4.21335998896056
-17.3000910557125 9.90713465305421 -3.77444977153955
-18.0282557972167 9.24194502730651 -3.33553955411855
-18.6428695958873 8.52473139263178 -2.81917836480406
-19.2229490572909 7.79169565533569 -2.2792619506867
-19.8030285186945 7.0586599180396 -1.73934553656934
-20.3295447392361 6.30160066817214 -1.18361388837028
-20.7669750708268 5.50458573342258 -0.60157848848513
-21.2044054024175 4.70757079867302 -0.0195430885999832
