18.6344682745349 1.17003670743717 -2.62423650605101
18.7962817304259 0.203823667934206 -2.16732094630752
18.9580951863169 -0.76238937156876 -1.71040538656404
18.9664293788817 -1.70810673172068 -1.19821326359923
18.908154398196 -2.64492907747656 -0.662031410057747
18.7640760393887 -3.5633913531493 -0.121004611699311
18.4924329750438 -4.45455753646441 0.427225212605781
18.1969565379598 -5.33840116836027 0.97001107481978
17.7031140729245 -6.16129893852682 1.46748664259313
17.2092716078892 -6.98419670869338 1.96496221036648
16.5312389907717 -7.7161786390557 2.36573063548345
15.8089599980066 -8.42632065911433 2.7432679566928
14.9877587765747 -9.04858610343491 3.02562416549418
14.0652338527269 -9.58084164675148 3.2104886089037
13.1232294598658 -10.0728973231913 3.35292825089141
12.0850275358965 -10.3664297266521 3.28585698928396
11.0468256119272 -10.6599621301128 3.21878572767651
10.0186590634279 -10.7400210271848 2.92739971917663
8.99259197084007 -10.7754200890286 2.58908582812625
8.02331732860077 -10.7095555090112 2.14575188441051
7.11926442861092 -10.5273974585026 1.58181052256202
6.2235573102646 -10.3331317283425 1.01153535591022
5.43459177380362 -9.98401017590416 0.360251558439002
4.64562623734263 -9.63488862346584 -0.291032239032218
3.84727357692145 -9.16968280678875 -0.840081279510652
3.04372821405523 -8.64026232273356 -1.33257682449317
2.23106045758951 -8.08361156159329 -1.74254285633319
1.38235871314689 -7.41939961419326 -1.82651248691326
0.533656968704268 -6.75518766679322 -1.91048211749333
-0.26653628869551 -6.11357437662 -1.63967382770252
-1.05044749951219 -5.47954640629724 -1.24978306434312
-1.80535190019373 -4.88915300399808 -0.77472829663622
-2.48946458007918 -4.4052506685275 -0.0918290127775291
-3.17357725996463 -3.92134833305691 0.591070271081162
-3.93527248667113 -3.50781568838165 1.23510473095172
-4.71284178880514 -3.1086813049812 1.87118710400966
-5.56119075843879 -2.70707245826744 2.36906311824241
-6.52592715648081 -2.3013946969642 2.63967778381977
-7.49066355452283 -1.89571693566096 2.91029244939713
-8.46380653828166 -1.4875359236702 2.71226500071737
-9.43754984547211 -1.07917615182454 2.48077130881926
-10.3173009156721 -0.676936006688485 2.05174392535287
-11.1014740898088 -0.280918727017964 1.42185043585211
-11.8744493609436 0.118279555352219 0.782706039546912
-12.486997786789 0.563050497878171 0.0110284542643858
-13.0995462126345 1.00782144040412 -0.760649131018141
-13.6743711480391 1.56430444750173 -1.48140802849826
-14.2287679175138 2.18128219049932 -2.17459324731805
-14.7601558851229 2.86125231353141 -2.8101430634842
-15.233083931667 3.70127116860981 -3.29925495952985
-15.7060119782112 4.54129002368821 -3.7883668555755
-16.0207118553624 5.54467834663152 -4.02860706392668
-16.3284741959753 6.55522962707423 -4.25793545781795
-16.4906838786959 7.60959267174424 -4.31582352674848
-16.5775381462151 8.6866379108301 -4.28495363648563
-16.5775131254658 9.75004763549281 -4.17011071809304
-16.4335614316393 10.790868383361 -3.91615571892925
-16.2674115992203 11.8200671212238 -3.64443706654211
-15.9168711739263 12.7527267143137 -3.22516322452382
-15.5663307486323 13.6853863074036 -2.80588938250552
-15.0719460184507 14.4960555838796 -2.29682658142081
-14.5519234436515 15.2849821241058 -1.77176039818814
-13.9504203564655 15.9817915820154 -1.21464726093128
-13.2944411969354 16.61701359167 -0.636108237475473
-12.5978472030302 17.1970844493122 -0.0544931919477299
-11.8276247224798 17.6771746983443 0.532698211418952
-11.0456397095729 18.1386657420565 1.11594241817998
-10.1724777602039 18.4559855724369 1.66859004223181
-9.29931581083491 18.7733054028173 2.22123766628365
-8.34716609102417 18.9329351378519 2.70195602673602
-7.38334168787614 19.0692576961136 3.17204297715479
-6.37987718944459 19.0788372703407 3.55446522428653
-5.35254818773225 19.0121138403326 3.88411074158856
-4.32206565558232 18.8661991304893 4.13929354211587
-3.28619134395145 18.5848863561166 4.26716298501253
-2.25810098917132 18.2829950439545 4.36875992705708
-1.2969122958059 17.8042350268393 4.24454961062981
-0.335723602440478 17.3254750097241 4.12033929420255
0.488444387451089 16.731538014165 3.77481027602625
1.2836621012394 16.113265971112 3.38252016729936
1.9629449020708 15.4636211824625 2.87310297443462
2.53696274812531 14.7854910086757 2.25733837593979
3.07741106951038 14.0999468007182 1.62506545914258
3.46324326303682 13.3802546783482 0.91675773760783
3.84907545656326 12.6605625559782 0.208450016073085
4.16263135002831 11.8166800433049 -0.380976979801451
4.45406803061476 10.9347906918994 -0.934022090108956
4.72769500650022 9.99861649345576 -1.34167745416751
4.96406634767017 8.94888530651639 -1.44519597999271
5.20043768884012 7.89915411957702 -1.54871450581791
5.40126541278684 6.91718820948052 -1.19040890104085
5.59632677661679 5.94621608730479 -0.757180020139522
5.80149973966597 5.06231231734498 -0.201833062885553
6.0231096685823 4.31994298743303 0.552023606754251
6.24471959749864 3.57757365752107 1.30588027639405
6.61154868608058 2.82794819536094 1.99048082256108
6.99709581993517 2.07738745295102 2.66615459035012
7.445122343797 1.26158245095953 3.16006758253788
7.98157697128354 0.353436180166781 3.39673157312826
8.51803159877007 -0.554710090625963 3.63339556371864
9.02238763938601 -1.45322297474711 3.32405043028952
9.52555002395102 -2.3513776203471 2.99440075518783
9.93012719434701 -3.15520596379105 2.44758557618052
10.2452374111216 -3.87343235392581 1.70369078204164
10.5463071310664 -4.58466482677307 0.949923122997848
10.6894978293041 -5.21725387035753 0.0851395738806453
10.8326885275418 -5.84984291394199 -0.779643975236557
10.8952228409006 -6.56940759566043 -1.57757598175976
10.9136264440695 -7.33656053323535 -2.33893052381571
10.8855223236313 -8.15033062015934 -3.03371104913049
10.7365294305334 -9.08527391300726 -3.5554439481446
10.5875365374355 -10.0202172058552 -4.07717684715871
10.2470877002539 -11.0167446107943 -4.31083120930699
9.89895126185671 -12.0157448253254 -4.53291824759487
9.42918412796507 -12.9751983617947 -4.55872016658156
8.90041402152062 -13.915467830042 -4.48930429979821
8.31700009354979 -14.7971402907735 -4.32352311310605
7.6524457961862 -15.5918023136853 -4.01464948822716
6.97486152481786 -16.359499795655 -3.68123574133128
6.2201060237341 -16.9674972826391 -3.20248084542583
5.46535052265035 -17.5754947696233 -2.72372594952038
4.65897976473449 -18.0081366492488 -2.15262039950906
3.84651900071725 -18.4200885859336 -1.57061853547182
3.0083489466511 -18.7056164676408 -0.958216611632991
2.15637647939219 -18.9232717227222 -0.329493965375639
1.29260996589609 -19.05967817698 0.298276298500552
0.411823868337349 -19.0788372703407 0.924672211990966
-0.471362190567954 -19.0628745678338 1.5424249326286
-1.36666164090348 -18.869640651485 2.1165526263955
-2.261961091239 -18.6764067351363 2.69068032016239
-3.14321061587585 -18.2741631864327 3.16520453458833
-4.02316772179385 -17.8526933466391 3.63056646560265
-4.85950521787163 -17.281527473053 3.98182686536538
-5.6731180441068 -16.6323739017975 4.27364336740122
-6.43444385058892 -15.9094154547442 4.47419851965936
-7.11337968043116 -15.0701608022158 4.53095085982722
-7.77122698034707 -14.2198607266816 4.55872016658156
-8.24950221627591 -13.2755071816219 4.33969450237975
-8.72777745220474 -12.3311536365622 4.12066883817795
-9.01912637148623 -11.399019441822 3.67993346252027
-9.26495174470851 -10.4698611156865 3.18520348384328
-9.41247649777747 -9.59582278005722 2.58747815101623
-9.45228922417172 -8.78218168178482 1.87689657866314
-9.4756317546902 -7.97820349529112 1.15725313833209
-9.36217944584441 -7.25448157742513 0.362345458053057
-9.24872713699861 -6.53075965955915 -0.432562222225974
-9.02991628305486 -5.74265814520039 -1.13159601590108
-8.76414247994968 -4.92585980597268 -1.78789459091592
-8.46486756270113 -4.06647394898323 -2.33669205175088
-8.07489668346385 -3.09179294462692 -2.59445689427703
-7.68492580422657 -2.11711194027062 -2.85222173680319
-7.29815600888351 -1.14059882721161 -2.67682152274938
-6.91197627587536 -0.163747997811945 -2.42157510874209
-6.57952920278694 0.752465882428829 -2.00658932287784
-6.32469954145115 1.5810890300068 -1.36085827673702
-6.06986988011537 2.40971217758478 -0.715127230596212
-5.94201013604484 3.20445840624603 0.00571246904598752
-5.81937934268023 3.99780949546874 0.729645337961713
-5.70832186865639 4.88144456594591 1.31984059456359
-5.60922555594836 5.85838919025295 1.77181645984171
-5.50881539262201 6.83728230185728 2.21357867998695
-5.3479373038162 7.90585150224113 2.18527381323465
-5.18705921501039 8.97442070262498 2.15696894648235
-4.96860577786146 9.96884979211212 1.88198592549745
-4.70362356144463 10.9033635019431 1.40765311820985
-4.42603173489357 11.8169694992561 0.910359698359127
-4.04192144105076 12.5539596085051 0.219108715009493
-3.65781114720796 13.2909497177541 -0.472142268340141
-3.15837350787698 13.9710892386954 -1.14177586117505
-2.6040784993845 14.6241868321854 -1.80112678282947
-1.98822900962848 15.2622152568727 -2.4051937669882
-1.22202342611175 15.8634349665665 -2.87422140520597
-0.455817842595013 16.4646546762602 -3.34324904342375
0.477618631698854 16.9567948003135 -3.56398435749836
1.42142273807106 17.4421724356548 -3.76932656176754
2.42139032748899 17.8165900232834 -3.80903212019086
3.45647199377327 18.1216340707897 -3.74517967973826
4.49199463658247 18.3633445153457 -3.61198447997913
5.52851980437894 18.4610710607548 -3.32114404297706
6.5645527577092 18.5571680545366 -3.02898469988805
7.54039491385074 18.4539941649017 -2.57554198493577
8.51623706999228 18.3508202752668 -2.1220992699835
9.42619020180687 18.1150338975375 -1.59811675349806
10.3107817040012 17.8282030728698 -1.04698245660235
11.1480699280734 17.4637575969176 -0.477914323297938
11.9257695677588 17.0015398865385 0.11374530824174
12.6825611088944 16.5096939513641 0.702921545519946
13.3325518658231 15.8665039025563 1.27941234160475
13.9825426227517 15.2233138537484 1.85590313768956
14.4864675849486 14.4169057239037 2.36300193237568
14.9706385202065 13.5884238814855 2.86071611057787
15.3268483653048 12.6648845735433 3.26700861220146
15.5934792428275 11.6748004306723 3.60930150744684
15.7864875399985 10.6604361201313 3.88484811588648
15.7936962305343 9.58479651089046 3.99194866099041
15.8009049210702 8.50915690164959 4.09904920609433
15.5562771416613 7.47345157089557 3.92392796292136
15.302375446322 6.43921682596064 3.73841385989454
14.9247549934908 5.51675151673716 3.36747738000617
14.4727408916073 4.66149457869075 2.88504408661667
13.9961519369495 3.86593295284108 2.34905565489816
13.4455683851616 3.25011322075223 1.65181332183221
12.8949848333737 2.63429348866337 0.954570988766252
12.2559900956149 2.12904474420848 0.24721872840882
11.5968714787735 1.64896382394619 -0.462434722144309
10.8683979471155 1.16153344265885 -1.07066967225826
10.0011615667448 0.659398520950191 -1.47599009107633
9.13392518637414 0.157263599241535 -1.88131050989439
8.20807949481119 -0.366001574756887 -1.83577234576483
7.2722033653221 -0.892882994700616 -1.71307393290122
6.40374628128258 -1.40602558877027 -1.41314560953967
5.64913185876116 -1.89596903350151 -0.813949852515135
4.89451743623974 -2.38591247823274 -0.2147540954906
4.33675633677438 -2.88949891224224 0.557454402190705
3.8004906721923 -3.39457509497982 1.34855505796734
3.26227962599843 -3.98000054993865 2.07060769755897
2.72150955437566 -4.6711203476229 2.70183207591792
2.1807394827529 -5.36224014530715 3.33305645427686
1.54050202237653 -6.20801968133797 3.53540623876227
0.899199938653811 -7.05545457768585 3.73316567548629
0.247182368084201 -7.87433510358992 3.64281590930907
-0.413090748177625 -8.67121645080246 3.33049781608477
-1.0649949292329 -9.43583467133823 2.96250403780974
-1.67022493729582 -10.0205190390456 2.28400283040668
-2.27545494535873 -10.6052034067531 1.60550162300363
-2.89305930324872 -11.0523399856208 0.845175896398871
-3.51501526971951 -11.4511060119705 0.0560754636596051
-4.18963519141349 -11.8130954766048 -0.700165576321204
-4.97021676594499 -12.1010892595904 -1.39029241061487
-5.75079834047649 -12.389083042576 -2.08041924490854
-6.70881215657569 -12.5329027749361 -2.55600512595908
-7.67380538413241 -12.6710513281918 -3.0231519004868
-8.6995336139458 -12.6758565870228 -3.31580372390822
-9.76121839576831 -12.6017194745208 -3.50515042587316
-10.8144304435164 -12.4558664947406 -3.60795776287955
-11.8493518353195 -12.1551956907888 -3.52394680295183
-12.8816398711623 -11.8504185333229 -3.43525375499707
-13.7901530959276 -11.3526317189479 -3.12648997990417
-14.6986663206929 -10.8548449045729 -2.81772620481128
-15.4751109670311 -10.246257597142 -2.39356367254172
-16.2044051321181 -9.59811283681263 -1.92820203749165
-16.8450869899197 -8.89957099015306 -1.42211402825638
-17.3830867727983 -8.14263006154872 -0.868833154581088
-17.8844301640132 -7.36902381075292 -0.310279215847961
-18.2362182325052 -6.52742429805898 0.269788431973075
-18.5880063009972 -5.68582478536504 0.849856079794111
-18.7665749335839 -4.77568981088407 1.40284540481421
-18.9329548197881 -3.86073227502271 1.95392933851745
-18.9664293788817 -2.90505257238772 2.44675216995307
-18.9343508694955 -1.92928742212475 2.91083880164645
-18.8160462274915 -0.942057643348818 3.31457768352123
-18.5677330867735 0.0624580683111932 3.62732651265345
-18.2935413026354 1.06294972948702 3.91440212827743
-17.827984713795 2.03368474451577 4.01163203176983
-17.3624281249547 3.00441975954453 4.10886193526224
-16.7470125669412 3.87536618820668 3.98779613788812
-16.1005612919569 4.72564645093645 3.82152141090898
-15.4017715368475 5.46970695934384 3.51282657685861
-14.6552325536029 6.11686149590259 3.07419961319101
-13.908482167527 6.71658693672146 2.59058520993105
-13.1608743127677 7.12393574752662 1.92449775111912
-12.4132664580085 7.53128455833179 1.2584102923072
-11.6919412065374 7.76352550861099 0.49266389462694
-10.9756512226671 7.96221898541276 -0.292175338740037
-10.2180281778387 8.0923800787556 -1.04583911527145
-9.40673232712959 8.13354884419723 -1.75902018367054
-8.59290127637399 8.17304130085526 -2.46790785118183
-7.58476954530894 8.08405950258766 -2.84774428090585
-6.57663781424388 7.99507770432006 -3.22758071062987
-5.53747870864686 7.86500108846716 -3.30326708498517
-4.47679218182815 7.7064120553849 -3.16792798730849
-3.44400450536863 7.55257880383775 -2.95941458199905
-2.56862739856668 7.4255785676647 -2.33803794754319
-1.69325029176473 7.29857833149165 -1.71666131308733
-0.989454904679565 7.25413735089633 -0.915815103803401
-0.360505337829805 7.24570961933441 -0.0366823057297138
0.279010384832692 7.27032792158292 0.831744684368357
0.956767284378925 7.41454688528743 1.66142506654822
1.63452418392516 7.55876584899194 2.49110544872809
2.50588467081378 7.7768005604897 3.05827959742133
3.44653683153812 8.02125429030338 3.5315014771495
4.41665325186093 8.26267256678952 3.86169406309464
5.46975297175211 8.49554177616051 3.78905817499032
6.52285269164328 8.7284109855315 3.716422286886
7.46502896129873 8.86201963597407 3.25206977117387
8.37729330217417 8.96886140562614 2.68208585072228
9.22707941740316 9.02202770476001 2.0365664604354
9.9424834846219 8.95974546831979 1.2285806904001
10.6578875518407 8.89746323187957 0.420594920364811
11.3802029999202 8.68466670680795 -0.351895389595876
12.1038913113721 8.44197231356125 -1.11733494978541
12.8582475407055 8.10797031860219 -1.796821105868
13.6608370494748 7.63036336536013 -2.34112317235045
14.463426558244 7.15275641211807 -2.88542523883291
15.2349032707376 6.43549388008522 -3.1275429150444
16.0063259042475 5.71781478857476 -3.36913534676799
16.6782327131407 4.8919984845576 -3.41740914624576
17.2948517128958 4.00610460404603 -3.35828129695418
17.8426865359155 3.09699866569714 -3.22466668145085
18.2374588492816 2.13623992003945 -2.92529982591983
