1.4291537999859261 -0.1561151362757868 -1.0809064139713549
1.469416552380217 -0.30842086425867021 -1.064204716531425
1.496184829649382 -0.4531240911279516 -1.0296752936514171
1.5113952800677919 -0.60374300087702693 -0.97410265700155196
1.511721158829763 -0.75753996725967765 -0.89610532026245471
1.497465594452551 -0.88456291608683046 -0.80863650803398712
1.470707770592611 -0.98890994911542462 -0.71472131758045976
1.4297919007238959 -1.076079403713978 -0.61359807302334757
1.3743533929774481 -1.148495030043543 -0.50012331246049957
1.3111182805867809 -1.20182790083655 -0.37679591951643299
1.244163094900602 -1.2335958314521349 -0.24895822626574021
1.1729641822003509 -1.243649685115199 -0.1120562127856805
1.105831294879789 -1.2308060572388819 0.022016754492222599
1.0329735827251769 -1.1940887838616689 0.1597643948159298
0.96783437692713281 -1.143892294967142 0.27407286186704299
0.90708816808277026 -1.079484260441868 0.37515147942056237
0.8470810335974851 -0.99950115347373147 0.46799459942732291
0.8038166352884577 -0.93645208214556974 0.52064711558634891
0.69033279576137307 -0.81361016589271107 0.60466927280983873
0.56494441075685464 -0.72695727020099754 0.69730465423582999
0.47207150195178021 -0.6939009610514576 0.7708348323943881
0.34037800274985269 -0.67510809355434909 0.90130555982566296
0.22846405247211429 -0.68200167143236279 1.032797388375138
0.12552698375018889 -0.71282914413597276 1.172005571517345
0.054854899442026817 -0.75661101094536154 1.2823755317731389
-0.010363929904028211 -0.80691895921584245 1.365309338573375
-0.1174385701648047 -0.86917341176827334 1.4624691368644669
-0.24263713512249541 -0.92202693604446795 1.5450719081775091
-0.38159920896652999 -0.96348764040163748 1.6098674307399261
-0.52923516916084812 -0.99238920250812923 1.6548945055003219
-0.67986918180686451 -1.008381749258656 1.6794862678593581
-0.82786307343897636 -1.0120347462408801 1.684442439164314
-0.9802009501238298 -1.002689908049321 1.6717050801376829
-1.1349383230639349 -0.9804657801331752 1.6392699642811071
-1.2791349557814999 -0.94641553558067015 1.588950525430092
-1.4112429340309729 -0.89755647744925771 1.5278564643075141
-1.524293815990752 -0.84044077304271825 1.455163799473733
-1.6161649631332451 -0.77685966178492794 1.374014203914347
-1.689937504817238 -0.70370611559892149 1.2851430464680891
-1.746780673889192 -0.62180426185349957 1.18379951832365
-1.7842496051414249 -0.53972498776704947 1.074802880079829
-1.802732874657295 -0.45832242833876008 0.95798057627679578
-1.8010129197739619 -0.37901929375602872 0.83330673396325672
-1.779921165156054 -0.30870668579456478 0.70593022261234151
-1.735235532524779 -0.23971998259794389 0.5718342302403947
-1.672727045651109 -0.178672824629661 0.44974229937788401
-1.5911945505200229 -0.1256843686488909 0.33580090449989858
-1.491755592039532 -0.080871626078677067 0.2324160180030059
-1.410502812186724 -0.052880953030759008 0.17041716537131291
-1.2963241369857701 0.0048219634707033906 0.108781631128279
-1.1904803673741671 0.078307801694834533 0.039547462232288902
-1.123853388289737 0.1422673420491167 -0.015131316545192289
-1.0831212430186019 0.1994352995480877 -0.061663189771771723
-1.0348864634455921 0.30027606409842489 -0.14995437389432381
-1.0027667168736529 0.41984221624072671 -0.25903268322161388
-0.99370910590913919 0.53192056942846022 -0.36639381708500163
-1.007579370264075 0.64874884697049084 -0.48200886394939091
-1.0386654561029049 0.743169531003118 -0.57293708636872553
-1.0736459827655991 0.85107556988958544 -0.64975430864252848
-1.1003482945598559 1.0104281981066701 -0.73286150499083658
-1.105255229909569 1.1848352398357671 -0.79395974739887865
-1.089487600513638 1.356526162779776 -0.82850956433901801
-1.056989444335753 1.5193232290635641 -0.83920010852838578
-1.007512439670051 1.678411421913286 -0.82919493144202916
-0.94199948251865573 1.8290383308559479 -0.79992643345974901
-0.8693410599543433 1.958940752526906 -0.75528049719790091
-0.77816776952222766 2.083842083342228 -0.69223601476336061
-0.69480250182520753 2.1705831350667131 -0.63235275924475709
-0.60430076941619559 2.2428969581166589 -0.56125385131925043
-0.5131133767341185 2.2957223411462682 -0.48449589067417648
-0.41840703309206562 2.3298793311747512 -0.40230170253704001
-0.31937976746331298 2.3466967458144099 -0.30977531562516802
-0.2235186550047463 2.346470148317104 -0.20733421436865551
-0.13594323015861159 2.3283334028529841 -0.1013402965127044
-0.058664285549480312 2.29442110743422 0.0063877597697788854
0.0076583830853268874 2.2456088022384981 0.11611195601607351
0.062646365701258547 2.18207079186858 0.22468975750600831
0.11208696308194969 2.0951926906275702 0.34211057864235389
0.1471108467093542 1.996410721197216 0.44626581764199968
0.16764962698778749 1.8843067250603149 0.54116482750707096
0.17371056155728029 1.792763914745876 0.60098377591326391
0.19305166990806169 1.6848881996958871 0.64632671329928315
0.23131343835329371 1.5616425242530021 0.70254772903855867
0.2866408660371112 1.44917280484015 0.76115236188673985
0.36863728385408728 1.35057468761086 0.83059070093292098
0.5176108007858764 1.237307920214213 0.9691295311245518
0.67714984856973648 1.170138520535869 1.122682654927168
0.80222617895620807 1.154419936163334 1.2403395314847869
0.90728562390302714 1.1481923853766001 1.310259145587841
1.056564776042179 1.1187827645443009 1.386171918458617
1.207466604209344 1.070295739521455 1.441077811425977
1.3558116660761741 1.0050401758604099 1.474139636844267
1.498064619828446 0.92548756752430994 1.4852336594887949
1.63080487957117 0.83441861608808798 1.474734525056913
1.759481757340208 0.72526721871979161 1.4423914831321489
1.869844294657159 0.6101649049231298 1.390379618290817
1.9722327849444701 0.47260306851206851 1.3117342927175111
2.0404182967094289 0.34844744587836091 1.227532529811453
2.0815293338775489 0.2331870831148172 1.136751243473423
2.097668764777747 0.1203703531682747 1.038332969293803
2.089418019703484 0.01124903773263035 0.92925377897981476
2.058056001962659 -0.088852303106298769 0.81165607836276621
2.006078717720587 -0.17486901957629891 0.68586048462182292
1.937285710242189 -0.2416131676841993 0.55625786464055549
1.855167546748532 -0.28664084063847728 0.42890473272874807
1.7599312328899821 -0.311379113173258 0.30363902490255151
1.656335274289866 -0.31768980973419358 0.19022066843410501
1.553853250533652 -0.30803136768794381 0.096262387314203959
1.442582608832736 -0.28386679453798058 0.011075832315870379
1.3593700274858209 -0.2597079902710836 -0.035968634200258767
1.189419217087917 -0.23275023285323981 -0.096349968159300498
1.0169907587939 -0.24276214622491821 -0.1692507579703654
0.90160729729983724 -0.27996316801078469 -0.23316628027342881
0.76915865915957293 -0.35192375910571672 -0.34188931284597102
0.66037914463589353 -0.44000450182859752 -0.4617425258797821
0.57899111459106367 -0.53934629633086373 -0.58788104836407662
0.53300483221137884 -0.63131190941494864 -0.68762138266293493
0.48662093074909252 -0.73365490891764096 -0.76569502874509354
0.41032349881337521 -0.85971675806143466 -0.84188142903163499
0.31659554548543922 -0.98384905776538134 -0.89713215822918868
0.209563243417413 -1.1016243127876899 -0.92993937784261227
0.09343502804538005 -1.209804367383484 -0.94042160435235223
-0.028958192661028739 -1.306858655834964 -0.92965905748021782
-0.15915605701239169 -1.392947077859668 -0.89895073998435504
-0.28050911947074558 -1.4581634504311971 -0.85566248616739005
-0.41225516612365481 -1.5132541174313721 -0.79297403784724785
-0.53554643831556736 -1.5504469016730571 -0.72010634535964368
-0.64048567759218233 -1.5682459196777769 -0.6463308796126368
-0.73913997237874496 -1.570543485300347 -0.56454787654625782
-0.83079465048146173 -1.5572844804953641 -0.47478635075598158
-0.91552429747083919 -1.5277026526962389 -0.37545265298790742
-0.99037244990401641 -1.4834708390809379 -0.26452455530166269
-1.049754944337157 -1.4276328205225339 -0.14492852264436651
-1.0903025046491159 -1.362846360124097 -0.022162164315817721
-1.111673241533125 -1.289994482688976 0.1026137332484412
-1.112275622207167 -1.2102513076421919 0.23050436509692851
-1.0910225391705231 -1.116299412969358 0.36188120653003858
-1.0490434682131931 -1.0164234073352389 0.48094224049937528
-0.98232502216747386 -0.90851519033266959 0.59069904098415615
-0.92332064344371534 -0.83201590638373157 0.65185755295885917
-0.84616110294270286 -0.68797577546389788 0.71939738329540226
-0.79805359739311565 -0.52791845568482987 0.80517621188108035
-0.79519907855676597 -0.41218446290864108 0.87771467327209529
-0.81161454329736138 -0.2911396663111438 0.98189158725125536
-0.84815605728260679 -0.17511745750706681 1.1071780837149601
-0.90410023233960124 -0.076665543893585986 1.2448646339894991
-0.96672478516656446 -0.01165206276688807 1.3570832750827919
-1.0418583657491649 0.059902377435104869 1.449395045034177
-1.131104777646329 0.172273062623261 1.546603655680745
-1.214928114634316 0.30714941916610261 1.623910094588785
-1.2909393207338891 0.46216125618622289 1.677693813538143
-1.3564372017717781 0.63389763523411713 1.704215227579051
-1.408878164722227 0.82334002438838072 1.700539208804857
-1.441956863286902 1.008336638834576 1.6668302148993419
-1.4539719487109879 1.211781618847126 1.5984058792916469
-1.4421705992775371 1.3793020657960831 1.513685254982027
-1.411732492775664 1.521554319430984 1.408889366743161
-1.35952277856854 1.636731204061846 1.294167965195546
-1.2851616476422429 1.732608574762341 1.156792871954081
-1.201659419409925 1.797015275644809 1.0046643667858539
-1.116922405920781 1.828250477578824 0.84988445080689379
-1.034644108167986 1.828179392209327 0.69389051639302413
-0.94865545540134111 1.796313101713336 0.5327475957205603
-0.86656395234208039 1.7357958336318959 0.3830029852221285
-0.78916869659827293 1.6493278972295371 0.25046798874138881
-0.73780619017645754 1.575092246129574 0.1746126982774675
-0.63078117530548394 1.4654582894771819 0.08717799356980091
-0.50473097750669926 1.3824356108731961 -0.011582646202070789
-0.40877491362780433 1.3530328324758789 -0.08742633260486779
-0.27657298517237222 1.340302234238651 -0.22297446540150889
-0.1497310691410666 1.3581805090821331 -0.38633753323001208
-0.060913359749286237 1.3995918194172039 -0.52769172136496578
0.01469520873412533 1.454212017455274 -0.63652979325421599
0.12288651857171939 1.5156394340777311 -0.7428218079447193
0.248120022901131 1.564487611209693 -0.83249367668969876
0.38191832073805482 1.5995864110980169 -0.90227239707377216
0.52169822915506425 1.622056682859498 -0.9531704040516269
0.66511727344550875 1.632614208186091 -0.9856772064977104
0.81071358593656839 1.631791153540288 -1.000121591255239
0.9656831793539894 1.618274280123347 -0.99673014732101206
1.107885734051143 1.593235446200985 -0.97737978750149634
1.2561534479056411 1.553596799118391 -0.93870724799262051
1.3986626590366751 1.500142831658462 -0.88248856816441712
1.522344507017674 1.4374645188628179 -0.81139641890370817
1.623719721614213 1.367919586437095 -0.7279279311215513
1.703516912856103 1.288896834963871 -0.6360464445364209
1.767268361357291 1.1946954791403841 -0.52410236702961566
1.80796310728882 1.097013978975647 -0.39472589244357092
1.8218762938487929 1.0019086894684921 -0.25653033047506102
1.8083789862915649 0.91112633404175847 -0.10696848490497
1.758861926870027 0.81778918266558998 0.066327353524075872
1.675766641454427 0.73819836075607759 0.22852958416397709
1.5633478562942 0.67470808738117061 0.37297412966389248
1.470617295172328 0.64188401817906271 0.45451107417840347
1.335404709819991 0.57058643291869982 0.53815284158983234
1.2248274525739811 0.47799422585739132 0.62851254902891007
1.1734611802053441 0.40676888723983229 0.68806690163622342
1.1345456393847391 0.32733889761508772 0.76352735640807934
1.1043562069503281 0.2316054043544796 0.85935191451808701
1.0905716877285001 0.13948644875485991 0.95933473610208475
1.0959680952982549 0.032079588929759408 1.086094356569532
1.1186078599196101 -0.045997953041544769 1.1808509364929389
1.1476945320642391 -0.12737244601265479 1.2541977052617459
1.1739792936304121 -0.25798379200784799 1.344270542781586
1.183559585777191 -0.40284875164862499 1.419578639984481
1.1755773138228029 -0.5568013993518911 1.4767163526927329
1.1502131950372161 -0.71496875927272063 1.513710355386628
1.1080333425906581 -0.87364467001772694 1.529581896711214
1.046102552455404 -1.037240551168924 1.5237235380650991
0.97106181784967438 -1.186268857877036 1.496902504688137
0.87425099312177568 -1.3336496229384851 1.4465739821911821
0.77077970340498037 -1.456399233374053 1.380445116250727
0.66617143556155478 -1.5526223756345601 1.3006457765102579
0.5612357338485755 -1.620606384381464 1.212394820869009
0.45270465535735882 -1.6631326667179609 1.1162025916683129
0.33651672603942001 -1.6821219647643859 1.003346513962674
0.22597279283317431 -1.6756771137888919 0.87738675791610221
0.12915388630649091 -1.645581034348053 0.74562574212047872
0.048633101940380292 -1.5943681604034561 0.61029502957343751
-0.01984971890295362 -1.5162686632441911 0.46696542524586548
-0.076689710669614261 -1.404588917797521 0.31786879115562272
-0.1094398407333614 -1.267941529409603 0.18213362788043649
-0.1155336502025778 -1.161906382417472 0.10519662798416179
-0.14509505359653041 -1.0081034232579951 0.033791004555418148
-0.20693137380580059 -0.86184284295504043 -0.047721315850209292
-0.26786759031646851 -0.78264512096576599 -0.1049509148631631
-0.35587444128986162 -0.70001606083544932 -0.1975989186271197
-0.46368495574260521 -0.62891632269460718 -0.31657487617450558
-0.5760077026555418 -0.58363411736865112 -0.4447164519973385
-0.66737711886164675 -0.57055492494331606 -0.54938305478644456
-0.74944930781944197 -0.56703769524155023 -0.61818513623748095
-0.87542242425841432 -0.54587288973263159 -0.70179048922821963
-1.002818155060732 -0.50946264103739358 -0.76802012505867401
-1.12678050873086 -0.46089027511020081 -0.81636201208088788
-1.2459586459541721 -0.40230574130154789 -0.84821847877259604
-1.3604868804651771 -0.33465260548186748 -0.86481156991395247
-1.470255937148309 -0.25838383149816418 -0.866547113296949
-1.577185952893404 -0.17179350960898351 -0.85289779460409754
-1.6714710126023991 -0.08249280324690321 -0.82608309927600798
-1.76830656893792 0.025614972746058361 -0.77979816740527252
-1.846455113872514 0.1298581946543983 -0.72186316173211784
-1.920612758444618 0.25316907739421463 -0.63948052657662247
-1.970627087373269 0.36792653522099222 -0.54800694350813517
-1.9981756503522941 0.47587704004313541 -0.44628325663434071
-2.000929784047901 0.57668299560247749 -0.34004428447685991
-1.978315690613468 0.67638600694459083 -0.2203834755520917
-1.930745884090376 0.76667775194988774 -0.086397063802566204
-1.8596167724377739 0.83944493202280601 0.059096369010078732
-1.7682312569018419 0.88780700454891792 0.20870734980419231
-1.655087829522178 0.91247549750245383 0.35724475680061363
-1.5182023822374029 0.91164956106667339 0.49831822607382698
-1.3757685797703381 0.88431326639580343 0.61365561054265827
-1.2763325941186321 0.85155942383777883 0.67423254918872966
-1.1107665334452519 0.82254686138216671 0.73420547333625452
-0.96176723979483525 0.82496764196392935 0.79980655905182307
-0.87613368310890061 0.84440619212728352 0.84538396682938555
-0.7952065642213797 0.87527244807716675 0.90555245109886151
-0.70093847978056423 0.92479772259347925 0.99081021202248165
-0.6229552995692933 0.97778862553452572 1.079496316154797
-0.54852034124431404 1.048952957905247 1.1903907005953129
-0.49825682549726319 1.117947305669065 1.288868576189756
-0.46489460839388652 1.186453752321202 1.3704224502364299
-0.42220196092698942 1.277252812401048 1.4507405260593971
-0.357004922888293 1.3852308550187939 1.528869950441951
-0.27665163034326701 1.49467256238762 1.590896530614992
-0.18344798033430551 1.6022999247644341 1.6348759974896561
-0.080418405835319923 1.704898567208027 1.6598140134037569
0.029205801323461109 1.79981104244923 1.6657675330502659
0.14188909361505159 1.884746427375638 1.6536801104632679
0.26458445956019799 1.9655911739407439 1.6223413146556731
0.37828054880388501 2.0284823303897559 1.57860356515852
0.50438952459938158 2.085334143145916 1.5143585916897959
0.61683879912149431 2.1234029277853508 1.4434441887700971
0.73669764482510125 2.1502798833814221 1.351001373358607
0.8338943250588674 2.157327900085876 1.261339597817325
0.92117307545264238 2.1481014182946492 1.166246972905661
0.99826481730417482 2.1236371337102971 1.064564930314859
1.0652443499422271 2.0849980269928761 0.95437065003216615
1.1177163736528579 2.0350751892538201 0.83623642086299899
1.153469722205007 1.9763939467119109 0.71388607361430767
1.170969222961503 1.9083005589887241 0.58589853582827622
1.167984241472076 1.822596494448419 0.44552460712542341
1.1420874263440659 1.727304858322402 0.30984050348400199
1.0935626144674431 1.623276935140832 0.18692969076815311
1.0200325989935679 1.510678257654565 0.076995539497312471
0.95617161913390603 1.431958409729541 0.017213597531201691
0.87541601569759009 1.290887373105682 -0.045979406046183162
0.82408948625697376 1.1454412441466391 -0.1224775533531324
0.81300497370582381 1.0591400937386599 -0.17485690403958579
0.81350654793349508 0.97431747365078047 -0.24153030804895151
0.82989959354265874 0.86715324694337026 -0.34042888954740469
0.8589195142420526 0.76958767261846284 -0.45119284486624989
0.90202408363729347 0.68559704088977624 -0.56602036429751346
0.94906379504468408 0.62685760619769915 -0.66479252111026854
1.017783372363072 0.56519704615553501 -0.766271134612723
1.1009295602166069 0.47774456829272649 -0.86458305663844037
1.1817665156188071 0.37108315098151501 -0.94734735643700163
1.2561821814494269 0.25117050951145359 -1.010628893522407
1.322741637997398 0.1215804262791076 -1.053912243002153
1.38070819797636 -0.01517628263800444 -1.0773191303708149
