1.4291537999859261 -0.1561151362757868 -1.0809064139713549
1.4683624991862334 -0.30443359738058423 -1.064641956324649
1.4960025695001642 -0.45213883415917888 -1.0299103979767059
1.510638929737619 -0.59625336980199284 -0.97686604539061817
1.51167166518194 -0.73418167031402171 -0.90795135985200848
1.4999323395529913 -0.86258320147351608 -0.82377187961919107
1.4735988301837917 -0.97763573293747152 -0.7248684212290758
1.4300278137664133 -1.0755768013908478 -0.61418113021776211
1.3709951193558469 -1.151327418037762 -0.49357367389915474
1.3049295107230541 -1.2047642590829177 -0.36497968668352859
1.2348782212769764 -1.2349069295736044 -0.2311051742207792
1.1641305152549817 -1.241959659025782 -0.094414249411529122
1.0950980269642687 -1.225396934160069 0.042309490629579824
1.0247571745780315 -1.1877571923837225 0.17418282390882309
0.95372090634969131 -1.1289280541113498 0.2975569627185885
0.88460577213382885 -1.0495176257157066 0.40993627297938373
0.81495094534701862 -0.95267807710932251 0.50709672627801872
0.72476047369749064 -0.85087681061880516 0.57917940764099451
0.62179332138779464 -0.76624418439893438 0.65530538516669379
0.50950901039098229 -0.70722611548752878 0.74119447008889905
0.39807344480167617 -0.68334132301698569 0.84414581891523088
0.29333390754458216 -0.67800587469060059 0.95657940268122255
0.19679250867310158 -0.69148662825178397 1.0756287816167671
0.10889203923808873 -0.72313461244273147 1.1979846859389893
0.027726213757096739 -0.77753730676772215 1.3168730104905242
-0.06886534702657196 -0.84093236974550167 1.4183936718340446
-0.18267171713543279 -0.89671207978886769 1.5055082781123383
-0.31096858931440635 -0.94241429888510908 1.5769336396509761
-0.45074142837878944 -0.97702308356801726 1.6309549210673355
-0.59871372816860036 -0.99976561825628996 1.6662372307066273
-0.75140050722301144 -1.0101473877792595 1.6818817822858201
-0.9051928761755712 -1.0072911164248128 1.6779766968134986
-1.0566349090233 -0.99171209417382777 1.6556834541712095
-1.2026541940646192 -0.96447551791827735 1.6156395606728882
-1.340468794573245 -0.92373171561266221 1.5605863543506655
-1.4669962917539634 -0.86938869809030217 1.4920065878973754
-1.5776898212182759 -0.80348708894615295 1.407999217736446
-1.6682050945118225 -0.72525617805739584 1.3113233083087668
-1.7355197974732663 -0.63802937154249217 1.2038761073777158
-1.7801754063200241 -0.54864990957742343 1.0866546719572174
-1.8021287033282962 -0.46098327210730805 0.96179920189845758
-1.8007530354643388 -0.37815292943931406 0.8317372506597428
-1.7773444597357666 -0.30472870894636245 0.69819785204852469
-1.73271233077813 -0.23725576848370966 0.56690589828722138
-1.6671759656314227 -0.17506514454093114 0.44198468323348089
-1.5814819376878837 -0.12130732342253522 0.32570287661844216
-1.4774403393594437 -0.075940181787262598 0.22149295490404441
-1.356652217435067 -0.025666270717795935 0.14134772511916527
-1.2389845761213987 0.044632012838597392 0.071274871345692811
-1.1363241641061859 0.13029583891266791 -0.0048969219887908255
-1.0662015094670334 0.234808092425592 -0.092633857068900899
-1.0228574301753544 0.34505428857453474 -0.19080483979138507
-0.99979163078250322 0.45665575912683293 -0.29429679616910304
-0.99790269670860021 0.56724289474829415 -0.40134932942440599
-1.016623611012305 0.67621976763998681 -0.50846368166535538
-1.0536661982510145 0.78944300999238803 -0.60587871000334759
-1.0848187408417385 0.9177517579883776 -0.68452794945461615
-1.1016383802329326 1.0562816707495357 -0.7489248849955038
-1.1036401392141981 1.2024216762723099 -0.79749871235458625
-1.0898064955961317 1.3530537707250905 -0.82781080573386501
-1.0600440552302628 1.5040213857976654 -0.83819526835929015
-1.0158920048840474 1.6514677963690909 -0.8308894364841023
-0.95803514083171393 1.7921692632763109 -0.80709050684901262
-0.88896009897559147 1.9238648371715823 -0.7673356772410137
-0.80802170990840827 2.0429441749016899 -0.71287940946106265
-0.71638706679625208 2.1481245270837293 -0.64785746588249704
-0.61524976165878298 2.2341483577691275 -0.5698554699911963
-0.50768109055427979 2.2976815609592292 -0.47978129252679147
-0.39537761359606688 2.3337903277484302 -0.38078410367057286
-0.28558111369421935 2.346616852204165 -0.27365669333617632
-0.18345695938431478 2.3381734283456579 -0.15884691234045928
-0.091313971949442824 2.3087487592432057 -0.039126413228968149
-0.01203345704150878 2.2601016465392778 0.083533783650529991
0.053132505077080269 2.1930639533966017 0.20590394247675051
0.10449223100874196 2.1085383202702284 0.32407318177435257
0.14303991407680572 2.0078924502692823 0.43415953708769883
0.16609740288997932 1.8927790161070726 0.53399280813816152
0.17918038883998602 1.7622557598552604 0.61380713802332865
0.21186421924690738 1.6242907562351272 0.67396946676973701
0.26439036617282574 1.4944036709999342 0.73758389991726436
0.34209644142157702 1.3824892170890366 0.80811469448696172
0.43714129443624578 1.2984900755794508 0.89429642316429425
0.5372615484974228 1.2290345291833014 0.98804298045297589
0.64362836099984089 1.1842517939173511 1.0904188975438249
0.75378575195308017 1.1605075383222525 1.1947725619175231
0.87497282477956084 1.1501077733524721 1.2887541924020907
1.0086088033542857 1.128230614114617 1.3617849172579424
1.1462106033845578 1.0899782130929525 1.4187897088513122
1.2847611323058725 1.0362946212140496 1.4583045270412944
1.4211664218654589 0.96849161111664694 1.4792365232113267
1.5523421042667358 0.8882494786131433 1.4809405640342095
1.6749317929010819 0.79698753806523814 1.4636431881160101
1.7867108616703167 0.69686869701848919 1.4295588994620141
1.8850000666644968 0.58980269600974056 1.3787383623206662
1.9687273433079222 0.4773127286272062 1.3144268473006573
2.0333963453722173 0.36123336942441153 1.2362038833927225
2.0774644036765895 0.24458366568351012 1.1457274118685026
2.0964498605945101 0.1288906526088979 1.0457658488572956
2.0900380127129039 0.019448836919231521 0.93745041272126972
2.0610258284540874 -0.079373205928696275 0.82279199345310727
2.0130715012494065 -0.16329672820121971 0.70278444224555991
1.9494846312363101 -0.22977756666262947 0.57924002779542316
1.8719944834997904 -0.2774141632187308 0.45500082407545916
1.7822977806078006 -0.30556925209518881 0.33305807020140954
1.6811836620974274 -0.31617613451364501 0.21742504343200236
1.5700101146331442 -0.3095540750841726 0.11107543572440463
1.4503312623827938 -0.28554956460798148 0.017008044907752956
1.3167108608726426 -0.25294135313347321 -0.051124886645622175
1.1731528493763621 -0.23369472580997819 -0.10322720330518075
1.0312603616639981 -0.24193359373887749 -0.16321773227488195
0.90038907665305168 -0.28062503874843547 -0.2341662803105809
0.79044638974405967 -0.34035793481760995 -0.32441486646259926
0.69572146670145474 -0.41138718366242527 -0.4228023736444898
0.61769646224411678 -0.49210275584253327 -0.5278939057522225
0.55694771726430781 -0.58342975871804614 -0.63569130187185896
0.5059898625945195 -0.69091864655652935 -0.73309313278084709
0.44194262725733974 -0.80747429460185749 -0.8103083142461589
0.36175856872672268 -0.9240356324480874 -0.87050947120521793
0.26736687496705797 -1.0380188655027369 -0.91222158239150308
0.16099702420410641 -1.1468665153753661 -0.93432317129784315
0.045175695211036322 -1.2480726242554523 -0.93617795973993156
-0.077603730226373027 -1.3390236808790181 -0.91818557732940553
-0.20506551856389227 -1.4176192903975959 -0.88257422352912696
-0.33499416451759012 -1.4809468093965947 -0.8297369801092217
-0.46459569744454526 -1.5290434758661107 -0.76203970102743002
-0.59155715147380361 -1.5599470247807992 -0.68072911641691658
-0.71275679896307598 -1.5699290460366 -0.58641915094969477
-0.82441777299183649 -1.5582069762263617 -0.48103151210611955
-0.92159402714132166 -1.5241157217867589 -0.36645705932355493
-1.0005328074807738 -1.4739169420891272 -0.24406164837666275
-1.0593735446703971 -1.4122643232619461 -0.11580616544100611
-1.0967352700199329 -1.3409173533281589 0.015396394255204292
-1.1118817915927499 -1.2623866183810077 0.14689071630388001
-1.1050041395710013 -1.178106815025733 0.27545334589317638
-1.0787389800088465 -1.0870745445751606 0.39671983495274216
-1.0329754393528416 -0.99043550671959513 0.5073753417229977
-0.96843416257004267 -0.89050566569020706 0.6050970284115933
-0.89414793321403629 -0.77755678216546065 0.67739321435051569
-0.8348139387233382 -0.6502228994563819 0.73963011919361121
-0.79782949962851268 -0.51883260599995329 0.81087093942621502
-0.79810102745318356 -0.3907859938762947 0.89613121434061538
-0.81624148308416344 -0.27644876504512073 0.99775554613021744
-0.84870879874168037 -0.17414472970611417 1.1085384588499232
-0.89712242633996375 -0.088945255816910651 1.2276912636502944
-0.96151481578050468 -0.017060775980173276 1.3477473891043843
-1.0436171046003595 0.062116815927080279 1.4513106913507121
-1.1230535269200714 0.16213568520383392 1.537834105393743
-1.1969018186615179 0.27814411813493101 1.6072852643394349
-1.2638109589004045 0.40683760828033078 1.6584984308665762
-1.322588713666456 0.54514641624290983 1.6905092915476136
-1.3719887219510785 0.6900773270626438 1.7031250935134279
-1.4116457956242767 0.83881833427154651 1.6977188423074416
-1.438373696866325 0.98829734812584402 1.6704816564697387
-1.449423207404734 1.1347602285307521 1.62431036442396
-1.4493990498426781 1.2766940313294011 1.5655775278211093
-1.4355388648147815 1.4102954251490105 1.4908527406288097
-1.4074370456390639 1.5310302613472233 1.3994508987632459
-1.3602629708622909 1.6350983078907659 1.2957944038505629
-1.297914729518888 1.7161654149632684 1.1803529737182217
-1.2297480378951398 1.7753500424255737 1.0558376065047734
-1.1581527542915782 1.8130524170838476 0.92519545828573091
-1.085627704706621 1.8282234401283679 0.7905518722043241
-1.0137785915069135 1.8204468996783056 0.65478849318503363
-0.94237798869340161 1.7916853982180978 0.52129675401263476
-0.87247630533292808 1.7401543779099919 0.39378781632827364
-0.80451733715995943 1.6664757865051243 0.27675166728572925
-0.73694053499817036 1.5742054889316734 0.17390549627442689
-0.64334298820545133 1.4783263208678881 0.097440439249679864
-0.53744066373877786 1.4039797719670017 0.014045473352124901
-0.42275583165029562 1.3573168539101594 -0.076375813031041656
-0.3140700603569152 1.3439130756599731 -0.18452829002432039
-0.21519895775334028 1.3489528582971684 -0.30201970311054172
-0.12539665471372405 1.3695264444206341 -0.42506597397310159
-0.04540688690674359 1.4107938119230858 -0.55001319417998995
0.041361782751348747 1.4693524086244765 -0.66272823637722544
0.14688860833691475 1.5250016118644638 -0.76000820111126699
0.26854882238185673 1.5698466206778598 -0.84314773963215328
0.40328712623805985 1.6030215461774509 -0.9100534124125641
0.54779418146204717 1.6239776876937275 -0.95908521104593092
0.69861690009477573 1.6324248350977579 -0.98900065259518821
0.85217073493326012 1.6281751471815042 -0.999214319103363
1.0050235809860764 1.611347275295602 -0.99137686144899395
1.153689977019118 1.5809899061930324 -0.96543270644249057
1.2955856474119951 1.5388061235363895 -0.92315157842308482
1.4279630223992825 1.485294271664843 -0.86564676122531392
1.5464728865592052 1.4209120851004211 -0.79153003084247597
1.6462923479843514 1.3455660296767036 -0.7019369603274529
1.7235770134144233 1.2592553332415368 -0.60082199859064656
1.7782000847973962 1.1684555525706943 -0.48934830216310699
1.8106105359276645 1.0789171565071545 -0.36842976776073155
1.8204941250448734 0.99261227689990061 -0.24121470427871669
1.8086278023544595 0.91279986101458666 -0.10972558215686409
1.7715305767063019 0.84166894655531999 0.021990627539367716
1.716098055084202 0.77682883592096186 0.14980255142209431
1.6422564474345205 0.71927295272807157 0.27158613150097749
1.5500753001799863 0.67000996741822505 0.38464453970301743
1.4358587777032832 0.6235558547443103 0.47601250339918338
1.3192788757634388 0.55708341608515055 0.55133028588400035
1.2205187332073064 0.47201968299593949 0.63350810312727546
1.1543597179557521 0.36778114824638647 0.72510621800616182
1.1138627570869035 0.2617515574962696 0.82917708536331203
1.0932019481139645 0.15706390907573575 0.94025675081965954
1.0947334105481878 0.056654013704843617 1.057092067863131
1.1170465104069434 -0.04061334175490116 1.1743160567201247
1.1529762573987961 -0.15361781458435175 1.2722971651593094
1.1754887077096798 -0.28080785690318133 1.3561356404695648
1.1827589541895132 -0.41829038950088182 1.4253096220787136
1.1745967329197446 -0.56291617487145829 1.4781465467742214
1.1507956444404761 -0.71133668022515473 1.5128608429326214
1.1117293482400401 -0.85974070808999292 1.5281911543781441
1.058559401158601 -1.0043346390125309 1.5249018967965853
0.99323173419830857 -1.1422401698497044 1.5048264685122568
0.91597398387404616 -1.2701322805854522 1.4682642888755622
0.82941085953529403 -1.3868441752117233 1.417916494777925
0.73491294736912116 -1.4893910039062546 1.353084530808494
0.63383581940185285 -1.5735714404042465 1.2734515139212714
0.52648457658838843 -1.634223106390601 1.1815945069807445
0.41598988126620107 -1.6691331849474953 1.0805406651489207
0.30835728902653692 -1.6804802340077714 0.97126012338768086
0.20891960261127815 -1.6703761432858169 0.85417904212173124
0.12074075577215751 -1.6402301103980921 0.73148585315981185
0.04631845206107834 -1.5917284766193025 0.60545063433282431
-0.013367551857075756 -1.5236610863446292 0.48053213331118227
-0.059983178726851702 -1.437414067426743 0.36169159271781515
-0.092954676184033538 -1.3367246053371189 0.25045752452957576
-0.1120387134520465 -1.2227199234286978 0.14932172736106933
-0.12911092164229507 -1.0912661459946249 0.072400704235405761
-0.16629748656978516 -0.95795360612774094 0.0058420660667451302
-0.22650052968325918 -0.83640915744756528 -0.06610012254380962
-0.31187849728155498 -0.74132356658919429 -0.15128279276877321
-0.40388711334690364 -0.66835228084120646 -0.25058404407051121
-0.49991959442587069 -0.61430855718083055 -0.35791257337170485
-0.59881617168959911 -0.58036916977666031 -0.47084428631807257
-0.70533505912396 -0.568928225368176 -0.5812036426226509
-0.82922297158890323 -0.55363488259277005 -0.6711290143230989
-0.95995092885729949 -0.52171427896208933 -0.74573459976960055
-1.0942123070384131 -0.47365152530722215 -0.80366131481175929
-1.2289355460921922 -0.41067380605425952 -0.84366818266646837
-1.3610764033256533 -0.33424299837434102 -0.86482089077841595
-1.4867402348426362 -0.2450350946301969 -0.86444293860764498
-1.6037218807686644 -0.1466603961491435 -0.84535096986410774
-1.7089695793468316 -0.040629186130705548 -0.80815973855298362
-1.8016997245829429 0.070158478156648663 -0.7550423301295035
-1.8789327377307754 0.18386266702352791 -0.6857833718133447
-1.9403169710550026 0.2983802278001681 -0.60344255570658589
-1.981640580101818 0.41108349047877024 -0.50733937451156974
-1.9993737715334554 0.51973030349781113 -0.40006648690754248
-1.990654009144744 0.62198773906650195 -0.28567077882182634
-1.9589965428911564 0.71305547624369037 -0.16596863827258734
-1.9090130011221029 0.78891113251254408 -0.041942807668835576
-1.8440520728218819 0.84768191714300212 0.084577978011712809
-1.7661971344513594 0.88825050123713456 0.21137779457774508
-1.6735208026150745 0.9084565838334433 0.33304550731821936
-1.5690245662696121 0.9119562108557544 0.44594113296655352
-1.4557176442886297 0.89965731498874735 0.548915950205346
-1.3344490850349733 0.87070277904286753 0.63882766954188352
-1.1987943576239397 0.83797220119171889 0.70231919180688485
-1.0564211765655205 0.8234298064043899 0.75813252914683382
-0.91776290629608259 0.83495648836041414 0.8232273245726125
-0.79471197608376232 0.87553228801592564 0.90599976555786188
-0.68974623407275193 0.93240304472048463 1.0035385550527143
-0.60160353018615143 0.99820221139899157 1.1113065216784128
-0.53064474809189943 1.0734899381007594 1.2254131301344493
-0.47724419524370237 1.1610949366860979 1.3402339094881472
-0.42737222159322702 1.266256661149801 1.4410136664511386
-0.36125102045368424 1.3781985523610751 1.5237816033538627
-0.27915987841330081 1.4912563121930777 1.5889603554430456
-0.183028189559687 1.6027179597198888 1.6349776066544899
-0.074866547299946601 1.7097053580568589 1.660115526178368
0.042332278920411096 1.8097051661010291 1.6643594690989347
0.16569154781323114 1.9004300138131214 1.6476004981968204
0.29210052435916722 1.9808117250401232 1.6117561594640526
0.4199169105732482 2.0472526251148371 1.5573923314589877
0.54676201127321022 2.0996790028764791 1.4876370356329218
0.66992949847605576 2.1353079011791833 1.4024972424542863
0.78707414439063084 2.153932831296884 1.3045301730487135
0.89492285547922212 2.1508764027611744 1.1948473173253396
0.9896178992176865 2.1263811457116453 1.0759699948786194
1.0671687920012309 2.0831670778154692 0.95003800830912377
1.1230125279384295 2.0263827191284642 0.81811262708806931
1.1576321325202672 1.9601973349682993 0.68344311098821264
1.1701892917817167 1.8859073641209654 0.54922092016726465
1.1629291237891732 1.8039953486151481 0.41903875903112625
1.1365425497774519 1.7154177026340993 0.29579562090013101
1.0913132766323455 1.6198324578913774 0.18356672335642044
1.0260058057163981 1.5198252049659213 0.085926034169558574
0.94576168582703457 1.4137734167346749 0.009067599919776053
0.87471445168942163 1.2888993218908975 -0.047025031913098973
0.82872202866920275 1.1585686729527664 -0.11557311395856176
0.81317779453358252 1.0299138803338914 -0.19782968101795834
0.82284082382608215 0.91329766795076195 -0.29784361718633523
0.84747099372572021 0.80807783566600633 -0.4074958469290913
0.88644518969454345 0.71595301386999233 -0.52451929441033285
0.94011354994368823 0.63803395745195934 -0.64599914448914286
1.014503693481557 0.56813982963127907 -0.76142801306546104
1.0966971641049397 0.48219616778053731 -0.85957867811846367
1.1761121811425483 0.37854383930393765 -0.94155820924032629
1.2506978595223572 0.26000788967336719 -1.0059651400298815
1.3187549242687107 0.12934248731023629 -1.0513196989438929
1.3787046190215435 -0.010449370017767287 -1.0765100855189791
