1.7548170217994039 -2.9355392384738751e-05 -1.926186535293537e-05
1.751723267488533 0.06640400860787693 0.044115226476078302
1.7425833694046911 0.13035887984202649 0.087555260726588161
1.7267230969354721 0.19672552973553559 0.13162722800171489
1.7057703069188721 0.25903760140038018 0.17297370109426419
1.67791099902754 0.3217387023491971 0.2146209333468809
1.6448327494847921 0.38095343888171751 0.25390314608711012
1.6054402284891029 0.4394001570601615 0.29218797991123058
1.5613950702279349 0.49453948844951251 0.32749106385902949
1.511866605964703 0.54716040496005447 0.36070099250628562
1.4575365919132941 0.59644562604075502 0.39113040316801839
1.3987355815843661 0.64235545919722692 0.41847448845828278
1.3358064662426909 0.68456965350515286 0.44243314324440691
1.2687647604712959 0.72323555079296897 0.46296176647693382
1.199557735937107 0.7577526968013425 0.47906562361569749
1.127044260947818 0.78849821232168127 0.49088343098526183
1.0519566384920711 0.81520099501031096 0.49811989381001848
0.9751970839705727 0.83754348562300263 0.5006444639752905
0.89766311762999984 0.85565702737651361 0.49805543231943211
0.81902422596406377 0.86979604274125089 0.49019714368868328
0.73988094151576045 0.87995160490339652 0.47690110020154491
0.66199795695439834 0.88600260474183801 0.4579347238321318
0.58600970480347037 0.88860015897325006 0.43315596459898242
0.51019918151912991 0.88796893061462556 0.40155105070818881
0.43875615416279168 0.88449955387440704 0.36435563893211381
0.36934189405923162 0.87842264510184187 0.31950430899776361
0.30473685929245642 0.87094845316292469 0.26735185069359269
0.24947926671142251 0.86429390689394159 0.21098346079584551
0.2005306816472639 0.86025260663553527 0.14595745898621831
0.1577970265590706 0.86254625454089129 0.075558171530993187
0.1163590878494456 0.87253015605184669 3.3193212120823651e-05
0.076970266797640338 0.88879913360977736 -0.075482612424621703
0.041047234774837897 0.91205562479057845 -0.14589039838584589
0.003827172095367027 0.94408638245567966 -0.21091921947404171
-0.036971711271486303 0.98195460700224679 -0.26730795485852721
-0.084833130059976836 1.025966613611047 -0.31945909993650479
-0.13741775299123909 1.071684557675235 -0.36431915655416203
-0.1931759652117381 1.116485116250852 -0.40152039038481868
-0.25412729066843393 1.1615545288982001 -0.43312948896149162
-0.31713269601483901 1.2041222982461639 -0.45791594453809847
-0.38368984323916677 1.2450048075035809 -0.47688607972112679
-0.45368817916459547 1.283312488547363 -0.49018732500505391
-0.5256152825539836 1.31809909173516 -0.49805153643743388
-0.59898502192352143 1.3490208637327039 -0.50064417159064456
-0.67421950856289903 1.376069017184385 -0.49812455756759871
-0.75066087846260443 1.398604587517565 -0.49089150394385322
-0.82739192653976945 1.4163564464609291 -0.47907936939036389
-0.90368689346619868 1.429117514663401 -0.46297550315494901
-0.98063668630018364 1.437247785079043 -0.44245443498357251
-1.0563690522659499 1.4400877971765369 -0.41849682824804668
-1.130923464091004 1.437514121890785 -0.39115762394647419
-1.203848754834665 1.429579317421136 -0.36073041446100118
-1.2748450483145319 1.416126697510999 -0.32752535963504542
-1.342901959235411 1.3974088077823841 -0.29221712175169628
-1.4091173722431289 1.3732899549102651 -0.25394046066635362
-1.4706933601672589 1.344826598600424 -0.2146554178031482
-1.53008598685949 1.310483202901743 -0.1730127594956454
-1.583672511703097 1.2723867058563341 -0.13166218109949529
-1.635510752549566 1.2280285300817539 -0.087595341702694784
-1.6805014448062621 1.181662043202621 -0.044154064534904947
-1.722060293497967 1.1297361456442341 -1.797920434771454e-05
-1.7586044089671871 1.0741728708224529 0.044116076477179612
-1.78880271253648 1.01706058924528 0.0875559592411847
-1.8149800990389451 0.95404657773371226 0.13162803257996761
-1.8346558399146731 0.89132005378742352 0.17297537852211151
-1.8489710581276551 0.8242189038093195 0.2146225008859573
-1.857016524790712 0.75687141228818877 0.25390485161273729
-1.8595008049999751 0.68642978220875617 0.29219104615968861
-1.8562783930247779 0.6159315666016969 0.32749464223579311
-1.8471380828339949 0.54424893060799928 0.36070398132052889
-1.832154737258997 0.47244475639818628 0.39113269941467632
-1.81156849719014 0.40074075994475961 0.41847657350418033
-1.785471400577018 0.3296000478819307 0.44243549978812108
-1.7539593423699369 0.25890894356300892 0.46296451511783088
-1.71826027754719 0.1903066677877496 0.4790680813831682
-1.677666436377004 0.12281018151145 0.49088590321882941
-1.632615767170146 0.057071926747913428 0.4981224989375444
-1.5836463251703581 -0.006123932656737126 0.50064709211535985
-1.5315685880239971 -0.06634955910302319 0.49805872031671072
-1.4762618173639279 -0.12400834871300211 0.49020062043178481
-1.418204968300377 -0.17874279251918329 0.47690534719458672
-1.3587534792119069 -0.22941657914553709 0.45793934485582027
-1.2988026626143201 -0.27618562973091237 0.43315955945200901
-1.237099481608593 -0.3202353448505057 0.40155425316287929
-1.1772629161053361 -0.35942219104496947 0.36435872218717619
-1.1175315544265649 -0.39530736438329611 0.31950829705084549
-1.060872434889383 -0.4272331360682507 0.26735764837929799
-1.012250421195876 -0.45433289107525843 0.210983077903378
-0.97027787260543075 -0.47983312205274342 0.14596245215993289
-0.93705512386981205 -0.50680467570412302 0.07557003647330672
-0.90939658759961073 -0.53923953743391351 3.7310498582901148e-05
-0.88709077618087673 -0.57555542635005497 -0.075483338935964553
-0.87170159756554155 -0.61548804865375084 -0.14588817753384861
-0.86041531530134929 -0.66327849297954566 -0.21091988960484789
-0.84966493317194325 -0.71788919846083554 -0.2673067730933385
-0.83681635661219411 -0.78162915324810578 -0.31945665870990703
-0.82114646216693865 -0.84952302676659386 -0.36431711971767861
-0.80237150841186067 -0.9185427719524899 -0.40151930766300498
-0.77955017961045936 -0.99083434522109093 -0.43312917585551353
-0.75360041542620915 -1.062303733880203 -0.45791501209250979
-0.72378402271263886 -1.134500879248612 -0.47688450924080122
-0.68967179064418416 -1.206636645832639 -0.49018628036295753
-0.6519297260461534 -1.2770543267584911 -0.49804927283965572
-0.6107485016319818 -1.3451967176615409 -0.50064339303640193
-0.56578063529376299 -1.411300267612341 -0.49812352329571108
-0.51718640209746414 -1.4744624522805989 -0.4908914713976068
-0.46554178315987749 -1.5339271881606329 -0.47907875289541307
-0.41132117839255927 -1.589095258919422 -0.46297575405979619
-0.35384628950034452 -1.640901999435658 -0.44245491334028247
-0.29424841388462841 -1.687714651730047 -0.41849821807763271
-0.2324178378919784 -1.7294551692402489 -0.39115807821946108
-0.16875614127929339 -1.7659015818548791 -0.36073120197086422
-0.10341074943510201 -1.7967485634547109 -0.32752566094544999
-0.037351336784777429 -1.821608758523485 -0.29221901179894089
0.03039331083641289 -1.8410157830443279 -0.2539433356457621
0.096940185051253652 -1.8541837357600071 -0.2146582465161388
0.16517815407290351 -1.861309301975907 -0.1730147001798901
0.2309240278366968 -1.861987102164411 -0.1316638784750177
0.29893645954238152 -1.856570160281934 -0.087596898132147272
0.36258741478061629 -1.845504737676043 -0.044156812852092463
0.42673142662382307 -1.827923062730981 -2.0032588833953179e-05
0.48895629726877082 -1.8044522039053441 0.044114011596995711
0.54695632142511341 -1.775997378111958 0.087553946331691626
0.60517333384175809 -1.7404051986849589 0.1316260685822104
0.65796053376034214 -1.701222870677817 0.1729723939963905
0.70898391819146744 -1.6553526112855139 0.21461929696034271
0.75508140017463476 -1.6055924402432289 0.25390372333966321
0.79849431748000943 -1.550067692224504 0.29218825114987429
0.83732446429432128 -1.4911397656793219 0.32749121741159948
0.87206435401144045 -1.427776121956146 0.36070068247474618
0.90214840590937417 -1.360875865081965 0.39113018860482113
0.92764147869424907 -1.290765339823053 0.41847473324983331
0.9483441366316111 -1.2178719384226631 0.44243308915330648
0.96440101179520765 -1.1421634750458129 0.46296175328585359
0.97584288794067775 -1.065676856463984 0.47906587531873418
0.98267650352759395 -0.98721024096272347 0.49088404756323628
0.98486896602227703 -0.90754638256527953 0.49812087259363308
0.98239806843366817 -0.82763640714666264 0.50064606257713395
0.97566581836967914 -0.74830371292061049 0.49805735215965091
0.96481269728493979 -0.66914381655861233 0.49019955901132639
0.95001427492483492 -0.59073562560226311 0.47690353067370372
0.93170300992009936 -0.51479534061187149 0.45793788485249648
0.91069065409401195 -0.44172052631441733 0.43315799838134122
0.88666493631967558 -0.36981782689264309 0.40155473787310852
0.86128819229485598 -0.30294340154098132 0.36435965964874678
0.83405803052150207 -0.2388019541780082 0.31950732026434281
0.80698590274575677 -0.17967126940697881 0.2673577763596785
0.78357884909128483 -0.12916755537594979 0.21098234875520969
0.7646113957025471 -0.083867559664560817 0.1459633646161298
0.75358631385235941 -0.042519676199640678 0.075569811300076992
0.75027600487026636 -2.5594189140817899e-05 4.5713663594541629e-05
0.75357637097525954 0.04246593925255019 -0.075474873773062834
0.76459312289766757 0.083818569100520393 -0.14588491220683039
0.78355642524440117 0.1291185206722763 -0.2109201376098839
0.80695872880547692 0.17961254943177829 -0.26729958080579341
0.83402864919766195 0.2387344280659181 -0.31945435987620591
0.86126021602989089 0.30287398759390849 -0.36431571619911929
0.88663806942006951 0.36974562905425651 -0.40151698978960648
0.9106666873893382 0.44164240123902199 -0.433126544310171
0.9316809273365807 0.51471267262716847 -0.45791187379335452
0.94999663415492286 0.59065028242864248 -0.47688317900227828
0.96479969015540001 0.66906218314808863 -0.49018526278719521
0.97565642222363091 0.74821481182005123 -0.49804878247730888
0.98239334664206035 0.82755039347454229 -0.50064290788234767
0.98486845598368877 0.90746084575864583 -0.49812345045651413
0.98268049973736726 0.98712497847548575 -0.49089121624880983
0.97585207390566764 1.0655850645877829 -0.47907935982181638
0.96441326954234485 1.1420903015267481 -0.46297601806940691
0.94836619423428647 1.21778609618663 -0.44245480712122492
0.92766620544622913 1.29068902646106 -0.41849835112974321
0.90217901951255941 1.3607993482255261 -0.3911588875282101
0.87209855420451532 1.4277044178629139 -0.36073228975305782
0.83736566207074414 1.491066893564043 -0.32752825842829247
0.79853499700689901 1.550008592776688 -0.29222197171999381
0.75513294077583648 1.605531405193882 -0.25394447635461342
0.70903635261315467 1.655298955826626 -0.21466037330315549
0.65801917758533157 1.701172422610288 -0.17301733323628121
0.60522921233589144 1.740365124777606 -0.13166737432951189
0.54702096225966768 1.775960119944801 -0.08759979825329535
0.48902198212820391 1.8044216856600539 -0.04415965816678627
0.42679601435562509 1.827900176681464 -2.435199394999498e-05
0.36265666145657111 1.8454877934187861 0.044111256227183662
0.29900885342134809 1.856558526973779 0.087550647594482944
0.2309902605823918 1.8619836781438159 0.13162226532141841
0.1652550160597909 1.861312104439881 0.17296749291690011
0.097011852208815641 1.854193279820433 0.21461596922851561
0.030472139757369759 1.841031979459183 0.25389887679262391
-0.037288155680808267 1.821629262577467 0.29218457645191831
-0.10333876443344391 1.7967787551199841 0.32748717997629229
-0.16868862152577829 1.765936907531779 0.3606970163325009
-0.23234962395806311 1.7294966889204879 0.3911257952047178
-0.29418181799361448 1.687762896770556 0.41846971886715112
-0.35377715701667412 1.640957721560401 0.44242867015193882
-0.4112678025196097 1.5891478933073739 0.46295761384730549
-0.46548233297696801 1.53399416142677 0.47906155257681982
-0.51713377614354306 1.4745294137372389 0.4908804431994781
-0.56573150338015099 1.411369733766205 0.49811723865294022
-0.61070364841426483 1.3452683713909479 0.50064324723427123
-0.65188674908579869 1.2771307289860889 0.49805449574576621
-0.68963664812491166 1.206709209867793 0.49019755988754499
-0.72375160239562919 1.1345760395362281 0.4769011148952616
-0.75357466151456565 1.0623763165957869 0.45793611777706611
-0.77952603736638593 0.99090960000893769 0.43315719187587221
-0.80235330781786063 0.91861567206961781 0.40155399301205202
-0.82113072979419488 0.84959543283923367 0.36435798837385491
-0.83680334295588588 0.7816971399290622 0.31950560530579608
-0.84965637509802516 0.71795015979930388 0.26735903701076491
-0.86040594359683531 0.66333359055389229 0.21098470278486151
-0.87168686863699352 0.61553698048327166 0.14596751378539391
-0.88707315016571853 0.57560230522605238 0.07556921160614094
-0.90937481705101908 0.53927409485248168 3.7901523319035921e-05
-0.93702042386080919 0.50683850224561267 -0.075480721541766368
-0.97023802206727405 0.47986260783959622 -0.14588407760006869
-1.0122035383679451 0.45436063906068258 -0.21091458290102261
-1.0608202569921139 0.42726379305845602 -0.2673003454312784
-1.1174680153966621 0.39534478286855151 -0.31944961882402001
-1.1771993579998079 0.3594625223285533 -0.36431231275892589
-1.237041074445844 0.32027622376828979 -0.40151647732462831
-1.2987421143332181 0.2762308010991037 -0.43312504212239628
-1.3586946842988741 0.22946734777548081 -0.45791223237839829
-1.418145095662666 0.1787981434369959 -0.47688135812554311
-1.4762098536983701 0.1240644953448119 -0.4901838170406132
-1.5315176921740901 0.06640798864415963 -0.49804600532107413
-1.5835969794817051 0.0061882704907208607 -0.50064059632245439
-1.6325702352215841 -0.057008365367838487 -0.49811998795369811
-1.6776258123228649 -0.122743730190327 -0.49088758775838942
-1.718219100336386 -0.19023571226215549 -0.47907492895672749
-1.753930992368159 -0.25884910057446142 -0.46297312328841322
-1.785442211442138 -0.32952389283194572 -0.44245122736292269
-1.8115462573938941 -0.40066930198236522 -0.4184953552469633
-1.832136780178683 -0.47237313493014449 -0.39115501168975131
-1.847126178371467 -0.54417920782190776 -0.36072964281458347
-1.85627012171521 -0.61585588047812878 -0.32752589976970281
-1.8595001942650851 -0.68636545849901398 -0.29221953441973042
-1.857023443979416 -0.75679953610520245 -0.25393958993201182
-1.8489805017987351 -0.82415852820849467 -0.21465408314536649
-1.8346714025076181 -0.89125709590356861 -0.17301183229605821
-1.814998887313749 -0.95399010127677764 -0.1316644356546787
-1.7888285122590191 -1.016999363978814 -0.087597997806632771
-1.758635462626265 -1.0741160535939041 -0.044158821846226159
-1.722091725452072 -1.12968712829206 -2.3148331328267129e-05
-1.680541157912534 -1.181614374890523 0.044111198789979378
-1.6355558827939389 -1.2279816989069261 0.087551474140390773
-1.5837170461502219 -1.2723507315823801 0.13162387547258109
-1.530140407961101 -1.3104458311916189 0.17296990045928601
-1.470747310537756 -1.3447978392955049 0.21461743908464681
-1.409179548998899 -1.3732610611470051 0.25390021915856492
-1.3429560751917859 -1.397391966580001 0.29218553018479482
-1.274910808879266 -1.41611228372631 0.32748995406471859
-1.2039155676073969 -1.4295705226803159 0.36069823291758019
-1.1309928018052791 -1.4375090578637459 0.39112808057597942
-1.056436173313269 -1.440088588300342 0.41847256414328909
-0.98071249237972113 -1.4372524833845099 0.44243147192019311
-0.90374688041784212 -1.429128391818218 0.46296004732161983
-0.82747342325509843 -1.4163756620847561 0.47906351048342299
-0.75073416546928429 -1.3986266629589961 0.49088231477479022
-0.67429002698756946 -1.3760938319835589 0.49811925095595783
-0.59905509083126307 -1.3490501634674401 0.50064416734005079
-0.52568419859792448 -1.3181316696122909 0.49805528731952259
-0.4537544636433527 -1.283348265223744 0.49019750543592799
-0.38375851208238232 -1.245046027850726 0.47690211474899691
-0.31719303031533702 -1.204163655131872 0.4579364795986649
-0.254186617037158 -1.161597935706127 0.43315652596008591
-0.1932268485175242 -1.116527950035584 0.40155236665917571
-0.13746629211338759 -1.071727745344164 0.36435702926158209
-0.084878252160001555 -1.026008736826252 0.31950360331040129
-0.037006724192006783 -0.98198918470134522 0.26735236451441308
0.0037898269349892289 -0.94412280487703237 0.21097812598026919
0.041012423952205793 -0.91208473908339971 0.14595880951925211
0.07693239660260065 -0.88882242472259321 0.075559793106591125
0.116323292604361 -0.87254384947796515 3.7200459494187812e-05
0.15775422006550091 -0.86255283930072557 -0.075481313608480788
0.2004842701049559 -0.8602529249014782 -0.14588573391197751
0.24942385684987439 -0.86428895863351141 -0.21091543737197879
0.30468532427077699 -0.87094306804593813 -0.26730120604832103
0.36927387861766697 -0.87841776320682474 -0.31945251574165839
0.43868791174001132 -0.88449607877828829 -0.36431318729581541
0.51013305952542654 -0.88796762165012932 -0.40151645739046321
0.58593681630712036 -0.88860263606387224 -0.43312596842472828
0.66192884652688744 -0.88600800015109882 -0.45791253948625138
0.739807806273584 -0.87996067199475747 -0.47688282881559679
0.81895790281570169 -0.86980814431165676 -0.49018503338715419
0.89759124288228898 -0.8556732725888383 -0.49804791583465863
0.97512279742496533 -0.83756479397774097 -0.50064148664023744
1.0518877584102859 -0.81522445520777564 -0.49812146009776892
1.126977073906825 -0.7885254033633029 -0.49088865869720072
1.1994863142116019 -0.75778525480912517 -0.47907664644022119
1.268710884294646 -0.72326501384113295 -0.46297343076001568
1.335741820183989 -0.68461237349890403 -0.44245257330824461
1.3986810108607881 -0.64239596738726823 -0.41849560778103517
1.4574846401477879 -0.59648969728120238 -0.39115557382574262
1.51181930974903 -0.54720625936653411 -0.36072879329859781
1.561348659822692 -0.49459123706840358 -0.32752347547477251
1.6054057333788869 -0.43944612339190181 -0.29221642441709372
1.6447970621475909 -0.38101347886051579 -0.25394057640440748
1.6778837743734329 -0.32179324065038228 -0.21465598589024151
1.7057466856240979 -0.25909729716249302 -0.17301287225561171
1.7267074662608299 -0.19677848418361449 -0.13166221183550009
1.7425721224674151 -0.13042087922514931 -0.087595325517153239
1.751716840863812 -0.066465790704790653 -0.044155354744667842
