1.7548170217994039 -2.9355392384738751e-05 -1.926186535293537e-05
1.751659117486035 0.06685288726186181 0.044420118093044199
1.7419860848782791 0.13285819207818939 0.089214973959955216
1.7261316426057822 0.19848447184056853 0.13279435421777563
1.7040714806847839 0.26286103720192794 0.17551329795014736
1.6758027487035139 0.32551276806329971 0.21712459478250279
1.6414056800442292 0.38603818483622149 0.25723384899008084
1.6014589611885657 0.4443842330789653 0.29537904606420218
1.5560470786340006 0.50022139729424941 0.3310770102816108
1.5054208698680891 0.55300762466165188 0.3643111507977122
1.4498616427855129 0.60243796583168374 0.39469946537246903
1.3898036296212466 0.64834720329966589 0.4218751012348762
1.3256165378734577 0.69044663290419261 0.44555336815293961
1.2578446737173907 0.72868196654983264 0.46550277323472217
1.1869637180496349 0.76309252601901412 0.48111812044370056
1.1133893147751583 0.79335420653681787 0.49219940700262393
1.0376633293172299 0.8193613647265493 0.49858999114357849
0.96033262882511994 0.84101613047310175 0.50014810674329213
0.88201789338256564 0.85846998749501247 0.49649202412248794
0.8033200657238041 0.871811179927381 0.48755885038383728
0.72484185574793647 0.88112004376156217 0.47323872179461957
0.64727010922610784 0.88650605602678434 0.45313216840347215
0.57133932923531361 0.8884780076321287 0.42703998047843789
0.49768531599141214 0.88736123920513998 0.39503595191635971
0.4271421548546725 0.88348280005214086 0.35685136943405066
0.3605367868915581 0.87740397741980281 0.31239638024138117
0.29890412079345469 0.8702460297238368 0.26140186151516115
0.24376691000658182 0.86382228246195603 0.20339485089140533
0.19618218025031453 0.86048600420239363 0.13879375161759994
0.15475756314778577 0.86327857145358977 0.070018431491149655
0.11635803401016648 0.8725305913247775 3.1172803282740102e-05
0.079852447520043446 0.88760869093496353 -0.069956927892030604
0.044698241539340704 0.90969197111664002 -0.13873456302498532
0.0081648847202204985 0.94035344350004046 -0.2033406095011685
-0.032662876028324295 0.97795528331843284 -0.26135265044106842
-0.078312333268376166 1.0199702733697589 -0.31235385675502697
-0.12862068198111112 1.0640362381104935 -0.35681435607095319
-0.18340879923565573 1.108637402452231 -0.39500385029378809
-0.2423352443161588 1.1528351023881904 -0.4270141837933607
-0.30492074454450263 1.1958716484706449 -0.45311173780442271
-0.37084036043533941 1.2371120548603534 -0.47322371683470327
-0.43979985368255492 1.2757118858221064 -0.48754823335555475
-0.51130723936162636 1.3111791937068484 -0.49648715428458712
-0.58492266142584137 1.3430942636276331 -0.50014725596198495
-0.66021155338936266 1.3710329049172247 -0.49859368604665139
-0.73676099537053175 1.3945067829719979 -0.49220674201324766
-0.81407099066884692 1.4132746252099486 -0.48113002151657364
-0.89164088478572567 1.4271027036669257 -0.46551809961020463
-0.96894382110137889 1.436012354124667 -0.44557270307795283
-1.0456185272478811 1.4396846456215 -0.42189771038475093
-1.1211927760967879 1.437850032678504 -0.39472588047960844
-1.1951970128909697 1.4305206901595238 -0.36434025079967841
-1.2671835870885007 1.4175784173230941 -0.33110863458628553
-1.3367445586672047 1.3991022955309624 -0.29541160943947931
-1.4033607076857044 1.3753868102976727 -0.25726817378083433
-1.4667667773891566 1.346641652300105 -0.21716054972135201
-1.5264662786318639 1.3125762753738415 -0.17555068854998718
-1.5821560060242248 1.2734648417175998 -0.13283240788963371
-1.6335611865996662 1.229696780926645 -0.089252635781445405
-1.6801869458013436 1.1819861594420833 -0.044457732643937396
-1.7220594305886456 1.1297372238103152 -1.889562625643354e-05
-1.7588163297707839 1.0737720774275752 0.044420921908062065
-1.7897885624317307 1.0146874586563208 0.089215729550204306
-1.8155356040990467 0.95227562020409073 0.13279539192047252
-1.8355288288530502 0.88722800567388904 0.17551515658193204
-1.849483933644525 0.81992569361153234 0.21712663852975284
-1.8572326966209736 0.75074187181038499 0.25723635854907562
-1.85920959133636 0.68005876453526348 0.29538147917422558
-1.8552916682667346 0.60819320431634416 0.33107969311362923
-1.8453606293861582 0.53573090128140677 0.36431369783003431
-1.8294672761521644 0.46308405230513722 0.39470234583286012
-1.807863717636754 0.39064152709250566 0.42187781547119646
-1.7806811363180022 0.31885403223852238 0.44555619116792433
-1.7483270283583814 0.24808542308727416 0.46550520749626201
-1.7112097828889377 0.17858361812741447 0.48112064618912459
-1.6694739222203256 0.11085560697865665 0.4922018861756976
-1.6234973668258175 0.045304483162217746 0.49859259315062493
-1.5736637433182479 -0.017668352182973711 0.500150937044891
-1.5205649649360458 -0.077821130865461385 0.49649530288536847
-1.4647389131355153 -0.13487183448853352 0.48756182479140975
-1.4067206477747871 -0.18853151298329793 0.47324166015685154
-1.3471297778557354 -0.2384845036137746 0.45313485942007875
-1.2868601197742273 -0.28471137510311278 0.42704240765885998
-1.2266165789768402 -0.32710057666398062 0.39503788434599901
-1.1672668143902467 -0.36542760985130168 0.35685295973630782
-1.109807937516321 -0.39965939865549627 0.31239926261384854
-1.0557382887411735 -0.43009468153330882 0.26140488620678931
-1.0073546465797683 -0.45730729667408543 0.2033989225511659
-0.96689655498874449 -0.48257821067369278 0.13879811072821074
-0.9350240205339394 -0.50918652827991973 0.070023294223605495
-0.90939602013266885 -0.53924046132168602 3.5389229224883388e-05
-0.88872430627982357 -0.5728958908370495 -0.069952706060635375
-0.87326641697320473 -0.61142757577591733 -0.13872919520053717
-0.86173146312223303 -0.65770541872124744 -0.20333622794133135
-0.85080047788313362 -0.71212076185670548 -0.26135072180556923
-0.8385669760586042 -0.77294457999246136 -0.31235123318172608
-0.82376792931478338 -0.838164841834944 -0.35681226860461629
-0.80566055334413522 -0.90645171457403129 -0.39500213221068153
-0.78396653722183041 -0.97684456212734005 -0.42701207009005743
-0.75863097037507632 -1.0484488608933487 -0.45311009324012541
-0.72954149440853078 -1.12055978902432 -0.47322154625377016
-0.69644132613626508 -1.1923213811158921 -0.48754655829674176
-0.65943780640048144 -1.2630460415099858 -0.49648507702871414
-0.61864146545557919 -1.332136265139733 -0.50014619322852216
-0.57415311286138282 -1.398992579163429 -0.49859269282931928
-0.52602158973969582 -1.4629785844071606 -0.49220637095163405
-0.47450776551423096 -1.5236035613515939 -0.48112954981920508
-0.41988098448150624 -1.5803858763881307 -0.46551793425263871
-0.36257827728090758 -1.6330311564665321 -0.44557258322818277
-0.30270618940236982 -1.6810712789519808 -0.42189800957330476
-0.24048676178975503 -1.7240080089342593 -0.39472598138595238
-0.17630831850663151 -1.7615779495608643 -0.36434073759637098
-0.1104625416795291 -1.7934196905308428 -0.33110905940808905
-0.043326601214050083 -1.8193600821677698 -0.29541260005983966
0.024506757488395557 -1.8393294433971423 -0.25726923396420942
0.092699225407557595 -1.8533445565090478 -0.21716184235836966
0.16102036482508458 -1.8608751360266289 -0.17555207184672517
0.22906356221021773 -1.8619679218892067 -0.13283401704044273
0.2963777620787858 -1.8567739511935002 -0.089254743146710974
0.36214281141235266 -1.8455820299043124 -0.044460242834578736
0.42672945672201168 -1.8279236026749652 -2.1388056334226135e-05
0.48936242854675971 -1.8042529558027351 0.044418189335991141
0.54914823691164349 -1.7746573050637731 0.089213295777413784
0.60666312872409789 -1.7392993693961685 0.13279297162121623
0.66107197521103678 -1.6984256703741016 0.17551205108930676
0.71192233058428378 -1.6521807264673214 0.21712342170537385
0.75885645497507359 -1.6007641776070918 0.25723282904052752
0.80200296680572591 -1.5447430296439748 0.29537818832323415
0.84107471917217214 -1.4842995075240364 0.33107625925709827
0.87563331638516584 -1.4198395414587259 0.36431062713239193
0.90547579007330148 -1.3517249614839675 0.3946992289315564
0.93057970829175163 -1.2804199266830942 0.42187502854699138
0.95078459345889632 -1.206365139344459 0.44555320549144078
0.96620636882362698 -1.1300950299166106 0.46550274302642985
0.97702965524112539 -1.0520498661439568 0.48111829108494825
0.98307515317705418 -0.97272517255137791 0.49219990029438643
0.98440893801279339 -0.89266886311680826 0.4985910086798202
0.98110774824838365 -0.81243130101722338 0.50014990374854229
0.97350674679778793 -0.73255599569396235 0.49649415778709344
0.96187659366986011 -0.65358711954613713 0.48756154017943121
0.94647877445604167 -0.57607323536792454 0.47324168373552095
0.92763082917708117 -0.50063348964929288 0.45313555914769693
0.90604239609454817 -0.42780950392959161 0.42704371243799083
0.88222032666363781 -0.35810510612873164 0.39504020615574603
0.85673270170735494 -0.29221280940705419 0.35685605347873151
0.8303693635294026 -0.23074520271237164 0.31240177234259719
0.80451543818076332 -0.1743409259235143 0.26140771112339944
0.78136745198096957 -0.12388607253477181 0.20340184805783237
0.76348965737867824 -0.079660651623086651 0.13880122762876768
0.75334332907707713 -0.039400506652628002 0.070026157824867888
0.75027630949545632 -2.1672202599166974e-05 3.8743081373718986e-05
0.75333489049294544 0.039356927808565152 -0.069949199560357916
0.76347315469932731 0.07961464123923645 -0.13872699447888889
0.78134429363755487 0.12383413228737296 -0.20333356460472107
0.8044880534760579 0.17428169168892865 -0.2613473761851251
0.83034069630164742 0.2306797792022463 -0.31234889500127938
0.856704011720549 0.29214258387699632 -0.35680981298537268
0.88219236922852629 0.35803103425861743 -0.39500005919724657
0.90601744189959044 0.42773124978474547 -0.42701047975016898
0.92760851317004311 0.50055216008420178 -0.45310864859163291
0.94646051029545142 0.57598937982119769 -0.47322048197071143
0.96186206385929607 0.65350155421623102 -0.48754550035447258
0.97349670310471914 0.73246905661667894 -0.49648450017670998
0.98110204211536123 0.8123436924109968 -0.50014567714762426
0.98440758030887965 0.89258118650427531 -0.49859258392942973
0.98307838239474188 0.97263795348304816 -0.49220640734102422
0.97703754629714734 1.0519637310313059 -0.48112999785046973
0.96621940516736082 1.1300104696188953 -0.46551866311315737
0.95080476677889092 1.206283085011322 -0.44557328576232302
0.93060458552352543 1.2803403968029368 -0.42189898934886189
0.90550556290620476 1.3516486703790622 -0.39472718699705589
0.87566734487679454 1.4197667019398077 -0.3643421460906231
0.84111309861284878 1.4842305248583758 -0.33111074156423109
0.80204641945408328 1.5446785474285034 -0.29541468777238189
0.75890541263878197 1.6007054069397819 -0.25727152550364835
0.71197458764788168 1.6521267305776419 -0.21716437484631235
0.6611278138805099 1.6983772085720434 -0.17555477412207801
0.60672229647412057 1.7392566186123934 -0.13283689523122869
0.54921093574317048 1.7746209266953992 -0.089257756067914112
0.48942755151302336 1.8042226625104749 -0.044463421971794932
0.42679649344564885 1.8278999959159214 -2.4691800394820163e-05
0.36221205364022202 1.8455651273415592 0.044414699401984906
0.29644832247057401 1.8567627544784027 0.089209704868832673
0.22913488707982801 1.8619647230145797 0.13278923199652906
0.16109211492697353 1.86087784903025 0.17550809155614774
0.092771195902430589 1.8533544942392977 0.2171195164119579
0.024578762346258977 1.8393444494293116 0.25722873354843623
-0.043256000631151023 1.8193839543472432 0.29537425885084823
-0.11039336988861607 1.7934493359609502 0.33107222672540548
-0.17624076209884842 1.7616139838744174 0.36430679950791173
-0.24042073336088729 1.7240490736855643 0.39469506527226672
-0.30264236802279587 1.6811181233204564 0.42187109067431933
-0.3625163274768054 1.6330820938534516 0.44554928110961345
-0.41982378587397684 1.5804436878495247 0.46549909176009208
-0.47445383112038531 1.5236655463719124 0.48111441206685335
-0.52597090664062296 1.4630443018648183 0.49219639992090158
-0.57410564131493835 1.3990611830891611 0.4985875996790482
-0.61859775681930573 1.3322075302489 0.50014702707234215
-0.6593977393769348 1.2631191591581394 0.49649122351322239
-0.69640592552271008 1.1923961483381715 0.48755920593159108
-0.72950999958235652 1.1206353274246816 0.47323925091222152
-0.75860448874326702 1.0485248260587561 0.45313353170581328
-0.78394348939106318 0.97691953671922926 0.42704145346097805
-0.80564259704049546 0.90652521953942966 0.39503827337089487
-0.8237527959333506 0.83823588399377302 0.35685407605943203
-0.83855463381408668 0.77301129037196503 0.31240037073299642
-0.85079149520410891 0.71218282449811054 0.26140608734083226
-0.86172188080039291 0.65775804270015148 0.20340034799387044
-0.87325348728237806 0.61147086439547371 0.13879961603235105
-0.88871019301724941 0.57293565087206044 0.070024873065269444
-0.90937489231912283 0.53927400654313229 3.7695915838769592e-05
-0.93499581379212349 0.50921390416127621 -0.069950158740854723
-0.96686156904630782 0.48260461343537508 -0.13872782196798777
-1.0073114861068704 0.45733348379188743 -0.20333377230841534
-1.0556877422079507 0.43012443373200165 -0.2613476450435771
-1.1097534252967609 0.39969168179173847 -0.31234765610627924
-1.1672090673948579 0.36546396469924991 -0.35680885929215184
-1.2265579676228158 0.32714090242731131 -0.39499903005595771
-1.28680130956276 0.28475477077749289 -0.4270079377427381
-1.3470721462990574 0.23853301441108646 -0.45310693277532704
-1.4066641776712301 0.18858325621177069 -0.47321808697104195
-1.4646852529874133 0.13492794265873301 -0.48754356617836342
-1.5205131488264632 0.077879844076344101 -0.49648167386057929
-1.5736152122800282 0.017730271901141924 -0.50014330450648981
-1.6234511410599226 -0.045240798266410087 -0.49858933933154909
-1.6694321202061522 -0.11078926472372114 -0.49220285357624816
-1.711170491498702 -0.17851642061113576 -0.48112607621038689
-1.7482928794145987 -0.24801657360873539 -0.46551524004418365
-1.7806533762256884 -0.31878327586998956 -0.44556998889625399
-1.807840835276616 -0.39057033981014166 -0.42189584797292679
-1.8294488835627323 -0.46301288254872286 -0.39472403311259008
-1.8453478410071047 -0.53566015850657156 -0.36433929875936055
-1.8552836303660087 -0.60812306599571164 -0.33110807477271093
-1.8592081075044404 -0.67998946727264697 -0.29541219394237928
-1.857238851996464 -0.75067374091400307 -0.25726887467360177
-1.8494938439719135 -0.81985932890895608 -0.21716148739809293
-1.8355442689169474 -0.88716403003942235 -0.17555204263604782
-1.8155556622051687 -0.95221462102369925 -0.13283465674987779
-1.7898130787660707 -1.0146288664387251 -0.089255839495929287
-1.7588462969177401 -1.0737172148898686 -0.044462152182090667
-1.7220925463872423 -1.129685879918106 -2.4139815217184835e-05
-1.6802261382650583 -1.1819390726505685 0.044415399224256094
-1.633603879423474 -1.2296524250831713 0.089211030594872787
-1.5822042087557389 -1.2734264185456416 0.13279135844328047
-1.5265174613570969 -1.3125412849817049 0.17551037763885424
-1.4668223058247571 -1.3466123973876285 0.21712175454254296
-1.4034184161921353 -1.3753603371733862 0.25723086233824477
-1.3368062668255043 -1.3990838750586461 0.29537628030025964
-1.2672472902860781 -1.4175650214395412 0.33107459238522402
-1.195262902526729 -1.4305124711297166 0.36430889246055964
-1.1212603023663905 -1.4378457855167333 0.39469758440626668
-1.0456876360894951 -1.4396860196602215 0.4218733921129042
-0.96901377864586258 -1.4360176277241823 0.44555179956865215
-0.8917109372279759 -1.427116012462446 0.46550117204554592
-0.81414108788161133 -1.4132920303724343 0.48111685667248721
-0.73683079856189992 -1.3945284780263669 0.4921985409892588
-0.66028060305702829 -1.3710580569003952 0.49858941316810401
-0.58499039993763113 -1.3431233027501632 0.50014789700530238
-0.51137339999755105 -1.3112113285995759 0.4964919403385723
-0.43986373076961471 -1.275747166360881 0.48755902826166919
-0.37090186684203058 -1.2371498908638476 0.47323903838549825
-0.30497891509651909 -1.1959120728819428 0.45313275894371702
-0.24239037160198756 -1.1528765014612101 0.42704084624313149
-0.18345933452054614 -1.108680348529971 0.39503690121044205
-0.12866794009255814 -1.0640786309953416 0.35685273301459319
-0.078355808034224039 -1.0200111202603381 0.31239805319375724
-0.032701599195240683 -0.97799327098277566 0.26140337773041999
0.0081300171354776931 -0.94038713594625323 0.20339681186572633
0.044666889782455158 -0.90971805206524714 0.13879647667264272
0.079821300611352647 -0.88762856405796464 0.07002101275897496
0.11632526397698152 -0.87254337408421656 3.3607126201902043e-05
0.15472196389419632 -0.86328406363298116 -0.069954247371666459
0.1961424576151822 -0.86048661985514296 -0.1387319208196281
0.24372114520055477 -0.86381865763361376 -0.20333781622437777
0.29885300060434794 -0.87024078991949039 -0.26135022304969668
0.36047970171985899 -0.87740003193590965 -0.31235175543616533
0.42708140602774564 -0.88347974243781369 -0.35681217320358294
0.49762188159577836 -0.88735969946218096 -0.39500157504860156
0.57127334128883167 -0.8884797989066191 -0.42701142615044352
0.64720230857650285 -0.88651081609280202 -0.45310913604589331
0.72477301143125039 -0.88112812901357973 -0.47322055072284769
0.80325083124620456 -0.87182287942755021 -0.48754525544163568
0.88194862970312471 -0.85848513751165501 -0.4964837443458805
0.96026404479124083 -0.84103524424592535 -0.50014443447527757
1.0375957551481827 -0.81938375120009543 -0.49859063544943011
1.1133232947490284 -0.79338019469009025 -0.49220382680550651
1.1868995671417142 -0.76312138125474616 -0.48112707215203521
1.257783106658753 -0.72871437259891392 -0.46551548136379706
1.3255589944051971 -0.69048418622646279 -0.4455699446158416
1.3897490199599896 -0.64838709233181802 -0.42189545127757161
1.4498107160698692 -0.60248050491953731 -0.39472347171579708
1.5053737744914693 -0.55305258435615989 -0.36433821778026049
1.55600410888013 -0.5002687528564802 -0.33110655323390842
1.6014205463418747 -0.44443428021756681 -0.29541012728550414
1.6413738266323077 -0.38609146709458336 -0.25726687298769801
1.675775220705259 -0.32556723456237274 -0.21715951863371721
1.7040492387798445 -0.26291682020025431 -0.17554982796666668
1.726114541790384 -0.19854131686741072 -0.13283191151687621
1.741975464343239 -0.13291654024570732 -0.089252648902331116
1.7516530913896891 -0.066911633111733246 -0.044458182581745345
