29.5168340536938 -2.52817756943894e-15 0
29.4465248649984 1.30938227270632 0.818228526424538
29.2365647625215 2.60574205306453 1.62749236988824
28.8898366254479 3.87631924425905 2.41892506637278
28.4110806288838 5.10887290336353 3.18385551363752
27.8067987531118 6.29192684645328 3.91390297363025
27.0851239538192 7.41499882402056 4.60106889360703
26.2556567769558 8.4688083432205 5.23782453994989
25.3292728938222 9.44545867224608 5.81719348454781
24.3179056494566 10.3385891168437 6.33282804000303
23.2343082471483 11.1434942977313 6.7790788062225
22.0918006226198 11.8572078667602 7.15105656642756
20.9040063838542 12.4785488638458 7.44468585443605
19.6845853998136 13.0081297195885 7.65674960632267
18.4469677089561 13.4483257328654 7.78492440724455
17.2040943846609 13.8032066808211 7.8278059472605
15.9681708401486 14.0784320328217 7.78492440724455
14.7504377835683 14.2811120226072 7.65674960632267
13.5609646504698 14.4196375672618 7.44468585443605
12.4084698541203 14.5034826919621 7.15105656642756
11.3001716145266 14.5429837113695 6.7790788062225
10.2416724670242 14.5490999192819 6.33282804000303
9.23687982507811 14.5331609370108 5.81719348454781
8.28796419508229 14.506606159321 5.2378245399499
7.39535583013827 14.4807219084716 4.60106889360704
6.55777978243134 14.4663819582221 3.91390297363026
5.77232848766849 14.4737970195159 3.18385551363753
5.03457020782586 14.5122785894022 2.41892506637279
4.33869088749854 14.5900222586857 1.62749236988825
3.67766626099647 14.7139151583482 0.818228526424554
3.04346039739741 14.8893717088721 1.83398188798431e-14
2.42724630299745 15.1202012312648 -0.818228526424521
1.81964372717155 15.4085102968155 -1.62749236988822
1.21096894872875 15.7546419490238 -2.41892506637276
0.591491063331009 16.1571531416637 -3.1838555136375
-0.0483108460592833 16.6128309185183 -3.91390297363023
-0.717495291460327 17.1167470304842 -4.60106889360701
-1.42441624710536 17.662349862295 -5.23782453994987
-2.17649661129606 18.2415917417092 -5.81719348454779
-2.98002223573779 18.8450889457875 -6.33282804000301
-3.83996105140948 19.4623110181114 -6.77907880622249
-4.75981127873484 20.0817953824906 -7.15105656642755
-5.74148208268571 20.6913826963505 -7.44468585443605
-6.78520933392859 21.2784679422034 -7.65674960632267
-7.88950838024494 21.830261917934 -7.78492440724455
-9.05116493446644 22.3340575633081 -7.8278059472605
-10.2652643632044 22.7774954559205 -7.78492440724456
-11.5252588323694 23.1488228269857 -7.65674960632268
-12.8230709486576 23.4371405855493 -7.44468585443607
-14.1492317483713 23.6326330959095 -7.15105656642758
-15.493050143054 23.7267758217788 -6.77907880622253
-16.8428102514015 23.7125164240795 -6.33282804000305
-18.1859924433553 23.5844254670962 -5.81719348454784
-19.5095134081733 23.3388135378199 -5.23782453994994
-20.7999801446431 22.9738123017741 -4.60106889360708
-22.0439524673599 22.4894177899912 -3.9139029736303
-23.2282084346668 21.8874950195757 -3.18385551363758
-24.3400070355269 21.1717438771082 -2.41892506637283
-25.3673425257307 20.3476270222933 -1.62749236988829
-26.299184977335 19.4222613809651 -0.818228526424593
-27.1257018953602 18.4042755744282 -6.44895910235144e-14
-27.8384561563549 17.3036363594597 0.818228526424479
-28.43057602587 16.13144781452 1.62749236988818
-28.8968936054329 14.8997275886517 2.41892506637271
-29.2340487315343 13.6211650177302 3.18385551363746
-29.4405560850566 12.3088662977019 3.9139029736302
-29.5168340536938 10.9760921779684 4.60106889360698
-29.4651947054463 9.63599379428059 5.23782453994984
-29.289795060724 8.30135229606965 5.81719348454777
-28.9965506761859 6.98432783730676 6.33282804000298
-28.5930133574776 5.69622329460897 6.77907880622246
-28.0882155832672 4.44726775581905 7.15105656642753
-27.4924849330169 3.2464243935705 7.44468585443603
-26.8172324505326 2.10122681062405 7.65674960632265
-26.0747194308119 1.01764732836456 7.78492440724454
-25.2778075771297 9.4206208965833e-14 7.8278059472605
-24.4396978288341 -0.949119619476557 7.78492440724456
-23.5736634003792 -1.82885670751978 7.65674960632268
-22.6927826935638 -2.64008099293384 7.44468585443608
-21.8096777451639 -3.38533256834992 7.15105656642759
-20.9362637511549 -4.06873092472056 6.77907880622254
-20.0835149691049 -4.69584922932888 6.33282804000306
-19.2612519472321 -5.27355661834637 5.81719348454784
-18.4779545696335 -5.8098319648949 5.23782453994993
-17.7406048521567 -6.31355319905808 4.60106889360706
-17.0545627842051 -6.7942667841233 3.91390297363028
-16.4234778021615 -7.26194238217995 3.18385551363754
-15.8492377152922 -7.72671806283636 2.41892506637279
-15.3319561013772 -8.19864161435545 1.62749236988825
-14.869998364122 -8.68741360252486 0.818228526424546
-14.4600458153542 -9.20213778721407 2.87579426985114e-15
-14.0971963298674 -9.75108435057625 -0.81822852642454
-13.7750993370312 -10.3414711175645 -1.62749236988825
-13.4861221777433 -10.9792675647032 -2.41892506637279
-13.2215441837334 -11.6690259251332 -3.18385551363753
-12.9717742430357 -12.4137431172957 -3.91390297363027
-12.726587113341 -13.2147565636857 -4.60106889360705
-12.4753733446918 -14.0716762390645 -5.23782453994993
-12.2073973831556 -14.9823545099743 -5.81719348454784
-11.9120582539235 -15.9428945160174 -6.33282804000305
-11.5791471694238 -16.9476970155563 -6.77907880622253
-11.1990964766458 -17.9895447920284 -7.15105656642759
-10.7632145464392 -19.0597229096649 -7.44468585443608
-10.2639015120423 -20.148172336403 -7.65674960632268
-9.69484117793862 -21.2436737337082 -7.78492440724456
-9.05116493446644 -22.3340575633083 -7.8278059472605
-8.32958411734167 -23.4064360934104 -7.78492440724454
-7.52848793145341 -24.447452414024 -7.65674960632265
-6.64800480032823 -25.4435412026827 -7.44468585443603
-5.69002579060937 -26.3811957260772 -7.15105656642753
-4.65818957783391 -27.2472354253561 -6.77907880622245
-3.55782924817717 -28.0290684161071 -6.33282804000296
-2.39588205287789 -28.7149433386542 -5.81719348454774
-1.18076403011296 -29.2941852180684 -5.23782453994982
0.077787833983039 -29.7574103314104 -4.60106889360693
1.36890253391042 -30.096715524949 -3.91390297363014
2.68078706462092 -30.305837966904 -3.1838555136374
4.0009589928929 -30.3802819500093 -2.41892506637265
5.31649459681815 -30.3174100594117 -1.62749236988812
6.61428725319689 -30.1164967800795 -0.818228526424381
7.88131053014318 -29.7787434177442 1.49120350591254e-13
9.10488033875428 -29.3072540312804 0.818228526424691
10.2729105155208 -28.7069729047028 1.6274923698884
11.3741563458787 -27.9845849058118 2.41892506637295
12.3984407959562 -27.1483808684217 3.18385551363769
13.336858588654 -26.2080908791127 3.9139029736304
14.1819537337943 -25.1746890316249 4.60106889360718
14.9278666900363 -24.0601738177491 5.23782453995004
15.5704479863945 -22.8773288398733 5.81719348454795
16.1073358495675 -21.6394689461776 6.33282804000315
16.5379961544766 -20.360177195917 6.7790788062226
16.8637238228874 -19.0530382527463 7.15105656642765
17.0876056214078 -17.7313738745492 7.44468585443612
17.214445137801 -16.4079861172502 7.65674960632272
17.2506515256612 -15.0949136987193 7.78492440724458
17.2040943846609 -13.8032066808207 7.8278059472605
17.0839278701282 -12.5427242291187 7.78492440724453
16.9003877860409 -11.3219597092865 7.65674960632262
16.6645659954781 -10.1478967876418 7.44468585443598
16.3881669696833 -9.02589953314958 7.15105656642746
16.0832516807207 -7.95963878409347 6.77907880622238
15.7619743150011 -6.95105626018241 6.33282804000287
15.4363174398648 -6.00036708692902 5.81719348454764
15.1178312896075 -5.10610057119517 5.23782453994969
14.8173827500788 -4.26517824261472 4.6010688936068
14.5449194141278 -3.4730273728759 3.91390297363001
14.3092537581545 -2.72372742080512 3.18385551363726
14.11787205974 -2.010186142245 2.4189250663725
13.9767721469975 -1.32434146507901 1.62749236988794
13.8903334532547 -0.657384675134538 0.81822852642423
13.8612221591728 2.300220328133e-13 -2.87211518820445e-13
13.8903334532548 0.657384675135016 -0.818228526424829
13.9767721469976 1.32434146507948 -1.62749236988852
14.1178720597401 2.01018614224548 -2.41892506637305
14.3092537581547 2.72372742080561 -3.18385551363776
14.544919414128 3.47302737287641 -3.91390297363048
14.817382750079 4.26517824261524 -4.60106889360723
15.1178312896076 5.10610057119568 -5.23782453995006
15.436317439865 6.00036708692957 -5.81719348454796
15.7619743150013 6.95105626018297 -6.33282804000315
16.0832516807208 7.95963878409407 -6.77907880622261
16.3881669696834 9.02589953315016 -7.15105656642764
16.6645659954783 10.1478967876425 -7.44468585443611
16.900387786041 11.3219597092872 -7.65674960632271
17.0839278701283 12.5427242291194 -7.78492440724458
17.2040943846609 13.8032066808214 -7.8278059472605
17.2506515256612 15.0949136987199 -7.78492440724454
17.214445137801 16.4079861172508 -7.65674960632264
17.0876056214078 17.7313738745497 -7.44468585443601
16.8637238228873 19.0530382527469 -7.15105656642751
16.5379961544764 20.3601771959175 -6.77907880622245
16.1073358495673 21.639468946178 -6.33282804000296
15.5704479863943 22.8773288398737 -5.81719348454775
14.927866690036 24.0601738177495 -5.23782453994982
14.1819537337941 25.1746890316252 -4.60106889360697
13.3368585886537 26.208090879113 -3.91390297363018
12.3984407959559 27.148380868422 -3.18385551363744
11.3741563458784 27.984584905812 -2.41892506637272
10.2729105155205 28.706972904703 -1.62749236988818
9.104880338754 29.3072540312805 -0.818228526424494
7.88131053014288 29.7787434177442 4.98683179879543e-14
6.61428725319661 30.1164967800796 0.818228526424565
5.31649459681789 30.3174100594118 1.62749236988827
4.00095899289267 30.3802819500093 2.41892506637279
2.68078706462068 30.3058379669039 3.18385551363753
1.36890253391021 30.096715524949 3.91390297363024
0.0777878339828377 29.7574103314103 4.60106889360703
-1.18076403011311 29.2941852180683 5.23782453994987
-2.395882052878 28.7149433386541 5.8171934845478
-3.55782924817728 28.029068416107 6.33282804000302
-4.65818957783399 27.247235425356 6.77907880622248
-5.69002579060942 26.3811957260772 7.15105656642755
-6.64800480032826 25.4435412026827 7.44468585443604
-7.52848793145342 24.447452414024 7.65674960632265
-8.3295841173417 23.4064360934104 7.78492440724455
-9.05116493446643 22.3340575633083 7.8278059472605
-9.6948411779386 21.2436737337083 7.78492440724456
-10.2639015120423 20.148172336403 7.65674960632269
-10.7632145464392 19.059722909665 7.44468585443609
-11.1990964766457 17.9895447920285 7.15105656642761
-11.5791471694237 16.9476970155564 6.77907880622257
-11.9120582539235 15.9428945160175 6.3328280400031
-12.2073973831556 14.9823545099744 5.81719348454792
-12.4753733446917 14.0716762390645 5.23782453994998
-12.7265871133409 13.2147565636859 4.60106889360715
-12.9717742430356 12.4137431172959 3.9139029736304
-13.2215441837334 11.6690259251333 3.1838555136377
-13.4861221777432 10.9792675647033 2.41892506637293
-13.7750993370311 10.3414711175647 1.62749236988842
-14.0971963298673 9.75108435057639 0.818228526424743
-14.4600458153541 9.20213778721421 2.01379859476451e-13
-14.8699983641219 8.68741360252501 -0.818228526424315
-15.3319561013771 8.19864161435557 -1.62749236988803
-15.849237715292 7.7267180628365 -2.41892506637255
-16.4234778021613 7.2619423821801 -3.1838555136373
-17.0545627842049 6.79426678412346 -3.91390297363002
-17.7406048521564 6.31355319905825 -4.60106889360685
-18.4779545696332 5.80983196489509 -5.23782453994971
-19.2612519472318 5.27355661834659 -5.81719348454763
-20.0835149691046 4.69584922932913 -6.33282804000285
-20.9362637511545 4.06873092472085 -6.77907880622234
-21.8096777451635 3.38533256835022 -7.15105656642745
-22.6927826935634 2.64008099293419 -7.44468585443596
-23.5736634003788 1.82885670752018 -7.65674960632261
-24.4396978288337 0.949119619477019 -7.78492440724452
-25.2778075771293 3.81533574301791e-13 -7.8278059472605
-26.0747194308115 -1.01764732836403 -7.78492440724459
-26.8172324505322 -2.10122681062347 -7.65674960632274
-27.4924849330165 -3.24642439356987 -7.44468585443617
-28.0882155832669 -4.44726775581836 -7.15105656642773
-28.5930133574773 -5.69622329460828 -6.77907880622268
-28.9965506761857 -6.98432783730603 -6.33282804000325
-29.2897950607239 -8.3013522960689 -5.81719348454808
-29.4651947054462 -9.63599379427979 -5.23782453995021
-29.5168340536938 -10.9760921779677 -4.60106889360735
-29.4405560850567 -12.3088662977011 -3.91390297363061
-29.2340487315345 -13.6211650177294 -3.1838555136379
-28.8968936054331 -14.899727588651 -2.4189250663732
-28.4305760258704 -16.1314478145193 -1.62749236988867
-27.8384561563553 -17.303636359459 -0.818228526424993
-27.1257018953607 -18.4042755744275 -4.52628036940856e-13
-26.2991849773355 -19.4222613809645 0.818228526424065
-25.3673425257314 -20.3476270222927 1.62749236988775
-24.3400070355276 -21.1717438771077 2.41892506637233
-23.2282084346676 -21.8874950195753 3.18385551363707
-22.0439524673607 -22.4894177899908 3.91390297362981
-20.799980144644 -22.9738123017738 4.6010688936066
-19.5095134081741 -23.3388135378197 5.23782453994952
-18.1859924433562 -23.584425467096 5.81719348454746
-16.8428102514024 -23.7125164240794 6.33282804000272
-15.4930501430549 -23.7267758217788 6.77907880622223
-14.1492317483723 -23.6326330959096 7.15105656642733
-12.8230709486586 -23.4371405855495 7.44468585443588
-11.5252588323703 -23.148822826986 7.65674960632256
-10.2652643632054 -22.7774954559208 7.78492440724449
-9.05116493446737 -22.3340575633085 7.8278059472605
-7.88950838024579 -21.8302619179344 7.78492440724461
-6.78520933392941 -21.2784679422038 7.6567496063228
-5.74148208268651 -20.691382696351 7.44468585443625
-4.7598112787356 -20.0817953824911 7.15105656642783
-3.83996105141021 -19.4623110181119 6.77907880622282
-2.98002223573846 -18.845088945788 6.3328280400034
-2.17649661129669 -18.2415917417097 5.81719348454823
-1.42441624710597 -17.6623498622955 5.23782453995038
-0.717495291460914 -17.1167470304847 4.60106889360758
-0.0483108460598265 -16.6128309185188 3.91390297363083
0.591491063330476 -16.1571531416641 3.18385551363813
1.21096894872822 -15.7546419490241 2.41892506637343
1.81964372717102 -15.4085102968158 1.62749236988894
2.42724630299693 -15.120201231265 0.818228526425215
3.04346039739686 -14.8893717088723 7.03876214405261e-13
3.67766626099589 -14.7139151583483 -0.818228526423815
4.33869088749793 -14.5900222586858 -1.62749236988751
5.03457020782519 -14.5122785894023 -2.41892506637207
5.7723284876678 -14.473797019516 -3.18385551363684
6.5577797824306 -14.4663819582221 -3.91390297362961
7.39535583013746 -14.4807219084716 -4.60106889360642
8.2879641950814 -14.506606159321 -5.23782453994931
9.23687982507718 -14.5331609370107 -5.81719348454729
10.2416724670232 -14.5490999192819 -6.33282804000257
11.3001716145255 -14.5429837113696 -6.77907880622211
12.4084698541192 -14.5034826919622 -7.15105656642723
13.5609646504686 -14.4196375672619 -7.4446858544358
14.7504377835671 -14.2811120226074 -7.6567496063225
15.9681708401474 -14.0784320328219 -7.78492440724447
17.2040943846596 -13.8032066808214 -7.8278059472605
18.4469677089548 -13.4483257328658 -7.78492440724464
19.6845853998124 -13.008129719589 -7.65674960632285
20.904006383853 -12.4785488638464 -7.44468585443632
22.0918006226186 -11.8572078667609 -7.15105656642792
23.2343082471471 -11.1434942977321 -6.77907880622295
24.3179056494554 -10.3385891168446 -6.33282804000356
25.3292728938212 -9.4454586722471 -5.8171934845484
26.2556567769548 -8.46880834322162 -5.23782453995057
27.0851239538183 -7.41499882402179 -4.60106889360778
27.806798753111 -6.29192684645461 -3.91390297363105
28.4110806288832 -5.10887290336489 -3.18385551363836
28.8898366254474 -3.87631924426049 -2.41892506637367
29.2365647625212 -2.60574205306602 -1.62749236988919
29.4465248649983 -1.30938227270786 -0.818228526425493
