-3.86209786872923 -53.2631315232495 4.27924358091281
-4.61819822561389 -52.905340164542 4.93507994860114
-5.37429858249856 -52.5475488058345 5.59091631628948
-6.13039893938323 -52.1897574471271 6.24675268397781
-6.8864992962679 -51.8319660884196 6.90258905166615
-7.64259965315256 -51.4741747297122 7.55842541935448
-8.39870001003723 -51.1163833710047 8.21426178704282
-9.1548003669219 -50.7585920122973 8.87009815473115
-9.86547422163279 -50.2489426765067 9.45996708145697
-10.5498277114603 -49.6513059946513 10.0116141105356
-11.2341812012878 -49.0536693127959 10.5632611396142
-11.9185346911153 -48.4560326309405 11.1149081686928
-12.6028881809429 -47.8583959490851 11.6665551977714
-13.2872416707704 -47.2607592672298 12.21820222685
-13.9715951605979 -46.6631225853744 12.7698492559287
-14.6283837949784 -46.0127903832396 13.280651583174
-15.2078444246541 -45.2146308345074 13.6768718005441
-15.7873050543299 -44.4164712857751 14.0730920179141
-16.3667656840057 -43.6183117370429 14.4693122352842
-16.9462263136814 -42.8201521883107 14.8655324526543
-17.5256869433572 -42.0219926395784 15.2617526700244
-18.105147573033 -41.2238330908462 15.6579728873945
-18.6846082027087 -40.425673542114 16.0541931047646
-19.1485502028176 -39.4987629243915 16.2731082555342
-19.5983825565238 -38.5561264270925 16.4703670569816
-20.04821491023 -37.6134899297935 16.667625858429
-20.4980472639362 -36.6708534324945 16.8648846598764
-20.9478796176424 -35.7282169351954 17.0621434613238
-21.3977119713487 -34.7855804378964 17.2594022627711
-21.8475443250549 -33.8429439405974 17.4566610642185
-22.2244863436734 -32.8621686020003 17.5371824840007
-22.5323288273281 -31.8452379048829 17.5070376710612
-22.8401713109828 -30.8283072077656 17.4768928581217
-23.1480137946374 -29.8113765106482 17.4467480451823
-23.4558562782921 -28.7944458135308 17.4166032322428
-23.7636987619468 -27.7775151164134 17.3864584193033
-24.0715412456014 -26.760584419296 17.3563136063638
-24.3617315463188 -25.7438593196929 17.2960116250097
-24.5327019990942 -24.7285227908106 17.0320332459244
-24.7036724518697 -23.7131862619283 16.7680548668392
-24.8746429046451 -22.697849733046 16.5040764877539
-25.0456133574205 -21.6825132041637 16.2400981086687
-25.2165838101959 -20.6671766752814 15.9761197295834
-25.3875542629713 -19.651840146399 15.7121413504982
-25.5585247157468 -18.6365036175167 15.4481629714129
-25.6483646638589 -17.6702033822311 15.02882114269
-25.708400034969 -16.7219174067416 14.5524040878577
-25.7684354060791 -15.7736314312521 14.0759870330255
-25.8284707771893 -14.8253454557626 13.5995699781932
-25.8885061482994 -13.877059480273 13.1231529233609
-25.9485415194095 -12.9287735047835 12.6467358685287
-26.0085768905197 -11.980487529294 12.1703188136964
-26.0476583169936 -11.0637862815696 11.6420932120704
-26.0413163895895 -10.2155534912798 11.0015585442628
-26.0349744621855 -9.36732070098996 10.3610238764551
-26.0286325347815 -8.51908791070014 9.72048920864749
-26.0222906073774 -7.67085512041033 9.07995454083986
-26.0159486799734 -6.82262233012051 8.43941987303222
-26.0096067525694 -5.9743895398307 7.79888520522459
-26.0032648251653 -5.12615674954089 7.15835053741695
-25.9818392276392 -4.34916158983722 6.43459631145824
-25.9581648196531 -3.58278718274319 5.69843495836555
-25.934490411667 -2.81641277564915 4.96227360527287
-25.9108160036808 -2.05003836855512 4.22611225218019
-25.8871415956947 -1.28366396146108 3.48995089908751
-25.8634671877086 -0.517289554367042 2.75378954599482
-25.8397927797224 0.249084852726995 2.01762819290214
-25.8197411874972 1.00829189323729 1.27409527697912
-25.8053341605666 1.75633174464853 0.519077021898388
-25.790927133636 2.50437159605976 -0.235941233182348
-25.7765201067054 3.252411447471 -0.990959488263083
-25.7621130797748 4.00045129888223 -1.74597774334382
-25.7477060528443 4.74849115029347 -2.50099599842455
-25.7332990259137 5.4965310017047 -3.25601425350529
-25.7188919989831 6.24457085311594 -4.01103250858603
-25.6991756197013 7.04397434833717 -4.71085496885582
-25.6788666999807 7.84911018792378 -5.40451740464316
-25.6585577802602 8.65424602751039 -6.0981798404305
-25.6382488605397 9.459381867097 -6.79184227621784
-25.6179399408192 10.2645177066836 -7.48550471200519
-25.5976310210987 11.0696535462702 -8.17916714779253
-25.5773221013782 11.8747893858568 -8.87282958357988
-25.5338940322416 12.7218418719522 -9.5073814542345
-25.4593619873743 13.6252880571518 -10.0624073202674
-25.384829942507 14.5287342423515 -10.6174331863003
-25.3102978976397 15.4321804275512 -11.1724590523332
-25.2357658527725 16.3356266127508 -11.7274849183661
-25.1612338079052 17.2390727979505 -12.282510784399
-25.0867017630379 18.1425189831501 -12.8375366504319
-25.0121697181706 19.0459651683498 -13.3925625164647
-24.8318121820135 20.0309980777305 -13.7474806056129
-24.6495570068986 21.0174939819375 -14.098810407019
-24.4673018317836 22.0039898861445 -14.4501402084251
-24.2850466566687 22.9904857903516 -14.8014700098313
-24.1027914815537 23.9769816945586 -15.1527998112374
-23.9205363064387 24.9634775987656 -15.5041296126435
-23.7382811313238 25.9499735029726 -15.8554594140497
-23.4772104571138 26.9479359152643 -16.0707119968611
-23.1546253056958 27.9548477887448 -16.1797580713347
-22.8320401542778 28.9617596622252 -16.2888041458084
-22.5094550028598 29.9686715357057 -16.3978502202821
-22.1868698514418 30.9755834091862 -16.5068962947558
-21.8642847000237 31.9824952826667 -16.6159423692295
-21.5416995486057 32.9894071561472 -16.7249884437032
-21.1965060668811 33.9865527043723 -16.7958295452662
-20.7271446441256 34.9300603022513 -16.6568438812463
-20.25778322137 35.8735679001302 -16.5178582172265
-19.7884217986145 36.8170754980092 -16.3788725532067
-19.319060375859 37.7605830958882 -16.2398868891868
-18.8496989531034 38.7040906937671 -16.100901225167
-18.3803375303479 39.6475982916461 -15.9619155611471
-17.9109761075924 40.5911058895251 -15.8229298971273
-17.3430038225698 41.4254378084536 -15.5152639991012
-16.7426250936179 42.2238913724318 -15.1521647905893
-16.142246364666 43.02234493641 -14.7890655820774
-15.541867635714 43.8207985003883 -14.4259663735654
-14.9414889067621 44.6192520643665 -14.0628671650535
-14.3411101778101 45.4177056283447 -13.6997679565415
-13.7407314488582 46.216159192323 -13.3366687480296
-13.1047513484652 46.9401714414192 -12.9106207707258
-12.4038502083459 47.5284358986436 -12.3697822852466
-11.7029490682266 48.116700355868 -11.8289437997675
-11.0020479281073 48.7049648130924 -11.2881053142883
-10.301146787988 49.2932292703168 -10.7472668288091
-9.60024564786866 49.8814937275412 -10.2064283433299
-8.89934450774935 50.4697581847656 -9.66558985785073
-8.19844336763005 51.05802264199 -9.12475137237155
-7.43710296793861 51.4025499665463 -8.47040788335588
-6.67312033183889 51.7364217812478 -7.81110227112773
-5.90913769573917 52.0702935959493 -7.15179665889958
-5.14515505963945 52.4041654106508 -6.49249104667143
-4.38117242353973 52.7380372253523 -5.83318543444329
-3.61718978744001 53.0719090400538 -5.17387982221514
-2.85320715134028 53.4057808547553 -4.51457420998699
-2.07618007297466 53.5831175474653 -3.82551117902347
-1.28904949689663 53.6392108619831 -3.1133997105728
-0.501918920818601 53.6953041765008 -2.40128824212214
0.285211655259431 53.7513974910185 -1.68917677367147
1.07234223133746 53.8074908055363 -0.977065305220809
1.85947280741549 53.863584120054 -0.264953836770145
2.64660338349353 53.9196774345717 0.447157631680519
3.4308104430533 53.9283376896234 1.15676438947189
4.20052551667091 53.7018704101857 1.8539551983753
4.97024059028852 53.475403130748 2.55114600727872
5.73995566390613 53.2489358513103 3.24833681618214
6.50967073752374 53.0224685718725 3.94552762508555
7.27938581114135 52.7960012924348 4.64271843398897
8.04910088475895 52.5695340129971 5.33990924289238
8.81881595837656 52.3430667335594 6.0371000517958
9.54410053884977 51.9089271778753 6.67027324415962
10.2563805754544 51.4140031690915 7.28470885690788
10.968660612059 50.9190791603076 7.89914446965614
11.6809406486636 50.4241551515237 8.5135800824044
12.3932206852682 49.9292311427399 9.12801569515266
13.1055007218728 49.434307133956 9.74245130790092
13.8177807584774 48.9393831251722 10.3568869206492
14.4938441159975 48.3557244387326 10.9154539804031
15.1107347967205 47.6270864627956 11.3827401189618
15.7276254774434 46.8984484868585 11.8500262575205
16.3445161581663 46.1698105109215 12.3173123960791
16.9614068388892 45.4411725349845 12.7845985346378
17.5782975196121 44.7125345590474 13.2518846731965
18.195188200335 43.9838965831104 13.7191708117552
18.8120788810579 43.2552586071733 14.1864569503139
19.3034394957747 42.3519200306735 14.453028745829
19.7929042208009 41.4459429383335 14.7165691380648
20.282368945827 40.5399658459936 14.9801095303006
20.7718336708532 39.6339887536536 15.2436499225364
21.2612983958793 38.7280116613136 15.5071903147722
21.7507631209055 37.8220345689737 15.7707307070079
22.2402278459316 36.9160574766337 16.0342710992437
22.6427054284772 35.9510635313352 16.1553111699656
22.9842302468006 34.9447158845476 16.176499834478
23.3257550651241 33.9383682377601 16.1976884989904
23.6672798834475 32.9320205909726 16.2188771635028
24.0088047017709 31.925672944185 16.2400658280152
24.3503295200943 30.9193252973975 16.2612544925276
24.6918543384177 29.9129776506099 16.28244315704
25.0056952949214 28.904245608425 16.2564185096543
25.1986054043279 27.885097860617 16.0241529180222
25.3915155137344 26.8659501128091 15.7918873263901
25.5844256231409 25.8468023650011 15.559621734758
25.7773357325474 24.8276546171932 15.3273561431258
25.9702458419539 23.8085068693852 15.0950905514937
26.1631559513604 22.7893591215773 14.8628249598616
26.3560660607669 21.7702113737693 14.6305593682295
26.4550688332633 20.8013802195743 14.2198036249126
26.5265396926189 19.847300970081 13.7567178346115
26.5980105519746 18.8932217205877 13.2936320443105
26.6694814113302 17.9391424710944 12.8305462540095
26.7409522706858 16.985063221601 12.3674604637084
26.8124231300414 16.0309839721077 11.9043746734074
26.8838939893971 15.0769047226144 11.4412888831064
26.9317775935774 14.1585113132308 10.9182321846242
26.9340365471859 13.3091447564108 10.2791742087614
26.9362955007945 12.4597781995908 9.64011623289871
26.9385544544031 11.6104116427708 9.00105825703598
26.9408134080116 10.7610450859507 8.36200028117325
26.9430723616202 9.91167852913071 7.72294230531052
26.9453313152287 9.06231197231069 7.0838843294478
26.9475902688373 8.21294541549066 6.44482635358507
26.9419661064248 7.43854362698266 5.71805780900009
26.9352212342462 6.67479926730405 4.97881981823669
26.9284763620678 5.91105490762545 4.2395818274733
26.9217314898893 5.14731054794685 3.50034383670991
26.9149866177108 4.38356618826825 2.76110584594652
26.9082417455323 3.61982182858964 2.02186785518312
26.9014968733538 2.85607746891104 1.28262986441973
26.9042731801967 2.09908315925663 0.536658762936984
26.9229278511129 1.35334583275056 -0.220541072204352
26.9415825220291 0.607608506244487 -0.977740907345688
26.9602371929454 -0.138128820261584 -1.73494074248702
26.9788918638616 -0.883866146767654 -2.49214057762836
26.9975465347778 -1.62960347327373 -3.24934041276969
27.016201205694 -2.3753407997798 -4.00654024791103
27.0348558766102 -3.12107812628587 -4.76374008305237
27.0647972386532 -3.91843869352201 -5.4653652827529
27.0963996182584 -4.72339644832241 -6.15881178380361
27.1280019978636 -5.52835420312281 -6.85225828485432
27.1596043774687 -6.33331195792321 -7.54570478590503
27.1912067570739 -7.13826971272361 -8.23915128695574
27.2228091366791 -7.943227467524 -8.93259778800645
27.2544115162843 -8.7481852223244 -9.62604428905715
27.2707013143389 -9.59394320167807 -10.2638453950136
27.2641195184828 -10.5006423204711 -10.8185319147458
27.2575377226268 -11.4073414392642 -11.3732184344781
27.2509559267707 -12.3140405580573 -11.9279049542103
27.2443741309146 -13.2207396768504 -12.4825914739425
27.2377923350586 -14.1274387956434 -13.0372779936748
27.2312105392025 -15.0341379144365 -13.591964513407
27.2246287433464 -15.9408370332296 -14.1466510331392
27.1262396346952 -16.9347525804356 -14.5081279135
27.025081300101 -17.9312988766404 -14.8637769231881
26.9239229655068 -18.9278451728452 -15.2194259328762
26.8227646309127 -19.92439146905 -15.5750749425643
26.7216062963185 -20.9209377652548 -15.9307239522523
26.6204479617243 -21.9174840614596 -16.2863729619404
26.5192896271301 -22.9140303576644 -16.6420219716285
26.3410973479395 -23.9290865860799 -16.8646890138189
26.1045486245107 -24.9581648645483 -16.9866166376712
25.867999901082 -25.9872431430167 -17.1085442615234
25.6314511776533 -27.0163214214851 -17.2304718853757
25.3949024542246 -28.0453996999534 -17.352399509228
25.1583537307959 -29.0744779784218 -17.4743271330802
24.9218050073671 -30.1035562568902 -17.5962547569325
24.6576536725332 -31.1242083671395 -17.6745873725873
24.2704957084022 -32.1073106044692 -17.5586457967962
23.8833377442713 -33.0904128417988 -17.442704221005
23.4961797801403 -34.0735150791284 -17.3267626452139
23.1090218160093 -35.056617316458 -17.2108210694227
22.7218638518783 -36.0397195537877 -17.0948794936316
22.3347058877474 -37.0228217911173 -16.9789379178404
21.9475479236164 -38.0059240284469 -16.8629963420493
21.4440523532668 -38.8885788804685 -16.5723886009242
20.9130833388883 -39.7475128076077 -16.2405329669376
20.3821143245097 -40.6064467347468 -15.908677332951
19.8511453101311 -41.465380661886 -15.5768216989643
19.3201762957525 -42.3243145890251 -15.2449660649777
18.7892072813739 -43.1832485161642 -14.9131104309911
18.2582382669954 -44.0421824433034 -14.5812547970045
17.6743284544858 -44.8180324225383 -14.1724822224397
17.0232005201513 -45.4883919836253 -13.666049384624
16.3720725858169 -46.1587515447122 -13.1596165468083
15.7209446514824 -46.8291111057992 -12.6531837089926
15.0698167171479 -47.4994706668862 -12.1467508711769
14.4186887828134 -48.1698302279732 -11.6403180333612
13.7675608484789 -48.8401897890601 -11.1338851955455
13.1099858517397 -49.4930117098119 -10.6182489899973
12.3727324688895 -49.9290882680433 -9.98886958767593
11.6354790860392 -50.3651648262747 -9.35949018535456
10.898225703189 -50.8012413845061 -8.73011078303319
10.1609723203387 -51.2373179427375 -8.10073138071182
9.42371893748848 -51.6733945009689 -7.47135197839046
8.68646555463823 -52.1094710592003 -6.84197257606909
7.94921217178798 -52.5455476174317 -6.21259317374772
7.17846039473431 -52.795914343294 -5.53601120918637
6.39414685415681 -52.9710967837442 -4.84031937377777
5.6098333135793 -53.1462792241943 -4.14462753836917
4.8255197730018 -53.3214616646445 -3.44893570296056
4.04120623242429 -53.4966441050947 -2.75324386755196
3.25689269184679 -53.6718265455448 -2.05755203214336
2.47257915126929 -53.847008985995 -1.36186019673476
1.68610718559248 -53.9283376896234 -0.663206099681913
0.895585110046769 -53.8335574581505 0.0410064414065904
0.105063034501059 -53.7387772266776 0.745218982495094
-0.68545904104465 -53.6439969952047 1.4494315235836
-1.47598111659036 -53.5492167637318 2.1536440646721
-2.26650319213607 -53.4544365322589 2.8578566057606
-3.05702526768178 -53.359656300786 3.56206914684911

-43.8522299351053 -18.1609052384087 -16.3193398951451
-42.8962207408715 -18.573603233426 -16.516501271826
-41.9402115466376 -18.9863012284433 -16.713662648507
-40.9842023524037 -19.3989992234606 -16.910824025188
-40.0281931581699 -19.811697218478 -17.1079854018689
-39.072183963936 -20.2243952134953 -17.3051467785499
-38.1161747697022 -20.6370932085126 -17.5023081552308
-37.1601655754683 -21.0497912035299 -17.6994695319118
-36.1577692590171 -21.3598424488571 -17.7714444687268
-35.1275089005345 -21.6082353456809 -17.7682218063928
-34.0972485420519 -21.8566282425046 -17.7649991440587
-33.0669881835693 -22.1050211393284 -17.7617764817247
-32.0367278250867 -22.3534140361522 -17.7585538193907
-31.0064674666041 -22.6018069329759 -17.7553311570566
-29.9762071081215 -22.8501998297997 -17.7521084947226
-28.9455375642919 -23.062876791804 -17.6973898250305
-27.9135511198531 -23.1606074668348 -17.4769391124927
-26.8815646754143 -23.2583381418655 -17.256488399955
-25.8495782309756 -23.3560688168963 -17.0360376874172
-24.8175917865368 -23.4537994919271 -16.8155869748795
-23.7856053420981 -23.5515301669578 -16.5951362623418
-22.7536188976593 -23.6492608419886 -16.374685549804
-21.7216324532206 -23.7469915170193 -16.1542348372663
-20.7427674464791 -23.7505427980046 -15.7585274790317
-19.7743900473112 -23.735500521114 -15.3282197220803
-18.8060126481433 -23.7204582442234 -14.897911965129
-17.8376352489754 -23.7054159673329 -14.4676042081776
-16.8692578498075 -23.6903736904423 -14.0372964512263
-15.9008804506396 -23.6753314135517 -13.6069886942749
-14.9325030514717 -23.6602891366612 -13.1766809373236
-14.0053474214079 -23.6232034803569 -12.675061184542
-13.1378967222246 -23.5541905566677 -12.0701543124898
-12.2704460230413 -23.4851776329784 -11.4652474404376
-11.402995323858 -23.4161647092891 -10.8603405683854
-10.5355446246747 -23.3471517855998 -10.2554336963331
-9.66809392549145 -23.2781388619106 -9.65052682428092
-8.80064322630816 -23.2091259382213 -9.0456199522287
-7.93319252712487 -23.140113014532 -8.44071308017648
-7.15354705783603 -23.0828202350805 -7.72586887933751
-6.37836851523174 -23.026123696025 -7.0054318227179
-5.60318997262746 -22.9694271569694 -6.28499476609828
-4.82801143002317 -22.9127306179139 -5.56455770947866
-4.05283288741889 -22.8560340788583 -4.84412065285904
-3.27765434481461 -22.7993375398028 -4.12368359623942
-2.50247580221032 -22.7426410007472 -3.4032465396198
-1.7447258971249 -22.7120028353332 -2.66403101910965
-1.00763076079105 -22.7122465837248 -1.90256104361132
-0.270535624457204 -22.7124903321165 -1.14109106811299
0.466559511876645 -22.7127340805081 -0.37962109261466
1.20365464821049 -22.7129778288998 0.381848882883668
1.94074978454434 -22.7132215772914 1.143318858382
2.67784492087819 -22.7134653256831 1.90478883388033
3.41494005721204 -22.7137090740747 2.66625880937865
4.18599047259912 -22.766750680005 3.39117397218879
4.95904644879981 -22.8229107793499 4.113930033324
5.73210242500051 -22.8790708786949 4.8366860944592
6.5051584012012 -22.9352309780399 5.5594421555944
7.27821437740189 -22.9913910773848 6.28219821672961
8.05127035360259 -23.0475511767298 7.00495427786481
8.82432632980328 -23.1037112760747 7.72771033900001
9.63826289544889 -23.1637885008258 8.39980901196554
10.5034085258824 -23.228772512182 9.00845171455511
11.368554156316 -23.2937565235383 9.61709441714469
12.2336997867495 -23.3587405348946 10.2257371197343
13.098845417183 -23.4237245462508 10.8343798223238
13.9639910476165 -23.4887085576071 11.4430225249134
14.8291366780501 -23.5536925689633 12.051665227503
15.6942823084836 -23.6186765803196 12.6603079300926
16.6593231736995 -23.6265039870532 13.0970155768509
17.626854242759 -23.6329065851177 13.5294371999785
18.5943853118185 -23.6393091831823 13.9618588231062
19.561916380878 -23.6457117812468 14.3942804462338
20.5294474499375 -23.6521143793113 14.8267020693614
21.496978518997 -23.6585169773759 15.2591236924891
22.4645095880565 -23.6649195754404 15.6915453156167
23.4663755783341 -23.6076088069483 16.0079558997462
24.4976426968002 -23.4957400318848 16.2250257745383
25.5289098152662 -23.3838712568213 16.4420956493303
26.5601769337323 -23.2720024817578 16.6591655241224
27.5914440521983 -23.1601337066943 16.8762353989144
28.6227111706644 -23.0482649316308 17.0933052737065
29.6539782891304 -22.9363961565674 17.3103751484986
30.6846014445894 -22.8057062842758 17.4996812292661
31.7106214423747 -22.540479991142 17.4905269635516
32.7366414401601 -22.2752536980082 17.4813726978371
33.7626614379454 -22.0100274048743 17.4722184321226
34.7886814357308 -21.7448011117405 17.4630641664081
35.8147014335161 -21.4795748186067 17.4539099006936
36.8407214313015 -21.2143485254729 17.4447556349791
37.8667414290868 -20.9491222323391 17.4356013692646
38.8337106753129 -20.5668326396746 17.2735960745762
39.7777824925703 -20.1391507613055 17.0523214990353
40.7218543098276 -19.7114688829364 16.8310469234944
41.665926127085 -19.2837870045674 16.6097723479535
42.6099979443423 -18.8561051261983 16.3884977724126
43.5540697615997 -18.4284232478292 16.1672231968717
44.498141578857 -18.0007413694601 15.9459486213308
45.3925474485902 -17.5238713449183 15.6654109467009
46.1859598426222 -16.9469794322836 15.2643644193018
46.9793722366542 -16.3700875196489 14.8633178919027
47.7727846306862 -15.7931956070142 14.4622713645036
48.5661970247181 -15.2163036943795 14.0612248371045
49.3596094187501 -14.6394117817448 13.6601783097054
50.1530218127821 -14.0625198691102 13.2591317823064
50.946434206814 -13.4856279564755 12.8580852549073
51.5473069610562 -12.7956396762653 12.3268868875141
52.1371054572791 -12.0991464583865 11.7882026067821
52.7269039535021 -11.4026532405078 11.2495183260501
53.316702449725 -10.706160022629 10.7108340453181
53.9065009459479 -10.0096668047503 10.1721497645861
54.4962994421709 -9.31317358687153 9.63346548385404
55.0860979383938 -8.61668036899277 9.09478120312202
55.5403904181584 -7.87501033887537 8.50411556579302
55.8902665845194 -7.09852859848433 7.87339486844948
56.2401427508805 -6.32204685809329 7.24267417110594
56.5900189172415 -5.54556511770225 6.61195347376241
56.9398950836026 -4.76908337731121 5.98123277641887
57.2897712499636 -3.99260163692016 5.35051207907533
57.6396474163246 -3.21611989652912 4.71979138173179
57.940201077138 -2.43331415716531 4.08016821452362
58.0298800683993 -1.62347063497146 3.40248320576754
58.1195590596607 -0.813627112777607 2.72479819701146
58.209238050922 -0.00378359058375817 2.04711318825538
58.2989170421834 0.806059931610091 1.3694281794993
58.3885960334447 1.61590345380394 0.691743170743217
58.4782750247061 2.42574697599779 0.0140581619871373
58.5679540159674 3.23559049819164 -0.663626846768942
58.4393110939352 4.03302329060385 -1.34187039124867
58.261891684554 4.8276833343027 -2.02023872123549
58.0844722751729 5.62234337800154 -2.69860705122231
57.9070528657917 6.41700342170039 -3.37697538120913
57.7296334564105 7.21166346539923 -4.05534371119595
57.5522140470294 8.00632350909808 -4.73371204118277
57.3747946376482 8.80098355279693 -5.41208037116959
57.0810142281993 9.56664748737972 -6.06956397762067
56.6434168002944 10.2964735213131 -6.70123499507341
56.2058193723894 11.0262995552465 -7.33290601252615
55.7682219444845 11.7561255891799 -7.96457702997889
55.3306245165796 12.4859516231133 -8.59624804743163
54.8930270886747 13.2157776570467 -9.22791906488437
54.4554296607698 13.9456036909801 -9.8595900823371
53.9995101299457 14.6668791951992 -10.4836713738999
53.3248876050104 15.2860907355818 -11.0171574000642
52.6502650800751 15.9053022759644 -11.5506434262285
51.9756425551398 16.5245138163471 -12.0841294523928
51.3010200302045 17.1437253567297 -12.6176154785572
50.6263975052691 17.7629368971123 -13.1511015047215
49.9517749803338 18.3821484374949 -13.6845875308858
49.2771524553985 19.0013599778776 -14.2180735570501
48.465290002429 19.5158068362189 -14.6450513091307
47.596537962519 19.986825957657 -15.0278785592026
46.727785922609 20.4578450790952 -15.4107058092745
45.859033882699 20.9288642005334 -15.7935330593463
44.9902818427891 21.3998833219716 -16.1763603094182
44.1215298028791 21.8709024434098 -16.55918755949
43.2527777629691 22.3419215648479 -16.9420148095619
42.3401707024481 22.7558190796736 -17.2579388031177
41.3405313360772 23.0563561384311 -17.4410902063903
40.3408919697063 23.3568931971885 -17.6242416096628
39.3412526033354 23.657430255946 -17.8073930129353
38.3416132369645 23.9579673147035 -17.9905444162078
37.3419738705936 24.258504373461 -18.1736958194804
36.3423345042227 24.5590414322185 -18.3568472227529
35.3426951378518 24.859578490976 -18.5399986260254
34.2944879988156 24.9977508897804 -18.4993395504809
33.2440236444886 25.1283772972203 -18.4482787536448
32.1935592901617 25.2590037046602 -18.3972179568087
31.1430949358347 25.3896301121001 -18.3461571599726
30.0926305815078 25.52025651954 -18.2950963631365
29.0421662271809 25.6508829269799 -18.2440355663005
27.9917018728539 25.7815093344198 -18.1929747694644
26.9598256413478 25.8317538396064 -18.0032849579344
25.9421418825613 25.82062485561 -17.7077486051398
24.9244581237748 25.8094958716135 -17.4122122523452
23.9067743649884 25.7983668876171 -17.1166758995506
22.8890906062019 25.7872379036206 -16.8211395467559
21.8714068474154 25.7761089196242 -16.5256031939613
20.8537230886289 25.7649799356277 -16.2300668411667
19.8519707634416 25.7400637062457 -15.8984423939995
18.9327153320445 25.6437537186582 -15.3799448904918
18.0134599006475 25.5474437310708 -14.8614473869841
17.0942044692505 25.4511337434834 -14.3429498834764
16.1749490378535 25.354823755896 -13.8244523799687
15.2556936064565 25.2585137683086 -13.305954876461
14.3364381750595 25.1622037807212 -12.7874573729533
13.4171827436624 25.0658937931338 -12.2689598694456
12.5857427883253 24.9631939944626 -11.6266008411499
11.7873126507407 24.8580922672384 -10.9376822934703
10.9888825131562 24.7529905400141 -10.2487637457907
10.1904523755717 24.6478888127899 -9.55984519811117
9.39202223798711 24.5427870855657 -8.8709266504316
8.59359210040257 24.4376853583414 -8.18200810275202
7.79516196281803 24.3325836311172 -7.49308955507245
7.01906136001583 24.243248800575 -6.77976168587468
6.3094050473248 24.2008303195004 -5.99380086412412
5.59974873463378 24.1584118384258 -5.20784004237356
4.89009242194275 24.1159933573511 -4.42187922062301
4.18043610925172 24.0735748762765 -3.63591839887245
3.47077979656069 24.0311563952019 -2.84995757712189
2.76112348386966 23.9887379141273 -2.06399675537133
2.05146717117863 23.9463194330526 -1.27803593362077
1.35433569410046 23.9784859167612 -0.48175486706878
0.661622527253546 24.0369632857529 0.31816680959616
-0.0310906395933707 24.0954406547445 1.1180884862611
-0.723803806440287 24.1539180237362 1.91801016292604
-1.4165169732872 24.2123953927278 2.71793183959098
-2.10923014013412 24.2708727617195 3.51785351625592
-2.80194330698104 24.3293501307111 4.31777519292086
-3.50846544838525 24.4069885364086 5.10209121111031
-4.26311488064322 24.551407337911 5.83201810277209
-5.01776431290119 24.6958261394135 6.56194499443387
-5.77241374515916 24.840244940916 7.29187188609565
-6.52706317741713 24.9846637424185 8.02179877775743
-7.2817126096751 25.129082543921 8.7517256694192
-8.03636204193307 25.2735013454235 9.48165256108098
-8.79101147419104 25.417920146926 10.2115794527428
-9.62968521099114 25.5823268673419 10.8328810587343
-10.4977075185117 25.7537151016779 11.4162412988807
-11.3657298260322 25.9251033360139 11.9996015390271
-12.2337521335527 26.0964915703498 12.5829617791736
-13.1017744410732 26.2678798046858 13.16632201932
-13.9697967485937 26.4392680390218 13.7496822594664
-14.8378190561142 26.6106562733577 14.3330424996128
-15.740632159799 26.7668080042938 14.8540982226829
-16.7231097142871 26.888070977014 15.2324881926608
-17.7055872687752 27.0093339497342 15.6108781626387
-18.6880648232633 27.1305969224544 15.9892681326166
-19.6705423777514 27.2518598951746 16.3676581025945
-20.6530199322395 27.3731228678948 16.7460480725724
-21.6354974867276 27.494385840615 17.1244380425503
-22.6179750412156 27.6156488133352 17.5028280125282
-23.6616465784162 27.6293446961273 17.6678253431713
-24.7118384247142 27.6315791468641 17.8100853734145
-25.7620302710122 27.6338135976008 17.9523454036577
-26.8122221173102 27.6360480483377 18.0946054339009
-27.8624139636082 27.6382824990745 18.2368654641441
-28.9126058099062 27.6405169498113 18.3791254943873
-29.9627976562042 27.6427514005481 18.5213855246305
-31.0091356706499 27.5571341593972 18.5399986260254
-32.0520175201511 27.3927304144604 18.4477236042832
-33.0948993696522 27.2283266695235 18.3554485825411
-34.1377812191534 27.0639229245867 18.2631735607989
-35.1806630686545 26.8995191796498 18.1708985390567
-36.2235449181557 26.7351154347129 18.0786235173145
-37.2664267676568 26.5707116897761 17.9863484955724
-38.2949158484967 26.3758656521054 17.8604594674223
-39.2500164503754 26.0257948892687 17.5631732008313
-40.2051170522541 25.6757241264321 17.2658869342403
-41.1602176541328 25.3256533635954 16.9686006676493
-42.1153182560115 24.9755826007587 16.6713144010582
-43.0704188578902 24.6255118379221 16.3740281344672
-44.0255194597689 24.2754410750854 16.0767418678762
-44.9806200616476 23.9253703122487 15.7794556012852
-45.8081091265148 23.4314876432739 15.3530904587701
-46.6053767991443 22.9035469563045 14.8961564238943
-47.4026444717738 22.3756062693351 14.4392223890185
-48.1999121444034 21.8476655823657 13.9822883541427
-48.9971798170329 21.3197248953964 13.5253543192669
-49.7944474896625 20.791784208427 13.0684202843911
-50.591715162292 20.2638435214576 12.6114862495153
-51.2935355512851 19.6680780877977 12.1050090761038
-51.8823514310942 18.9920117600915 11.539875460724
-52.4711673109032 18.3159454323852 10.9747418453442
-53.0599831907122 17.639879104679 10.4096082299644
-53.6487990705213 16.9638127769728 9.8444746145846
-54.2376149503303 16.2877464492665 9.2793409992048
-54.8264308301393 15.6116801215603 8.714207383825
-55.3885787484421 14.9239663297445 8.14231079612675
-55.7380126877196 14.1433478576923 7.51647012456764
-56.0874466269971 13.3627293856401 6.89062945300853
-56.4368805662746 12.5821109135878 6.26478878144942
-56.7863145055522 11.8014924415356 5.6389481098903
-57.1357484448297 11.0208739694834 5.01310743833119
-57.4851823841072 10.2402554974312 4.38726676677208
-57.8346163233848 9.45963702537893 3.76142609521297
-57.9907062412741 8.63752332973412 3.12054415908346
-58.086914203723 7.80255785252232 2.47500368565702
-58.1831221661719 6.96759237531053 1.82946321223059
-58.2793301286208 6.13262689809873 1.18392273880415
-58.3755380910696 5.29766142088693 0.538382265377715
-58.4717460535185 4.46269594367513 -0.107158208048721
-58.5679540159674 3.62773046646333 -0.752698681475156
-58.5582856728306 2.79156566603375 -1.39149617439506
-58.3998340822549 1.95371551020681 -2.02081805771912
-58.2413824916793 1.11586535437988 -2.65013994104319
-58.0829309011036 0.278015198552949 -3.27946182436725
-57.924479310528 -0.559834957273984 -3.90878370769132
-57.7660277199523 -1.39768511310092 -4.53810559101538
-57.6075761293767 -2.23553526892785 -5.16742747433945
-57.4332267217221 -3.07032071919878 -5.79348590302011
-57.0297083036655 -3.86092805772295 -6.37250122714078
-56.6261898856089 -4.65153539624713 -6.95151655126144
-56.2226714675523 -5.4421427347713 -7.53053187538211
-55.8191530494958 -6.23275007329548 -8.10954719950277
-55.4156346314392 -7.02335741181965 -8.68856252362344
-55.0121162133826 -7.81396475034383 -9.2675778477441
-54.608597795326 -8.604572088868 -9.84659317186476
-54.0464742151298 -9.32978982225855 -10.36379895378
-53.4189071779539 -10.0280265813053 -10.855500962289
-52.7913401407779 -10.726263340352 -11.347202970798
-52.1637731036019 -11.4245000993987 -11.8389049793071
-51.5362060664259 -12.1227368584454 -12.3306069878161
-50.9086390292499 -12.8209736174921 -12.8223089963251
-50.2810719920739 -13.5192103765389 -13.3140110048341
-49.5875516191029 -14.1721783234046 -13.761389913782
-48.7705386544706 -14.7403838716703 -14.1257771988903
-47.9535256898384 -15.308589419936 -14.4901644839985
-47.1365127252061 -15.8767949682017 -14.8545517691068
-46.3194997605738 -16.4450005164674 -15.2189390542151
-45.5024867959416 -17.0132060647331 -15.5833263393234
-44.6854738313093 -17.5814116129988 -15.9477136244317
