-0.1181952580241989 -1.9738594375589671 0.10962850548896511
-0.14479626149548061 -1.9675528593675391 0.12764969872508231
-0.17140008578752411 -1.9602108386908479 0.1455840654088412
-0.19782961708276281 -1.951842850012895 0.16329775921261699
-0.22424986682413209 -1.9425516910910561 0.18090213076908271
-0.25047932112402682 -1.9323354909380499 0.19826098690890201
-0.27658244227116618 -1.921088552215406 0.21539793807283569
-0.30251919869141408 -1.908936971007444 0.23228800579929301
-0.32830363787630162 -1.8958327674394171 0.24892197155005119
-0.35382668624807251 -1.8817410262075971 0.26520386917172162
-0.3792270590785482 -1.8666929358223601 0.28122860902597668
-0.40418433237982299 -1.8508013502157741 0.29676728907119743
-0.42904194154991049 -1.833909447024084 0.31203726726742742
-0.45355401875428941 -1.816243134659199 0.32688411546277141
-0.4778503394483874 -1.797616448472779 0.34135882147557078
-0.50171710952406745 -1.7781856518400021 0.35531955257182218
-0.52536207854308636 -1.7578199073934631 0.36888927985375458
-0.54867531210582088 -1.736669847924263 0.38200369494217568
-0.571685938712719 -1.714643440014608 0.39465409744428309
-0.59416245291562009 -1.6918938828115959 0.40668133630440012
-0.61636337368308591 -1.668303264372085 0.41826082219580413
-0.63826066607774923 -1.64392427045936 0.4293686279454979
-0.65944039732962167 -1.618970096802637 0.43970476521708851
-0.68053981891585191 -1.5929828584201999 0.44967495683076258
-0.70116100123945979 -1.566366811834653 0.45904356080750941
-0.72116517316967343 -1.539112287389669 0.46766962689171782
-0.7412230875402982 -1.5106260850107029 0.47596273562083768
-0.76034483312392109 -1.482012166597714 0.48336986026180578
-0.77942587322958634 -1.45205688603286 0.49029317195982658
-0.79786649842362856 -1.421736692704356 0.49650910528727937
-0.81574860086493628 -1.39070457208246 0.50193998434130915
-0.83341919811335219 -1.3586926561944921 0.50684698350574364
-0.85003354008833298 -1.3268892787345059 0.5107963704105104
-0.86676068832292896 -1.2933204231711071 0.51421620916531163
-0.88219804620900444 -1.260642405245249 0.51669169957557548
-0.89769031746143935 -1.226049477211361 0.51847365717168259
-0.91209694079937487 -1.192190825591454 0.51945611443041106
-0.92626811856437252 -1.1568417887467659 0.51954365147404657
-0.93971905209987638 -1.121445046678389 0.51887833776275516
-0.95262533570405772 -1.0853891328935219 0.51730234648429418
-0.96512558161180573 -1.048235381089283 0.51478711979326464
-0.97678108707963651 -1.0114539266168281 0.5114893786682948
-0.98800490124030249 -0.97352200148104984 0.50709713263656653
-0.99862451151376574 -0.93509221671062059 0.50171719284457161
-1.008465633720619 -0.89691119560994648 0.49547691794871762
-1.0178155676324621 -0.85783504166903335 0.48811428663722217
-1.0265325477297489 -0.81836409549493827 0.47960646469920659
-1.0345776727998981 -0.77883185293687296 0.47004965716244318
-1.042004698475155 -0.73906037212885622 0.4593478536473361
-1.048885339904212 -0.69878820170599709 0.44741385279894358
-1.055166806021218 -0.65844741963836906 0.43431825647049033
-1.0609243392226779 -0.61774861825563188 0.41995703583560612
-1.066160904625177 -0.57689084754449871 0.4043427365297973
-1.070922356365382 -0.53574518353366696 0.38740872412117899
-1.075218767777204 -0.49465334249947779 0.36919584731084037
-1.079104590350719 -0.45357796644531412 0.34968387616105179
-1.0826267599768089 -0.41274167303919829 0.32889874553992321
-1.0858483593627191 -0.37219928572418631 0.30694192284971172
-1.088839328059382 -0.33195278368497633 0.28378772635406041
-1.0916934913871701 -0.29176226738627592 0.25934369909435062
-1.094512244654871 -0.25144907226896468 0.23346914838330651
-1.0971097246783481 -0.2110117816854144 0.20683531057187951
-1.0992198902369741 -0.17038940655515841 0.18023892470730579
-1.1008454713424931 -0.12985986798311211 0.15383242060671401
-1.101992234524275 -0.089187476638114632 0.1274908316837392
-1.1026759938327351 -0.047895003971262888 0.1008831400491971
-1.1028947669629809 -0.0059874433830715461 0.073982056962182172
-1.102646103106518 0.035958463218436397 0.047131859567686743
-1.101944282428367 0.077337540545628372 0.020693532938406721
-1.100803765733922 0.11819685561411609 -0.005392398017141883
-1.09920415736388 0.15939220240336541 -0.031702464668440067
-1.097114468171859 0.20138955757048391 -0.05856555085306922
-1.0945425301539189 0.24373873239640151 -0.085724761977791289
-1.0915470682530539 0.28546578221888691 -0.11258208251509309
-1.088191908937691 0.32588739136695832 -0.13872246343153971
-1.084481814414195 0.36515233115184909 -0.1642695858077339
-1.0803360896575569 0.40417739000278841 -0.18983864141156609
-1.075696644891738 0.44350302978039569 -0.21575994026447159
-1.070541233479916 0.4830484361400299 -0.2420330950759654
-1.065182636646179 0.52290635653852824 -0.26751576847975678
-1.059727233472769 0.56291230121617586 -0.29159344771197598
-1.054100791725413 0.60299005473421385 -0.31412579898788789
-1.04820110445602 0.64316132644464763 -0.33524040926455562
-1.0418937523672569 0.68386443871927938 -0.3551305117953486
-1.035133226279904 0.72476090355724831 -0.37360120127958302
-1.02800099387292 0.76512458531677019 -0.3904761025122287
-1.0203891279359949 0.80523821673157026 -0.40589807905614289
-1.012323788355417 0.8447585478803219 -0.41974954105643142
-1.003757730748063 0.88373838779968372 -0.43212697682948081
-0.99466764933180074 0.92228418053318695 -0.44331287003031328
-0.98492310323987475 0.96063178543893757 -0.45318245698164838
-0.9745857933760721 0.99877304314774129 -0.46205031364657773
-0.9635644886382061 1.0367428607532669 -0.46979236510997491
-0.95179718611566566 1.0747937872431741 -0.47652255816356859
-0.93949697533966348 1.1118965532313849 -0.48194063158557793
-0.92672088231362038 1.1481810772978081 -0.48629147861844618
-0.91292293030457394 1.1852110764545061 -0.48987261211679678
-0.89858019281560597 1.2212849932650001 -0.49222935734029322
-0.88427103171131594 1.255404538767021 -0.49365329189994411
-0.86805038314602712 1.2919378738105349 -0.49419163098592012
-0.85296935670126162 1.3240239155080971 -0.49375756928211079
-0.83557288208446678 1.359186536139791 -0.49240171520686538
-0.81947855654228041 1.3900370125822521 -0.49038526575260322
-0.80102551635493968 1.4235098010385909 -0.48719552127371107
-0.78401259974924165 1.453040854375008 -0.48372155815888068
-0.76451553506968084 1.484991249893838 -0.47889976196497058
-0.74633592825392647 1.513533315778109 -0.47391656454755438
-0.72614982898644975 1.543551737915914 -0.46770147623346869
-0.7063231642042701 1.5716414679985951 -0.46104194725157621
-0.68617908011769546 1.598853777992659 -0.45378804575158849
-0.66443757455164454 1.6266544544522481 -0.44535157915898299
-0.64372043272178159 1.6520447403988869 -0.4369401180772165
-0.62176820259229282 1.677496406722812 -0.42750652359669727
-0.59915930009984775 1.702396583416619 -0.41733469531925849
-0.57688105357557518 1.7258408786716131 -0.40696441494758512
-0.55409509447834127 1.7484937509890131 -0.39592645055685688
-0.53004603593822042 1.7711518681910681 -0.38388066253768433
-0.50680446585376993 1.791953975009656 -0.37191638195631249
-0.48279889957077998 1.8122833362899851 -0.35922514347155088
-0.45802423870641917 1.8320014814239729 -0.34576830672970688
-0.43350208860539002 1.850456555662888 -0.33215935105480288
-0.40844702822539569 1.868201337478036 -0.31797359446835821
-0.3835955200062719 1.884685299724008 -0.30362584102683499
-0.35749621018989031 1.900848827331248 -0.28828434996145319
-0.33217658144257589 1.9154931880522761 -0.27316424876068701
-0.30616200634208979 1.929474654132755 -0.25740644494027992
-0.28027088168680631 1.9423265719922109 -0.2415092202326819
-0.25373299492981488 1.9543871507906201 -0.2250028388815348
-0.2270042974324249 1.9654604134244711 -0.2081838833650764
-0.2007484175405139 1.9754321124015 -0.19151548133463461
-0.17353873922343929 1.984613616889968 -0.17406772326296119
-0.14700043073623131 1.9925518804555491 -0.15690682326790251
-0.11903752534682729 1.999810594058399 -0.1386839498816213
-0.092096627474592144 2.0057944761534219 -0.1210086484756287
-0.064671514551267989 2.0109242262695668 -0.10292253698451991
-0.037090725304983772 2.0149474488463839 -0.084635092165000744
-0.01007352001401084 2.01790448463144 -0.066647310178979777
0.01820931773019872 2.0198800427744819 -0.04774812024658736
0.045334834856402779 2.0208045964165118 -0.029573737540601091
0.072824994081817029 2.0207741997175712 -0.01112630463094195
0.1002431431908231 2.019611683376989 0.0072968439149234468
0.12725372667974311 2.0175020181145551 0.025453277027694
0.1551914601292706 2.0141864717574349 0.044227685994263598
0.1820478623777993 2.0100707026562978 0.062259277450532759
0.2092016937623252 2.004885596052004 0.080452650966392994
0.2362104211233659 1.9986416672423439 0.098500789327130189
0.2625978809902032 1.991518403100514 0.1160738188355908
0.29000809553094142 1.9830210967099351 0.1342540490776436
0.31615144901047132 1.9739916118568941 0.15151247146829541
0.34268240269286848 1.963709128378029 0.16891773142715191
0.36849307399846148 1.952671909117135 0.18573824386812751
0.39463852619667272 1.9403775145216979 0.20264354882463739
0.42055616586915062 1.927165803574983 0.21926829560709379
0.445939664899556 1.9131751446541021 0.23539376212615279
0.47114923150194382 1.8981677630376921 0.25123533752944721
0.49595162878625848 1.882266131931617 0.26663130693207893
0.52105631593720292 1.865097643536648 0.28202812304059521
0.54518887429377583 1.847519013475442 0.29662032218813972
0.5691708360186768 1.8288839751432271 0.31088797090737708
0.59285965534037011 1.8092879286133161 0.3247312568830954
0.61622376546018209 1.7888665171036029 0.33814945679832892
0.63927245241723485 1.767602714066647 0.35112548980750019
0.66118226985376627 1.7460967572835411 0.36314636055539667
0.68396604730892185 1.722573331540336 0.37536631295785772
0.70543631572925869 1.6992661240506539 0.38658452071297572
0.7264143886559904 1.6751800167721529 0.39719012934934989
0.74779030419896664 1.6493222419763951 0.40763627385660361
0.76832124009191571 1.623298953740979 0.41733988620634072
0.78793578950441623 1.5969998418496161 0.4261735829274732
0.80838142264716284 1.5681853953932161 0.43497008486728889
0.82708568685382033 1.540546928255351 0.44262129169784092
0.84602627670245745 1.510898086446425 0.44982039540285251
0.86451106820727253 1.4805942666253771 0.45642026748811859
0.88171156760207992 1.450781966177102 0.46199662256509377
0.89966943669229948 1.4180339731205109 0.46727500095713198
0.91546918163715718 1.387611285625338 0.47133170561994381
0.93232598209157147 1.3533504090254069 0.47501403668457393
0.94706131606695965 1.32168374449839 0.47757319542513837
0.96258406217886716 1.286380516445323 0.47953329783558762
0.97651508397809328 1.2528474895913531 0.4805553754228582
0.99039672189791716 1.2173073339697711 0.4806999830123958
1.003730256542676 1.181047467180538 0.47995116055040449
1.0160330156979209 1.1453589863840661 0.47828574771788013
1.02818578931164 1.107661612049238 0.47553205672265908
1.0395251225356961 1.0700468616813881 0.4718522010093959
1.0501661239536551 1.032163570726917 0.46716848850853532
1.060114272936125 0.99391952251543969 0.46137116342180989
1.0695157112194109 0.95487475405294531 0.45440671743700889
1.0783424459300861 0.91511782055509794 0.44621381769323792
1.086459212481911 0.87535429833772749 0.4369129540469896
1.0940014307377479 0.83501993118376405 0.42631026429636543
1.1008869737512279 0.7946512385876543 0.41449487315719002
1.1072303895419029 0.75377135914881388 0.40127880404107791
1.112992247408815 0.71278542163757486 0.38675124678952638
1.1182694457399489 0.6713314692534692 0.37072839472568642
1.1230327095169521 0.62995000618150232 0.35334324774124881
1.127366565509766 0.58849856029187342 0.33447553614193831
1.131318294490248 0.54705299090783266 0.31418690229808038
1.13490951638082 0.50623410945122682 0.29271662754885031
1.1382598410484881 0.46549815757138557 0.26984223640059679
1.141476876592334 0.42464169820035619 0.2453635043425407
1.144640130560227 0.38366829566393301 0.2193144603804171
1.1478265028765571 0.34299796660225068 0.19195642846461011
1.151078552904965 0.30299316306501339 0.16362218603003981
1.1544537320755981 0.26394620317277268 0.13466723037479941
1.157722118597176 0.22543082386261171 0.10536592837048819
1.1603835343579521 0.18642283536855991 0.075883354023606894
1.1624636910577639 0.14679194149381569 0.046039651791706368
1.163903502457561 0.1069128097286251 0.016120472911555959
1.1646854110823739 0.067334877270236584 -0.0135171698569373
1.164819378180787 0.028219834521467368 -0.04283199458678049
1.1643064745149021 -0.010909691229896139 -0.072241257348067259
1.1631450824788609 -0.050521546470778993 -0.10211574586849879
1.161319932139681 -0.090404020713415328 -0.13233832728721989
1.1591007711989501 -0.13015918578942429 -0.1622766202817042
1.1570858605694849 -0.1696450638060977 -0.19092497704966871
1.1551978161259311 -0.20885597109905629 -0.21822557063371009
1.1533711126044239 -0.24858839246499709 -0.244588286563513
1.151478721762855 -0.28934299334772651 -0.27029833310130219
1.1494501652199109 -0.33099879440842528 -0.29518216587879631
1.147243367224493 -0.37319542458739929 -0.31885486416627179
1.1447961716946791 -0.41517050970341263 -0.34098769154320657
1.142057381920168 -0.45688041096908871 -0.36148774852955629
1.138909591862336 -0.49874623162072618 -0.38074894826019268
1.1352877422353751 -0.54099820347637184 -0.39875025741403869
1.1311551960029269 -0.58317377247869318 -0.41538012979647537
1.126541016947999 -0.62471716605855787 -0.43045352771034412
1.121342839588781 -0.66610246307230314 -0.44426259401880469
1.115590568545628 -0.70696420553716643 -0.45666797881812882
1.1093056991188679 -0.74708199555177102 -0.46776628145378052
1.1023496260895731 -0.78715238656553743 -0.47771908144441572
1.094811753167789 -0.82674340856619388 -0.4865995154454878
1.086499810751792 -0.8665067193001309 -0.49442486470810088
1.0776531945957291 -0.9054674547706798 -0.50116131417949261
1.0680157792020339 -0.94446799680323723 -0.50688059721189938
1.0579206104331129 -0.98238137612770604 -0.51153486069762255
1.047059026251822 -1.020447924923275 -0.51540978583396768
1.035425543125813 -1.0582136578418631 -0.5181749432807129
1.023454294944963 -1.0947037954201511 -0.52007025330124357
1.0106010635300651 -1.1314566305541049 -0.52112233123937479
0.9972689718870843 -1.167167954934502 -0.52122739679716001
0.9833926505391053 -1.202328112294804 -0.52058378472265132
0.96892821410035546 -1.2368724386393539 -0.51911654642773308
0.95401020139586379 -1.270562968544747 -0.51687030177140703
0.93848578013369754 -1.303770110805907 -0.51387785373375383
0.92252364819810495 -1.3361573858056019 -0.51017004077714867
0.90599170477980195 -1.368002677651577 -0.50575424060327501
0.88880887030275546 -1.3993489936284551 -0.50054674972617674
0.87152049131662046 -1.4295435846775211 -0.49489867753116179
0.85326845990554079 -1.4596419639657849 -0.48832673139238092
0.83499451273472203 -1.4884946235834999 -0.48135564715028728
0.8159667122988199 -1.5170751679838179 -0.47364813439805148
0.79653984822127544 -1.544738126580032 -0.46529686423993138
0.77689361708641647 -1.571595785553183 -0.45654382551118239
0.75659456311100814 -1.5978695868508379 -0.44706043596588108
0.73596968368835158 -1.6232889082401389 -0.43705824990063052
0.71500334519179531 -1.647971570276167 -0.42658076690299079
0.69355872332810653 -1.6719764698471891 -0.41553050875177971
0.67164850655861008 -1.6952140680848251 -0.40389864201363329
0.64958538734020332 -1.717511192181604 -0.39190663200117731
0.62703214656655093 -1.7392129288435001 -0.37938342995735042
0.60407779784485238 -1.7600146027634209 -0.36632587618342682
0.58100744035610297 -1.7798908325537131 -0.35296346052412297
0.55750900266273828 -1.7990420865740211 -0.33911393872376439
0.53377379698523608 -1.8172918130970319 -0.32488851302803828
0.50975636345446218 -1.8346497717654331 -0.31026819220122609
0.48552481109692308 -1.8510401824627909 -0.29529495305836001
0.46101458395935779 -1.8666569524706831 -0.27997229966744441
0.43632582353274851 -1.8813870075844661 -0.26435811313866869
0.41132680134445521 -1.8952454622108239 -0.2483717052966227
0.38614616845586502 -1.908129983596409 -0.23209761539095289
0.36061830342030898 -1.9202346896876401 -0.21545829603774441
0.33493414955957029 -1.931381716797236 -0.19857457618075669
0.30909778415286449 -1.941605561575773 -0.1814649414981635
0.28307183477319853 -1.9508753900229081 -0.16411026494683981
0.25679842219878279 -1.9592407533791241 -0.1464854917879618
0.23039513296354419 -1.9665990206926749 -0.1286757090996187
0.20392580755822429 -1.9730931133862171 -0.1107481995533196
0.17732641823976911 -1.978607778149464 -0.092662686093287677
0.150601143453092 -1.983064496500621 -0.074426955004398873
0.1238247672312115 -1.9865564451796021 -0.056110176588469882
0.09690371382604332 -1.9890320574699729 -0.037656590826875239
0.069984439504848811 -1.990686846888386 -0.019181595253475309
0.043014618228627489 -1.9912346612658629 -0.00066006711013419372
0.016046489670651649 -1.9907286543257281 0.017861603616512921
-0.01091586103688256 -1.989342649466826 0.036364630771162691
-0.037799001897626049 -1.986925495586171 0.05478669528196925
-0.064640645344254927 -1.9835378144421649 0.073144963014322079
-0.091500589148529432 -1.9792051376267039 0.091473590630665805

-1.7779117163314271 -0.59098061658313039 -0.46279328954250493
-1.7507877607523741 -0.61069252576353361 -0.47124132967392912
-1.723011500900484 -0.63004725904472925 -0.47923575025105508
-1.6945404618017359 -0.64908808405064566 -0.48680180067291451
-1.6653729624557909 -0.66782774248101717 -0.49395231250787908
-1.63554509455976 -0.68625560028227173 -0.50069284864613073
-1.6051015676058049 -0.70436001789488856 -0.50703225230340787
-1.574068174795727 -0.72214438523064994 -0.51298812989783715
-1.5424507436462349 -0.73962550130184013 -0.5185853331549326
-1.5102515887874119 -0.75681144251204779 -0.52383821321751356
-1.4774895991661681 -0.7736872737023569 -0.5287430575787192
-1.4441767924621489 -0.79029241144797824 -0.53335852774712644
-1.410513635848899 -0.80609213859117002 -0.5371390686940678
-1.3756932737163079 -0.82151381215869812 -0.54024490673836412
-1.341273663560427 -0.83592211485108481 -0.5425683530572849
-1.3049204476089471 -0.85018608339470525 -0.54412563855293294
-1.2694037431284859 -0.86332473037171931 -0.54492741222864627
-1.232096406789716 -0.87623000857880939 -0.54487512894010459
-1.1949962221371959 -0.88819822498012524 -0.54396927431215691
-1.157250000359364 -0.89960163392434223 -0.54228984777349021
-1.1187737010189109 -0.91033111502964947 -0.53958640114141132
-1.080040377743833 -0.92034376220256209 -0.53604250553141286
-1.041097339435793 -0.92963027696106371 -0.53160731357356139
-1.0016289421688309 -0.93823840244705359 -0.52616309315483256
-0.96193957105727534 -0.94611557628611775 -0.51971498420854656
-0.92196448540300413 -0.95328645866177697 -0.51222562323397502
-0.88117382409570799 -0.95985974382139216 -0.503570921228224
-0.83973019114578851 -0.96580392104759227 -0.49370702035225361
-0.79772756568251924 -0.9711135751540132 -0.48261113497827962
-0.75591225191490241 -0.9757159930771051 -0.47043794814250639
-0.71434074712842699 -0.97964507987351268 -0.45722610490272958
-0.67231030214362497 -0.98299393264966339 -0.44271130706947159
-0.63007937961147931 -0.9857659112637962 -0.42689797814725527
-0.58719763695447025 -0.98802101024451838 -0.40953845253964372
-0.54466417813372003 -0.98974440311836642 -0.39099985370560758
-0.50348983057530727 -0.99096747486789949 -0.37176350611048808
-0.46315351633775959 -0.99176337971414474 -0.35166051827885603
-0.42258932571298369 -0.99221038393447791 -0.33018996325194883
-0.38055571583291031 -0.99236273709218015 -0.30661662095102271
-0.33751161751444181 -0.9922939890850907 -0.28098724264143649
-0.2954381388666335 -0.99208943236870151 -0.2544589992270862
-0.25529360872920792 -0.99179415928273673 -0.22784632798138049
-0.21710557098643521 -0.99146592696644775 -0.20135426523662969
-0.17781811201997569 -0.99113614627260704 -0.17295007975227381
-0.1373634725524128 -0.99087801081910387 -0.14257345824511389
-0.096848172840656457 -0.99078320348386451 -0.1111269547631915
-0.058073904697845923 -0.99082448643511489 -0.080260484582363428
-0.0212928613440912 -0.99090066392321541 -0.050431066359238892
0.01518990464307577 -0.99102372289330931 -0.02056557979908093
0.053153661554434677 -0.99106630226566272 0.01064992615019986
0.092640712306918088 -0.9910303221687613 0.043086552043452929
0.13203066942674949 -0.99088126416733036 0.075150159935413574
0.16991622395151831 -0.99080367398276348 0.1055402310890796
0.20633728266900839 -0.99076573608732588 0.1340969865513344
0.2438842535775716 -0.99074076967708435 0.162734527952337
0.2833707048525817 -0.99078412447962694 0.19178442840448301
0.32438705610968299 -0.99084811512326942 0.22070612978061169
0.36555773495542693 -0.99086995085276464 0.24843174649222641
0.40626344518276231 -0.99081796746784456 0.27445644812299702
0.44671543219858989 -0.99059851345588967 0.29897757968739652
0.4881551959266397 -0.99013261868060709 0.32272751521651111
0.53048545383778545 -0.98937620025763584 0.34548363464893789
0.57296395305436365 -0.98826393916427691 0.36691592732737938
0.61533366012646817 -0.98676465596508867 0.38678747583937267
0.65700161120782685 -0.98483558968559648 0.40507383921099033
0.69865961476159111 -0.98242226932364796 0.4219959769496649
0.74034427426661753 -0.9794627430148406 0.4376641497169742
0.7813935087877345 -0.97599126808149195 0.4518660497359453
0.82234982010622715 -0.97191971347230588 0.46488476824421499
0.86282674460284714 -0.96727949463901297 0.4765942294168804
0.90339949601121561 -0.96197750758453682 0.48725214184823951
0.94386206723535826 -0.9560084550084309 0.49676109497412563
0.98452955320935776 -0.9493230523313918 0.5053341622317874
1.025085163419287 -0.94189863549425323 0.5127598120994683
1.064915910568331 -0.93389595714111207 0.51911424082350444
1.1044292624898171 -0.92516104108002051 0.52436785255688334
1.1431933703048149 -0.91585526097736158 0.5286070109637756
1.1819896979725371 -0.9058041365473436 0.53203158877547108
1.2203858837135431 -0.89498330352057842 0.53432895978416639
1.2576224781154659 -0.88374259589802795 0.53575687578694031
1.29456402738461 -0.87180331569903413 0.53633173363947018
1.3303699490499989 -0.85939051178723513 0.53598418027007622
1.3656953767305979 -0.84640202879919024 0.5349065412895313
1.4005247591343259 -0.83276605189054709 0.53301834326416775
1.434950480143516 -0.81846426662899785 0.53033227052875942
1.468802006160435 -0.80356632676696815 0.52690412680437115
1.5018785538627579 -0.78817340014745396 0.52275668459276203
1.534590578350143 -0.77208516934723348 0.51786340388080032
1.566497950485346 -0.7555143136762309 0.51227798250719847
1.597673805003343 -0.73846704893761961 0.50606653790845368
1.6285378320409609 -0.72061770809585957 0.49903714743141431
1.6580971595353979 -0.70273924842302626 0.49164340092266229
1.687399654969443 -0.68397376210730632 0.48340193821092359
1.715695213349641 -0.66494702079897861 0.47466927259980141
1.7432531627105341 -0.64556176516780439 0.46545918158978061
1.7701610833501911 -0.62548204933214369 0.45549190519714888
1.796268008629784 -0.60513424908152613 0.445110313359876
1.8216116281500561 -0.58435906316606023 0.4342026249448907
1.8460917284105729 -0.56321536656785698 0.42278900068631942
1.8699309848874159 -0.5418904192346865 0.41109420742629849
1.893066193248317 -0.52033910415544737 0.39906366998627218
1.9154819669034671 -0.49856922210265009 0.38670207857944427
1.9371659491551181 -0.47660105982331941 0.37402675957071069
1.958087572054878 -0.45443104576570148 0.3610300283331373
1.9782376245348829 -0.43203323419140272 0.34769178144515678
1.997630411243521 -0.40936205189823782 0.33398271392884771
2.0162794978922061 -0.3863686162983247 0.31987145907954029
2.034178550876923 -0.36302536085073589 0.30534000255609461
2.0512978365002552 -0.33933690866470589 0.29039156748713219
2.067595046407583 -0.31533008478755231 0.2750448758949377
2.0830301949537651 -0.29103461813134912 0.25932199481412249
2.0975727402532018 -0.26647152984924599 0.243240707192245
2.11119789883884 -0.241657183703965 0.22681690024028139
2.1238795926625418 -0.21661550278028541 0.21007253835438339
2.1355890138725382 -0.19138329888036509 0.19303934382479909
2.1463001487388338 -0.16600145347632109 0.17575294942995351
2.1559960488733898 -0.1404992325223374 0.1582420489911992
2.1646694628930261 -0.1148860001118639 0.14052227736617739
2.172317467223376 -0.089157997732567176 0.1226004698095543
2.178935337956434 -0.063314001377184834 0.1044853901986698
2.1845146340244308 -0.037366236679417318 0.086195474426913749
2.1890455293338649 -0.01133915609604904 0.067758144422034344
2.1925198348380599 0.014739277533510059 0.049203710715325463
2.1949320386820661 0.0408437784599847 0.030560919372141469
2.1962787708823108 0.066950483055287321 0.011857755309927481
2.1965585262917742 0.093032553688522923 -0.006875471847200232
2.1957721288484349 0.11906044391155821 -0.02560636130205712
2.193922640939129 0.1450088979397148 -0.044305522675002137
2.1910138295378072 0.17086419902947689 -0.062951884545010203
2.1870484770087608 0.19662308043826779 -0.081531969688581382
2.182028846448147 0.22228196273103079 -0.1000321456410917
2.1759596607808871 0.2478249890048953 -0.11843000828375801
2.1688510114959452 0.27322114273806242 -0.13669237611488291
2.160718359657217 0.29843225238310811 -0.15478117946811851
2.1515798594404001 0.32342378827477603 -0.17266133632842051
2.1414542846551581 0.34816868144198498 -0.1903035533568242
2.1303622178040929 0.372642202784428 -0.20768071133588059
2.1183290283914999 0.39681550456134512 -0.22476336310610129
2.1053850293740362 0.42065698183289663 -0.2415208443940193
2.091560112808946 0.44414251416074491 -0.25792858157924548
2.0768757855272622 0.46726617671451998 -0.27397550401903992
2.0613413108198291 0.49004132225650238 -0.28966452789434838
2.0449582077477562 0.51248982275698995 -0.30500485463913518
2.027730057615075 0.53462771142993648 -0.32000208100261029
2.0096695872417838 0.55645821093565739 -0.33465367806723861
1.990797865384395 0.57797553927324807 -0.34895184363800003
1.9711382335797489 0.59917345301007718 -0.36288939047974761
1.950712313617228 0.62005023022731831 -0.3764632361065447
1.929541641736904 0.64060710548701949 -0.38967353416570127
1.907650664930024 0.66084403632245792 -0.40252062981283382
1.885067180841032 0.68076051626041256 -0.41500588610382588
1.861820031779343 0.70036414558295768 -0.4271389878027026
1.8379264229506791 0.71967249237866227 -0.43893647867825508
1.813379564316228 0.73870142037588826 -0.45040814929268641
1.788178831028884 0.75747204584399419 -0.46157147511695318
1.7623531539441759 0.77601536882731093 -0.47246110724212032
1.7358052320718551 0.79419930561535912 -0.48292998863297759
1.7084713710956649 0.8119363711817289 -0.49287962788965423
1.6805084563364781 0.82907490911571624 -0.50219959308682816
1.651580974532197 0.84597824737220895 -0.51115502454903539
1.6223463671158831 0.86210745666127175 -0.51936874649861853
1.5921988106646161 0.87781115799103182 -0.52703006767224991
1.561137974215743 0.89319986251907413 -0.53423989646512748
1.53024647493803 0.90752176609302515 -0.54050227464530876
1.497651777634174 0.92186645206323592 -0.54645535479133378
1.4652074713433769 0.93526313298583974 -0.55155395934465534
1.4314392211069999 0.94833681771635803 -0.55606201430008584
1.3973569144111091 0.96068834701312456 -0.55980415268884565
1.3618601721411661 0.97268252783785747 -0.56287807479879604
1.3266701985114759 0.98373183953477339 -0.56508482089684353
1.2895649660254001 0.99449573070469977 -0.56653305711580904
1.2534430756154951 1.0041868941298 -0.56715594336210329
1.21509114273163 1.013558609454611 -0.56682481195588696
1.177414750159987 1.021945747808058 -0.56563744796996596
1.13932928744791 1.0296111149411371 -0.56355372087794064
1.0998300596282089 1.036669516869247 -0.56033283025306668
1.061025086737827 1.0428154103771139 -0.55629300354297273
1.0216470154730199 1.0482456162260729 -0.55121741993455742
0.98179292092508641 1.052893487455957 -0.54498330162119735
0.94158654472524317 1.0567869455071881 -0.53766088056313288
0.90082248037307766 1.059914892639287 -0.52908173153148674
0.85981245048390409 1.0622798202703441 -0.51932815148129929
0.81842479395390233 1.0638800484080879 -0.50824544866913768
0.77693171333917355 1.0647228313763479 -0.49586856669658491
0.73534834363319324 1.064821681307677 -0.48210568072536092
0.69314177024122225 1.064197785600461 -0.4667399360786465
0.65103096150287443 1.06288464941491 -0.44993578611478369
0.6095040661532396 1.0609525489010849 -0.43181402490130238
0.5679065633967012 1.058429326934929 -0.41204876683362529
0.52665056997157067 1.0553987624834329 -0.39081682844902721
0.48566022871979242 1.051936278102751 -0.36797973057935701
0.44527841864280271 1.0481575322319141 -0.34372982173450212
0.4052069668434381 1.044139003955074 -0.31784292350781451
0.36569879100246477 1.0400127112088939 -0.29049724420256412
0.32633926086686982 1.0358918410320499 -0.26133387089726168
0.28755408965534779 1.0319395320706251 -0.23073276802799361
0.2492035994293107 1.028317111825638 -0.19863357228863401
0.21171899485392251 1.0251919583261611 -0.16556397965768149
0.17478422406494759 1.0226971686683271 -0.13144564691204039
0.1386245982694391 1.020984294573581 -0.096727544774651911
0.1028032608989029 1.0201635742684201 -0.061303552758761773
0.067158483855916842 1.0203122456748219 -0.025364075717979238
0.03142291759745159 1.021489295263142 0.01096281564798407
-0.0044804889204172003 1.0237320772101861 0.047339925756012743
-0.040605704111449183 1.0270366729179969 0.083381917391854424
-0.076875846414945201 1.031273161836211 0.1186512718919609
-0.1135781328263966 1.0363656552110401 0.1530745177391607
-0.15069336010454279 1.0421633208373029 0.18635087114204391
-0.1884739196174155 1.0485418542720439 0.21849923024449741
-0.2267207332866954 1.055285777701066 0.2492067072316089
-0.26539945246021002 1.0622328708259889 0.27837497026603047
-0.30446611791915679 1.069215553356514 0.3059550375102959
-0.34420989652306128 1.0761692845709161 0.3320727260559701
-0.38449595596487729 1.0829307189374471 0.35663614468701982
-0.425118521923884 1.089351736663797 0.379586561583173
-0.46634120025883152 1.0953834204127819 0.40103520904858692
-0.50745022642803683 1.10083804738743 0.42075425683849949
-0.54871396531981043 1.105701537212058 0.43889768540810259
-0.59047019898858977 1.1099281159149561 0.45562346190821001
-0.63130295090567101 1.113369664585623 0.47061854837282852
-0.67295743688968102 1.116124017963894 0.48451121454408769
-0.71503069166408262 1.1181048197937 0.49708696434358102
-0.75667197531226771 1.1192370270537211 0.50814781404513909
-0.79811639295557746 1.119557739542538 0.51803296457097936
-0.83922377714673946 1.1190004857568241 0.52654405909993829
-0.88005081492165038 1.117651811628078 0.53401004729691115
-0.92048597654689102 1.115454238324489 0.54029851347500368
-0.96112763953964309 1.112411957827079 0.54561381195622149
-1.000783973235831 1.108513817121666 0.54966169379264884
-1.039543897595532 1.1038913675233279 0.55271544362729463
-1.078218323955185 1.0984951182962599 0.55499854070570243
-1.11662649612562 1.0921672707690411 0.55615312379372206
-1.1535200751713139 1.085363381843732 0.55659294208972332
-1.191725523083224 1.07735258824022 0.55605747593046295
-1.227727637126659 1.0690327694615069 0.55482206707586723
-1.2646932307077989 1.0595722962947169 0.55268314138732988
-1.300242845717015 1.0496409809771901 0.54984952873351356
-1.3356684965933701 1.0388559055584869 0.54622055365965949
-1.370315363058997 1.027433561050735 0.54187127704068849
-1.4043837427742489 1.015707295060843 0.53729108841756457
-1.4378386762210671 1.00365160629482 0.53242359250513116
-1.470665718596798 0.9912701269398092 0.52725788945674712
-1.5028676311294189 0.97855510288445702 0.52177558189933437
-1.53446288215211 0.96548711121065456 0.51595071747308574
-1.5654763451316129 0.95204302245513506 0.50975720230636001
-1.5959262246813459 0.93820314017257511 0.50317328079611456
-1.625817516414972 0.9239536370247976 0.49618187247667711
-1.655145027889799 0.90928482941244093 0.48876896818813509
-1.683900908369804 0.89418824813866626 0.48092241955074888
-1.7120784715271711 0.87865510123342672 0.47263138173825991
-1.7396703232751549 0.86267710479782977 0.46388659434588059
-1.7666656493363391 0.84624801149560069 0.4546810763060713
-1.793052083167693 0.82936272181476811 0.44500961973068348
-1.8188212661766101 0.81201364123242659 0.43486662474889198
-1.8439718056052929 0.79418789658930256 0.42424422669029699
-1.868504447359332 0.77586973430628681 0.41313344498182469
-1.8924120406502021 0.75704783550487575 0.40152853332525268
-1.915672864423293 0.73772190295498763 0.38943124220609482
-1.9382533455243831 0.71790269446100741 0.37685117978824512
-1.960117278624333 0.6976057556865336 0.36380205487833361
-1.981233017602978 0.67684512264424379 0.3502976079266033
-2.0015731152309071 0.65563301862144419 0.33635125537158528
-2.021109312012717 0.63398473731195104 0.32197919121986351
-2.039810602003798 0.61192150205805784 0.30720228897650309
-2.0576481845774892 0.58946548340536142 0.29204276714876848
-2.074602869390108 0.56662964930384263 0.27651719814352299
-2.090666940092166 0.54341203153281403 0.26063233689654619
-2.1058373907047332 0.51980159602756448 0.24438889270230421
-2.1201060222919241 0.49579215673995741 0.2277910416162772
-2.133454965210746 0.47139242621276661 0.21085349291949029
-2.1458603482486809 0.44662411132062713 0.1936003164373597
-2.157299018287945 0.42151195221834742 0.17605805448115311
-2.167751716941722 0.3960768438560604 0.15825086729191171
-2.177201330056783 0.37033845401185211 0.14020229747042831
-2.1856303589130079 0.34432218511985918 0.1219401147698968
-2.193021642983993 0.31805975279212051 0.10349669498819659
-2.1993614758735309 0.29157997839943278 0.084902506277926407
-2.2046409484056109 0.26489885506447858 0.066179089035257793
-2.208853505842959 0.2380213701904311 0.047340337342654228
-2.2119914781220191 0.21095636658157271 0.028402945306614601
-2.2140456756011559 0.18373077751532521 0.0093963382733734842
-2.215008280446142 0.15638883555160449 -0.0096380136269436558
-2.2148754207792112 0.1289773790190181 -0.0286569869089431
-2.2136469011375448 0.1015328436586042 -0.047624896453611863
-2.2113247053861098 0.074083278712261114 -0.066512059086978992
-2.2079133453939388 0.046661480159396862 -0.085285743302174727
-2.203421723132017 0.019311578260512319 -0.1039057957978483
-2.197862596968041 -0.0079222851602913976 -0.12233254222107171
-2.1912475597768331 -0.035016442637001648 -0.14054062968243969
-2.1835813988937969 -0.061976186142732842 -0.15852435754250291
-2.1748625886479882 -0.088820265224616057 -0.1762868330543976
-2.165091212965252 -0.1155535315140548 -0.1938216866945178
-2.154276889501344 -0.14215308425168319 -0.21110434969867881
-2.142438561709231 -0.16857887155411111 -0.22809957462910929
-2.1295969359222 -0.19479497508554031 -0.24477550246164401
-2.1157686938802009 -0.22077936828329039 -0.26110977529314339
-2.1009696829477829 -0.24651452282791639 -0.27708336939969108
-2.085223061927139 -0.2719732046049777 -0.29267182079519161
-2.0685607596249032 -0.29711899649784818 -0.30784594847122382
-2.051013067637832 -0.3219235005603367 -0.32258251371090779
-2.0325955473738921 -0.34638205948148532 -0.33687322571870681
-2.013308639298292 -0.37050905607666951 -0.35072119081168568
-1.99315393855565 -0.39431465561235068 -0.36412705830707098
-1.972151995102515 -0.41778587743649148 -0.37707877943742019
-1.950343135947743 -0.44089055718587938 -0.38955486914349802
-1.9277707013483221 -0.46359822454272992 -0.40153647638276507
-1.9044648821029491 -0.48589555279449809 -0.41301543954201181
-1.8804449858095069 -0.50778140936431548 -0.42399110057229028
-1.855737190602587 -0.52924947199124617 -0.43446132678260152
-1.83038518127561 -0.55028054604462151 -0.4444192999251757
-1.804436335377142 -0.57085598071190413 -0.45386055406257592
