70.8953761491743 -5.72434028656542e-15 2.57595312895444e-14
70.8642842087808 1.48439514701942 0.742197555656071
70.7710833683023 2.96618723133182 1.48309304459907
70.6159982948642 4.44278203550567 2.22138668438344
70.3994025181486 5.91160299837862 2.95578325709114
70.1218170608666 7.37009995762204 3.68499438158399
69.7839085289268 8.81575778999938 4.40774077376205
69.3864866687754 10.2461049158436 5.12275449086255
68.930501401463 11.6587216348138 5.8287811558624
68.4170393450448 13.0512482606564 6.52458215808172
67.8473198389169 14.4213930234864 7.20893682612785
67.2226904856452 15.7669397090215 7.88064456936776
66.5446222277228 17.0857550052354 8.53852698417198
65.814703978514 18.3757955280534 9.181429921235
65.0346368283827 19.63511449897 9.80822551034532
64.2062278486612 20.8618680488478 10.4178141390531
63.3313835176861 22.0543211236206 11.0091263817639
62.4121027946008 23.2108529691979 11.5811248758748
61.4504698679962 24.3299621745201 12.1328061416608
60.4486466077296 25.4102712534567 12.663202342719
59.4088647494114 26.4505307480531 13.1713829838831
58.3334178420922 27.4496228375181 13.6564565436274
57.2246529905959 28.4065644392879 14.1175720380991
56.0849624247406 29.3205097905042 14.5539205140328
54.9167749283549 30.1907525002864 14.9647364679294
53.7225471615335 31.0167270652637 15.3492991890096
52.5047549099803 31.7980098429439 15.7069340235854
51.265884295561 32.5343194796285 16.0370135586318
50.0084229823218 33.2255167917318 16.3389587224825
48.7348514122336 33.871604101512 16.6122398007185
47.4476341047881 34.4727240303661 16.8563773654671
46.149211054306 35.0291577549793 17.0709431164811
44.8419892584127 35.5413227337256 17.2555606325233
43.5283344106099 36.009769912806 17.4099060317372
42.210562789204 36.4351804236517 17.5337085398456
40.8909333740643 36.818361785121 17.6267509651809
39.5716402217721 37.1602436259656 17.6888700797131
38.2548051286862 37.4618729449253 17.719956905407
36.942470610299 37.7244089276279 17.719956905407
35.636593223999 37.9491173412103 17.6888700797131
34.3390372609835 38.1373645292342 17.6267509651809
33.0515688315971 38.2906110310406 17.5337085398456
31.7758503668052 38.4104048511545 17.4099060317372
30.5134355568577 38.4983744057308 17.2555606325233
29.2657647464595 38.5562211742886 17.0709431164811
28.0341608039521 38.5857120861413 16.8563773654671
26.8198254801256 38.5886716719628 16.6122398007185
25.62383627034 38.5669740118474 16.3389587224825
24.4471437916352 38.5225345120151 16.0370135586318
23.2905696844659 38.4573015429786 15.7069340235854
22.154805046617 38.3732479725239 15.3492991890096
21.0404094047453 38.2723626272608 14.9647364679294
19.9478102268613 38.1566417167718 14.5539205140328
18.8773029769185 38.0280802545224 14.1175720380991
17.8290517105341 37.8886635096984 13.6564565436274
16.8030902087139 37.7403585240012 13.1713829838831
15.7993236443279 37.5851057271654 12.663202342719
14.81753077397 37.4248106845613 12.1328061416608
13.8573666457539 37.2613360097103 11.5811248758748
12.9183658115536 37.096493473881 11.0091263817639
11.999946030201 36.9320363441411 10.4178141390531
11.1014124462051 36.7696519803289 9.80822551034534
10.2219622266783 36.6109547203722 9.18142992123502
9.36068963733673 36.4574790822331 8.538526984172
8.51659153670784 36.3106733094945 7.88064456936779
7.68857326601741 36.1718932862364 7.20893682612788
6.87545491066623 36.0423968453782 6.52458215808176
6.07597790773296 35.9233384930999 5.82878115586244
5.28881197257061 35.815764570298 5.12275449086259
4.51256231630117 35.7206088702966 4.4077407737621
3.74577712486117 35.6386887302187 3.68499438158405
2.98695526921571 35.5707016115411 2.9557832570912
2.23455421544351 35.517222183414 2.22138668438351
1.48699810260452 35.4786999203269 1.48309304459914
0.74268595563746 35.4554572236608 0.742197555656153
8.08801521424971e-14 35.4476880745871 1.06639683432041e-13
-0.74268595563729 35.4554572236608 -0.742197555655932
-1.48699810260436 35.4786999203269 -1.48309304459893
-2.23455421544335 35.517222183414 -2.2213866843833
-2.98695526921555 35.570701611541 -2.95578325709099
-3.745777124861 35.6386887302186 -3.68499438158384
-4.512562316301 35.7206088702966 -4.40774077376189
-5.28881197257044 35.815764570298 -5.12275449086239
-6.07597790773278 35.9233384930999 -5.82878115586223
-6.87545491066606 36.0423968453782 -6.52458215808156
-7.68857326601723 36.1718932862364 -7.20893682612768
-8.51659153670767 36.3106733094945 -7.8806445693676
-9.36068963733655 36.4574790822331 -8.53852698417182
-10.2219622266781 36.6109547203722 -9.18142992123484
-11.1014124462049 36.7696519803289 -9.80822551034515
-11.9999460302008 36.9320363441411 -10.4178141390529
-12.9183658115534 37.096493473881 -11.0091263817637
-13.8573666457537 37.2613360097103 -11.5811248758747
-14.8175307739698 37.4248106845613 -12.1328061416606
-15.7993236443276 37.5851057271654 -12.6632023427189
-16.8030902087136 37.7403585240012 -13.1713829838829
-17.8290517105339 37.8886635096984 -13.6564565436273
-18.8773029769182 38.0280802545224 -14.117572038099
-19.947810226861 38.1566417167717 -14.5539205140326
-21.0404094047451 38.2723626272608 -14.9647364679292
-22.1548050466167 38.3732479725239 -15.3492991890095
-23.2905696844656 38.4573015429786 -15.7069340235853
-24.4471437916349 38.522534512015 -16.0370135586317
-25.6238362703396 38.5669740118474 -16.3389587224824
-26.8198254801252 38.5886716719628 -16.6122398007184
-28.0341608039518 38.5857120861413 -16.856377365467
-29.2657647464592 38.5562211742886 -17.070943116481
-30.5134355568573 38.4983744057308 -17.2555606325232
-31.7758503668048 38.4104048511545 -17.4099060317371
-33.0515688315967 38.2906110310406 -17.5337085398455
-34.3390372609831 38.1373645292343 -17.6267509651808
-35.6365932239985 37.9491173412103 -17.688870079713
-36.9424706102985 37.724408927628 -17.7199569054069
-38.2548051286858 37.4618729449254 -17.7199569054069
-39.5716402217717 37.1602436259657 -17.688870079713
-40.8909333740638 36.8183617851211 -17.6267509651809
-42.2105627892036 36.4351804236518 -17.5337085398456
-43.5283344106095 36.0097699128061 -17.4099060317372
-44.8419892584122 35.5413227337257 -17.2555606325233
-46.1492110543056 35.0291577549795 -17.0709431164811
-47.4476341047878 34.4727240303663 -16.8563773654671
-48.7348514122332 33.8716041015121 -16.6122398007186
-50.0084229823215 33.225516791732 -16.3389587224826
-51.2658842955607 32.5343194796287 -16.0370135586318
-52.50475490998 31.7980098429441 -15.7069340235855
-53.7225471615333 31.0167270652639 -15.3492991890096
-54.9167749283546 30.1907525002866 -14.9647364679294
-56.0849624247403 29.3205097905044 -14.5539205140328
-57.2246529905956 28.4065644392882 -14.1175720380992
-58.333417842092 27.4496228375183 -13.6564565436275
-59.4088647494112 26.4505307480533 -13.1713829838832
-60.4486466077294 25.4102712534569 -12.6632023427191
-61.450469867996 24.3299621745203 -12.1328061416608
-62.4121027946006 23.2108529691981 -11.5811248758749
-63.331383517686 22.0543211236208 -11.009126381764
-64.2062278486611 20.861868048848 -10.4178141390531
-65.0346368283826 19.6351144989702 -9.80822551034538
-65.8147039785139 18.3757955280536 -9.18142992123506
-66.5446222277227 17.0857550052356 -8.53852698417203
-67.2226904856451 15.7669397090217 -7.88064456936782
-67.8473198389168 14.4213930234866 -7.2089368261279
-68.4170393450447 13.0512482606566 -6.52458215808177
-68.930501401463 11.658721634814 -5.82878115586245
-69.3864866687753 10.2461049158438 -5.1227544908626
-69.7839085289267 8.81575778999955 -4.40774077376208
-70.1218170608665 7.37009995762221 -3.68499438158403
-70.3994025181486 5.91160299837879 -2.95578325709117
-70.6159982948642 4.44278203550585 -2.22138668438348
-70.7710833683023 2.96618723133199 -1.4830930445991
-70.8642842087808 1.48439514701953 -0.742197555656072
-70.8953761491743 1.28893038826764e-13 -4.15491582671205e-14
-70.8642842087808 -1.48439514701933 0.74219755565602
-70.7710833683023 -2.9661872313317 1.48309304459901
-70.6159982948642 -4.44278203550559 2.22138668438339
-70.3994025181487 -5.91160299837851 2.95578325709107
-70.1218170608666 -7.37009995762199 3.68499438158396
-69.7839085289268 -8.81575778999934 4.40774077376202
-69.3864866687754 -10.2461049158435 5.12275449086252
-68.9305014014631 -11.6587216348137 5.82878115586237
-68.4170393450448 -13.0512482606563 6.52458215808169
-67.8473198389169 -14.4213930234864 7.20893682612783
-67.2226904856452 -15.7669397090214 7.88064456936774
-66.5446222277228 -17.0857550052355 8.53852698417199
-65.814703978514 -18.3757955280534 9.181429921235
-65.0346368283827 -19.63511449897 9.80822551034533
-64.2062278486612 -20.8618680488478 10.4178141390531
-63.3313835176861 -22.0543211236206 11.0091263817639
-62.4121027946008 -23.2108529691979 11.5811248758748
-61.4504698679962 -24.3299621745202 12.1328061416608
-60.4486466077296 -25.4102712534567 12.6632023427191
-59.4088647494114 -26.4505307480531 13.1713829838831
-58.3334178420922 -27.4496228375181 13.6564565436275
-57.2246529905958 -28.406564439288 14.1175720380991
-56.0849624247405 -29.3205097905043 14.5539205140328
-54.9167749283549 -30.1907525002865 14.9647364679294
-53.7225471615334 -31.0167270652638 15.3492991890096
-52.5047549099802 -31.798009842944 15.7069340235854
-51.2658842955609 -32.5343194796286 16.0370135586318
-50.0084229823217 -33.2255167917319 16.3389587224826
-48.7348514122334 -33.871604101512 16.6122398007186
-47.447634104788 -34.4727240303662 16.8563773654671
-46.1492110543058 -35.0291577549794 17.0709431164811
-44.8419892584125 -35.5413227337256 17.2555606325233
-43.5283344106098 -36.009769912806 17.4099060317372
-42.2105627892039 -36.4351804236517 17.5337085398456
-40.8909333740641 -36.818361785121 17.6267509651809
-39.571640221772 -37.1602436259656 17.6888700797131
-38.254805128686 -37.4618729449254 17.719956905407
-36.9424706102987 -37.724408927628 17.719956905407
-35.6365932239988 -37.9491173412103 17.6888700797131
-34.3390372609833 -38.1373645292343 17.6267509651809
-33.0515688315969 -38.2906110310406 17.5337085398456
-31.775850366805 -38.4104048511545 17.4099060317372
-30.5134355568574 -38.4983744057308 17.2555606325233
-29.2657647464593 -38.5562211742886 17.070943116481
-28.0341608039519 -38.5857120861414 16.856377365467
-26.8198254801254 -38.5886716719628 16.6122398007185
-25.6238362703397 -38.5669740118474 16.3389587224825
-24.4471437916349 -38.5225345120151 16.0370135586317
-23.2905696844657 -38.4573015429786 15.7069340235853
-22.1548050466167 -38.3732479725239 15.3492991890095
-21.0404094047451 -38.2723626272608 14.9647364679293
-19.947810226861 -38.1566417167717 14.5539205140327
-18.8773029769182 -38.0280802545224 14.117572038099
-17.8290517105339 -37.8886635096984 13.6564565436273
-16.8030902087136 -37.7403585240012 13.171382983883
-15.7993236443276 -37.5851057271654 12.6632023427189
-14.8175307739698 -37.4248106845613 12.1328061416606
-13.8573666457536 -37.2613360097103 11.5811248758747
-12.9183658115533 -37.096493473881 11.0091263817637
-11.9999460302007 -36.9320363441411 10.4178141390529
-11.1014124462049 -36.7696519803289 9.80822551034516
-10.2219622266779 -36.6109547203722 9.18142992123479
-9.36068963733643 -36.457479082233 8.53852698417178
-8.51659153670753 -36.3106733094945 7.88064456936754
-7.68857326601711 -36.1718932862364 7.20893682612764
-6.87545491066591 -36.0423968453782 6.52458215808149
-6.07597790773266 -35.9233384930999 5.82878115586217
-5.28881197257029 -35.815764570298 5.1227544908623
-4.51256231630083 -35.7206088702966 4.40774077376179
-3.74577712486082 -35.6386887302186 3.68499438158371
-2.98695526921537 -35.570701611541 2.95578325709087
-2.23455421544318 -35.517222183414 2.22138668438319
-1.48699810260417 -35.4786999203269 1.4830930445988
-0.742685955637086 -35.4554572236608 0.74219755565578
3.0832729615443e-13 -35.4476880745872 -2.82567764864886e-13
0.742685955637672 -35.4554572236608 -0.742197555656313
1.48699810260476 -35.4786999203269 -1.48309304459933
2.23455421544374 -35.517222183414 -2.22138668438368
2.98695526921597 -35.5707016115411 -2.95578325709139
3.74577712486142 -35.6386887302187 -3.68499438158423
4.51256231630147 -35.7206088702967 -4.40774077376233
5.2888119725709 -35.8157645702981 -5.12275449086281
6.07597790773325 -35.9233384931 -5.82878115586264
6.87545491066655 -36.0423968453783 -6.52458215808198
7.68857326601775 -36.1718932862365 -7.20893682612812
8.51659153670819 -36.3106733094946 -7.88064456936801
9.36068963733707 -36.4574790822332 -8.53852698417221
10.2219622266787 -36.6109547203723 -9.18142992123527
11.1014124462055 -36.769651980329 -9.80822551034557
11.9999460302014 -36.9320363441412 -10.4178141390533
12.9183658115541 -37.0964934738811 -11.0091263817641
13.8573666457544 -37.2613360097104 -11.5811248758751
14.8175307739705 -37.4248106845614 -12.132806141661
15.7993236443284 -37.5851057271655 -12.6632023427193
16.8030902087144 -37.7403585240013 -13.1713829838833
17.8290517105347 -37.8886635096985 -13.6564565436276
18.8773029769191 -38.0280802545225 -14.1175720380993
19.9478102268618 -38.1566417167718 -14.5539205140329
21.0404094047459 -38.2723626272609 -14.9647364679295
22.1548050466176 -38.373247972524 -15.3492991890098
23.2905696844666 -38.4573015429787 -15.7069340235856
24.4471437916359 -38.5225345120151 -16.0370135586319
25.6238362703406 -38.5669740118474 -16.3389587224826
26.8198254801263 -38.5886716719629 -16.6122398007186
28.0341608039529 -38.5857120861413 -16.8563773654672
29.2657647464602 -38.5562211742886 -17.0709431164811
30.5134355568584 -38.4983744057307 -17.2555606325234
31.775850366806 -38.4104048511544 -17.4099060317372
33.0515688315979 -38.2906110310405 -17.5337085398456
34.3390372609843 -38.1373645292341 -17.6267509651809
35.6365932239998 -37.9491173412101 -17.688870079713
36.9424706102998 -37.7244089276278 -17.7199569054069
38.254805128687 -37.4618729449251 -17.7199569054069
39.571640221773 -37.1602436259654 -17.688870079713
40.8909333740651 -36.8183617851208 -17.6267509651808
42.2105627892049 -36.4351804236514 -17.5337085398455
43.5283344106108 -36.0097699128057 -17.4099060317371
44.8419892584135 -35.5413227337252 -17.2555606325231
46.1492110543069 -35.029157754979 -17.0709431164809
47.447634104789 -34.4727240303658 -16.8563773654669
48.7348514122344 -33.8716041015115 -16.6122398007183
50.0084229823227 -33.2255167917314 -16.3389587224823
51.2658842955619 -32.534319479628 -16.0370135586315
52.5047549099811 -31.7980098429435 -15.7069340235851
53.7225471615344 -31.0167270652632 -15.3492991890093
54.9167749283558 -30.1907525002858 -14.964736467929
56.0849624247414 -29.3205097905036 -14.5539205140324
57.2246529905967 -28.4065644392873 -14.1175720380987
58.3334178420931 -27.4496228375173 -13.656456543627
59.4088647494122 -26.4505307480524 -13.1713829838827
60.4486466077304 -25.4102712534559 -12.6632023427186
61.450469867997 -24.3299621745193 -12.1328061416603
62.4121027946015 -23.210852969197 -11.5811248758743
63.3313835176868 -22.0543211236197 -11.0091263817634
64.2062278486619 -20.8618680488469 -10.4178141390526
65.0346368283833 -19.635114498969 -9.80822551034479
65.8147039785146 -18.3757955280524 -9.18142992123444
66.5446222277234 -17.0857550052344 -8.53852698417143
67.2226904856457 -15.7669397090205 -7.88064456936721
67.8473198389173 -14.4213930234854 -7.20893682612727
68.4170393450452 -13.0512482606553 -6.52458215808111
68.9305014014634 -11.6587216348126 -5.82878115586177
69.3864866687757 -10.2461049158424 -5.12275449086189
69.7839085289271 -8.81575778999814 -4.40774077376137
70.1218170608668 -7.37009995762082 -3.68499438158333
70.3994025181489 -5.91160299837741 -2.95578325709048
70.6159982948644 -4.44278203550443 -2.22138668438276
70.7710833683024 -2.96618723133053 -1.48309304459837
70.8642842087808 -1.48439514701817 -0.742197555655384

35.4476880745861 61.3971967560389 6.46755070002849e-13
34.1466181978161 62.1124679193149 0.742197555656708
32.8167481894356 62.7726496659626 1.48309304459972
31.4604370412059 63.3766394547043 2.22138668438408
30.0801028853889 63.9234724911527 2.95578325709182
28.6782147387007 64.412324913047 3.68499438158468
27.257284064712 64.8425164564202 4.40774077376272
25.8198561874252 65.2135125924318 5.12275449086319
24.3685015893302 65.524926126673 5.82878115586305
22.9058071276951 65.7765182548566 6.52458215808238
21.4343672031581 65.9681990709333 7.20893682612849
19.956774914871 66.100027525818 7.88064456936837
18.475613236489 66.1722108370643 8.53852698417259
16.9934462472129 66.1851033519726 9.18142992123561
15.5128104518658 66.1392048687594 9.8082255103459
14.0362062236282 66.0351584225363 10.4178141390536
12.5660894025665 65.8737475449414 11.0091263817644
11.1048630824681 65.6558930083287 11.5811248758754
9.6548696177478 65.3826490674347 12.1328061416613
8.21838288131642 65.0551992134098 12.6632023427196
6.79760080330888 64.6748514570103 13.1713829838836
5.39463821945259 64.2430331595829 13.6564565436279
4.01152005663358 63.7612854322486 14.1175720380996
2.6501748818819 63.2312571253726 14.5539205140332
1.31242883955952 62.6546984320103 14.9647364679298
-1.32232260619661e-12 62.0334541305268 15.34929918901
-1.28550685878821 61.36945649299 15.7069340235858
-2.54260501641795 60.664717887243 16.0370135586321
-3.76993010434656 59.9213231017534 16.3389587224828
-4.96624391272297 59.1414214234093 16.6122398007188
-6.13043769555454 58.3272184993976 16.8563773654673
-7.26153496183301 57.4809680151273 17.0709431164813
-8.35869374230258 56.6049632208761 17.2555606325235
-9.42120832361866 55.7015283404146 17.4099060317373
-10.4485104437509 54.7730098953136 17.5337085398457
-11.4401699446099 53.821767978956 17.626750965181
-12.3958948800199 52.8501675144545 17.6888700797131
-13.3155310793082 51.8605695307271 17.719956905407
-14.1990611689297 50.8553224908918 17.7199569054069
-15.0466030566861 49.8367537069195 17.688870079713
-15.8584078852135 48.8071608741281 17.6267509651808
-16.634857463512 47.7688037586122 17.5337085398455
-17.3764611873431 46.7238960700824 17.409906031737
-18.0838524613395 45.6745975518423 17.2555606325231
-18.7577846376364 44.6230063187561 17.0709431164808
-19.3991264877353 43.57115147307 16.8563773654668
-20.0088572261547 42.5209860268341 16.6122398007182
-20.5880611061847 41.47438015845 16.3389587224822
-21.1379216097508 40.4331148295334 16.0370135586314
-21.6597152549856 39.3988757868473 15.706934023585
-22.1548050466175 38.3732479725227 15.3492991890092
-22.6246335956859 37.3577103641637 14.9647364679289
-23.0707159363953 36.3536312647176 14.5539205140323
-23.4946320691111 35.3622640602071 14.1175720380986
-23.8980192595727 34.384743461557 13.6564565436269
-24.2825641253612 33.4220822448272 13.1713829838825
-24.6499945414858 32.4751685021816 12.6632023427184
-25.0020713976688 31.5447634138952 12.1328061416601
-25.3405802404805 30.6314995496321 11.5811248758741
-25.6673228339282 29.7358797051252 11.0091263817632
-25.9841086724163 28.8582762782657 10.4178141390523
-26.2927464801755 27.9989311864657 9.80822551034453
-26.5950357313054 27.1579563250134 9.1814299212342
-26.8927582244857 26.3353345639909 8.53852698417118
-27.1876697461863 25.5309212791908 7.88064456936692
-27.4814918558522 24.7444464103461 7.20893682612698
-27.775903826045 23.9755170378995 6.52458215808084
-28.0725347699059 23.2236204674787 5.82878115586146
-28.3729559875559 22.4881278092334 5.12275449086158
-28.6786735621745 21.7682980372245 4.40774077376109
-28.9911212355054 21.0632825121528 3.68499438158304
-29.3116535914232 20.3721299488781 2.95578325709016
-29.6415395749715 19.6937918084137 2.22138668438244
-29.9819563729463 19.0271280923973 1.48309304459808
-30.3339836806645 18.3709135164454 0.742197555655092
-30.6985983780197 17.7238440372927 -9.70871993134856e-13
-31.076669636302 17.0845437072136 -0.742197555657032
-31.4689544755508 16.4515718279279 -1.48309304460002
-31.876093790415 15.8234303749985 -2.22138668438437
-32.298608860639 15.1985716626611 -2.95578325709207
-32.7368983603667 14.5754062180641 -3.68499438158497
-33.1912358784758 13.9523108330703 -4.407740773763
-33.6617679601267 13.3276367610627 -5.1227544908635
-34.1485126776391 12.6997180256193 -5.82878115586335
-34.6513587367115 12.0668798074769 -6.52458215808262
-35.1700651218699 11.4274468758884 -7.20893682612875
-35.7042612828945 10.7797520303018 -7.88064456936865
-36.2534478618228 10.1221445182403 -8.53852698417287
-36.8169979579841 9.45299839535683 -9.18142992123588
-37.394158926381 8.77072079386112 -9.80822551034614
-37.9840547026177 8.07376006587327 -10.4178141390539
-38.5856886454823 7.36061376875364 -11.0091263817647
-39.1979468862348 6.62983646007609 -11.5811248758755
-39.8196021716393 5.88004727066376 -12.1328061416615
-40.4493181858141 5.10993722498145 -12.6632023427198
-41.0856543340755 4.31827627917159 -13.1713829838838
-41.7270709701073 3.50392004813906 -13.6564565436281
-42.37193504603 2.6658161943129 -14.1175720380997
-43.018526163257 1.80301045205167 -14.5539205140334
-43.6650430004316 0.914652263094606 -14.9647364679299
-44.3096100932349 -1.37670383891898e-12 -15.3492991890101
-44.9502849394519 -0.941574243871299 -15.7069340235859
-45.5850654013864 -1.91058031752108 -16.0370135586322
-46.211897376525 -2.90740614660539 -16.3389587224829
-46.8286827062804 -3.93231435487405 -16.6122398007189
-47.4332872916877 -4.98543938693157 -16.8563773654674
-48.023549384096 -6.06678514447041 -17.0709431164813
-48.5972880181972 -7.17622314611446 -17.2555606325235
-49.1523115541483 -8.31349121893095 -17.4099060317374
-49.6864262951092 -9.47819272757466 -17.5337085398457
-50.197445146197 -10.6697963448969 -17.626750965181
-50.6831962806849 -11.8876363657123 -17.6888700797131
-51.1415317792285 -13.1309135632669 -17.7199569054069
-51.5703362079941 -14.3986965858049 -17.7199569054069
-51.9675351017916 -15.6899238884919 -17.6888700797129
-52.3311033186736 -17.0034061938382 -17.6267509651807
-52.6590732329543 -18.3378294716651 -17.5337085398454
-52.9495427342279 -19.6917584276118 -17.4099060317369
-53.2006830007144 -21.0636404871537 -17.255560632523
-53.4107460161381 -22.4518102601513 -17.0709431164807
-53.5780718003417 -23.8544944690347 -16.8563773654666
-53.7010953249555 -25.2698173219005 -16.6122398007181
-53.7783530866672 -26.6958063100247 -16.338958722482
-53.8084893119777 -28.1303984076177 -16.0370135586312
-53.7902617687672 -29.5714466500491 -15.7069340235848
-53.7225471615334 -31.0167270652662 -15.3492991890089
-53.6043460887938 -32.4639459317269 -14.9647364679287
-53.434787542857 -33.9107473348713 -14.553920514032
-53.2131329339605 -35.3547209929636 -14.1175720380983
-52.9387796226378 -36.7934103220676 -13.6564565436266
-52.6112639461005 -38.22432070896 -13.1713829838822
-52.230263726411 -39.644927959956 -12.6632023427181
-51.7956002502462 -41.0526868929174 -12.1328061416598
-51.3072397121304 -42.4450400391335 -11.5811248758738
-50.7652941151173 -43.8194264213234 -11.0091263817628
-50.1700216250306 -45.173290373691 -10.417814139052
-49.5218263765144 -46.5040903697917 -9.80822551034422
-48.8212577312985 -47.8093078239215 -9.18142992123386
-48.0690089912311 -49.0864558318311 -8.5385269841708
-47.2659155707713 -50.3330878167987 -7.88064456936653
-46.4129526357558 -51.5468060474488 -7.20893682612659
-45.5112322173467 -52.725269994202 -6.52458215808047
-44.5619998121298 -53.8662044918609 -5.82878115586112
-43.566630481347 -54.9674076765899 -5.12275449086123
-42.5266244642115 -56.0267586664223 -4.4077407737607
-41.4436023221626 -57.0422249554263 -3.68499438158262
-40.3192996327564 -58.0118694927753 -2.95578325708974
-39.155561253655 -58.9338574191998 -2.22138668438202
-37.9543351788634 -59.8064624346318 -1.48309304459769
-36.7176660109613 -60.6280727722963 -0.742197555654665
-35.4476880745849 -61.3971967560396 1.33505929827282e-12
-34.1466181978149 -62.1124679193155 0.742197555657396
-32.8167481894345 -62.7726496659632 1.48309304460035
-31.4604370412048 -63.3766394547048 2.22138668438467
-30.080102885388 -63.923472491153 2.95578325709231
-28.6782147386998 -64.4123249130473 3.68499438158511
-27.2572840647113 -64.8425164564204 4.40774077376311
-25.8198561874245 -65.213512592432 5.12275449086355
-24.3685015893295 -65.5249261266731 5.8287811558634
-22.9058071276945 -65.7765182548567 6.52458215808267
-21.4343672031576 -65.9681990709334 7.20893682612874
-19.9567749148704 -66.1000275258181 7.88064456936865
-18.4756132364885 -66.1722108370644 8.53852698417281
-16.9934462472125 -66.1851033519726 9.18142992123577
-15.5128104518655 -66.1392048687594 9.80822551034603
-14.0362062236278 -66.0351584225362 10.4178141390538
-12.5660894025663 -65.8737475449414 11.0091263817645
-11.104863082468 -65.6558930083288 11.5811248758754
-9.65486961774768 -65.3826490674347 12.1328061416614
-8.21838288131644 -65.0551992134099 12.6632023427196
-6.797600803309 -64.6748514570103 13.1713829838836
-5.39463821945277 -64.243033159583 13.6564565436279
-4.01152005663382 -63.7612854322487 14.1175720380995
-2.65017488188224 -63.2312571253727 14.5539205140331
-1.31242883955997 -62.6546984320105 14.9647364679296
9.27343126423597e-13 -62.033454130527 15.3492991890099
1.28550685878778 -61.3694564929902 15.7069340235856
2.54260501641742 -60.6647178872433 16.037013558632
3.76993010434594 -59.9213231017537 16.3389587224827
4.96624391272241 -59.1414214234097 16.6122398007187
6.13043769555386 -58.3272184993981 16.8563773654672
7.26153496183226 -57.4809680151279 17.0709431164812
8.35869374230179 -56.6049632208767 17.2555606325234
9.42120832361786 -55.7015283404153 17.4099060317372
10.44851044375 -54.7730098953144 17.5337085398456
11.4401699446091 -53.8217679789568 17.6267509651809
12.3958948800191 -52.8501675144554 17.6888700797131
13.3155310793073 -51.860569530728 17.719956905407
14.1990611689288 -50.8553224908928 17.719956905407
15.0466030566853 -49.8367537069205 17.6888700797131
15.8584078852127 -48.8071608741292 17.6267509651809
16.6348574635112 -47.7688037586134 17.5337085398456
17.3764611873422 -46.7238960700836 17.4099060317372
18.0838524613386 -45.6745975518436 17.2555606325233
18.7577846376355 -44.6230063187574 17.0709431164811
19.3991264877345 -43.5711514730714 16.8563773654671
20.0088572261539 -42.5209860268355 16.6122398007186
20.588061106184 -41.4743801584514 16.3389587224826
21.1379216097501 -40.433114829535 16.0370135586319
21.6597152549849 -39.3988757868489 15.7069340235855
22.1548050466168 -38.3732479725244 15.3492991890098
22.6246335956851 -37.3577103641654 14.9647364679296
23.0707159363946 -36.3536312647192 14.553920514033
23.4946320691103 -35.3622640602087 14.1175720380993
23.898019259572 -34.3847434615587 13.6564565436277
24.2825641253605 -33.422082244829 13.1713829838834
24.6499945414851 -32.4751685021834 12.6632023427194
25.0020713976681 -31.544763413897 12.1328061416612
25.3405802404798 -30.6314995496339 11.5811248758752
25.6673228339275 -29.735879705127 11.0091263817644
25.9841086724156 -28.8582762782676 10.4178141390536
26.2927464801748 -27.9989311864676 9.8082255103459
26.5950357313047 -27.1579563250153 9.18142992123563
26.892758224485 -26.3353345639927 8.53852698417261
27.1876697461856 -25.5309212791926 7.88064456936845
27.4814918558515 -24.744446410348 7.20893682612859
27.7759038260443 -23.9755170379013 6.52458215808246
28.0725347699051 -23.2236204674805 5.82878115586319
28.3729559875551 -22.4881278092353 5.1227544908634
28.6786735621737 -21.7682980372263 4.40774077376289
28.9911212355046 -21.0632825121546 3.68499438158489
29.3116535914224 -20.37212994888 2.95578325709209
29.6415395749706 -19.6937918084156 2.22138668438444
29.9819563729453 -19.027128092399 1.48309304460006
30.3339836806636 -18.3709135164472 0.742197555657109
30.6985983780186 -17.7238440372945 1.11140447729284e-12
31.0766696363009 -17.0845437072155 -0.742197555654889
31.4689544755496 -16.4515718279297 -1.48309304459785
31.8760937904138 -15.8234303750004 -2.22138668438218
32.2986088606377 -15.1985716626631 -2.95578325708983
32.7368983603653 -14.575406218066 -3.68499438158272
33.1912358784744 -13.9523108330723 -4.40774077376074
33.6617679601251 -13.3276367610648 -5.12275449086121
34.1485126776375 -12.6997180256214 -5.82878115586109
34.6513587367098 -12.0668798074789 -6.52458215808039
35.1700651218682 -11.4274468758905 -7.2089368261265
35.7042612828926 -10.779752030304 -7.8806445693664
36.2534478618209 -10.1221445182426 -8.5385269841706
36.8169979579821 -9.45299839535925 -9.18142992123362
37.3941589263789 -8.77072079386359 -9.80822551034393
37.9840547026156 -8.0737600658758 -10.4178141390517
38.5856886454801 -7.36061376875629 -11.0091263817626
39.1979468862326 -6.6298364600788 -11.5811248758735
39.819602171637 -5.88004727066661 -12.1328061416595
40.4493181858117 -5.10993722498445 -12.6632023427178
41.085654334073 -4.31827627917474 -13.1713829838819
41.7270709701048 -3.5039200481423 -13.6564565436262
42.3719350460275 -2.66581619431624 -14.117572038098
43.0185261632544 -1.80301045205518 -14.5539205140317
43.665043000429 -0.914652263098215 -14.9647364679283
44.3096100932323 -2.34125517720526e-12 -15.3492991890086
44.9502849394493 0.94157424386739 -15.7069340235845
45.5850654013838 1.91058031751698 -16.0370135586309
46.2118973765224 2.90740614660108 -16.3389587224817
46.8286827062779 3.93231435486963 -16.6122398007178
47.433287291685 4.98543938692684 -16.8563773654664
48.0235493840935 6.06678514446555 -17.0709431164804
48.5972880181947 7.17622314610949 -17.2555606325228
49.1523115541458 8.31349121892575 -17.4099060317367
49.6864262951068 9.47819272756925 -17.5337085398452
50.1974451461947 10.6697963448914 -17.6267509651806
50.6831962806827 11.8876363657066 -17.6888700797129
51.1415317792264 13.1309135632611 -17.7199569054069
51.5703362079921 14.3986965857988 -17.719956905407
51.9675351017898 15.6899238884857 -17.6888700797132
52.331103318672 17.0034061938318 -17.6267509651811
52.6590732329528 18.3378294716585 -17.5337085398459
52.9495427342266 19.691758427605 -17.4099060317376
53.2006830007133 21.0636404871468 -17.2555606325238
53.4107460161371 22.4518102601441 -17.0709431164817
53.5780718003409 23.8544944690275 -16.8563773654678
53.701095324955 25.2698173218933 -16.6122398007194
53.7783530866669 26.6958063100173 -16.3389587224835
53.8084893119777 28.1303984076101 -16.0370135586329
53.7902617687674 29.5714466500414 -15.7069340235866
53.7225471615339 31.0167270652584 -15.3492991890109
53.6043460887946 32.4639459317193 -14.9647364679308
53.434787542858 33.9107473348636 -14.5539205140343
53.2131329339619 35.3547209929558 -14.1175720381007
52.9387796226394 36.7934103220598 -13.6564565436292
52.6112639461025 38.2243207089521 -13.171382983885
52.2302637264134 39.644927959948 -12.663202342721
51.7956002502488 41.0526868929094 -12.1328061416628
51.3072397121333 42.4450400391256 -11.581124875877
50.7652941151206 43.8194264213155 -11.0091263817662
50.1700216250342 45.1732903736831 -10.4178141390555
49.5218263765184 46.504090369784 -9.80822551034784
48.8212577313028 47.8093078239138 -9.18142992123763
48.0690089912358 49.0864558318234 -8.53852698417472
47.2659155707763 50.3330878167912 -7.88064456937054
46.4129526357612 51.5468060474415 -7.20893682613073
45.5112322173523 52.7252699941949 -6.52458215808469
44.5619998121358 53.866204491854 -5.82878115586546
43.5666304813534 54.9674076765831 -5.1227544908657
42.5266244642183 56.0267586664157 -4.40774077376528
41.4436023221697 57.0422249554199 -3.68499438158731
40.3192996327637 58.0118694927693 -2.9557832570944
39.1555612536626 58.933857419194 -2.22138668438677
37.9543351788712 59.8064624346263 -1.48309304460246
36.7176660109695 60.6280727722911 -0.742197555659514

-35.447688074581 61.3971967560419 -3.51779787085253e-12
-36.7176660109575 60.6280727722987 0.742197555652484
-37.9543351788595 59.8064624346344 1.48309304459545
-39.1555612536515 58.9338574192025 2.22138668437991
-40.3192996327529 58.0118694927782 2.95578325708759
-41.4436023221592 57.0422249554294 3.68499438158043
-42.5266244642081 56.0267586664256 4.40774077375847
-43.5666304813437 54.9674076765934 5.12275449085896
-44.5619998121265 53.8662044918647 5.82878115585882
-45.5112322173435 52.725269994206 6.52458215807815
-46.4129526357528 51.5468060474528 7.20893682612436
-47.2659155707685 50.3330878168029 7.8806445693643
-48.0690089912283 49.0864558318355 8.53852698416856
-48.8212577312958 47.8093078239261 9.18142992123162
-49.5218263765119 46.5040903697966 9.80822551034199
-50.1700216250283 45.1732903736959 10.4178141390498
-50.7652941151152 43.8194264213284 11.0091263817607
-51.3072397121284 42.4450400391387 11.5811248758717
-51.7956002502445 41.0526868929227 12.1328061416578
-52.2302637264095 39.6449279599615 12.6632023427161
-52.6112639460991 38.2243207089657 13.1713829838803
-52.9387796226365 36.7934103220735 13.6564565436247
-53.2131329339595 35.3547209929696 14.1175720380965
-53.4347875428562 33.9107473348771 14.5539205140303
-53.6043460887932 32.4639459317329 14.9647364679271
-53.722547161533 31.0167270652722 15.3492991890074
-53.790261768767 29.5714466500552 15.7069340235834
-53.8084893119777 28.1303984076238 16.0370135586299
-53.7783530866674 26.6958063100309 16.3389587224808
-53.7010953249559 25.2698173219068 16.612239800717
-53.5780718003423 23.8544944690408 16.8563773654657
-53.4107460161389 22.4518102601574 17.0709431164799
-53.2006830007155 21.0636404871599 17.2555606325223
-52.9495427342292 19.691758427618 17.4099060317363
-52.6590732329557 18.3378294716714 17.5337085398449
-52.3311033186753 17.0034061938444 17.6267509651804
-51.9675351017934 15.6899238884982 17.6888700797128
-51.570336207996 14.3986965858109 17.7199569054069
-51.1415317792306 13.130913563273 17.7199569054071
-50.6831962806872 11.8876363657183 17.6888700797134
-50.1974451461994 10.6697963449028 17.6267509651814
-49.6864262951118 9.47819272758051 17.5337085398463
-49.152311554151 8.31349121893676 17.4099060317381
-48.5972880182001 7.17622314612023 17.2555606325244
-48.023549384099 6.06678514447602 17.0709431164824
-47.4332872916907 4.98543938693705 16.8563773654686
-46.8286827062837 3.93231435487956 16.6122398007203
-46.2118973765283 2.90740614661075 16.3389587224845
-45.5850654013898 1.91058031752637 16.037013558634
-44.9502849394554 0.941574243876526 15.7069340235878
-44.3096100932385 6.53719660725771e-12 15.3492991890122
-43.6650430004351 -0.914652263089674 14.9647364679321
-43.0185261632606 -1.80301045204689 14.5539205140357
-42.3719350460336 -2.66581619430818 14.1175720381023
-41.7270709701109 -3.5039200481344 13.6564565436308
-41.0856543340791 -4.31827627916706 13.1713829838867
-40.4493181858178 -5.10993722497698 12.6632023427228
-39.8196021716428 -5.88004727065948 12.1328061416646
-39.1979468862384 -6.62983646007179 11.5811248758789
-38.5856886454858 -7.36061376874945 11.0091263817681
-37.9840547026212 -8.07376006586911 10.4178141390575
-37.3941589263845 -8.77072079385699 9.80822551034989
-36.8169979579875 -9.45299839535278 9.18142992123973
-36.2534478618262 -10.1221445182362 8.53852698417687
-35.7042612828978 -10.7797520302978 7.88064456937274
-35.1700651218732 -11.4274468758844 7.20893682613297
-34.6513587367146 -12.0668798074729 6.52458215808697
-34.1485126776422 -12.6997180256154 5.82878115586777
-33.6617679601297 -13.3276367610588 5.12275449086804
-33.1912358784788 -13.9523108330663 4.40774077376765
-32.7368983603696 -14.5754062180601 3.6849943815897
-32.2986088606418 -15.1985716626571 2.95578325709687
-31.8760937904177 -15.8234303749944 2.22138668438926
-31.4689544755534 -16.4515718279237 1.48309304460496
-31.0766696363045 -17.0845437072094 0.742197555662021
-30.6985983780222 -17.7238440372884 6.02722938957041e-12
-30.333983680667 -18.370913516441 -0.742197555649977
-29.9819563729486 -19.0271280923927 -1.48309304459295
-29.6415395749737 -19.6937918084092 -2.22138668437742
-29.3116535914255 -20.3721299488735 -2.95578325708511
-28.9911212355076 -21.0632825121479 -3.68499438157797
-28.6786735621766 -21.7682980372195 -4.40774077375604
-28.372955987558 -22.4881278092283 -5.12275449085656
-28.072534769908 -23.2236204674734 -5.82878115585645
-27.7759038260471 -23.9755170378941 -6.52458215807582
-27.4814918558543 -24.7444464103406 -7.20893682612212
-27.1876697461884 -25.5309212791851 -7.88064456936211
-26.8927582244878 -26.335334563985 -8.53852698416641
-26.5950357313076 -27.1579563250073 -9.18142992122952
-26.2927464801777 -27.9989311864595 -9.80822551033994
-25.9841086724186 -28.8582762782593 -10.4178141390478
-25.6673228339306 -29.7358797051186 -11.0091263817588
-25.340580240483 -30.6314995496253 -11.5811248758699
-25.0020713976714 -31.5447634138883 -12.132806141656
-24.6499945414885 -32.4751685021745 -12.6632023427144
-24.282564125364 -33.4220822448199 -13.1713829838786
-23.8980192595758 -34.3847434615495 -13.6564565436231
-23.4946320691143 -35.3622640601993 -14.117572038095
-23.0707159363987 -36.3536312647098 -14.5539205140289
-22.6246335956895 -37.3577103641557 -14.9647364679257
-22.1548050466214 -38.3732479725146 -15.3492991890062
-21.6597152549897 -39.398875786839 -15.7069340235822
-21.1379216097552 -40.433114829525 -16.0370135586288
-20.5880611061894 -41.4743801584415 -16.3389587224798
-20.0088572261595 -42.5209860268255 -16.6122398007161
-19.3991264877404 -43.5711514730615 -16.8563773654649
-18.7577846376418 -44.6230063187475 -17.0709431164792
-18.0838524613452 -45.6745975518336 -17.2555606325217
-17.3764611873491 -46.7238960700737 -17.4099060317358
-16.6348574635185 -47.7688037586034 -17.5337085398445
-15.8584078852203 -48.8071608741193 -17.6267509651801
-15.0466030566932 -49.8367537069107 -17.6888700797126
-14.1990611689371 -50.8553224908832 -17.7199569054068
-13.3155310793158 -51.8605695307186 -17.7199569054071
-12.395894880028 -52.8501675144461 -17.6888700797135
-11.4401699446183 -53.8217679789477 -17.6267509651816
-10.4485104437597 -54.7730098953054 -17.5337085398466
-9.42120832362784 -55.7015283404065 -17.4099060317385
-8.35869374231212 -56.6049632208682 -17.2555606325249
-7.26153496184281 -57.4809680151197 -17.070943116483
-6.13043769556474 -58.3272184993902 -16.8563773654693
-4.9662439127336 -59.1414214234022 -16.6122398007211
-3.76993010435752 -59.9213231017465 -16.3389587224854
-2.54260501642931 -60.6647178872364 -16.037013558635
-1.28550685879993 -61.3694564929837 -15.7069340235889
-1.32403990828258e-11 -62.033454130521 -15.3492991890133
1.3124288395473 -62.6546984320048 -14.9647364679334
2.65017488186934 -63.2312571253674 -14.5539205140371
4.0115200566207 -63.7612854322439 -14.1175720381037
5.39463821943945 -64.2430331595786 -13.6564565436323
6.7976008032955 -64.6748514570064 -13.1713829838883
8.21838288130277 -65.0551992134065 -12.6632023427245
9.65486961773412 -65.3826490674318 -12.1328061416664
11.1048630824542 -65.6558930083264 -11.5811248758807
12.5660894025524 -65.8737475449396 -11.00912638177
14.0362062236139 -66.035158422535 -10.4178141390594
15.5128104518513 -66.1392048687587 -9.80822551035188
16.9934462471984 -66.1851033519724 -9.18142992124178
18.4756132364743 -66.1722108370648 -8.53852698417897
19.9567749148565 -66.100027525819 -7.88064456937483
21.4343672031436 -65.9681990709349 -7.20893682613511
22.9058071276806 -65.7765182548588 -6.52458215808915
24.3685015893157 -65.5249261266758 -5.82878115586998
25.8198561874107 -65.2135125924353 -5.12275449087028
27.2572840646976 -64.8425164564243 -4.40774077376992
28.6782147386863 -64.4123249130516 -3.68499438159199
30.0801028853748 -63.923472491158 -2.95578325709918
31.4604370411918 -63.3766394547103 -2.22138668439158
32.8167481894217 -62.7726496659692 -1.48309304460729
34.1466181978024 -62.112467919322 -0.742197555664362
35.4476880745726 -61.3971967560467 -8.37065503997789e-12
36.7176660109493 -60.6280727723039 0.742197555647636
37.9543351788516 -59.80646243464 1.48309304459061
39.1555612536436 -58.9338574192084 2.22138668437504
40.3192996327453 -58.0118694927845 2.95578325708274
41.4436023221519 -57.042224955436 3.68499438157562
42.5266244642011 -56.0267586664325 4.40774077375371
43.5666304813369 -54.9674076766006 5.12275449085426
44.56199981212 -53.8662044918721 5.82878115585418
45.5112322173373 -52.7252699942137 6.52458215807358
46.4129526357471 -51.5468060474607 7.20893682611993
47.2659155707631 -50.3330878168109 7.88064456935996
48.0690089912232 -49.0864558318438 8.5385269841643
48.8212577312911 -47.8093078239346 9.18142992122747
49.5218263765075 -46.5040903698052 9.80822551033795
50.1700216250242 -45.1732903737047 10.4178141390459
50.7652941151115 -43.8194264213372 11.009126381757
51.3072397121251 -42.4450400391476 11.5811248758681
51.7956002502415 -41.0526868929317 12.1328061416543
52.2302637264068 -39.6449279599706 12.6632023427128
52.6112639460968 -38.2243207089749 13.1713829838771
52.9387796226346 -36.7934103220828 13.6564565436217
53.2131329339579 -35.3547209929789 14.1175720380936
53.4347875428549 -33.9107473348865 14.5539205140276
53.6043460887923 -32.4639459317422 14.9647364679245
53.7225471615324 -31.0167270652815 15.3492991890051
53.7902617687667 -29.5714466500645 15.7069340235812
53.8084893119778 -28.1303984076331 16.0370135586279
53.7783530866678 -26.6958063100402 16.3389587224789
53.7010953249566 -25.269817321916 16.6122398007153
53.5780718003433 -23.8544944690501 16.8563773654642
53.4107460161401 -22.4518102601666 17.0709431164785
53.200683000717 -21.063640487169 17.2555606325212
52.949542734231 -19.691758427627 17.4099060317354
52.6590732329578 -18.3378294716803 17.5337085398442
52.3311033186775 -17.0034061938532 17.6267509651799
51.967535101796 -15.6899238885068 17.6888700797125
51.5703362079987 -14.3986965858193 17.7199569054068
51.1415317792335 -13.1309135632812 17.7199569054072
50.6831962806903 -11.8876363657263 17.6888700797137
50.1974451462027 -10.6697963449107 17.6267509651819
49.6864262951152 -9.47819272758823 17.533708539847
49.1523115541546 -8.31349121894429 17.409906031739
48.5972880182038 -7.17622314612758 17.2555606325255
48.0235493841028 -6.0667851444831 17.0709431164837
47.4332872916946 -4.98543938694394 16.8563773654701
46.8286827062876 -3.93231435488628 16.612239800722
46.2118973765323 -2.90740614661728 16.3389587224864
45.5850654013938 -1.91058031753273 16.037013558636
44.9502849394595 -0.941574243882702 15.70693402359
44.3096100932426 -1.2533443057435e-11 15.3492991890146
43.6650430004394 0.914652263083695 14.9647364679348
43.0185261632649 1.80301045204108 14.5539205140385
42.3719350460379 2.66581619430254 14.1175720381053
41.7270709701152 3.50392004812892 13.6564565436339
41.0856543340834 4.31827627916174 13.17138298389
40.449318185822 5.1099372249718 12.6632023427262
39.819602171647 5.88004727065444 12.1328061416682
39.1979468862425 6.62983646006688 11.5811248758826
38.5856886454898 7.36061376874466 11.009126381772
37.9840547026252 8.07376006586443 10.4178141390614
37.3941589263884 8.77072079385242 9.80822551035398
36.8169979579913 9.4529983953483 9.18142992124394
36.2534478618298 10.1221445182318 8.53852698418117
35.7042612829013 10.7797520302936 7.88064456937709
35.1700651218766 11.4274468758802 7.2089368261374
34.651358736718 12.0668798074687 6.52458215809148
34.1485126776454 12.6997180256113 5.82878115587236
33.6617679601328 13.3276367610547 5.12275449087269
33.1912358784818 13.9523108330623 4.40774077377236
32.7368983603725 14.575406218056 3.68499438159445
32.2986088606446 15.1985716626531 2.95578325710159
31.8760937904204 15.8234303749904 2.22138668439401
31.468954475556 16.4515718279196 1.48309304460973
31.076669636307 17.0845437072053 0.742197555666807
30.6985983780246 17.7238440372842 1.08171188155435e-11
30.3339836806693 18.3709135164368 -0.742197555645191
29.9819563729509 19.0271280923884 -1.48309304458817
29.6415395749759 19.6937918084048 -2.22138668437267
29.3116535914276 20.372129948869 -2.95578325708039
28.9911212355096 21.0632825121434 -3.68499438157329
28.6786735621786 21.7682980372149 -4.4077407737514
28.3729559875599 22.4881278092236 -5.12275449085197
28.0725347699099 23.2236204674686 -5.82878115585192
27.775903826049 23.9755170378891 -6.52458215807137
27.4814918558562 24.7444464103355 -7.20893682611763
27.1876697461903 25.5309212791798 -7.8806445693577
26.8927582244898 26.3353345639796 -8.5385269841621
26.5950357313096 27.1579563250018 -9.18142992122531
26.2927464801797 27.9989311864539 -9.80822551033585
25.9841086724207 28.8582762782535 -10.4178141390438
25.6673228339327 29.7358797051128 -11.009126381755
25.3405802404851 30.6314995496194 -11.5811248758662
25.0020713976736 31.5447634138823 -12.1328061416524
24.6499945414908 32.4751685021683 -12.663202342711
24.2825641253665 33.4220822448136 -13.1713829838754
23.8980192595784 34.3847434615431 -13.65645654362
23.494632069117 35.3622640601929 -14.1175720380921
23.0707159364015 36.3536312647033 -14.5539205140262
22.6246335956924 37.3577103641492 -14.9647364679231
22.1548050466245 38.373247972508 -15.3492991890038
21.659715254993 39.3988757868324 -15.70693402358
21.1379216097586 40.4331148295183 -16.0370135586268
20.588061106193 41.4743801584347 -16.3389587224779
20.0088572261634 42.5209860268187 -16.6122398007144
19.3991264877445 43.5711514730545 -16.8563773654634
18.7577846376461 44.6230063187405 -17.0709431164778
18.0838524613497 45.6745975518267 -17.2555606325205
17.3764611873539 46.7238960700668 -17.4099060317349
16.6348574635235 47.7688037585965 -17.5337085398438
15.8584078852255 48.8071608741125 -17.6267509651796
15.0466030566987 49.8367537069039 -17.6888700797122
14.1990611689428 50.8553224908765 -17.7199569054067
13.3155310793218 51.8605695307119 -17.7199569054072
12.3958948800342 52.8501675144396 -17.6888700797138
11.4401699446247 53.8217679789414 -17.6267509651821
10.4485104437664 54.7730098952992 -17.5337085398473
9.42120832363477 55.7015283404004 -17.4099060317394
8.35869374231909 56.6049632208625 -17.255560632526
7.26153496185009 57.4809680151141 -17.0709431164843
6.13043769557223 58.3272184993848 -16.8563773654708
4.96624391274133 59.141421423397 -16.6122398007228
3.76993010436545 59.9213231017415 -16.3389587224873
2.54260501643742 60.6647178872317 -16.037013558637
1.28550685880824 61.3694564929792 -15.7069340235911
2.16208332623576e-11 62.0334541305168 -15.3492991890157
-1.31242883953875 62.6546984320009 -14.964736467936
-2.65017488186063 63.2312571253638 -14.5539205140398
-4.01152005661185 63.7612854322406 -14.1175720381066
-5.39463821943046 64.2430331595756 -13.6564565436354
-6.7976008032864 64.6748514570038 -13.1713829838915
-8.21838288129355 65.0551992134042 -12.6632023427278
-9.65486961772481 65.3826490674299 -12.1328061416699
-11.1048630824448 65.6558930083248 -11.5811248758843
-12.5660894025429 65.8737475449384 -11.0091263817737
-14.0362062236044 66.0351584225341 -10.4178141390633
-15.5128104518418 66.1392048687582 -9.80822551035587
-16.9934462471888 66.1851033519723 -9.18142992124588
-18.4756132364648 66.172210837065 -8.53852698418317
-19.9567749148467 66.1000275258197 -7.88064456937924
-21.4343672031338 65.968199070936 -7.2089368261396
-22.9058071276709 65.7765182548602 -6.52458215809372
-24.368501589306 65.5249261266777 -5.82878115587463
-25.8198561874011 65.2135125924375 -5.12275449087499
-27.2572840646881 64.8425164564269 -4.40774077377468
-28.678214738677 64.4123249130547 -3.6849943815968
-30.0801028853657 63.9234724911613 -2.95578325710397
-31.4604370411829 63.376639454714 -2.2213866843964
-32.8167481894129 62.7726496659733 -1.48309304461213
-34.1466181977938 62.1124679193265 -0.742197555669211
