2.2015293975822239 -5.0822914290003118e-05 -1.871407665988931e-05
2.201135088377578 0.043136088365128743 0.017857194961058129
2.1999278484195162 0.086228675265606361 0.035764350740884923
2.197912275227218 0.1292911587035904 0.053801451075696421
2.1950674337056681 0.17215378541057741 0.071960225606814157
2.191372930236557 0.2148541367604957 0.0903336674949093
2.1868119924683622 0.25727245724238729 0.1089206102555834
2.1812668297186888 0.30030122935430748 0.1281638160612848
2.1748225228705942 0.34266544861688347 0.14755114701494501
2.1675721667497809 0.3839287041707285 0.166874639184001
2.1591750257921309 0.42541031668808488 0.18686863112721561
2.1499483987309791 0.46540536087196582 0.20669507160151709
2.1391470083763791 0.50692896252891773 0.2278767680485512
2.127207907621028 0.54793078577380017 0.24938858494904939
2.11478433651116 0.58617434579738503 0.27004918669635741
2.100863388718837 0.62452452562307148 0.29140743301363248
2.0851592136416741 0.66374404075418325 0.31386373054731059
2.0680667789654441 0.70221625186950132 0.33653639342870528
2.0508837834465119 0.73747318403347162 0.35787786208316719
2.0313448890901369 0.7738396081550537 0.38052079390679372
2.0094734093463571 0.81085115447549971 0.40418018405043449
1.9884593914127899 0.84344191191246165 0.4255386695666189
1.9648137330297559 0.87690171220609037 0.44801604823983487
1.9381094547475779 0.91134004483637154 0.47175260066469737
1.9139340021150639 0.93997757812504612 0.49193452032380419
1.8841116325193259 0.97222508233352312 0.51523644570674754
1.8550865878771381 1.0008973186883441 0.53641882409534014
1.8244567547565489 1.028666278331968 0.55737763934582529
1.7911046288693859 1.056179902068207 0.5786391584433781
1.758003662210524 1.081155524556785 0.59835168209840828
1.7233306894790941 1.1048640552293409 0.61750409917728022
1.685709155722495 1.128307860993198 0.63681569334420329
1.6482205929744109 1.1493643043407069 0.65455808080056199
1.610006464656532 1.168649499166257 0.67121504687378264
1.568520548085673 1.187439506164828 0.68779070288009936
1.5277700517382711 1.2038649719730961 0.70261371615662582
1.4855194998927661 1.2188950603293489 0.71649059465263654
1.4424979371364151 1.2322314061024311 0.72914900254046755
1.397896531659975 1.244166291830439 0.74077811703173935
1.353326121770229 1.254281964458271 0.75089192485768219
1.307881136682949 1.262802137837256 0.7596868999072387
1.261836450888459 1.2696955140740109 0.76703233455237985
1.215320162549389 1.274958528177351 0.77287425597287807
1.1685104034425451 1.2786042440453169 0.77714485155776469
1.1213764728627149 1.280660670578128 0.77979075345166671
1.074179853224591 1.2811524084180861 0.78073937734471921
1.0268142440212189 1.2801246728378479 0.77993552470135719
0.97971386955715645 1.2776169647747591 0.77731122102241246
0.93248548534755504 1.2736872955966549 0.77278729098167853
0.88574787996137772 1.2683861114758359 0.76630610335429317
0.83974983832896055 1.2619148978108881 0.75788659276635639
0.79456233826799116 1.254443725779598 0.74753931102406768
0.74918055059659461 1.245740484798924 0.73477258350963059
0.70454165863811002 1.2363052875018761 0.71995468934142015
0.66144592254106382 1.2262545576423709 0.70316700302955848
0.62004616093017584 1.2160434145290571 0.68462825511995173
0.57710333626558186 1.2049816363939549 0.66278464884427679
0.53823614589588054 1.1945976051946801 0.64032438455417373
0.49886345282869499 1.184099863649219 0.61500540454518626
0.46060786192534869 1.1740378840784911 0.58760489993375198
0.42457891493192129 1.1649548483229359 0.55915618034394998
0.38922610258115953 1.1566557177841239 0.52855094075463438
0.35522238838504122 1.149533242713124 0.49638311251550471
0.32067553704213869 1.143479167219887 0.46087304056530409
0.28987240105317608 1.1394062006615979 0.42659448986512238
0.25947879050924799 1.1370749370743021 0.39005944380091678
0.22824172152716879 1.1369079643518709 0.34935441744155388
0.1998676228172199 1.139583907839312 0.30894171711047091
0.17883473605098871 1.1442555727013279 0.27587726556190018
0.15101038657552279 1.154781985704127 0.22849116820163051
0.1307755829988877 1.1617313771476909 0.19511766615132881
0.10597956844815939 1.1685405492455261 0.15605393310323731
0.080190853562754419 1.1738861380974519 0.1168791964810236
0.053396653759065132 1.1777539337128351 0.077307503279807496
0.0272586870367649 1.1799656726202641 0.039242187633825101
-2.4343944361713339e-07 1.1807444975200569 -8.7165115536280395e-06
-0.027227411296650329 1.179969409527259 -0.039215288962309337
-0.053334370335859423 1.1777633591811869 -0.077233988841857268
-0.080189729346022851 1.1738889245040911 -0.11689463741935049
-0.1059573370630594 1.168549255150354 -0.1560367299077732
-0.13073074224886691 1.161749881860733 -0.19506123756930729
-0.15096819812615339 1.154798956993812 -0.2284345424798456
-0.17881499673955051 1.144261004218347 -0.27586039454203609
-0.19986104552061049 1.13958571827361 -0.30894316326272292
-0.22825278473159721 1.1369083249806129 -0.34937431396755408
-0.25946174351077489 1.1370733185564721 -0.39004056667074832
-0.28986619772826933 1.139405303694647 -0.426589721815606
-0.32061564434354001 1.14346936914629 -0.46081444962442081
-0.35522740326638819 1.1495340247131589 -0.4963913716122858
-0.38921552002939852 1.1566527873745009 -0.52854235693596774
-0.42456161349173482 1.1649514706734341 -0.55914443067466701
-0.46056162077729063 1.174026215966484 -0.58757452067899674
-0.4988771400201974 1.1841032683758039 -0.61501692805978747
-0.5381907493707262 1.194585555173669 -0.64030122023978031
-0.57710132949656345 1.2049810665112179 -0.66278761187234225
-0.61996034679859302 1.216020517117216 -0.68459226389290662
-0.66143162214860796 1.226251757928543 -0.70316796106798962
-0.70449104254223327 1.236292347929288 -0.7199429005491873
-0.74909370967890787 1.245722001980863 -0.73475060526945235
-0.79450175255691136 1.2544304857971429 -0.74753073760523481
-0.8397608834493111 1.2619138890317869 -0.75789375150352645
-0.88569695910848212 1.268377027420942 -0.76630404600910651
-0.93247116556928689 1.273683771626533 -0.77279288433877114
-0.97966508877685621 1.2776110183374569 -0.77731424211152345
-1.02675485977204 1.280119044838957 -0.77994001121346512
-1.074110735982134 1.2811489628130379 -0.78074582804664117
-1.1213235294232959 1.280657341909438 -0.7797983278199776
-1.168440279829686 1.278602320901155 -0.77715542518935887
-1.21529449328755 1.2749551479240471 -0.77288250471460229
-1.261729261055085 1.269702637594335 -0.76705135714942418
-1.3078272256259731 1.262801956744948 -0.7596979293531374
-1.353253451532711 1.2542855038304159 -0.75091224381106414
-1.3978350845205789 1.244172262003634 -0.74079481559449989
-1.442431121809846 1.2322388302528251 -0.72916881552824275
-1.485443096931756 1.2189075551118751 -0.71651360111035212
-1.527707439980339 1.2038784348200411 -0.70263270104693509
-1.568412115869174 1.1874695196393741 -0.68782682435763109
-1.609876914666394 1.168695277791191 -0.67126425169966553
-1.6481384311062821 1.1493881606865799 -0.65459068989885794
-1.6856698669532719 1.128306214873336 -0.63682810522969702
-1.723318164254118 1.1048490897837799 -0.61750570098163182
-1.757881322466853 1.0812208565770229 -0.59841779662044559
-1.790997496877841 1.0562407518607171 -0.57870189185209242
-1.8244075458484119 1.02869315892992 -0.55741071612111803
-1.8550626473610199 1.0009009672828471 -0.53643619741926651
-1.8840488622062941 0.97226770566552934 -0.51528026799516025
-1.9138572495009849 0.94004755772857473 -0.49199662288358209
-1.9380782565975201 0.91136255277150613 -0.47178073238974461
-1.9647560687604859 0.8769640330300148 -0.44806712650393621
-1.988417662691762 0.84349292377327501 -0.42558535408853021
-2.009427317074711 0.81091268363451685 -0.40423199816106548
-2.0313014539460359 0.77390655212613368 -0.38057593219848262
-2.050852228994446 0.73752185227786782 -0.35791802037667159
-2.068031532744508 0.7022836259877665 -0.33658774367150818
-2.085119613016384 0.66382228032215651 -0.31391994420103209
-2.100832385593133 0.62459857930732066 -0.29145876247881058
-2.114756654854888 0.58625339888945693 -0.27010234603121952
-2.1271921051365559 0.54797512737440435 -0.24942234063965191
-2.1391164224265662 0.5070474504303315 -0.22794652370721791
-2.1499318602696098 0.46547494935528749 -0.20673939237101849
-2.1591617148869271 0.42547887251201127 -0.18691109999145741
-2.1675600187270612 0.38400851976904321 -0.16692384957635739
-2.1748152367761961 0.34273624104634109 -0.14759105466532271
-2.1812648697848389 0.30035612985911547 -0.1281975739968062
-2.1868110392399491 0.25734261693441463 -0.1089604170038405
-2.191372232167752 0.21492211816510379 -0.090372962313817681
-2.195071322758972 0.17223925405019941 -0.072003534730635824
-2.1979173585014049 0.12934541855183379 -0.05383237012748443
-2.199932413829683 0.086347784968975438 -0.035825270473470831
-2.2011453902621931 0.043152573399342517 -0.017872062664336361
-2.2015388086108181 7.1472978640150549e-05 -4.4578047435510163e-05
-2.2011442450321148 -0.043195091367478879 0.01786904751562703
-2.1999390002261379 -0.086245217446248856 0.035752728042865847
-2.19792366486476 -0.1293118153451486 0.053796643776162223
-2.1950665175600519 -0.17220135799183511 0.071952170969949311
-2.1913881451787369 -0.21485922786427861 0.090319575174760455
-2.1868127699170938 -0.25732790218816898 0.1089240567647677
-2.1812777638871168 -0.30031045915497367 0.128149073652188
-2.174831216490591 -0.34269135793342548 0.1475441665996792
-2.167578304740684 -0.38396165713530539 0.1668754165900152
-2.1591844958473478 -0.4254334712171251 0.18686400611328671
-2.1499570331968609 -0.46543911579425878 0.20669637229277191
-2.1391545668971639 -0.5069708598428746 0.22788337672614381
-2.127218504121045 -0.54794807559255809 0.24938423911553539
-2.1147916269982479 -0.58620688875152449 0.27005125610075009
-2.1008691478304851 -0.62456124564356519 0.29141318632716923
-2.0851735701140508 -0.66375141246549019 0.31385410640658068
-2.0680693817322422 -0.70225485899462214 0.33654505644514121
-2.050891480295153 -0.73749799928715931 0.35787838615973178
-2.0313591008878809 -0.77385174075982988 0.38051806266844929
-2.0094665448257452 -0.81089656208335859 0.4041918840569681
-1.988464151668853 -0.84346376035939374 0.42553803219723763
-1.9648326585256439 -0.87689776079429727 0.4479949200477612
-1.938094354731323 -0.91137955890598832 0.47176511046337721
-1.913919123904168 -0.94000543652361379 0.49194590949060379
-1.884111504240561 -0.97223455550200943 0.51523549798043711
-1.855042957808833 -1.000948696655807 0.53644935133887139
-1.824442449791869 -1.028691791825324 0.55738783370120393
-1.791102283334153 -1.0561893803332281 0.57863836880879838
-1.757982710877432 -1.081174684561397 0.59835957228471681
-1.7233464814845449 -1.1048576787010349 0.61749147183410891
-1.6857068089121541 -1.1283134428147279 0.63681150550371868
-1.648252580429707 -1.149353115303241 0.65453964088642735
-1.610003586585576 -1.1686613031216551 0.67121269073161205
-1.5684902270254559 -1.187459475443374 0.68779955651784397
-1.5277887824248799 -1.203869861978301 0.70260302547029019
-1.485521407435493 -1.218902777355092 0.71649070182147334
-1.442506656457732 -1.2322363833037571 0.72914999610302589
-1.3979027702835309 -1.2441736644475829 0.74077725964860697
-1.35337129141087 -1.254276946540565 0.75088583156552435
-1.3078895735192131 -1.262808328103562 0.75968572881156882
-1.261809093147541 -1.269707935715539 0.76703860308548788
-1.215385788681792 -1.27495993019489 0.77286959488032969
-1.1685198804685371 -1.27861117946881 0.77714629643683675
-1.1213916749364361 -1.280669483783855 0.7797904565930599
-1.0742022165168701 -1.2811608265944969 0.7807405682054106
-1.026825347601708 -1.2801340313559071 0.7799377311577681
-0.97972217189350452 -1.277625178541578 0.77731286464726723
-0.93256178688556191 -1.2737014693732649 0.77279570296066591
-0.885863384681148 -1.2684074094167941 0.76632419485775793
-0.83978437422680952 -1.26192781148792 0.75789028264309422
-0.79455147623293876 -1.254447914287679 0.74753331056307304
-0.74919633375678985 -1.2457508507395929 0.73477154774323217
-0.70454621271523299 -1.2363135672586081 0.71995203862767765
-0.66146754738472757 -1.2262681773923061 0.70317203455814403
-0.620016110860517 -1.2160417652419919 0.68460566122033462
-0.57719208444932857 -1.205011646203151 0.66282241012675791
-0.53829148801171556 -1.194620828757629 0.6403491197095933
-0.49891816018818802 -1.1841212967963131 0.61503057049566867
-0.46064646303956219 -1.1740564795253441 0.5876235080264699
-0.42458565917803531 -1.1649668780243181 0.559153104822119
-0.38926893861093542 -1.1566763828986171 0.52857882356112007
-0.35529066521317298 -1.149558264740274 0.49643905376909508
-0.32065753127395807 -1.143486453578896 0.46084560676584629
-0.28993670763044288 -1.13942457274765 0.42665920041349109
-0.25946083854857532 -1.1370855671403839 0.3900286658645753
-0.2283847766228623 -1.1369176119171449 0.34954283189931379
-0.1999161613079572 -1.1395934998030011 0.3090028333315134
-0.17888123807202799 -1.14425886642631 0.27594655596896062
-0.15108275903909299 -1.1547631898936881 0.2286156915199504
-0.13081409526410631 -1.161731666662712 0.1951861091619379
-0.1060051820624429 -1.168545677972388 0.15610220734212721
-0.080206524897889694 -1.17389374664014 0.1169127319948586
-0.053392973068214389 -1.177762919814342 0.07731041870124139
-0.02727811609227148 -1.179973116587284 0.039282559844286913
-7.2953189503275747e-05 -1.18075017988918 0.0001070841599436929
0.02723754326462053 -1.179974627648245 -0.039222293146243967
0.053371111388339318 -1.1777613903549209 -0.077274731706774596
0.080142272111279375 -1.1739018299304571 -0.1168144990011971
0.1059297283447838 -1.168560497397785 -0.15598658444853061
0.1305888482829744 -1.161795039523712 -0.19482773210607951
0.15087493025275159 -1.1548376192275189 -0.22827096536207739
0.1787936408769506 -1.144274822985162 -0.27582663582479228
0.1998096658461479 -1.139601526055354 -0.30885829181290603
0.2280936479161017 -1.136929691168191 -0.34915513792598901
0.25944139464168098 -1.137089051376226 -0.39001363525290739
0.28982615916338361 -1.1394192793082421 -0.42653829936887039
0.3205820699835501 -1.1434829485132341 -0.46076469926053809
0.35515085643868799 -1.149537034142428 -0.49630768878494619
0.38917921889897089 -1.1566588995583991 -0.52850216915071102
0.42448012170547339 -1.164942596565306 -0.55907032995062411
0.46054194169048668 -1.1740305052025719 -0.58755454500995674
0.498829593418397 -1.1841006917605481 -0.61497811808466951
0.53815424789189814 -1.194587953450069 -0.64027064608283413
0.57704437025148991 -1.204979869162355 -0.66274641246145005
0.61993999155007296 -1.2160288104677639 -0.68457078429083029
0.66138787218459594 -1.2262542715105631 -0.70313835830302973
0.70441707958192579 -1.236289822975317 -0.71990466252806762
0.74910667229871386 -1.2457380432678209 -0.73474498079211792
0.79447490458611392 -1.254440145451216 -0.74751417609138082
0.83967188419676286 -1.261914003941341 -0.75786492206126765
0.88565234836095219 -1.268382984449169 -0.76628721981427217
0.93237225033903248 -1.273686694001221 -0.77277138851001415
0.97965183145274792 -1.277622850998539 -0.77730330005278925
1.026717363028081 -1.2801287168856641 -0.77992836827728296
1.0740818126582241 -1.281160422097495 -0.78073391323491215
1.12127108697302 -1.280671021291423 -0.77978973669277685
1.1684161852116211 -1.27861575992212 -0.7771464392271854
1.215229604956088 -1.2749733943404671 -0.7728780885257972
1.261737523183641 -1.2697134682210769 -0.76704061232500043
1.3077902784957871 -1.2628213706373661 -0.75969454493609201
1.3532026139542519 -1.254307304419918 -0.75091198824944805
1.397828475253226 -1.2441864362788451 -0.74078380574552094
1.4423995590980081 -1.2322620060056879 -0.72916923367691688
1.4854213607697051 -1.2189293122774789 -0.71651338674417353
1.52769419444085 -1.2038976362250779 -0.70262625850537086
1.568402983078059 -1.187488402841743 -0.6878251364286031
1.609912979398028 -1.1686956394417189 -0.67124401166434811
1.648155940050976 -1.1493988345334241 -0.65457702088394787
1.6856259530525981 -1.1283525431413659 -0.6368461010658043
1.72324918972301 -1.1049125859671849 -0.61753778826925976
1.7578847192481371 -1.0812349267720589 -0.59840919008055093
1.7910425480686381 -1.056222220152375 -0.57866815591986576
1.824370024851975 -1.0287338164479729 -0.55742513372809166
1.8550350779056191 -1.0009385313255481 -0.53644541746036201
1.8840193446698621 -0.972313057178679 -0.51529550150613657
1.91385453309844 -0.94006012512995074 -0.49198794170653831
1.938052931954777 -0.91139833732760389 -0.47178968823309991
1.964755251816245 -0.87696661905535134 -0.44805481575730832
1.9883971625185899 -0.84352096054104764 -0.4255880916735833
2.009413525934006 -0.81092893980569514 -0.40422750490543641
2.0312838522510899 -0.77392871994121382 -0.38057649986840442
2.0508338589800741 -0.73754467955721337 -0.35791882749016868
2.068018606100996 -0.70229971724735352 -0.33658399758725671
2.0851089331355581 -0.66383879754678188 -0.3139165984587472
2.1008248940923262 -0.62460429749129975 -0.29144794199739299
2.114745318352683 -0.58626770745244916 -0.27009621435493142
2.1271720570788668 -0.54802124873671487 -0.24943314227058211
2.1391180439472528 -0.5070206876099117 -0.2279200116734032
2.1499141653317979 -0.46552064038726548 -0.2067499562847859
2.1591504112620492 -0.42549424793587748 -0.18690469281462349
2.1675476490631991 -0.3840347950411151 -0.16692561743617479
2.1748051109806599 -0.3427451201599549 -0.14758269308482849
2.1812487866183878 -0.30041269444557828 -0.12821206366573781
2.1868005380929332 -0.25736257407375668 -0.1089595429379325
2.1913596117854279 -0.21496909660569391 -0.090379286191035482
2.1950625589787429 -0.17223882975456509 -0.071992699551258921
2.1979042444381349 -0.12940749226869261 -0.053845497269885377
2.199924050524706 -0.086324511895409434 -0.035802502461303433
2.2011324989724068 -0.043238712076650837 -0.017894941279011631

1.100776147514305 1.9065589780871071 -6.2945674174736004e-06
1.063214025231386 1.9277870341644969 0.017852217020849399
1.025215119486355 1.948328820640268 0.035796428296071769
0.98698955395648447 1.968073215075741 0.053794192844820829
0.94837773765893674 1.9870751571487499 0.071985955308951882
0.90961248145339713 2.0051944499342458 0.090330006842374813
0.87055158460641457 2.0224721051042369 0.1089363394385178
0.83054438364563521 2.0391708998233091 0.12816727362827851
0.79061416694281383 2.0547796479175879 0.14756370520012671
0.7512723926077598 2.0691229684550811 0.16688101628001539
0.71112886224829752 2.082597827755313 0.1868852492371596
0.67189048029801168 2.0946007771180319 0.20670580399995181
0.63051622308169497 2.1060115724456399 0.22789351545507991
0.5890464364456891 2.1161660188450568 0.24940087067472749
0.54971670855665311 2.1245281052087441 0.27005796914250219
0.50955071743582048 2.1316437704128761 0.29141265586226678
0.46772786069260169 2.137652867119979 0.31387138388095631
0.425858955023102 2.142087931491635 0.33654624021584922
0.38673498841140741 2.1448304841248902 0.3578835786563313
0.34547300107132978 2.146094710415233 0.38053283202533461
0.30248117582011741 2.145652644708381 0.4041697876373963
0.26373500027336311 2.1437479992084798 0.42553798689894251
0.2229626719870495 2.1400003648255379 0.44799238153868559
0.17977729704318329 2.1340908893892472 0.4717409559886836
0.14287105317143761 2.1274684862976199 0.4919428005464897
0.1000271378086712 2.1177629943124341 0.51525015650377171
0.060716816114008712 2.10696884607309 0.53641463818251034
0.02134673899411263 2.0943253266349759 0.55737428137562695
-0.019173251045189091 2.0791898996917682 0.57864415509175393
-0.057362663029889717 2.0630057680231708 0.59835904127028128
-0.095175526151906428 2.0448572390891271 0.61748312014833062
-0.13433976313309759 2.0239700793958022 0.63681720352520432
-0.1712676554708378 2.0020639671352471 0.65453414296028589
-0.20709655723944301 1.978604207817344 0.67119925061865915
-0.24414554743449091 1.952043215611897 0.68778946107408701
-0.2787128651924296 1.924995107288241 0.70259643417119877
-0.31286657813270757 1.895907402124194 0.71648094378330451
-0.34590984956023269 1.8653300299542519 0.72913719562861612
-0.37853244982853079 1.8326886697993101 0.7407584890674781
-0.40959599509135569 1.799126557826036 0.75088010369018543
-0.43969018732187981 1.764039585605041 0.7596714512504642
-0.46869630454713201 1.727596404218416 0.76701837826023167
-0.49650852656637823 1.6899480158821301 0.77286156261350714
-0.52306272755205707 1.6512454258840821 0.77712913752898449
-0.54840741390293213 1.6114629826389799 0.7797737255117223
-0.57245410141907982 1.570800068556919 0.78072297770141019
-0.5952265395721491 1.52930120568467 0.77991889334306941
-0.61660966843277409 1.487252749444933 0.77729366861975846
-0.63682159997497889 1.4443860896310809 0.77276891548418269
-0.65561592292730808 1.4012210152349669 0.7662788219864316
-0.67297176727203867 1.3582485367117809 0.75787842055159471
-0.6891229856948502 1.3153078247015659 0.7475132553948699
-0.70428547303287503 1.2716250372891711 0.73473452855271448
-0.71841623238273689 1.2283055257388791 0.71993566049311275
-0.73125853048868572 1.1859724167322989 0.70315390184767379
-0.74312526932815348 1.1449743156943659 0.68459522190399713
-0.75501119618347834 1.102282466096985 0.66276394500703406
-0.76544202571324405 1.06346616515546 0.64032829575511185
-0.77603995526695457 1.024107791777759 0.61500413994802705
-0.78646232696898566 0.98591784645384806 0.58758522494325793
-0.79661545630201147 0.95016284169761356 0.55912483581120698
-0.80709761771259925 0.91542737681372377 0.52854339820472074
-0.81793690070426084 0.88241119014194358 0.49637082310817338
-0.82998665780693959 0.8494134948662404 0.4608018253312624
-0.84185133459780714 0.82073074465040718 0.4265561719654562
-0.85501290705169719 0.79327613079841963 0.39006586967171669
-0.87047156191694941 0.76616530748486256 0.34940468887285842
-0.88700631479609415 0.74288800286785783 0.30891956799382952
-0.90156596292325564 0.72701121284495929 0.2758648055326311
-0.92455911650023137 0.70820331551837434 0.2285476117633676
-0.94065440928178656 0.69420070365155695 0.1952773545404547
-0.95902715297464192 0.67605531750640036 0.15604864451942849
-0.97654936723665553 0.65639374259780781 0.11687668515809781
-0.99329874790626915 0.63511394175501412 0.077289474564447014
-1.008286685016653 0.61357694838243926 0.039218820301464737
-1.0225738544285929 0.59038029467358932 2.354618314073924e-06
-1.035522655460543 0.56639854147613478 -0.03922712370661454
-1.0466805577732341 0.5426460684968164 -0.077306307135006358
-1.056732401203498 0.5175027156564358 -0.11688663736021999
-1.064982893556504 0.4925424538066776 -0.15598701262233131
-1.0714856434782249 0.46766463702489219 -0.19504543619353629
-1.0755772039259059 0.44669226978456039 -0.22836531495545631
-1.0803895393358971 0.41722683365591462 -0.27592607313244899
-1.086863440413991 0.39666682829452748 -0.30900490650679058
-1.0986943407375129 0.37084603914998338 -0.34927784742763801
-1.114403653679761 0.34395168878842491 -0.38987708514867031
-1.131704010661635 0.31866926472073992 -0.42659914482806799
-1.150555276934516 0.29412683524074368 -0.46073791388600133
-1.1731605431337879 0.26713021719426472 -0.49639301584109041
-1.196300789575834 0.24127303785207321 -0.52852188685563128
-1.2211643242515691 0.21480484953677129 -0.5591323195732828
-1.2470294502628021 0.1881590356873088 -0.58756830831364049
-1.274909711545263 0.16001901178722119 -0.61500655241973945
-1.3036296991630769 0.1312299143030041 -0.64027736372049471
-1.332116952769558 0.1027012221521012 -0.66278755002022971
-1.3630838711730651 0.071127897924391975 -0.68457501378335162
-1.392717421374607 0.040290490039830061 -0.70317428460860587
-1.42289119511903 0.0080769063323973996 -0.71992046535460963
-1.453351480669739 -0.02582878215131611 -0.73472814740450831
-1.4836102073897111 -0.060808411199987852 -0.74751468131625221
-1.5127369891275191 -0.096280301168174653 -0.75788732870452225
-1.541291820960677 -0.13281492221791169 -0.76629477279570579
-1.569275828681906 -0.17067238954134481 -0.77278483788522323
-1.596266995949289 -0.20956568250251731 -0.77730678839054879
-1.62200279697968 -0.24912117681361171 -0.77993794566842611
-1.646591781251499 -0.28964763089113998 -0.78074066527503039
-1.6697593166761691 -0.33076252263636691 -0.77979618718645038
-1.691532007008929 -0.37257329651625531 -0.77715127053153721
-1.7118147852698129 -0.41501854639064523 -0.77288340991562965
-1.730493449157666 -0.45785603646184142 -0.76703558024786
-1.747556162570014 -0.50122311410864595 -0.7596974173834139
-1.7628888846890569 -0.54481177208980758 -0.75090992892344299
-1.77642731172476 -0.58849859548685435 -0.74078753098049055
-1.78838804938576 -0.63307251434786405 -0.72916789614559396
-1.798352791235444 -0.6769914750714553 -0.71650787358563917
-1.806460403973023 -0.72107780595491677 -0.70263709147461284
-1.812616901918277 -0.76462133573360247 -0.68779897268513757
-1.8170893760137441 -0.80992279101183151 -0.67123332970936267
-1.819494994967858 -0.85268170885720562 -0.65456862629623858
-1.820003368694088 -0.89566926128824764 -0.63682957249602801
-1.8185154802507091 -0.9399294505772714 -0.61753868675570378
-1.8153275825649471 -0.98177125645558083 -0.59840659124220941
-1.8102363564080319 -1.0230477019769659 -0.57863845688560411
-1.803101584412244 -1.0656234483838971 -0.5574100191244683
-1.7943664849785941 -1.1060547532845719 -0.53644320066812734
-1.7840532295206011 -1.145517193777833 -0.5152653391523867
-1.7710450749460089 -1.1874605990880469 -0.4919682287576268
-1.7583250150558809 -1.222742336791075 -0.47176807563643619
-1.7418578831377709 -1.263077491682228 -0.44803338349054123
-1.72471126867856 -1.3002801859572739 -0.4255654298832392
-1.7069865189304909 -1.3347862896668261 -0.40419762218823663
-1.6858929960647959 -1.372200315531189 -0.38056770734113321
-1.6641412817861181 -1.4073503005156101 -0.35788996820653518
-1.6422170430697569 -1.43984043490053 -0.33656560275067571
-1.6174730252737901 -1.4738440203095191 -0.31391476048462658
-1.591332371736218 -1.507096902098028 -0.29142981452939698
-1.5650998644262331 -1.5383091689944459 -0.27008626178615081
-1.538166744740801 -1.5682169926782741 -0.2494063419534843
-1.5086600583130669 -1.599034947883295 -0.2279112130877452
-1.478055966819289 -1.6291931872031289 -0.20670019175318899
-1.4480917900704391 -1.657128629740602 -0.18690719518124191
-1.4163128452825331 -1.685192542885531 -0.16688086970825791
-1.384248038980058 -1.7120648779115899 -0.14757727946223809
-1.350748092432273 -1.7388560734598451 -0.12817103511864211
-1.316329018532763 -1.7651194176648011 -0.1089662526098138
-1.281802767485879 -1.790331711171913 -0.090339502408603362
-1.2466957310877169 -1.8148655519739301 -0.071980765965878379
-1.2109877948142691 -1.838767340881734 -0.053814870586890717
-1.174725484390134 -1.862033569713023 -0.035791872789547673
-1.1379809237262819 -1.884639323718567 -0.017870589225363911
-1.100769843202571 -1.9065823230726211 8.7053486560734325e-06
-1.06323729328816 -1.927793681446949 0.017851492073454621
-1.02521486670708 -1.948347422549328 0.035805753533975228
-0.9870070683805402 -1.9680834690163529 0.053795967148696423
-0.94838474151994023 -1.9870901390168401 0.071992556938247368
-0.90963252113284776 -2.0052018107744982 0.090328535995704673
-0.87052397850406393 -2.0225015501772168 0.1089603232166706
-0.83056085429462945 -2.0391795327843969 0.12816813633071611
-0.79062510562768895 -2.0547906845417052 0.14756833643374839
-0.75127663099874564 -2.0691365381733942 0.1668865437760817
-0.7111450176313372 -2.0826096788293649 0.1868874715123035
-0.67192016594614901 -2.094608259522762 0.20670154359283979
-0.63054528516885622 -2.106020811879028 0.22788934779393891
-0.58907066844082967 -2.1161765103954191 0.24940049604141901
-0.5497142741718396 -2.1245445443272502 0.27007231278441318
-0.50958296893536992 -2.1316551325988611 0.29140860631950039
-0.46773879042026079 -2.137665514844084 0.31387933502366222
-0.42587510853994809 -2.1421012425303578 0.33655122181674291
-0.38675130977630751 -2.1448462394590679 0.35789314449943671
-0.34548173019647033 -2.1461069602762182 0.38053474793278969
-0.30248631068576848 -2.1456703234094641 0.4041998288071636
-0.26376163472960751 -2.1437648708776078 0.42554164331136929
-0.22299114901491779 -2.1400173496413442 0.44801412305645338
-0.17977165217832261 -2.1341036346557591 0.47176767740417752
-0.14290830117661329 -2.1274857705579509 0.4919440189658531
-0.10003942509333801 -2.1177738014286049 0.51526246057967107
-0.060716396747534623 -2.1069767495142342 0.53643509585304194
-0.02134943821609531 -2.0943332358657911 0.55739439726085482
0.01911630709021829 -2.079218891903345 0.57863480283943036
0.057338238749273553 -2.0630214295727791 0.59836762205513871
0.095251389070202877 -2.0448250230709091 0.61754169003672754
0.1342699834907701 -2.0240174554343682 0.63680533305399112
0.17125727472715729 -2.0020770508233099 0.65455152086255852
0.20709026746236289 -1.978611042558124 0.671218966678232
0.24410067158637169 -1.9520803623550951 0.68779246273313743
0.27869548298180119 -1.925010943776257 0.7026078218349342
0.31285101647593938 -1.89592049386618 0.71649543084904554
0.34590112137263362 -1.865341435770171 0.72914959182206118
0.37855055220389539 -1.832669655313812 0.74077933802583906
0.4095820754467655 -1.7991397501629409 0.75089393861227338
0.43967977016984933 -1.7640530123363951 0.75968403656706895
0.46868029493881602 -1.727612450699118 0.76703483854847265
0.49648541999821888 -1.6899756404741031 0.77287399713083194
0.52306563791645111 -1.651233061535031 0.7771479397999842
0.54840226520896784 -1.6114597021460511 0.77979149472352483
0.57242706560745982 -1.5708290404838889 0.78074184714626138
0.59523014154469411 -1.529277231336591 0.77993742506731978
0.61661819589128763 -1.487215925979857 0.77731171926191422
0.63681342419115705 -1.444377806708262 0.77278991830423982
0.65561228407938721 -1.401207700717179 0.76629994342346008
0.67296997143002224 -1.358228947489972 0.75789828300340067
0.68911312427282789 -1.3153031910621871 0.747535258991467
0.70429101634988234 -1.271582339327884 0.73474726676728308
0.71842223483538104 -1.228245587812947 0.71994194457971461
0.73122797595015998 -1.186064214930189 0.70320503965615344
0.74310339578365547 -1.145029310395937 0.68464321413753404
0.75502018004815363 -1.1022456820607369 0.66275678393677262
0.76544816712094887 -1.0634270212145149 0.64031812598643556
0.77603332872700614 -1.0241135991588159 0.61502142471636767
0.78645854997187148 -0.98591498408902078 0.58759738552800012
0.79661284969644863 -0.95015805286482591 0.55913681471028764
0.80710351923546253 -0.91539915451030196 0.52853157751457769
0.81792427103262377 -0.88243324950326274 0.49640511775312152
0.82999356808081814 -0.84938032378136186 0.46078632261884778
0.84182177821202842 -0.8207803197542396 0.42663127251449351
0.85505243008070642 -0.79319002837355901 0.38996426435445242
0.87049273147885797 -0.76610907842049458 0.34933156690154171
0.88700318366171926 -0.74288078869320484 0.30892269760837421
0.90153308922022657 -0.72703399338432073 0.27592383802981352
0.92457089198472553 -0.70817910425953279 0.22850677793731361
0.94083482607686053 -0.69401690379976433 0.19487300063736121
0.95899014915849579 -0.67608417506339402 0.1561102357812868
0.97652499632191758 -0.65641168652107373 0.11691104182623729
0.99327988024822578 -0.63512895605581199 0.077320331625727864
1.0082691426777981 -0.61359305594627001 0.039246698375379238
1.022565604361704 -0.59038387989824181 9.9554643431633755e-06
1.035502244777728 -0.56642790970545065 -0.039178673978624887
1.0466680228511009 -0.54266101436057479 -0.077282175144050724
1.056711997662501 -0.51753997850336619 -0.1168280843440451
1.064981810186211 -0.49252148306110188 -0.15602046935135261
1.0714617179945289 -0.467747957784304 -0.19492051432473539
1.075572763009236 -0.44668943722445198 -0.22837943031788319
1.0803964270911479 -0.41722947299970231 -0.27592982388149628
1.0868681507507261 -0.39669331052750828 -0.30897103826825839
1.0987555934653881 -0.37075695483462201 -0.34942946019099619
1.114479602399735 -0.3438523221180767 -0.39003275174068169
1.13168655537162 -0.31870652232009172 -0.42655209712165948
1.150592865645101 -0.29409098946834239 -0.46079669904845982
1.1731280204450161 -0.26717098059007871 -0.49634734749320553
1.196306443534537 -0.24126658094257011 -0.52853444784149051
1.221153095574399 -0.21481598318249531 -0.55912278881886923
1.247020950649026 -0.1881674089079946 -0.58756459443713471
1.2748925619199041 -0.16003710901899409 -0.61499468267396917
1.30365649060186 -0.1312042852574293 -0.64030171282715442
1.3320820975055541 -0.1027398223439914 -0.6627612829289119
1.3630927474275949 -0.071121440790801391 -0.68458155335195725
1.3927048054626781 -0.040305079160758643 -0.70316708404043216
1.422894098642028 -0.0080748194683880198 -0.71992158400966288
1.4534425273990901 0.02592872242772357 -0.73476963040242682
1.483603224364398 0.060799017086809362 -0.74751143123794062
1.512709214276359 0.096244233661553769 -0.75787687213346089
1.5413445345847869 0.1328805855726973 -0.76630731560991105
1.5692725563433101 0.17066484216972541 -0.7727827888074994
1.596288939962893 0.20959468828215921 -0.77730717066535582
1.62200681940207 0.2491215192542289 -0.77993372679006656
1.646586842791872 0.28963553792374719 -0.78073780148683336
1.6697612707009091 0.33075574417007531 -0.77979108870137037
1.6915389239152401 0.37257840995059932 -0.77714800918251492
1.711810292971544 0.41498693856628988 -0.77287598145747027
1.7304882711861229 0.45784545016960632 -0.76704035473991017
1.747565606142067 0.50122932903091633 -0.75968478936794592
1.7628865095922499 0.54477497998747881 -0.75090663308910754
1.7764309514334891 0.58848627928898323 -0.7407799320671502
1.7883939628729131 0.6330663473363527 -0.72915578465059616
1.798353063160697 0.67697208038193757 -0.71650279600437206
1.8064669995678779 0.72109097048087634 -0.70262309047652072
1.812612925105566 0.76455639433553413 -0.68781341972564691
1.817090943122023 0.80992906234975814 -0.67122319133557484
1.8194963190578799 0.85268351821516042 -0.65456003665525631
1.8200047293408601 0.89564318379587082 -0.63683201904916042
1.8185158819232969 0.93992734005591794 -0.61753207016395517
1.8153275412669161 0.98176599606606052 -0.59840133067823609
1.8102382581079539 1.0230260043487329 -0.57864065147662169
1.803102126525892 1.065598402999576 -0.55741448058583554
1.7943612389509009 1.1060531734639829 -0.5364349865321687
1.7840626273646309 1.1454623634698251 -0.5152846859983945
1.771026826522867 1.1874873985587211 -0.49194565100816118
1.7583281740102881 1.2227130778863811 -0.47177993059817158
1.7418560846969 1.263063150838003 -0.44804046859896002
1.7247014967182801 1.3002775267988089 -0.42556075953499523
1.7069900794766319 1.334756616823753 -0.40421050645659912
1.685879241406004 1.3721962985096989 -0.38056035110600972
1.664142465740166 1.4073218792213269 -0.35789846403304398
1.6422013107933491 1.4398367973848469 -0.33655930946883328
1.6174799681615271 1.4738079580847381 -0.31392834202723652
1.591326861696446 1.5070791688841121 -0.29143249512289959
1.5650893130177681 1.538299339478514 -0.27008266603067171
1.5381508503016641 1.5682134383986219 -0.24939853251589611
1.508670911576558 1.5990042376448339 -0.2279228213878042
1.4780722235691131 1.629154902185785 -0.20671410401871931
1.448054079664653 1.6571489650603659 -0.18688323103948781
1.4163542607833941 1.685138145223648 -0.1669071958972303
1.3842139352815059 1.712071861416161 -0.147565807371176
1.3507565205708021 1.738820676733837 -0.1281904267844558
1.316294170146556 1.765119999334861 -0.10895838695994681
1.2817847319262921 1.7903158345136281 -0.09034816516772437
1.2466984626118369 1.814840039773844 -0.071995329154239479
1.2109596908867559 1.8387647174570101 -0.05381255177640356
1.1747303869380099 1.862003984371863 -0.035809138446909583
1.137964622917077 1.884631683469794 -0.01787199750099118

-1.1006527877338159 1.9066355411103719 -6.6164793821424879e-05
-1.137963690682138 1.884635079152128 0.017860975952784519
-1.1746169313075121 1.8620851767991891 0.035736386739939882
-1.21093476118877 1.8387855860485189 0.053786753804709958
-1.2466162021350189 1.814903924961216 0.071937583364635252
-1.2817524924030199 1.7903517501345081 0.090311217500157262
-1.3162214504281391 1.7651827581903401 0.108907359396025
-1.3506755560207411 1.73889478559454 0.12812848610106911
-1.3841804079060329 1.712102918660497 0.1475373253882229
-1.4162691870490201 1.6852087723301961 0.16685238333925539
-1.448009646053027 1.6571836572612111 0.18685329144620161
-1.478002052095351 1.6292267564099721 0.20666050451628151
-1.5086319303522591 1.599044213392941 0.22788942561508471
-1.538111914635369 1.568259010035524 0.24936094414387511
-1.5650311065127489 1.538368991327062 0.27002802974979218
-1.591299244161154 1.5071194570774791 0.29139861454703408
-1.6174272966151211 1.4738847906957599 0.31386990381747792
-1.642160870950669 1.4399004656795971 0.33650874876058612
-1.664101596023726 1.407390490759356 0.35784778150803548
-1.6858488557811251 1.3722540287299501 0.380514468994265
-1.7069537019218191 1.33482747616651 0.40415917986720729
-1.724675111927042 1.3003301860427849 0.42552151915191361
-1.741818608875972 1.2631463053413059 0.4479792926918546
-1.758295612664887 1.2227926834873599 0.4717248189792988
-1.7710127584708371 1.1875233975709141 0.49191313915484458
-1.7840412246015589 1.1455324651179459 0.51523720600354583
-1.7943443381952211 1.1061134749541359 0.53639252311053709
-1.8030789182503499 1.065699519435384 0.55735175519618541
-1.8102316704496551 1.023056017399405 0.57861548393871254
-1.8153119726266549 0.98190179855644522 0.59832801516308876
-1.818510012649869 0.93997651219130451 0.61749946462494909
-1.8200008729270589 0.8957317820655476 0.63678396596536557
-1.8194978605929211 0.85277914796587551 0.65451116732068571
-1.8170919228738021 0.80996459062845838 0.67119918410804236
-1.8126221373518701 0.7646604280640571 0.68776764428542136
-1.806481397005111 0.72118115907739588 0.70258019574811048
-1.798367189713393 0.67705368749424188 0.71646828220504821
-1.788411345751016 0.63314097624336119 0.72912465521651326
-1.7764460294674509 0.58853928966007008 0.74075338755745823
-1.7629279496899939 0.54490838241196993 0.7508666231650335
-1.7475880736710929 0.50128749767849012 0.75966167075820612
-1.7305246789045481 0.45793307706708519 0.76701337055712149
-1.7118508279730289 0.41507480733077079 0.77284992945850628
-1.691571825933629 0.37264215387518751 0.77712879983809036
-1.669810020248365 0.33084014487345881 0.77977058506787134
-1.6466122144676201 0.28967117533195141 0.78072154482419009
-1.6220737285297051 0.24922003647519431 0.77992123470891939
-1.5963112171068301 0.20961712878000069 0.77729172007768088
-1.569321543113726 0.17072018211270709 0.77277144815589816
-1.541336658246887 0.13285773535985609 0.76628346722509011
-1.51278745569569 0.096325519565668247 0.75788105678654172
-1.4836905945700829 0.060885760927815849 0.74752265218608915
-1.4534054043864639 0.025868141531955689 0.73472982985763746
-1.422993627983985 -0.0079876305893505986 0.71995066847653555
-1.3927628434389829 -0.040265990795256827 0.70317600587475093
-1.363160687368933 -0.071074816733610671 0.68459854249816043
-1.3321582127887539 -0.1026869522510005 0.66278741246849282
-1.3037280737797821 -0.1311605272674822 0.64032676992396742
-1.274961514654956 -0.15999769073809539 0.61501801686914381
-1.2470952691082531 -0.18812506732036491 0.58759735237767341
-1.221235110049913 -0.2147645772302747 0.55917317352117868
-1.1963611447289439 -0.24124215367337759 0.52855573566467062
-1.1732337102705039 -0.26707845694687199 0.49645955822874549
-1.150613725594678 -0.29408660435137762 0.46080081464851591
-1.1317815003061891 -0.31860060152596381 0.42669918284742359
-1.1144469982158369 -0.34393019398769947 0.38991337193065351
-1.098754993222161 -0.37078813318260989 0.34937622777819149
-1.0868863736583321 -0.39668403585289269 0.30899075654736707
-1.0804077552612099 -0.41725208385308221 0.27590062941710908
-1.0755946484967049 -0.44671096085362411 0.22834995615753001
-1.071500067889136 -0.46769959975185482 0.19500596934846809
-1.065016439329475 -0.49249829102034892 0.15606962675822469
-1.056754754635169 -0.5174917591608339 0.11691468627968481
-1.0466832736405001 -0.54268728785618769 0.077255874652717188
-1.0355570237888301 -0.56636665140565878 0.039293017102063628
-1.0226295416730029 -0.5903142176120465 0.00012261955021618151
-1.0082974421688911 -0.61358189643665406 -0.039212502438364577
-0.99331386261971599 -0.63511034734773664 -0.077270057111058429
-0.97659155172440293 -0.65635596861439227 -0.11679067942612779
-0.9590620788933174 -0.67602697238916576 -0.15597858635171991
-0.94072232750578011 -0.69414386773327974 -0.1951384902939837
-0.92458143589137576 -0.70819521800848284 -0.22851886486880349
-0.90158214418152971 -0.72700478498252563 -0.275844453762146
-0.88700863945823349 -0.7428980093372537 -0.30892990447805729
-0.87047715267669989 -0.76617755572270518 -0.34940805581019119
-0.85506190079625666 -0.79320354079096989 -0.38995037060516302
-0.84186694041485433 -0.82072021990154664 -0.42653051997897368
-0.83001379694815014 -0.84936883159539134 -0.46074305691537659
-0.81794959286389801 -0.88239977796099545 -0.49634956202058911
-0.80712652603668034 -0.91536356853209955 -0.5284783711455312
-0.79663234322370646 -0.95012902792391007 -0.55908853501861466
-0.78647855722114479 -0.98588825269911418 -0.58755776650430425
-0.77606287573984956 -1.0240454080082351 -0.6149560621449135
-0.76546766839518698 -1.0633978866211959 -0.64028292477893489
-0.75501829143412436 -1.102279114163963 -0.66276000534290214
-0.74316125551256451 -1.144875391778857 -0.68454511569164356
-0.73129121855754475 -1.1858858700257291 -0.70311532596939741
-0.71845316246093427 -1.2282121446083301 -0.71989760114169588
-0.70431305319460702 -1.271568954902937 -0.73471505728136666
-0.68914718324657431 -1.3152679048071081 -0.7475037886501178
-0.67298910794047762 -1.358223061451483 -0.75787086565068784
-0.6556336203994827 -1.4011950005367619 -0.76627483674924279
-0.63685270284745399 -1.444340450080088 -0.77276428305564104
-0.61664243991135981 -1.4872050995382211 -0.77729196635251419
-0.59527958449076901 -1.5292215909951901 -0.77991921806688358
-0.57247424627641907 -1.5707815747226881 -0.78072523227251833
-0.54845641800539957 -1.611400301800751 -0.77978018395601911
-0.52311946271823728 -1.6511779726875051 -0.77713875162141166
-0.49654730519900508 -1.689912283083066 -0.77287151519139219
-0.46874335401566281 -1.727550746360716 -0.76703433122477005
-0.43974838829970309 -1.7639865033714099 -0.75968940164826448
-0.4096500228124163 -1.7990796405222571 -0.75089917948425544
-0.37857688755858498 -1.832656081689112 -0.74077680883419339
-0.34597864272097512 -1.865278799443729 -0.72916271203861194
-0.31292775570270143 -1.895865040160962 -0.71650781238442096
-0.27876991269607382 -1.9249592157464139 -0.70262373115795518
-0.24419475896825801 -1.952019378776229 -0.68781039827220403
-0.20717289086216109 -1.9785626929689111 -0.67123699658615998
-0.17133378493337609 -2.0020345499603129 -0.65456814063471003
-0.13440144787899541 -2.023945534537583 -0.63684962481914864
-0.095201574743317613 -2.0448593453219881 -0.61749800172992608
-0.057454961639877282 -2.062980297249537 -0.59840860130853613
-0.01924545901838939 -2.07917743146192 -0.57868333464461608
0.021282553431877071 -2.0943197611344311 -0.55740974293816226
0.060649299069478253 -2.1069667040357478 -0.53645264438778661
0.099941621386857887 -2.117757933446363 -0.51529492216591777
0.1428206185133685 -2.1274772171799761 -0.49198308886412701
0.17972364736678451 -2.134100475266655 -0.47178187463258903
0.22287378101684149 -2.1400073688337922 -0.44804684234061148
0.26367081863824271 -2.1437603951480839 -0.42558172142291872
0.30240323290651272 -2.1456641976870769 -0.40421586399667803
0.34539668912038679 -2.1461057626817248 -0.38056772409854839
0.38664361890392518 -2.144844812879366 -0.35793116979086331
0.42579045136089672 -2.1421027819828962 -0.33657943469418727
0.46764602146820122 -2.137673547463093 -0.31391078084251017
0.50948225850165463 -2.131666566316134 -0.29144266856785123
0.54962407729536467 -2.1245580928337442 -0.27010092460911789
0.58898496390124477 -2.1161919595360281 -0.2494244871345585
0.63042406055302891 -2.1060466797270201 -0.2279335672066424
0.67182356293605938 -2.0946307683042802 -0.20673081797718301
0.71105345317377588 -2.0826328155668801 -0.18691257955858051
0.75117693930579499 -2.0691678004154488 -0.1669213718788381
0.79055712657570232 -2.0548109705878739 -0.1475834968418383
0.83044453277458441 -2.039220308253328 -0.12821008238342749
0.87049500108884992 -2.0225071139357369 -0.1089595486893572
0.90949488626303787 -2.005254788155971 -0.090377814501115289
0.94835404623454611 -1.987095264875359 -0.071990499207854053
0.98686492061302789 -1.9681419950636969 -0.053844374756296089
1.0251793021664251 -1.9483522690425821 -0.035804454462412871
1.0631091316802701 -1.927848642163799 -0.017891295789406469
1.1006970778422249 -1.906605582272501 -2.3970419422172688e-05
1.137905443982189 -1.884666933326441 0.01785590045490492
1.1746202898177449 -1.8620752058366259 0.035763060421183518
1.210907642625378 -1.8387953805607571 0.053798059162953653
1.2466162211843519 -1.8148961813608491 0.071962472358707175
1.281707720823978 -1.7903716642372871 0.090313357349011775
1.3162105046940269 -1.7651769817106651 0.10892773437212309
1.350663979358901 -1.738888632537297 0.12814949982498339
1.3841590859471009 -1.712105086973269 0.14754881358941871
1.416222677483489 -1.6852286826823459 0.16685306372283171
1.4480423843543759 -1.6571378190493311 0.18689720766399151
1.4778924055122939 -1.6293112334800759 0.20661147374837199
1.508756746808166 -1.598894841165067 0.2280050582999768
1.5380178728441809 -1.5683598639836109 0.24930467316666111
1.5650713615412071 -1.53831539712506 0.27007649591876259
1.591250177382121 -1.5071739490318601 0.29137528676486668
1.617398948841005 -1.47391673937209 0.31386364929384591
1.6421593030560819 -1.4398950700759989 0.33652493653419169
1.6640891457616129 -1.4074037506544039 0.35785286267139488
1.6858458711230491 -1.3722488316013279 0.38053258525421552
1.706950019665914 -1.3348294814659221 0.40417220254040359
1.7246597840148981 -1.300353740236871 0.42552103760795162
1.741819515941996 -1.263133610411854 0.44800209108348288
1.7582923794140131 -1.2227867351116799 0.47174116844193581
1.7710023209362129 -1.1875408588019301 0.4919173835378316
1.7840206312536431 -1.145577601638065 0.51522538542569185
1.7943414949406999 -1.106101174447593 0.53641253987073423
1.8030773102666859 -1.065693892649904 0.55736958203571829
1.8102245496011731 -1.0230678962057931 0.57862317637189653
1.815306341394312 -0.98183463468575416 0.59836973545766781
1.818495026044012 -0.94010469294187127 0.61745534051290274
1.819987604180705 -0.89570314158771736 0.63680729516774925
1.8194875243642239 -0.85275220816064212 0.65453528152065421
1.8170803257158159 -0.80996360022921765 0.67121007148489131
1.8126175412628109 -0.76468127230855643 0.68777545349152125
1.806467806338188 -0.72117559983919499 0.70258876498252065
1.798362426332683 -0.67706088865790581 0.71647996567325123
1.7883944434288439 -0.63312659061656051 0.7291368005425094
1.7764406834970261 -0.58855330744940015 0.74075965144803257
1.7629096201370249 -0.54489482128353872 0.75088035042875512
1.74758309165106 -0.50130673970334882 0.75966484746221574
1.7305219925498201 -0.457946151933948 0.76702534551467194
1.711824625836883 -0.41504727958176402 0.77286266786407543
1.6915849636017539 -0.37268865903242598 0.77713829771676757
1.6697915438973521 -0.33083012939250239 0.77978299050044753
1.64663175268364 -0.28972361930809559 0.78073595152923447
1.622059786377233 -0.24922476896130119 0.7799332834383812
1.5963442283376881 -0.2096833278327043 0.77731398728476531
1.5693206474342589 -0.17074173811910531 0.77278809183099262
1.5413749974525179 -0.13292773330028429 0.76631479393901825
1.512789786316902 -0.096347988688609221 0.75789904674907971
1.483682114664109 -0.06089192111524195 0.74754268963976966
1.4534952826345331 -0.025991515881843921 0.73478987364314385
1.4229592806955871 0.0080047647410467441 0.71995129914257039
1.392731859347603 0.040273022145629021 0.70317935389198238
1.363192694656276 0.071024131160008525 0.68464022108622202
1.33215671742002 0.1026668988890901 0.66280923628188504
1.3037272713402459 0.1311408831653573 0.640353993277199
1.2749509303528319 0.15998688607592371 0.61503808537401072
1.2471072545364179 0.18809023452431439 0.58764212050110398
1.2212132189587639 0.21476386150751539 0.55917907639821818
1.1963775335172659 0.24120192069210181 0.52861148883221842
1.1731817235088999 0.26711920879066309 0.49641256852010579
1.150631284867788 0.29405133723663612 0.4608507441557626
1.1317369474498249 0.31864969603886112 0.42663150451603982
1.1145141097527189 0.34381433011257612 0.39008300595101703
1.098788783325088 0.37071664805706828 0.34948324560079352
1.08690465594856 0.39663288761087889 0.30905970318770082
1.08042852105358 0.4171639762051092 0.27602762651902851
1.0755954786885371 0.44662115845089922 0.22848143776541069
1.071498339607563 0.4676353967539556 0.19509106701801371
1.065016323169746 0.49244902586830552 0.15613259917719249
1.0567481022006879 0.51747534963169517 0.1169291708893466
1.0466978190279259 0.54262252998105776 0.077345896738662143
1.0355548753906481 0.56635285743526409 0.039307749581166611
1.022614012816252 0.59032718950562113 9.1745018352977243e-05
1.008308826719893 0.6135567482907035 -0.039174561666656192
0.99332554818580987 0.63509170866869169 -0.077241797827643136
0.97657743879632253 0.65637282385787943 -0.1168244674852963
0.95908499264417091 0.67600456154808475 -0.15593444357316949
0.94088005752962245 0.69399469211545284 -0.1948076349890541
0.92467732320044094 0.70810673055858075 -0.2283150782829339
0.90153320427636086 0.72704950757008524 -0.27595343677906908
0.88699325995136635 0.74290785310666241 -0.30896532291632789
0.87048853795949876 0.76614241238100977 -0.34938279015052381
0.85506114526266341 0.79318748672391048 -0.38995832271632341
0.84186554913875145 0.8207050310149232 -0.42653863039527928
0.83003470660195611 0.84929616196614721 -0.46068581573268202
0.81796351875652762 0.88233893705020028 -0.49631317688755261
0.80712366423794435 0.91534739990135927 -0.5284871732700599
0.7966381163340055 0.95008336956916317 -0.55907829392491881
0.78648857035528841 0.98581527821977366 -0.58752748234789598
0.77605064166417892 1.0240633743472309 -0.61499164423771147
0.76546965843492087 1.0633626354171051 -0.64028159131168116
0.75502871464754939 1.1022179051961689 -0.66274467964807915
0.74315537992857383 1.1448762213334129 -0.68456140124829401
0.73128992928342207 1.1858776745044299 -0.70312663403241848
0.71844731018700658 1.22821978147886 -0.71991474009590906
0.70431433069017813 1.2715666732522559 -0.73472009441790742
0.68915286589458913 1.315212725886342 -0.74751014704430141
0.67302434476159534 1.358145680985368 -0.75785488383172783
0.65561460587976206 1.401204522972072 -0.76630492882401868
0.63684556752645549 1.4443360197984461 -0.7727773538001772
0.6166512732124293 1.487162713152604 -0.77730408111934257
0.59527795299065533 1.529207398279798 -0.77993159095850073
0.57248662035577436 1.570739914401319 -0.78073844836348738
0.54845934685974451 1.611379365985711 -0.7797917682884471
0.52311219559708888 1.6511717935839429 -0.77714916026872205
0.49653654720415952 1.6899108974853141 -0.77287951536042043
0.46875823830971858 1.72751915266975 -0.76704699905930562
0.43973329100034519 1.763989812471054 -0.75969689400645901
0.40964480072951981 1.799073090181381 -0.75090731995973203
0.37861151784644548 1.8326059703672239 -0.74079874945580937
0.34596687253020308 1.865277012768257 -0.72917095974745794
0.31291616799107752 1.895863222434059 -0.71651445199793107
0.27877019485937859 1.9249480900520011 -0.70263570047345192
0.24420337221804769 1.9520006311587279 -0.68782727795842924
0.20717491649546799 1.978549166445025 -0.67124910575065233
0.171324598599674 2.0020284656656369 -0.65457546020709378
0.13436023790021981 2.023957622081495 -0.63684222170581162
0.095299698371079641 2.0447917805999731 -0.61756005600443065
0.057428731553995437 2.0629741843376408 -0.59840836441122003
0.01920977183261792 2.0791719231568382 -0.57867964929239268
-0.02128876507273152 2.0943023558901599 -0.55742186725657972
-0.060639387985971557 2.106944339141692 -0.53647270831632565
-0.099966587826292821 2.1177459297621128 -0.51530030376609059
-0.14280183115657691 2.1274553928976578 -0.49199669265525109
-0.1797156150749544 2.1340813491047479 -0.47179235665222052
-0.2228864478356217 2.139992498992441 -0.44805889130687732
-0.26369835779570988 2.1437475012491078 -0.42557253104299952
-0.30239981935696569 2.1456538925978621 -0.40423199516714342
-0.34540810066542632 2.14609769701894 -0.38058388369876411
-0.38666152071514071 2.1448388489939592 -0.35794093474479838
-0.42580760796734901 2.142096013406233 -0.33659001271539513
-0.46764660665428542 2.137666156948252 -0.31393075602015091
-0.50948925985094706 2.131658278024136 -0.29146063740029432
-0.54965578523491254 2.1245441426836842 -0.27010539076645967
-0.58897720898356209 2.1161850386012739 -0.24945228473546041
-0.63046902864131915 2.1060283660393071 -0.2279307827221233
-0.67180194142725369 2.0946293803024179 -0.20676487761437751
-0.71108887752262773 2.082614780301848 -0.18691692126239051
-0.75118874246965572 2.06915567921574 -0.16693572697436901
-0.79054903486816497 2.0548048884825132 -0.1476065448894345
-0.83050140359625624 2.039191660593342 -0.1281998809958263
-0.87046443948468344 2.0225110775616102 -0.1089901274269013
-0.90955261866281856 2.0052256100025332 -0.090368872120554708
-0.94828926623691667 1.987119568054347 -0.072038976015118841
-0.98696365947899156 1.968089621450378 -0.0538183044422973
-1.025110774769515 1.948389269509252 -0.035857576856158237
-1.06320398736097 1.927796068058139 -0.017870064635544549
