31.1029208578531 2.78099532638308e-14 0
31.0326116691577 1.30938227270646 0.818228526424612
30.8226515666808 2.60574205306479 1.62749236988839
30.4759234296071 3.87631924425943 2.41892506637299
29.997167433043 5.10887290336402 3.1838555136378
29.3928855572709 6.29192684645388 3.9139029736306
28.6712107579783 7.41499882402125 4.60106889360744
27.8417435811148 8.46880834322128 5.23782453995036
26.9153596979811 9.44545867224695 5.81719348454833
25.9039924536154 10.3385891168446 6.33282804000359
24.820395051307 11.1434942977323 6.77907880622311
23.6778874267784 11.8572078667613 7.1510565664282
22.4900931880127 12.478548863847 7.44468585443672
21.270672203972 13.0081297195897 7.65674960632336
20.0330545131144 13.4483257328667 7.78492440724525
18.7901811888191 13.8032066808224 7.8278059472612
17.5542576443067 14.0784320328229 7.78492440724525
16.3365245877263 14.2811120226085 7.65674960632336
15.1470514546276 14.4196375672631 7.44468585443672
13.9945566582781 14.5034826919635 7.1510565664282
12.8862584186842 14.5429837113709 6.77907880622311
11.8277592711817 14.5490999192832 6.33282804000359
10.8229666292356 14.5331609370121 5.81719348454833
9.87405099923966 14.5066061593223 5.23782453995036
8.98144263429556 14.480721908473 4.60106889360745
8.14386658658856 14.4663819582235 3.9139029736306
7.35841529182564 14.4737970195173 3.1838555136378
6.62065701198294 14.5122785894036 2.41892506637299
5.92477769165557 14.590022258687 1.62749236988838
5.26375306515343 14.7139151583495 0.81822852642461
4.62954720155431 14.8893717088735 9.58598089950466e-16
4.0133331071543 15.1202012312662 -0.818228526424612
3.40573053132834 15.4085102968169 -1.62749236988839
2.79705575288549 15.7546419490253 -2.41892506637299
2.17757786748769 16.1571531416652 -3.1838555136378
1.53777595809734 16.6128309185199 -3.9139029736306
0.868591512696231 17.1167470304858 -4.60106889360745
0.161670557051129 17.6623498622967 -5.23782453995036
-0.590409807139634 18.2415917417109 -5.81719348454833
-1.39393543158144 18.8450889457893 -6.33282804000359
-2.25387424725321 19.4623110181131 -6.77907880622311
-3.17372447457866 20.0817953824924 -7.1510565664282
-4.15539527852962 20.6913826963524 -7.44468585443672
-5.1991225297726 21.2784679422053 -7.65674960632336
-6.30342157608905 21.830261917936 -7.78492440724525
-7.46507813031066 22.3340575633102 -7.8278059472612
-8.67917755904877 22.7774954559226 -7.78492440724525
-9.93917202821385 23.1488228269878 -7.65674960632335
-11.2369841445022 23.4371405855514 -7.44468585443672
-12.5631449442159 23.6326330959117 -7.1510565664282
-13.9069633388988 23.7267758217809 -6.77907880622311
-15.2567234472464 23.7125164240816 -6.33282804000359
-16.5999056392004 23.5844254670983 -5.81719348454833
-17.9234266040184 23.338813537822 -5.23782453995036
-19.2138933404884 22.9738123017761 -4.60106889360744
-20.4578656632053 22.4894177899932 -3.9139029736306
-21.6421216305124 21.8874950195776 -3.1838555136378
-22.7539202313725 21.17174387711 -2.41892506637299
-23.7812557215764 20.3476270222951 -1.62749236988839
-24.7130981731807 19.4222613809668 -0.818228526424618
-25.539615091206 18.4042755744298 -8.86968449585862e-15
-26.2523693522008 17.3036363594612 0.818228526424593
-26.844489221716 16.1314478145214 1.62749236988837
-27.3108068012788 14.899727588653 2.41892506637297
-27.6479619273803 13.6211650177314 3.18385551363777
-27.8544692809026 12.308866297703 3.91390297363057
-27.9307472495398 10.9760921779694 4.60106889360741
-27.8791079012922 9.63599379428143 5.23782453995033
-27.70370825657 8.30135229607039 5.81719348454829
-27.4104638720319 6.98432783730738 6.33282804000356
-27.0069265533235 5.69622329460948 6.77907880622308
-26.5021287791131 4.44726775581946 7.15105656642818
-25.9063981288627 3.24642439357082 7.4446858544367
-25.2311456463783 2.10122681062426 7.65674960632334
-24.4886326266576 1.01764732836469 7.78492440724524
-23.6917207729754 1.34973072273048e-13 7.8278059472612
-22.8536110246797 -0.949119619476592 7.78492440724526
-21.9875765962247 -1.82885670751988 7.65674960632337
-21.1066958894093 -2.64008099293401 7.44468585443676
-20.2235909410093 -3.38533256835016 7.15105656642825
-19.3501769470002 -4.06873092472085 6.77907880622317
-18.4974281649501 -4.69584922932923 6.33282804000366
-17.6751651430772 -5.27355661834677 5.81719348454841
-16.8918677654786 -5.80983196489533 5.23782453995046
-16.1545180480017 -6.31355319905856 4.60106889360755
-15.4684759800501 -6.79426678412381 3.91390297363072
-14.8373909980064 -7.26194238218051 3.18385551363793
-14.263150911137 -7.72671806283695 2.41892506637314
-13.745869297222 -8.19864161435607 1.62749236988854
-13.2839115599668 -8.68741360252551 0.818228526424771
-12.8739590111989 -9.20213778721476 1.55830537220921e-13
-12.5111095257121 -9.75108435057697 -0.818228526424447
-12.1890125328759 -10.3414711175653 -1.62749236988822
-11.9000353735879 -10.979267564704 -2.41892506637282
-11.635457379578 -11.669025925134 -3.18385551363764
-11.3856874388803 -12.4137431172966 -3.91390297363044
-11.1405003091855 -13.2147565636867 -4.60106889360728
-10.8892865405363 -14.0716762390654 -5.23782453995021
-10.6213105790002 -14.9823545099753 -5.8171934845482
-10.325971449768 -15.9428945160185 -6.33282804000348
-9.99306036526828 -16.9476970155575 -6.779078806223
-9.61300967249024 -17.9895447920296 -7.15105656642812
-9.17712774228373 -19.0597229096662 -7.44468585443665
-8.67781470788674 -20.1481723364044 -7.65674960632331
-8.10875437378306 -21.2436737337097 -7.78492440724523
-7.46507813031085 -22.3340575633098 -7.8278059472612
-6.74349731318608 -23.4064360934121 -7.78492440724528
-5.94240112729778 -24.4474524140257 -7.65674960632341
-5.06191799617257 -25.4435412026846 -7.4446858544368
-4.10393898645366 -26.3811957260792 -7.15105656642831
-3.07210277367815 -27.2472354253581 -6.77907880622325
-1.97174244402137 -28.0290684161092 -6.33282804000375
-0.809795248722015 -28.7149433386564 -5.81719348454852
0.405322774042999 -29.2941852180707 -5.23782453995055
1.66387463813909 -29.7574103314128 -4.60106889360766
2.95498933806655 -30.0967155249515 -3.91390297363083
4.26687386877719 -30.3058379669066 -3.18385551363803
5.58704579704929 -30.380281950012 -2.41892506637322
6.90258140097466 -30.3174100594145 -1.62749236988863
8.20037405735353 -30.1164967800823 -0.818228526424841
9.46739733429995 -29.778743417747 -2.26314018470448e-13
10.6909671429112 -29.3072540312832 0.818228526424391
11.8589973196779 -28.7069729047057 1.62749236988818
12.9602431500358 -27.9845849058146 2.41892506637279
13.9845276001135 -27.1483808684245 3.18385551363761
14.9229453928115 -26.2080908791154 3.91390297363042
15.7680405379519 -25.1746890316276 4.60106889360728
16.5139534941939 -24.0601738177517 5.23782453995022
17.1565347905522 -22.8773288398759 5.8171934845482
17.6934226537253 -21.63946894618 6.33282804000349
18.1240829586345 -20.3601771959194 6.77907880622302
18.4498106270455 -19.0530382527486 7.15105656642813
18.6736924255659 -17.7313738745513 7.44468585443667
18.8005319419592 -16.4079861172522 7.65674960632332
18.8367383298194 -15.0949136987212 7.78492440724523
18.7901811888191 -13.8032066808225 7.8278059472612
18.6700146742864 -12.5427242291204 7.78492440724526
18.4864745901992 -11.3219597092881 7.65674960632339
18.2506527996364 -10.1478967876432 7.44468585443676
17.9742537738415 -9.02589953315086 7.15105656642826
17.6693384848789 -7.95963878409464 6.77907880622318
17.3480611191593 -6.95105626018346 6.33282804000366
17.0224042440229 -6.00036708692995 5.81719348454841
16.7039180937656 -5.106100571196 5.23782453995044
16.4034695542369 -4.26517824261545 4.60106889360753
16.1310062182859 -3.47302737287654 3.91390297363068
15.8953405623125 -2.72372742080568 3.18385551363789
15.7039588638979 -2.01018614224548 2.41892506637309
15.5628589511554 -1.32434146507943 1.62749236988848
15.4764202574126 -0.657384675134861 0.818228526424676
15.4473089633307 -3.16443456236326e-14 6.04128969774139e-14
15.4764202574126 0.657384675134824 -0.818228526424542
15.5628589511554 1.32434146507934 -1.62749236988832
15.7039588638979 2.0101861422454 -2.41892506637292
15.8953405623125 2.72372742080559 -3.18385551363774
16.1310062182859 3.47302737287648 -3.91390297363057
16.4034695542368 4.26517824261537 -4.60106889360742
16.7039180937655 5.1061005711959 -5.23782453995034
17.0224042440229 6.00036708692985 -5.81719348454832
17.3480611191593 6.95105626018334 -6.33282804000358
17.6693384848788 7.9596387840945 -6.77907880622309
17.9742537738414 9.02589953315069 -7.15105656642819
18.2506527996363 10.1478967876431 -7.44468585443672
18.4864745901991 11.3219597092879 -7.65674960632335
18.6700146742864 12.5427242291202 -7.78492440724525
18.7901811888191 13.8032066808224 -7.8278059472612
18.8367383298193 15.094913698721 -7.78492440724525
18.8005319419592 16.4079861172521 -7.65674960632335
18.6736924255659 17.7313738745512 -7.44468585443671
18.4498106270455 19.0530382527485 -7.15105656642819
18.1240829586346 20.3601771959192 -6.77907880622309
17.6934226537254 21.6394689461799 -6.33282804000357
17.1565347905524 22.8773288398757 -5.8171934845483
16.5139534941941 24.0601738177516 -5.23782453995033
15.768040537952 25.1746890316275 -4.60106889360738
14.9229453928116 26.2080908791153 -3.91390297363055
13.9845276001136 27.1483808684244 -3.18385551363775
12.960243150036 27.9845849058145 -2.41892506637293
11.8589973196781 28.7069729047056 -1.62749236988832
10.6909671429114 29.3072540312832 -0.818228526424539
9.4673973343002 29.7787434177469 7.76782712517895e-14
8.20037405735374 30.1164967800823 0.818228526424721
6.9025814009749 30.3174100594145 1.6274923698885
5.58704579704953 30.3802819500121 2.41892506637308
4.26687386877743 30.3058379669067 3.18385551363789
2.95498933806681 30.0967155249516 3.91390297363069
1.66387463813933 29.757410331413 4.60106889360753
0.405322774043223 29.2941852180709 5.23782453995046
-0.809795248721824 28.7149433386566 5.81719348454843
-1.97174244402116 28.0290684161094 6.33282804000368
-3.07210277367801 27.2472354253583 6.77907880622317
-4.1039389864535 26.3811957260793 7.15105656642826
-5.06191799617245 25.4435412026848 7.44468585443676
-5.9424011272977 24.4474524140259 7.65674960632339
-6.74349731318603 23.4064360934122 7.78492440724527
-7.4650781303108 22.33405756331 7.8278059472612
-8.10875437378299 21.2436737337098 7.78492440724523
-8.67781470788671 20.1481723364045 7.65674960632332
-9.17712774228371 19.0597229096663 7.44468585443667
-9.61300967249022 17.9895447920297 7.15105656642814
-9.99306036526825 16.9476970155576 6.77907880622301
-10.325971449768 15.9428945160185 6.33282804000347
-10.6213105790002 14.9823545099754 5.81719348454819
-10.8892865405363 14.0716762390655 5.2378245399502
-11.1405003091855 13.2147565636867 4.60106889360727
-11.3856874388803 12.4137431172967 3.91390297363043
-11.635457379578 11.669025925134 3.1838555136376
-11.9000353735879 10.979267564704 2.41892506637278
-12.1890125328759 10.3414711175653 1.62749236988816
-12.5111095257121 9.75108435057697 0.818228526424374
-12.873959011199 9.20213778721476 -2.43579392744824e-13
-13.2839115599668 8.68741360252553 -0.818228526424858
-13.7458692972221 8.19864161435605 -1.62749236988864
-14.2631509111371 7.72671806283694 -2.41892506637324
-14.8373909980065 7.26194238218048 -3.18385551363804
-15.4684759800502 6.7942667841238 -3.91390297363083
-16.1545180480018 6.31355319905852 -4.60106889360766
-16.8918677654787 5.80983196489531 -5.23782453995057
-17.6751651430774 5.27355661834671 -5.81719348454852
-18.4974281649503 4.69584922932915 -6.33282804000376
-19.3501769470004 4.06873092472074 -6.77907880622325
-20.2235909410095 3.38533256835004 -7.15105656642832
-21.1066958894095 2.6400809929339 -7.44468585443681
-21.9875765962249 1.82885670751973 -7.65674960632342
-22.8536110246799 0.949119619476396 -7.78492440724528
-23.6917207729756 -3.80711962884082e-13 -7.8278059472612
-24.4886326266578 -1.01764732836494 -7.78492440724521
-25.2311456463785 -2.10122681062457 -7.65674960632329
-25.9063981288629 -3.24642439357113 -7.44468585443662
-26.5021287791133 -4.44726775581982 -7.15105656642807
-27.0069265533236 -5.69622329460984 -6.77907880622294
-27.410463872032 -6.98432783730784 -6.33282804000338
-27.7037082565701 -8.30135229607085 -5.81719348454808
-27.8791079012923 -9.63599379428188 -5.23782453995008
-27.9307472495398 -10.9760921779698 -4.60106889360716
-27.8544692809026 -12.3088662977035 -3.91390297363029
-27.6479619273802 -13.6211650177319 -3.18385551363747
-27.3108068012787 -14.8997275886535 -2.41892506637264
-26.8444892217157 -16.1314478145219 -1.627492369888
-26.2523693522005 -17.3036363594617 -0.818228526424209
-25.5396150912057 -18.4042755744303 4.09480514237858e-13
-24.7130981731803 -19.4222613809672 0.818228526425023
-23.7812557215759 -20.3476270222955 1.62749236988877
-22.753920231372 -21.1717438771103 2.41892506637337
-21.6421216305118 -21.8874950195779 3.18385551363819
-20.4578656632047 -22.4894177899934 3.91390297363097
-19.2138933404877 -22.9738123017763 4.6010688936078
-17.9234266040177 -23.3388135378221 5.23782453995069
-16.5999056391997 -23.5844254670983 5.81719348454863
-15.2567234472457 -23.7125164240816 6.33282804000384
-13.906963338898 -23.7267758217808 6.77907880622334
-12.5631449442152 -23.6326330959115 7.15105656642839
-11.2369841445014 -23.4371405855513 7.44468585443686
-9.93917202821311 -23.1488228269876 7.65674960632345
-8.67917755904807 -22.7774954559223 7.7849244072453
-7.46507813030996 -22.3340575633098 7.8278059472612
-6.30342157608841 -21.8302619179357 7.7849244072452
-5.19912252977192 -21.2784679422049 7.65674960632326
-4.155395278529 -20.691382696352 7.44468585443657
-3.17372447457809 -20.081795382492 7.151056566428
-2.25387424725266 -19.4623110181127 6.77907880622286
-1.39393543158092 -18.8450889457889 6.3328280400033
-0.590409807139157 -18.2415917417105 5.81719348454799
0.161670557051595 -17.6623498622962 5.23782453994996
0.868591512696686 -17.1167470304854 4.60106889360702
1.53777595809775 -16.6128309185195 3.91390297363015
2.17757786748811 -16.1571531416649 3.18385551363732
2.79705575288588 -15.754641949025 2.41892506637249
3.40573053132875 -15.4085102968166 1.62749236988786
4.01333310715472 -15.1202012312659 0.818228526424044
4.62954720155473 -14.8893717088733 -5.75381635730892e-13
5.26375306515387 -14.7139151583494 -0.818228526425188
5.92477769165605 -14.5900222586869 -1.62749236988893
6.62065701198344 -14.5122785894035 -2.41892506637353
7.35841529182616 -14.4737970195172 -3.18385551363832
8.14386658658913 -14.4663819582234 -3.91390297363109
8.98144263429619 -14.4807219084729 -4.60106889360793
9.87405099924035 -14.5066061593223 -5.23782453995081
10.8229666292363 -14.5331609370121 -5.81719348454874
11.8277592711825 -14.5490999192832 -6.33282804000394
12.886258418685 -14.5429837113708 -6.77907880622341
13.9945566582789 -14.5034826919634 -7.15105656642845
15.1470514546285 -14.419637567263 -7.44468585443691
16.3365245877272 -14.2811120226083 -7.65674960632349
17.5542576443076 -14.0784320328227 -7.78492440724531
18.7901811888201 -13.8032066808221 -7.8278059472612
20.0330545131154 -13.4483257328663 -7.78492440724518
21.270672203973 -13.0081297195892 -7.65674960632323
22.4900931880137 -12.4785488638465 -7.44468585443652
23.6778874267793 -11.8572078667607 -7.15105656642795
24.8203950513079 -11.1434942977317 -6.77907880622279
25.9039924536162 -10.3385891168439 -6.33282804000321
26.915359697982 -9.44545867224613 -5.81719348454786
27.8417435811155 -8.46880834322036 -5.23782453994986
28.6712107579789 -7.41499882402024 -4.60106889360689
29.3928855572715 -6.29192684645284 -3.91390297363
29.9971674330434 -5.10887290336296 -3.18385551363717
30.4759234296075 -3.8763192442583 -2.41892506637233
30.822651566681 -2.60574205306361 -1.6274923698877
31.0326116691578 -1.30938227270529 -0.818228526423906

28.3959233345207 12.7354220545522 7.13472803960095e-13
27.7991189444538 13.9030049587136 0.818228526425326
27.0800338212682 15.0018900802691 1.62749236988907
26.2464916050925 16.0215930633359 2.41892506637366
25.307801501397 16.9528592530167 3.1838555136385
24.2745711492596 17.7878492272495 3.91390297363126
23.1584938883824 18.5202949457051 4.60106889360804
21.9721149704143 19.1456231501317 5.23782453995092
20.7285817056574 19.6610433510928 5.81719348454883
19.4413828746941 20.0655984939471 6.33282804000404
18.1240829586334 20.3601771959194 6.77907880622349
16.7900568467387 20.5474872690743 7.15105656642852
15.4522306639403 20.6319910732686 7.44468585443696
14.1228342235138 20.6198040609419 7.65674960632352
12.8131703549971 20.5185586643527 7.78492440724533
11.5334059896989 20.3372364186691 7.8278059472612
10.292389413854 20.085971895224 7.78492440724517
9.0974975327297 19.7758326236516 7.65674960632318
7.95451633998653 19.4185796965528 7.44468585443646
6.86755706926583 19.0264141647388 7.15105656642788
5.83900973473978 18.6117146360914 6.77907880622271
4.86953496074575 18.186771680094 6.33282804000312
3.95809417496621 17.7635247090683 5.81719348454779
3.10201741263257 17.3533069546245 5.23782453994975
2.29710716868315 16.9666039848978 4.60106889360678
1.53777595809658 16.6128309185195 3.91390297362988
0.817214518427623 16.3001330911513 3.18385551363704
0.127586928483277 16.0352144283793 2.4189250663722
-0.539751662733963 15.8231971855779 1.62749236988756
-1.19401948977452 15.6675160437249 0.818228526423769
-1.84475998404161 15.5698488144905 -9.0718387871696e-13
-2.50158639597691 15.5300852239899 -0.818228526425518
-3.1739248306651 15.5463344292054 -1.62749236988928
-3.87076133597471 15.614971091718 -2.41892506637387
-4.60039859558478 15.7307190078381 -3.1838555136386
-5.37022757298157 15.8867704901735 -3.91390297363136
-6.1865191311757 16.0749389303719 -4.60106889360816
-7.05424022338109 16.2858412626307 -5.23782453995102
-7.97689872143171 16.5091064077918 -5.81719348454893
-8.9564203326325 16.7336052221667 -6.33282804000412
-9.99306036526935 16.947697015558 -6.77907880622356
-11.0853523529596 17.1394873491224 -7.15105656642857
-12.2300947545106 17.2970915833312 -7.44468585443702
-13.422376125999 17.4088985244718 -7.65674960632356
-14.6556383329986 17.4638285175045 -7.78492440724535
-15.9217765510443 17.451580453645 -7.8278059472612
-17.2112740091483 17.3628624001824 -7.78492440724515
-18.5133686814981 17.189600912635 -7.65674960632315
-19.8162484424641 16.9251245478062 -7.44468585443641
-21.1072705845566 16.5643176507945 -7.15105656642782
-22.3732010712057 16.1037411276255 -6.77907880622264
-23.6004684675413 15.5417176242015 -6.33282804000303
-24.7754271719355 14.8783792964896 -5.81719348454769
-25.8846243658265 14.1156771598858 -5.23782453994965
-26.9150650136996 13.2573518302692 -4.60106889360667
-27.8544692809037 12.3088662977017 -3.91390297362971
-28.6915168934934 11.2773021882519 -3.18385551363687
-29.4160732381575 10.1712217525577 -2.41892506637201
-30.0193923856785 9.00049855467661 -1.62749236988737
-30.4942927100085 7.77612050574153 -0.818228526423576
-30.8353013564854 6.50996947955197 1.04527504694616e-12
-31.0387644744985 5.21458224875905 0.818228526425656
-31.1029208578531 3.9028978800035 1.62749236988942
-31.0279374146032 2.58799701565633 2.418925066374
-30.815905700515 1.28283864249269 3.18385551363872
-30.4707995791979 -1.60412866780915e-12 3.91390297363148
-29.9983948995256 -1.24857478805192 4.60106889360827
-29.4061528895257 -2.45181196410741 5.23782453995116
-28.7030697381254 -3.59972617968835 5.81719348454906
-27.8994955554453 -4.68361465502754 6.33282804000423
-27.0069265533222 -5.69622329461061 6.77907880622366
-26.0377748564657 -6.63188120175526 7.15105656642865
-25.00512082893 -7.48660071581747 7.44468585443706
-23.9224531702483 -8.25814083786716 7.65674960632359
-22.8034022927218 -8.94603269879869 7.78492440724536
-21.6614726304747 -9.55156654091414 7.8278059472612
-20.5097795490098 -10.0777405124956 7.78492440724513
-19.3607964207527 -10.5291723969793 7.65674960632312
-18.2261172096856 -10.9119761964083 7.44468585443637
-17.1162395714214 -11.2336062457348 7.15105656642777
-16.0403730311992 -11.5026722340189 6.77907880622254
-15.0062762608194 -11.7287291356004 6.33282804000292
-14.0201268481109 -11.9220465954419 5.81719348454756
-13.0864262526029 -12.0933627564325 5.23782453994951
-12.2079418836783 -12.253627852961 4.60106889360651
-11.3856874388791 -12.413743117297 3.91390297362959
-10.6189418173447 -12.58430064846 3.18385551363674
-9.90530609425547 -12.7753298750937 2.41892506637188
-9.24079722440812 -12.99605610477 1.62749236988724
-8.61997635421833 -13.2546763950911 0.818228526423439
-8.03610887845207 -13.5581576124467 -1.18336621517537e-12
-7.48135269676769 -13.9120610702261 -0.818228526425793
-6.94697052032065 -14.3203975698497 -1.62749236988955
-6.42356156321573 -14.7855160173396 -2.41892506637419
-5.90130753854104 -15.3080280692662 -3.1838555136389
-5.37022757297985 -15.8867704901742 -3.91390297363164
-4.82043646413153 -16.5188060955771 -4.60106889360842
-4.24240063473551 -17.1994633276292 -5.23782453995126
-3.62718618948471 -17.9224136823726 -5.81719348454915
-2.96669365191252 -18.6797853957846 -6.33282804000431
-2.25387424725211 -19.4623110181143 -6.77907880622372
-1.48292299599242 -20.2595057788863 -7.15105656642871
-0.649444383522942 -21.0598729840521 -7.4446858544371
0.249413036981553 -21.8511321062678 -7.65674960632361
1.21485608115144 -22.6204647416163 -7.78492440724538
2.24638264808385 -23.3547732217369 -7.8278059472612
3.34175516933064 -24.0409463975199 -7.78492440724511
4.49701243471736 -24.6661269551192 -7.65674960632308
5.70651960979241 -25.2179745903683 -7.44468585443631
6.96305543584853 -25.6849194545031 -7.15105656642769
8.25793480111591 -26.056400490529 -6.77907880622247
9.58116410814802 -26.3230836012063 -6.33282804000284
10.9216261540011 -26.4770550195626 -5.81719348454747
12.2672906017596 -26.5119857818573 -5.2378245399494
13.6054455680013 -26.4232638196775 -4.6010688936064
14.9229453928137 -26.2080908791148 -3.91390297362947
16.2064693068285 -25.8655422259294 -3.18385551363661
17.4427854709942 -25.3965878901556 -2.41892506637175
18.6190147446018 -24.8040750246993 -1.62749236988705
19.7228885380136 -24.0926717825211 -0.818228526423247
20.7429952286114 -23.2687739381918 1.37707728993223e-12
21.6690098590805 -22.3403762743376 0.818228526425986
22.491902191129 -21.3169115047346 1.62749236988974
23.204118647533 -20.209060197451 2.41892506637432
23.7997342311407 -19.0285357786514 3.18385551363903
24.2745711492614 -17.7878492272466 3.91390297363176
24.6262815819844 -16.5000585011405 4.60106889360854
24.8543927982071 -15.1785080581819 5.23782453995137
24.9603136270808 -13.8365640421639 5.81719348454924
24.9473021179857 -12.4873507919051 6.33282804000439
24.8203950513067 -11.1434942977301 6.77907880622379
24.5863007774329 -9.8168780752822 7.15105656642878
24.2532576450592 -8.51841665487608 7.44468585443716
23.8308610152182 -7.25785150138867 7.65674960632365
23.3298625287566 -6.0435736932278 7.7849244072454
22.7619458877773 -4.88247710966314 7.8278059472612
22.1394839132039 -3.77984521620375 7.7849244072451
21.4752820403079 -2.7392738119313 7.65674960632305
20.7823137032165 -1.76263132633382 7.44468585443627
20.0734532318723 -0.850057442906154 7.15105656642763
19.3612119369601 1.49541703232326e-12 6.7790788062224
18.6574829888231 0.790710706149088 6.33282804000276
17.9733005068546 1.52675189781722 5.81719348454738
17.3186179703402 2.21416502356597 5.23782453994926
16.7021106467841 2.86018236668597 4.60106889360624
16.1310062182849 3.4730273728776 3.91390297362931
15.610947181586 4.06169308270487 3.18385551363644
15.1458879159859 4.63570352701474 2.41892506637157
14.7380285699644 5.20486331164091 1.62749236988692
14.3877871281126 5.77900087341387 0.818228526423109
14.0938102016643 6.36771102727669 -1.45954855163377e-12
13.8530222561651 6.98010244120051 -0.818228526426068
13.6607121663799 7.62455557122305 -1.62749236988977
13.5106551890777 8.30849636554366 -2.41892506637429
13.3952676860028 9.03819070897215 -3.183855513639
13.3057912283775 9.81856413439721 -3.91390297363174
13.2325020857425 10.6530507858408 -4.60106889360847
13.16494155927 11.5434749897307 -5.23782453995126
13.0921621745349 12.4899680907233 -5.81719348454915
13.0029844106282 13.4909224507665 -6.33282804000428
12.8862584186841 14.5429837113723 -6.77907880622367
12.731125078167 15.6410815963904 -7.15105656642866
12.5272707558461 16.7784987036206 -7.44468585443703
12.2651702699183 17.9469759161334 -7.65674960632357
11.9363128172489 19.1368522757489 -7.78492440724534
11.5334059896996 20.3372364186707 -7.8278059472612
11.0505534780836 21.5362059927187 -7.78492440724516
10.4834026292875 22.7210308715672 -7.65674960632319
9.82925867134533 23.8784154668405 -7.44468585443647
9.08716313879725 24.9947550248946 -7.15105656642789
8.25793480111296 26.0564004905295 -6.77907880622275
7.34417220376064 27.0499263312548 -6.3328280400032
6.35021775733547 27.9623956471634 -5.81719348454788
5.28208413730094 28.7816169444131 -5.2378245399499
4.14734456758052 29.4963871236742 -4.60106889360698
2.9549893380661 30.0967155249521 -3.9139029736301
1.71525163240657 30.5740242707475 -3.18385551363733
0.439406402609809 30.9213206519882 -2.41892506637255
-0.860453393128673 31.1333378947896 -1.62749236988798
-2.1716583858293 31.2066413181738 -0.818228526424189
-3.48121703689076 31.139697628981 3.74001776254423e-13
-4.77607706505637 30.9329058845819 0.818228526424933
-6.043388444038 30.5885894698318 1.62749236988871
-7.27076232109654 30.1109492645134 2.41892506637326
-8.44652029369121 29.5059790035103 3.18385551363801
-9.55992868764091 28.7813446364468 3.9139029736308
-10.6014128016571 27.9462302592608 4.60106889360759
-11.5627465127204 27.011153900762 5.23782453995046
-12.4372131653552 25.9877570874264 5.81719348454838
-13.2197342840748 24.888572665775 6.33282804000364
-13.9069633388988 23.7267758217809 6.77907880622312
-14.4973425440559 22.5159235909782 7.1510565664282
-14.9911214636913 21.2696883937428 7.44468585443671
-15.3903370185571 20.0015912524162 7.65674960632334
-15.6987553166767 18.7247403479588 7.78492440724524
-15.9217765510427 17.4515804536453 7.8278059472612
-16.0663050009436 16.1936585445296 7.78492440724527
-16.1405869234638 14.9614105291793 7.6567496063234
-16.1540198119897 13.7639735920544 7.4446858544368
-16.1169371143376 12.6090280807494 7.15105656642831
-16.0403730312007 11.5026722340191 6.77907880622327
-15.9358124446276 10.4493323377851 6.33282804000381
-15.8149313470038 9.45171013238755 5.81719348454857
-15.6893333465906 8.51076849160379 5.23782453995067
-15.5702879116882 7.62575556964216 4.60106889360782
-15.46847598005 6.79426678412446 3.91390297363104
-15.393748404049 6.01234318877526 3.18385551363827
-15.3549024286141 5.27460400661814 2.41892506637352
-15.3594810139692 4.5744103597396 1.62749236988898
-15.4135993269738 3.90405656089411 0.818228526425213
-15.5218021438383 3.25498473977736 6.55925092597266e-13
-15.6869552456237 2.61801807540954 -0.818228526423909
-15.9101731604184 1.98360750650035 -1.62749236988765
-16.1907848279992 1.34208650248687 -2.41892506637228
-16.5263379508214 0.683928305347691 -3.18385551363707
-16.9126419667517 7.93847756803897e-13 -3.91390297362986
-17.3438487518103 -0.718192159790064 -4.60106889360676
-17.8125693530757 -1.47827155403735 -5.23782453994965
-18.3100242801448 -2.28677920681695 -5.81719348454769
-18.8262241646751 -3.14898566914237 -6.332828040003
-19.3501769469994 -4.06873092471976 -6.77907880622258
-19.8701171805141 -5.04829586488117 -7.15105656642775
-20.3737525707149 -6.08830819859927 -7.44468585443636
-20.8485224965203 -7.18768492130901 -7.65674960632312
-21.2818630048175 -8.34361267822836 -7.78492440724512
-21.6614726304757 -9.55156654091156 -7.8278059472612
-21.9755733763748 -10.805366887415 -7.78492440724538
-22.2131612916612 -12.0972732545092 -7.65674960632363
-22.3642413092506 -13.4181132324674 -7.44468585443714
-22.4200413407446 -14.7574437162501 -7.15105656642877
-22.3732010712044 -16.1037411276237 -6.77907880622381
-22.2179314380723 -17.4446165959414 -6.33282804000444
-21.9501414063405 -18.7670515444164 -5.81719348454933
-21.5675293523569 -20.0576486853796 -5.23782453995147
-21.0696371264118 -21.3028930917487 -4.6010688936087
-20.4578656632066 -22.4894177899909 -3.91390297363198
-19.7354518323297 -23.6042682170011 -3.18385551363926
-18.9074070503 -24.6351599017922 -2.41892506637456
-17.9804189937934 -25.5707238723022 -1.62749236989005
-16.9627185427975 -26.4007345450078 -0.818228526426348
-15.8639148257165 -27.116315224891 -1.74147186797662e-12
-14.6948019199402 -27.7101168177148 0.818228526422829
-13.4671413664672 -28.176465925368 1.62749236988658
-12.1934251728868 -28.511479146053 2.41892506637125
-10.8866243942929 -28.7131411203669 3.18385551363608
-9.55992868764378 -28.781344636447 3.91390297362892
-8.22648242514578 -28.7178919157725 4.60106889360583
-6.89912302233689 -28.5264570286037 5.23782453994889
-5.59012708521942 -28.2125102166666 5.81719348454697
-4.31096980912167 -27.7832057127896 6.33282804000237
-3.07210277368087 -27.2472354253598 6.77907880622207
-1.88275487961179 -26.6146515830154 7.15105656642734
-0.750760672339888 -25.8966620963186 7.44468585443604
0.317580294111644 -25.1054029741031 7.6567496063229
1.3176100696831 -24.253692620286 7.78492440724502
2.24638264807964 -23.3547732217383 7.8278059472612
3.10269656693401 -22.4220447110556 7.78492440724549
3.88708911521752 -21.4687969439218 7.65674960632384
4.60179232251096 -20.5079457658666 7.44468585443746
5.25065172865985 -19.5517785568487 7.15105656642919
5.83900973473915 -18.6117146360945 6.77907880622432
6.37355609991746 -17.6980855884294 6.33282804000505
6.86214885733334 -16.8199401438326 5.81719348455003
7.31360956026021 -15.9848777133631 5.23782453995228
7.73749732393879 -15.1989140682662 4.60106889360953
8.14386658658724 -14.4663819582257 3.91390297363287
8.54301386541974 -13.7898687141724 3.18385551364025
8.94521902244012 -13.1701920869192 2.41892506637554
9.36048667518661 -12.6064147521891 1.62749236989105
9.79829338689381 -12.0958970829422 0.818228526427372
10.2673461487074 -11.6343869690981 2.82701864335597e-12
10.7753574262427 -11.2161446703739 -0.818228526421805
11.3288416890638 -10.8340999370791 -1.62749236988552
11.9329378821513 -10.4800379424088 -2.41892506637021
12.5912617429837 -10.1448099528916 -3.18385551363504
13.3057912283748 -9.81856413439712 -3.91390297362798
14.076787605414 -9.49099146084529 -4.601068893605
14.9027539959612 -9.15158137069457 -5.23782453994808
15.7804323605649 -8.78988160932517 -5.81719348454624
16.7048390826304 -8.39575660800616 -6.33282804000173
17.669338484875 -7.95963878409624 -6.7790788062215
18.6657527953372 -7.47276730174538 -7.15105656642687
19.6845062969402 -6.92740910430062 -7.44468585443573
20.7148006596572 -6.31705741302884 -7.65674960632268
21.7448177834535 -5.63660337340956 -7.7849244072449
22.7619458877743 -4.88247710966838 -7.8278059472612
23.7530240821464 -4.05275510796758 -7.78492440724561
24.704600253192 -3.14723157457571 -7.65674960632408
25.6031968146147 -2.16745219181296 -7.44468585443781
26.4355786946935 -1.11670950493813 -7.15105656642961
27.1890178842195 -4.92994626040636e-12 -6.77907880622487
27.8515489377434 1.17605624168829 -6.33282804000569
28.4122100109782 2.40333162032267 -5.81719348455075
28.861264323162 3.67234036293429 -5.23782453995309
29.190397348569 4.97241795747883 -4.60106889361045
29.3928855572703 6.29192684644774 -3.91390297363386
29.4637331306282 7.61848398392685 -3.18385551364119
29.3997737588942 8.93920538739751 -2.41892506637657
29.1997353720402 10.240962447531 -1.62749236989212
28.8642664446634 11.5106445036093 -0.818228526428452

20.7429952286144 23.2687739381892 -3.91256541873532e-12
19.7228885380169 24.0926717825187 0.81822852642067
18.6190147446055 24.8040750246972 1.62749236988446
17.4427854709981 25.396587890154 2.41892506636923
16.2064693068327 25.8655422259281 3.18385551363414
14.9229453928181 26.2080908791139 3.91390297362709
13.6054455680059 26.4232638196771 4.60106889360412
12.2672906017643 26.5119857818573 5.23782453994727
10.9216261540058 26.477055019563 5.81719348454551
9.58116410815283 26.3230836012071 6.33282804000109
8.25793480112054 26.0564004905302 6.77907880622101
6.96305543585314 25.6849194545047 7.15105656642648
5.70651960979695 25.2179745903702 7.44468585443539
4.49701243472183 24.6661269551214 7.65674960632244
3.34175516933498 24.0409463975224 7.78492440724479
2.24638264808796 23.3547732217397 7.8278059472612
1.21485608115538 22.6204647416192 7.78492440724571
0.249413036985229 21.851132106271 7.65674960632429
-0.649444383519456 21.0598729840554 7.44468585443811
-1.48292299598913 20.2595057788897 7.15105656643008
-2.25387424724899 19.4623110181176 6.77907880622541
-2.96669365190958 18.6797853957879 6.33282804000636
-3.62718618948198 17.9224136823758 5.81719348455148
-4.24240063473302 17.1994633276323 5.23782453995385
-4.82043646412912 16.51880609558 4.60106889361124
-5.37022757297756 15.8867704901769 3.91390297363475
-5.90130753853875 15.3080280692687 3.18385551364218
-6.42356156321341 14.7855160173419 2.41892506637765
-6.94697052031821 14.3203975698517 1.62749236989318
-7.48135269676518 13.9120610702279 0.818228526429587
-8.03610887844949 13.5581576124482 4.88687238105934e-12
-8.61997635421556 13.2546763950925 -0.818228526419645
-9.24079722440515 12.9960561047712 -1.62749236988351
-9.90530609425221 12.7753298750947 -2.41892506636815
-10.6189418173411 12.5843006484609 -3.18385551363315
-11.3856874388752 12.4137431172979 -3.9139029736261
-12.2079418836741 12.2536278529618 -4.60106889360324
-13.0864262525984 12.0933627564334 -5.23782453994651
-14.0201268481061 11.9220465954429 -5.81719348454486
-15.0062762608143 11.7287291356015 -6.33282804000048
-16.0403730311938 11.5026722340203 -6.77907880622047
-17.1162395714157 11.2336062457364 -7.15105656642601
-18.2261172096797 10.9119761964102 -7.44468585443505
-19.3607964207466 10.5291723969816 -7.65674960632221
-20.5097795490038 10.0777405124983 -7.78492440724469
-21.6614726304686 9.55156654091725 -7.8278059472612
-22.8034022927157 8.94603269880232 -7.78492440724582
-23.9224531702422 8.25814083787125 -7.65674960632452
-25.0051208289242 7.48660071582206 -7.44468585443844
-26.0377748564601 6.63188120176036 -7.15105656643052
-27.0069265533169 5.69622329461626 -6.77907880622595
-27.8994955554405 4.68361465503346 -6.33282804000693
-28.7030697381211 3.5997261796947 -5.81719348455213
-29.406152889522 2.4518119641142 -5.23782453995466
-29.9983948995225 1.24857478805916 -4.60106889361221
-30.4707995791954 9.12672102567537e-12 -3.91390297363569
-30.8159057005133 -1.28283864248489 -3.18385551364318
-31.0279374146024 -2.58799701564854 -2.41892506637858
-31.1029208578531 -3.90289787999563 -1.62749236989424
-31.0387644744993 -5.21458224875119 -0.818228526430556
-30.8353013564871 -6.50996947954413 -6.08365896949402e-12
-30.494292710011 -7.77612050573381 0.818228526418566
-30.0193923856819 -9.00049855466914 1.62749236988234
-29.4160732381616 -10.1712217525506 2.41892506636712
-28.6915168934983 -11.2773021882451 3.18385551363216
-27.8544692809093 -12.3088662976954 3.91390297362525
-26.915065013706 -13.2573518302634 4.60106889360237
-25.8846243658335 -14.1156771598805 5.2378245399457
-24.775427171943 -14.8783792964849 5.81719348454406
-23.6004684675493 -15.5417176241974 6.33282803999984
-22.3732010712141 -16.103741127622 6.77907880621987
-21.1072705845651 -16.5643176507917 7.15105656642561
-19.8162484424728 -16.925124547804 7.44468585443472
-18.5133686815069 -17.1896009126334 7.65674960632201
-17.2112740091571 -17.3628624001814 7.78492440724456
-15.9217765510531 -17.4515804536445 7.8278059472612
-14.6556383330074 -17.4638285175046 7.78492440724595
-13.4223761260075 -17.4088985244723 7.65674960632474
-12.2300947545187 -17.2970915833321 7.44468585443878
-11.0853523529675 -17.1394873491236 7.15105656643092
-9.99306036527695 -16.9476970155595 6.77907880622649
-8.95642033263972 -16.7336052221683 6.33282804000757
-7.97689872143862 -16.5091064077934 5.81719348455293
-7.05424022338764 -16.2858412626322 5.23782453995547
-6.18651913118191 -16.0749389303734 4.60106889361309
-5.37022757298731 -15.8867704901747 3.91390297363654
-4.60039859559028 -15.7307190078391 3.18385551364417
-3.87076133597999 -15.6149710917186 2.41892506637961
-3.17392483067019 -15.5463344292057 1.6274923698953
-2.50158639598189 -15.5300852239898 0.818228526431635
-1.84475998404656 -15.5698488144899 7.16920574487337e-12
-1.19401948977949 -15.6675160437239 -0.818228526417597
-0.539751662739021 -15.8231971855764 -1.62749236988138
0.127586928478026 -16.0352144283774 -2.41892506636619
0.817214518422103 -16.3001330911489 -3.18385551363117
1.53777595809076 -16.6128309185169 -3.91390297362431
2.29710716867695 -16.9666039848948 -4.60106889360149
3.10201741262593 -17.3533069546212 -5.23782453994489
3.95809417495914 -17.7635247090649 -5.81719348454341
4.86953496073819 -18.1867716800906 -6.33282803999927
5.83900973473169 -18.6117146360879 -6.77907880621938
6.86755706925719 -19.0264141647355 -7.15105656642517
7.95451633997733 -19.4185796965497 -7.44468585443438
9.09749753272002 -19.7758326236489 -7.65674960632178
10.2923894138438 -20.0859718952216 -7.78492440724445
11.5334059896884 -20.3372364186673 -7.8278059472612
12.8131703549862 -20.5185586643515 -7.78492440724605
14.1228342235026 -20.6198040609413 -7.65674960632497
15.4522306639289 -20.6319910732689 -7.44468585443912
16.7900568467272 -20.5474872690754 -7.15105656643136
18.1240829586219 -20.3601771959214 -6.77907880622704
19.4413828746827 -20.0655984939501 -6.33282804000827
20.7285817056465 -19.6610433510967 -5.81719348455358
21.9721149704037 -19.1456231501365 -5.23782453995627
23.1584938883723 -18.520294945711 -4.60106889361388
24.2745711492501 -17.7878492272563 -3.91390297363757
25.3078015013882 -16.9528592530245 -3.18385551364516
26.2464916050845 -16.0215930633446 -2.41892506638075
27.0800338212612 -15.0018900802786 -1.62749236989636
27.7991189444478 -13.9030049587238 -0.818228526432715
28.3959233345158 -12.7354220545631 -8.1435127071974e-12
28.8642664446575 -11.5106445036276 0.818228526416407
29.1997353720362 -10.2409624475499 1.62749236988032
29.3997737588923 -8.9392053874168 2.41892506636505
29.4637331306283 -7.61848398394632 3.18385551363018
29.3928855572723 -6.29192684646731 3.91390297362337
29.190397348573 -4.97241795749819 4.6010688936007
28.8612643231677 -3.67234036295328 5.23782453994409
28.4122100109856 -2.40333162034112 5.81719348454268
27.8515489377525 -1.17605624170605 6.33282803999857
27.1890178842299 -1.20113716324055e-11 6.77907880621884
26.4355786947052 1.11670950492212 7.15105656642469
25.6031968146274 2.16745219179805 7.44468585443408
24.7046002532057 3.14723157456188 7.65674960632156
23.7530240821607 4.05275510795486 7.78492440724435
22.7619458877891 4.88247710965678 7.8278059472612
21.7448177834685 5.63660337339905 7.78492440724616
20.7148006596725 6.31705741301942 7.65674960632519
19.6845062969553 6.92740910429218 7.44468585443945
18.6657527953521 7.47276730173794 7.1510565664318
17.6693384848894 7.95963878408958 6.77907880622752
16.7048390826443 8.39575660800019 6.33282804000885
15.7804323605782 8.78988160931973 5.81719348455431
14.9027539959738 9.15158137068956 5.23782453995708
14.0767876054257 9.4909914608405 4.60106889361475
13.3057912283858 9.81856413439237 3.91390297363852
12.5912617429938 10.1448099528868 3.18385551364605
11.9329378821606 10.4800379424038 2.41892506638168
11.3288416890723 10.8340999370737 1.62749236989732
10.7753574262505 11.2161446703681 0.818228526433795
10.2673461487146 11.6343869690917 9.22905948257675e-12
9.79829338690051 12.0958970829351 -0.818228526415327
9.36048667519291 12.6064147521812 -1.62749236987926
8.94521902244612 13.1701920869106 -2.41892506636412
8.54301386542567 13.7898687141629 -3.18385551362929
8.1438665865932 14.4663819582153 -3.91390297362243
7.73749732394495 15.1989140682551 -4.60106889359982
7.31360956026667 15.9848777133512 -5.23782453994328
6.8621488573403 16.8199401438201 -5.81719348454196
6.37355609992503 17.6980855884161 -6.33282803999793
5.83900973474733 18.6117146360809 -6.77907880621829
5.25065172866895 19.5517785568348 -7.15105656642429
4.601792322521 20.5079457658526 -7.44468585443375
3.88708911522856 21.4687969439077 -7.65674960632133
3.10269656694615 22.4220447110417 -7.78492440724422
2.24638264809286 23.3547732217248 -7.8278059472612
1.31761006969723 24.2536926202731 -7.78492440724628
0.317580294126794 25.1054029740911 -7.6567496063254
-0.750760672323766 25.8966620963075 -7.44468585443979
-1.88275487959478 26.6146515830055 -7.15105656643224
-3.07210277366306 27.2472354253512 -6.77907880622812
-4.3109698091031 27.7832057127825 -6.33282804000948
-5.59012708520032 28.2125102166611 -5.81719348455511
-6.89912302231766 28.5264570286 -5.2378245399578
-8.22648242512626 28.7178919157707 -4.60106889361563
-9.55992868762427 28.781344636447 -3.91390297363936
-10.8866243942735 28.7131411203688 -3.18385551364714
-12.1934251728679 28.511479146057 -2.41892506638271
-13.4671413664488 28.1764659253739 -1.62749236989849
-14.6948019199226 27.7101168177226 -0.818228526434874
-15.8639148256998 27.1163152249007 -1.03146062579561e-11
-16.9627185427817 26.4007345450193 0.818228526414358
-17.980418993779 25.5707238723154 1.6274923698782
-18.907407050287 24.6351599018068 2.41892506636309
-19.7354518323182 23.604268217017 3.18385551362819
-20.4578656631967 22.489417790008 3.91390297362149
-21.0696371264036 21.3028930917668 4.60106889359885
-21.5675293523505 20.0576486853982 5.23782453994256
-21.9501414063358 18.7670515444358 5.81719348454123
-22.2179314380692 17.4446165959611 6.33282803999736
-22.373201071203 16.1037411276436 6.77907880621775
-22.4200413407447 14.75744371627 7.15105656642385
-22.3642413092522 13.4181132324872 7.44468585443338
-22.2131612916641 12.0972732545286 7.65674960632111
-21.9755733763789 10.8053668874338 7.78492440724412
-21.6614726304809 9.55156654092968 7.8278059472612
-21.2818630048236 8.34361267824577 7.78492440724639
-20.848522496527 7.1876849213256 7.65674960632562
-20.3737525707222 6.08830819861511 7.44468585444012
-19.8701171805217 5.0482958648961 7.15105656643268
-19.3501769470071 4.06873092473379 6.77907880622861
-18.8262241646828 3.14898566915553 6.33282804001006
-18.3100242801523 2.28677920682935 5.81719348455576
-17.8125693530828 1.478271554049 5.23782453995861
-17.3438487518169 0.718192159801047 4.60106889361651
-16.9126419667578 9.68292009095199e-12 3.9139029736403
-16.5263379508267 -0.683928305337662 3.18385551364813
-16.1907848280037 -1.34208650247726 2.41892506638364
-15.9101731604221 -1.98360750649087 1.62749236989944
-15.6869552456265 -2.61801807540009 0.818228526435843
-15.5218021438403 -3.25498473976781 1.14001530333354e-11
-15.413599326975 -3.90405656088431 -0.818228526413278
-15.3594810139696 -4.57441035972942 -1.62749236987714
-15.3549024286139 -5.27460400660746 -2.41892506636206
-15.3937484040482 -6.01234318876409 -3.1838555136273
-15.4684759800487 -6.79426678411256 -3.91390297362065
-15.5702879116866 -7.62575556962948 -4.60106889359806
-15.6893333465888 -8.51076849159029 -5.23782453994167
-15.814931347002 -9.45171013237323 -5.81719348454051
-15.935812444626 -10.4493323377699 -6.33282803999672
-16.0403730311993 -11.502672234003 -6.77907880621721
-16.1169371143367 -12.6090280807327 -7.15105656642341
-16.1540198119894 -13.7639735920371 -7.44468585443308
-16.1405869234643 -14.9614105291614 -7.65674960632088
-16.0663050009451 -16.1936585445112 -7.78492440724401
-15.9217765510454 -17.4515804536265 -7.8278059472612
-15.6987553166806 -18.7247403479399 -7.7849244072465
-15.3903370185623 -20.0015912523973 -7.65674960632587
-14.9911214636977 -21.2696883937244 -7.44468585444042
-14.4973425440638 -22.51592359096 -7.15105656643312
-13.9069633389081 -23.7267758217634 -6.77907880622915
-13.2197342840855 -24.8885726657583 -6.33282804001076
-12.4372131653674 -25.9877570874106 -5.81719348455649
-11.562746512734 -27.0111539007474 -5.2378245399595
-10.6014128016719 -27.9462302592477 -4.6010688936173
-9.5599286876568 -28.7813446364353 -3.91390297364124
-8.4465202937082 -29.5059790035004 -3.18385551364902
-7.27076232111436 -30.1109492645053 -2.41892506638478
-6.04338844405651 -30.5885894698257 -1.6274923699005
-4.77607706507538 -30.9329058845777 -0.818228526437033
-3.48121703691008 -31.1396976289789 -1.24856998087148e-11
-2.17165838584852 -31.2066413181738 0.818228526412199
-0.860453393147925 -31.1333378947917 1.62749236987618
0.439406402590813 -30.9213206519923 2.41892506636103
1.71525163238802 -30.5740242707535 3.18385551362631
2.95498933804817 -30.09671552496 3.91390297361961
4.14734456756326 -29.4963871236839 4.60106889359719
5.28208413728461 -28.7816169444244 5.23782453994086
6.35021775732036 -27.962395647176 5.81719348453985
7.34417220374668 -27.0499263312689 6.33282803999608
8.25793480110021 -26.0564004905445 6.77907880621672
9.08716313878577 -24.9947550249106 7.15105656642297
9.82925867133513 -23.8784154668571 7.44468585443274
10.4834026292786 -22.7210308715846 7.65674960632066
11.0505534780759 -21.5362059927362 7.78492440724389
11.5334059896931 -20.3372364186884 7.8278059472612
11.9363128172434 -19.1368522757665 7.7849244072466
12.2651702699139 -17.9469759161508 7.65674960632607
12.5272707558427 -16.7784987036375 7.44468585444076
12.7311250781643 -15.6410815964069 7.15105656643356
12.886258418682 -14.5429837113882 6.77907880622969
13.0029844106266 -13.4909224507817 6.3328280400114
13.0921621745337 -12.4899680907375 5.81719348455714
13.1649415592689 -11.5434749897442 5.23782453996022
13.2325020857414 -10.6530507858535 4.60106889361818
13.3057912283763 -9.81856413440908 3.91390297364218
13.3952676860012 -9.03819070898325 3.18385551365002
13.5106551890758 -8.30849636555406 2.41892506638581
13.6607121663774 -7.6245555712327 1.62749236990145
13.853022256162 -6.98010244120964 0.818228526438002
14.0938102016603 -6.36771102728546 1.35712465840941e-11
14.3877871281078 -5.77900087342235 -0.818228526411119
14.7380285699588 -5.2048633116493 -1.62749236987512
15.1458879159794 -4.63570352702312 -2.41892506635999
15.6109471815786 -4.06169308271344 -3.18385551362522
16.1310062182768 -3.47302737288642 -3.91390297361877
16.7021106467752 -2.86018236669526 -4.60106889359631
17.3186179703306 -2.21416502357589 -5.23782453994014
17.9733005068444 -1.52675189782786 -5.81719348453905
18.6574829888125 -0.790710706160581 -6.33282803999544
19.3612119369492 -1.38594694356655e-11 -6.77907880621612
20.0734532318614 0.850057442892786 -7.15105656642252
20.7823137032058 1.76263132631956 -7.44468585443241
21.4752820402975 2.73927381191598 -7.65674960632045
22.1394839131939 3.77984521618737 -7.78492440724378
22.7619458877681 4.88247710964583 -7.8278059472612
23.3298625287482 6.04357369320952 -7.78492440724673
23.830861015211 7.25785150136953 -7.6567496063263
24.2532576450531 8.51841665485625 -7.44468585444113
24.5863007774285 9.8168780752618 -7.15105656643396
24.8203950513039 11.1434942977091 -6.77907880623024
24.9473021179847 12.4873507918838 -6.33282804001197
24.9603136270815 13.8365640421426 -5.81719348455794
24.8543927982098 15.1785080581608 -5.23782453996103
24.626281581989 16.5000585011197 -4.60106889361915
24.274571149268 17.7878492272264 -3.91390297364312
23.7997342311492 19.0285357786321 -3.18385551365101
23.2041186475435 20.2090601974327 -2.41892506638673
22.4919021911414 21.3169115047175 -1.62749236990262
21.6690098590946 22.3403762743219 -0.818228526439082
