4.2492698775988007 0.023956887293968179 -0.034415682051846537
4.2441277522906962 0.13914220742614081 0.05156634984641334
4.2303891854208588 0.2548683282891383 0.13535138769999211
4.2083939510565589 0.37561557273368612 0.2207594082901492
4.1786383992893628 0.49464231497704869 0.30308385437048302
4.1406085922549067 0.61122848571040933 0.38260373041392232
4.0999970070405656 0.70924251870036847 0.45053033450744018
4.0434142891214622 0.82432165819786074 0.53101880430093718
3.975818021293279 0.93615995905157245 0.61038499594609652
3.915692648651139 1.02245943608874 0.67216450531278626
3.8246087507703281 1.137327232414199 0.75411438490444804
3.7424934582333709 1.226306925072425 0.81705207560117155
3.6571267042453401 1.3085835056845809 0.87617649688881838
3.5313813092707131 1.412581715955219 0.95249604197117688
3.4516255702058039 1.470585512997459 0.99569375303085206
3.3048216837372331 1.562821949650655 1.0652377026414681
3.1993079289224839 1.618350756408478 1.107683792803654
3.0532458551604922 1.685066110764238 1.1595987995144059
2.925831962735665 1.731554102599874 1.196147497484485
2.7656419999687478 1.780507353102202 1.2346139571264461
2.6279713055245559 1.8107575347768949 1.2573350593052981
2.4496246172276122 1.839731953608807 1.2780470452806389
2.2995014041066719 1.852396497168092 1.283290970682329
2.1057508129974081 1.857085804008602 1.2781967663437279
1.937972380892651 1.8492684918586719 1.257886956843034
1.7400328140200381 1.8280946272121941 1.216971902295702
1.5477981818969619 1.7953315293846499 1.154263084613145
1.351086650703188 1.750954589300258 1.06204866978165
1.155629930556372 1.697996672729599 0.9357364369749227
0.96986356033858678 1.646916398374543 0.77428005385642817
0.79575328901886755 1.607069096620015 0.57732718688320239
0.63791792235913125 1.588455734278815 0.35339119566060739
0.49610730255610019 1.5987714991019371 0.1114841402421221
0.36874395321079062 1.6427664945678819 -0.13578341612658909
0.25156715926102458 1.721483214963401 -0.37673917720335848
0.1395682988711707 1.83221543838754 -0.59766979962957301
0.026962954560667919 1.9669844141744171 -0.78877636450211031
-0.094010834563820922 2.115783769520915 -0.94713389516699009
-0.2230134887979944 2.26683770663402 -1.0705429894870779
-0.35926096046238432 2.414374207403907 -1.161261469647608
-0.50446677374327509 2.5547670113713901 -1.225193567527457
-0.64402950294970451 2.6746840793119508 -1.2630135423358551
-0.80682589492329637 2.7962340782952002 -1.2827211870892989
-0.93831231850461116 2.8825230625231928 -1.28636589021514
-1.1056630489062611 2.975506026263393 -1.2739221376417851
-1.2329222449513291 3.0367110072617902 -1.2567348898138591
-1.3961945889006671 3.100255017112767 -1.222742652991345
-1.52310262006637 3.1414125961835122 -1.1904352752930121
-1.6810488315226471 3.1792027775731291 -1.1411510207653739
-1.8015635951823179 3.201852664880863 -1.099508587639197
-1.963005848711733 3.219149266665243 -1.0361747797246439
-2.0651915012482971 3.2236804404158002 -0.99253936990844949
-2.2379683839454501 3.2183352488489558 -0.91214501974409823
-2.3335055285035891 3.2085146950343519 -0.86433016403500973
-2.4808051073638109 3.184253308962997 -0.78607357403041844
-2.6013430499577672 3.1547125793775441 -0.7178676659560963
-2.7000653267525601 3.1247548005608858 -0.65948747915787487
-2.836106264025104 3.0717549204996928 -0.5740299963263199
-2.938222506475817 3.0233932684518789 -0.5049890097252866
-3.0393226453433968 2.9674998918955828 -0.43180775090805812
-3.1438049371674741 2.8991277414920651 -0.35000562197563539
-3.2372944661449279 2.8281773520160538 -0.27183964822717682
-3.3212780545604348 2.754334776390515 -0.19565986601293861
-3.4061950554918372 2.6679505770122729 -0.11154792170682851
-3.4806497311941822 2.5800566571175532 -0.031279754400376288
-3.5471977044150491 2.4889449407799109 0.047189713065267418
-3.6102036882355639 2.388773982947745 0.1303829238708035
-3.665424530514056 2.2832466595146639 0.21311256157854969
-3.7097828468993419 2.1826816418687929 0.28783861565195751
-3.7520145713990281 2.0642400152085032 0.3724161214101846
-3.78396329413594 1.94690553481491 0.45243859806057241
-3.8049382401332701 1.8437563614799759 0.51968793571125826
-3.8230584393575109 1.704679254659492 0.60568763710212392
-3.8292176863931568 1.591349397760031 0.67251640175020833
-3.8288769049909459 1.480048248093877 0.73595282633451897
-3.815929943278729 1.318423488183458 0.82257965539401223
-3.8027094376909352 1.2279730523274459 0.86823111359615768
-3.7690969484947758 1.0650387914546531 0.94641520806368296
-3.73708224497708 0.95554620797212519 0.99525533633073815
-3.6866205592369981 0.81094062641656239 1.0556579200321961
-3.632892597361483 0.68849960230797025 1.101877169311261
-3.5651205660941621 0.55274727823614955 1.1492788118334629
-3.4870675088188001 0.42349127933049369 1.187532113825529
-3.3968441737002819 0.28928847440390942 1.2228196569018011
-3.2900576453165189 0.1553084634838908 1.2478501079574089
-3.183707263924116 0.03519384455518694 1.26391594316533
-3.035559794974239 -0.1096801506903968 1.2671305903536421
-2.9069132716179009 -0.22117843733898379 1.255955365870032
-2.7343514943400482 -0.35752979028969772 1.221726063490014
-2.568716917337595 -0.4769212534192252 1.166583179364999
-2.3951023507248288 -0.59401317038228918 1.0850604077138239
-2.218423795646435 -0.70867672707826357 0.97320256509283898
-2.0540260962869779 -0.81690675057212048 0.83736863935836325
-1.9015192906095979 -0.92221530556927223 0.67672495036061142
-1.7670502862605519 -1.025103840918671 0.49545019851268007
-1.6540087545918649 -1.120662312309068 0.30233874513110592
-1.5528081943063829 -1.2153899738230249 0.1094630439928554
-1.4620191437383681 -1.3261193724928719 -0.076104361495583486
-1.3808229937848739 -1.45168181490486 -0.25356006054688268
-1.307697929497911 -1.5912183026933351 -0.41823905868073119
-1.2401139563257999 -1.738054509046103 -0.56774349684522429
-1.174105809855412 -1.8923370523406919 -0.70583876628989106
-1.110845061900454 -2.0560545318257919 -0.8501350273031848
-1.0588027079666089 -2.213727822723226 -0.98469541951747452
-1.010392312839091 -2.387012888512007 -1.107936929647821
-0.96510873723885615 -2.5614656487115099 -1.2062106098398959
-0.92116367120722376 -2.7273760145051118 -1.278845474182819
-0.87243169642129437 -2.8965065698064452 -1.3313339226757981
-0.82241540727169349 -3.0512051071069859 -1.36302318643438
-0.76228175744160442 -3.2124893028895509 -1.378281559175683
-0.70384806075659068 -3.349583092366788 -1.3779758789572369
-0.63096582925540379 -3.496028432790367 -1.3628220650656471
-0.55995031267387729 -3.6199400248617439 -1.337992388263209
-0.48518683940061053 -3.73252242999492 -1.3028579178548949
-0.40126914948094478 -3.84469480050462 -1.2564841840709611
-0.32947150937478509 -3.9270973473731319 -1.2117647962838549
-0.23510482764347829 -4.0201581370219701 -1.1479924355146469
-0.14669360800774081 -4.0956527974708496 -1.084623096044615
-0.057721340498128063 -4.1587537747714904 -1.017466720210467
0.043808639289677327 -4.2191240719630443 -0.9376621806636446
0.1358305684937024 -4.2618535809055134 -0.86298989857415231
0.2426461381462755 -4.3010717565683914 -0.77359808751667514
0.34133095003708319 -4.3243035513080379 -0.68900138656145293
0.45532006508120532 -4.3395796062839986 -0.58862550604893782
0.56057570353275432 -4.341640190264024 -0.49437168780213209
0.67974230927909374 -4.3289951997457203 -0.38649265083358703
0.7905446458551687 -4.3051777639570332 -0.2846899315229926
0.90857522365426036 -4.2643716350204013 -0.17636394037974229
1.022803515025877 -4.2094653817186281 -0.07157732023324008
1.1381119281282419 -4.1391066792201263 0.032908874613267483
1.2464248344888269 -4.0572139565121761 0.12913487174097271
1.35721092175269 -3.957398362061638 0.22455053486478699
1.4586849748710691 -3.851752696021896 0.30898424862655571
1.5528347865794689 -3.7406361951468718 0.38397022175296819
1.640646638106632 -3.6263378252027652 0.45109797179071492
1.72792495786052 -3.5016744942053362 0.51469834208849541
1.80333360777219 -3.384474416000038 0.56690104514439632
1.8798497750108469 -3.255912170395447 0.61744433349690719
1.956255192864607 -3.1170290638120939 0.66551073932320393
2.018056439804703 -2.995835632659694 0.70243542453939356
2.086114314030703 -2.8515524315543979 0.74113874426237503
2.1507714702637029 -2.702374698704646 0.77602937764360491
2.2061817925482461 -2.5634502019375511 0.80415598209759509
2.26156609770928 -2.4122849468131178 0.82901151964979114
2.313870977189751 -2.2511489028606868 0.84687232291989012
2.3595663438493202 -2.08357295109733 0.85832344092560087
2.3918174715424252 -1.9338270518585201 0.86049978270341942
2.4215795343693922 -1.759272158438911 0.8553066052046574
2.4459448782542572 -1.5606398564949591 0.83436659038142569
2.4599050697219411 -1.3813755960493621 0.80267968428830561
2.4670359064279559 -1.219419378560719 0.7630537468170745
2.4711894116653181 -1.036187150350524 0.70441282070379141
2.470381719440268 -0.85781164036054136 0.63369574861912104
2.464521691215058 -0.68149372883385784 0.55083420793124327
2.454497580602613 -0.50534150895455543 0.45535807486068308
2.4328621133913799 -0.3192855110167554 0.33976629746440962
2.406502614993713 -0.15104058051524391 0.21831567254836279
2.3855042095717871 0.021491855669200349 0.088209187439369161
2.3749396676285768 0.2014895103499906 -0.044172210979753573
2.372740971940297 0.38286508228188371 -0.1710032104641343
2.3793306338685092 0.57438357040802301 -0.28967911883910402
2.390842704916369 0.76254362455264946 -0.39179126509046258
2.4034417465460591 0.94997933131217416 -0.47530284957448082
2.413813146213228 1.1325449958925009 -0.539223806609199
2.419688092743403 1.3027318022321379 -0.58371694641755212
2.419273468081601 1.471648763252029 -0.61391938051780559
2.410677514633488 1.640270622696131 -0.63052140881872609
2.3941635252498328 1.800013264285272 -0.63620579523391274
2.3663784368642058 1.9650915901474699 -0.63003768547982908
2.3324822590580641 2.1083875702750192 -0.61592120161388897
2.2899193353731122 2.2483918098364359 -0.59475936801182494
2.2364745353909008 2.3871420211180379 -0.5653534206270816
2.1777891350436169 2.5112204003769469 -0.53273027257986849
2.111582734067555 2.6290494782863618 -0.49541651206347359
2.037492181224954 2.7400641658323859 -0.45487358161490338
1.960181206504279 2.8394955936516562 -0.41314439594778518
1.869428640703376 2.9401767569902901 -0.36598529540233021
1.7839577016034061 3.0215081662831822 -0.32301604880969947
1.673573769904299 3.1130343178333439 -0.26935930274008918
1.5783794161624709 3.180633678495203 -0.22537473888054829
1.4623028457035689 3.2524601940941671 -0.17345838471591829
1.3347944829872429 3.3202473071969698 -0.1194428347670501
1.19285888968263 3.3858899640274478 -0.061199854836967431
1.0620594772775001 3.4381529320792201 -0.0074880338500870544
0.93300201698484941 3.4810240149728688 0.045839243281058727
0.80736318277928931 3.515044574751808 0.098253921131009267
0.67734827193324332 3.5409319494339608 0.1525749311871451
0.55611883126938444 3.5568921888661391 0.20335126330660011
0.43064502619374589 3.564912854413028 0.25551695064240898
0.30863052128082402 3.562975020187384 0.30591987782834368
0.1877815953639928 3.5529647939424889 0.35507047530445268
0.067591935300516132 3.5334981799246421 0.40237297311432091
-0.0544825457638329 3.5043850994037791 0.44872142995205211
-0.17382977477726211 3.466061206661887 0.49190709352718481
-0.29503372833863323 3.4173236517908241 0.53270800046430233
-0.41529022842738361 3.357540086655189 0.56970136536368343
-0.53560125817093651 3.2876101955404562 0.60235362236950962
-0.66162607198042145 3.2004126280504832 0.63068884653214918
-0.77725601330019756 3.1087725598231168 0.64971559451602923
-0.89573639710035358 3.0019221404110921 0.66130883546452857
-1.0097700795403739 2.8851971966158159 0.66255318597269897
-1.122732343402993 2.756592866419131 0.65231000464742939
-1.2241094108636199 2.6286511053832911 0.62988661554673742
-1.327121069577478 2.4869761856613528 0.59415831413459819
-1.4249323449471749 2.3425323986337379 0.54537735345729599
-1.522351368620009 2.191254060689265 0.4799469762757369
-1.628439532010151 2.0275236409338748 0.39249067206111687
-1.7417563936687199 1.858501412079455 0.28617339019892368
-1.8527260306706841 1.7006107152678851 0.17629803594762219
-1.9605204697264631 1.5528579575524899 0.069497109226543244
-2.070739455216847 1.407352853231973 -0.038385349549504941
-2.183729630979923 1.2620910877549001 -0.1441585869442075
-2.300408738231364 1.113983310317346 -0.24855303102633119
-2.426379254796891 0.95809003257018788 -0.35067031709972668
-2.5490691075798111 0.80941017514712998 -0.43612171500249941
-2.6663136208408549 0.66737007306440577 -0.50359111546301172
-2.7763349314248011 0.52978919424732585 -0.55435951908387127
-2.882156430348906 0.39114951587652791 -0.59097070609634184
-2.9791249383031171 0.25333417188812818 -0.61405159173748158
-3.0637754082276349 0.1214561997831398 -0.62553288457290079
-3.139204234061697 -0.010484212695648559 -0.62728973859367376
-3.210894429847488 -0.15112868994541021 -0.62127644356270317
-3.274121482195341 -0.29738658675799651 -0.60614594695884383
-3.3224813465012408 -0.43247793042637878 -0.58606377734394699
-3.3597091274284332 -0.5590446095681163 -0.56246423216997876
-3.3892439671881358 -0.69505365095752292 -0.53200376541834926
-3.414129910214688 -0.82958348458135756 -0.50008331884376755
-3.4355316240484459 -0.96611257822059571 -0.46518408714372789
-3.452607003286539 -1.1006774216815121 -0.427158864691431
-3.4650642130460629 -1.23786981138549 -0.38447015792797612
-3.472455566168847 -1.377040937214558 -0.3361226002929244
-3.4734596416855559 -1.5147584697018679 -0.28279093094648172
-3.4665673409992261 -1.654085061205373 -0.22208273297144129
-3.4496118257335882 -1.7968787421854899 -0.15277442429174931
-3.421742084667621 -1.937609037587716 -0.076463546956037187
-3.3838626436699228 -2.0666776293959739 0.0012222558569062851
-3.3310314285935898 -2.193703204068469 0.086540984970584087
-3.2711404832579518 -2.3031174936391152 0.1674959553489494
-3.2015481482518569 -2.4021658299354751 0.24803634437555219
-3.1220148123897329 -2.491907070027052 0.32813787298975722
-3.04023616515564 -2.5674781415098882 0.4017505322454652
-2.9470280250384011 -2.6378145537478361 0.47681112097115042
-2.8474929826288751 -2.6987857129454098 0.54858436133792488
-2.739146627770074 -2.7527214237068569 0.6189719629537076
-2.622319445501895 -2.7984398831029669 0.68662130093090157
-2.497951292080784 -2.8355621180617838 0.75067419001143298
-2.3665818148698459 -2.863500356247441 0.80959748558861633
-2.231405565234315 -2.8829748650454921 0.86388457639586513
-2.1070288112705922 -2.8963536473305118 0.91122051327938114
-1.987522340888455 -2.9043809807825882 0.95431173849720485
-1.8455375051633089 -2.9075878114974292 1.0027582622934881
-1.740050844625425 -2.9053066433170058 1.0366744392939891
-1.6146883432403869 -2.8975242019630261 1.073964755797834
-1.4712165270223569 -2.8811955275699761 1.113428862031566
-1.3584856768154421 -2.8631947040018062 1.1407035566593979
-1.1964174199776381 -2.8288872234123361 1.1740898988916191
-1.083141262195999 -2.7999374644017849 1.1920974414634089
-0.92988439730948114 -2.7511458961857902 1.2060474076572409
-0.78584960882562971 -2.6967660698399061 1.206826425215312
-0.64595649800514943 -2.6358284213019938 1.195885939920033
-0.48181341590567739 -2.5556332891501339 1.164868278237096
-0.36174518179289111 -2.49021746246529 1.127599814221113
-0.2087188543296829 -2.4016585410906859 1.0649522284257049
-0.06434227747696554 -2.3108392074153832 0.98196665707558117
0.064209161660156375 -2.2257346648078968 0.88901261199026016
0.18372740321579109 -2.1421837921214388 0.78137105342912916
0.29432973132167228 -2.060994663974594 0.65897147891281971
0.39917852904224399 -1.981133918110966 0.51910620449200617
0.49662470359247518 -1.9081863209926091 0.36712078754570637
0.60384238058458573 -1.836213709956646 0.1982533404995829
0.73805783218078702 -1.7565364938832571 0.002263773583818348
0.87506775542072723 -1.68876117995743 -0.18435163617997591
1.0307455565515831 -1.6252794053118029 -0.37714206487041602
1.1956407413249071 -1.575523010494581 -0.55578252435305064
1.3800136530180129 -1.5341615953889329 -0.7274178456302911
1.5961347480005179 -1.497875450041761 -0.88858826822637704
1.8007149784287579 -1.481864993515476 -1.018409090798426
2.011383457481926 -1.4758651978395321 -1.1252572715431179
2.2183672907283021 -1.4736546272667159 -1.201155314368731
2.4161938310157018 -1.4679264777002641 -1.248526726437245
2.6104407295871148 -1.455942831452842 -1.2711571829815571
2.775604835302814 -1.4379495227044139 -1.2730359758448659
2.9370055399084141 -1.4114742979344239 -1.2591935818273181
3.0860255473295068 -1.3775494299991209 -1.2343770290963381
3.2034319055889471 -1.3422523747943691 -1.203828127785191
3.3440000696669139 -1.290754951796556 -1.157643909941457
3.4433817219634411 -1.2457959691225911 -1.1159750004774791
3.55844610604575 -1.183609532094871 -1.057822803355305
3.6598157343129332 -1.1193980228942959 -0.9984427554694244
3.7451961076148188 -1.054023636793942 -0.93846117365623483
3.841357580905552 -0.97002390722213083 -0.86247948179512957
3.9093906967855312 -0.89930643121808473 -0.79924019992593254
3.9903426657308589 -0.80076326472526671 -0.71218647306038396
4.0460956726713331 -0.71692041061654754 -0.63941150246084588
4.1027576528548506 -0.61953208714471764 -0.55518173169425866
4.1499358005668094 -0.51640911620536134 -0.46772718717456591
4.1831276583836123 -0.42602481701955991 -0.39219084236149659
4.2138742027900173 -0.31368612463749729 -0.2998752398002042
4.2343556731710024 -0.20444422028979531 -0.21174296569764381
4.2457580399895258 -0.095288451539950622 -0.1258972478282471

3.2188499760529292 1.48884061134231 -0.0053483651266231589
3.161540564364373 1.614813171785251 0.044623720711968969
3.100731197057629 1.728988493841306 0.09306716224875132
3.0359975672438 1.8345553289848511 0.14009681434813409
2.9586854541096961 1.94298372601727 0.19121799016491869
2.8858286425971782 2.032393515552287 0.2359957629870891
2.7956661371368559 2.128367918066957 0.2868420643066128
2.709887580773886 2.2074488263394421 0.33084332932025801
2.611122652765153 2.2864624482688432 0.37701111488921019
2.5099037366070851 2.3558426778121841 0.42008739514324223
2.401273771992241 2.4195201245236961 0.46128096050073808
2.2856092677952331 2.4762374461109422 0.49996499567680708
2.1630355781417459 2.5258617450499452 0.53548332147990063
2.0351851933399132 2.5673755411731851 0.56657231441351652
1.895152161226366 2.6024280122934078 0.59377054103759064
1.748713662049393 2.6281864544002 0.61480039350790061
1.6005594239130221 2.645192898103403 0.62722399623205705
1.4469237805474271 2.653078425475937 0.63181050803458949
1.28077152715801 2.6524367960944328 0.62556802742492579
1.116898804880377 2.6437609211802808 0.6075138432199354
0.93453158269161596 2.6282622326497251 0.57231543533561913
0.76083077065460059 2.6094166948437301 0.52414579616233248
0.57276558121573284 2.587792025758171 0.45531006531232587
0.37319345133191012 2.565705721093483 0.36685134131389552
0.1859288005762523 2.54698039433146 0.27330703563251663
0.013239221841234499 2.531136301252134 0.18113973660786181
-0.15458789827318589 2.5157592506119499 0.089475221814904513
-0.31877270191411677 2.499651900994869 -0.00065678127062152383
-0.47868412966207963 2.4823855250564031 -0.088217845092228991
-0.64693415703000423 2.4630903274104039 -0.17960017248281451
-0.81432625978100781 2.4434814909636962 -0.26805734194841357
-1.000914602556511 2.422315506211481 -0.36025058343686589
-1.1970946179922819 2.401487001562328 -0.44605195598392711
-1.385497835937701 2.381714153051925 -0.51457814093929077
-1.5611684156624359 2.3614026214706492 -0.56373489075175576
-1.7432053553060849 2.3368322940804531 -0.59917567558557194
-1.899263012363785 2.3105992303073211 -0.61762415481962507
-2.058760141456641 2.2759715277817989 -0.62429959157250314
-2.2027980737333701 2.2371428441094832 -0.62073003309275032
-2.354278939393541 2.1869054795165308 -0.60862934997251672
-2.491668695433475 2.1303998543559119 -0.58843410515664296
-2.6187525724546159 2.0686774673574528 -0.56328602033432773
-2.7406421672291579 1.998314597256009 -0.5322372200953589
-2.8523900080801008 1.9230555941219809 -0.49752599344688392
-2.957460259029705 1.840716247889798 -0.45925312671900531
-3.0553208578505702 1.7520280509732891 -0.41739628935783613
-3.1425985598778148 1.6611612035467831 -0.37545606218285732
-3.2306526899647752 1.555259956663519 -0.32674844548521248
-3.30573674117537 1.450142522247688 -0.27966225095667441
-3.380775862293933 1.3285116161964461 -0.22654523990036901
-3.4422247004632971 1.2100359011799939 -0.17620860432579369
-3.496574872028086 1.0860386282859511 -0.12499830275401951
-3.5423030071479902 0.96135966646637039 -0.075023654180893878
-3.5787497984480359 0.83679259813148388 -0.025171731116497471
-3.606743187444458 0.71398679918873209 0.022626390803237889
-3.6266787936799441 0.59516595319830579 0.06858609296659024
-3.6393642616072852 0.47067083539760041 0.11559980112058769
-3.6443596990610172 0.36136158381464217 0.15642736808665469
-3.642647350698752 0.23716959296078369 0.20213758704266699
-3.6340294048401951 0.12564431834731191 0.2424451075671368
-3.6176839428318739 0.0052441130523424766 0.28532632991305418
-3.595341214025181 -0.1053255764776205 0.32366885892671582
-3.5641506945267571 -0.2235358617248322 0.36351332254135282
-3.5267040607968929 -0.33658265555943873 0.39949327484312719
-3.4788163950895972 -0.4555578202951347 0.43546509698458818
-3.4237225410754961 -0.57110224902991003 0.46702123416213831
-3.3591910499582851 -0.68837833007489302 0.49405904182579352
-3.2818225238354701 -0.81160250356575059 0.51654109899613587
-3.1911367376591171 -0.93892768199218957 0.53161001685352394
-3.096183252527291 -1.060455094517436 0.53644702305020231
-2.9965322517348838 -1.177610091929258 0.53127309710000858
-2.8867508362883738 -1.2990525136997839 0.51493643794798882
-2.7723173878460541 -1.42045947688007 0.48635099213554839
-2.647773918853209 -1.548968524289708 0.44334138312032279
-2.5127156052257429 -1.686088552800707 0.38718467119014982
-2.3718397140192322 -1.8256299395858679 0.32473603361499892
-2.2294435069277991 -1.9647310922222401 0.26194741573584329
-2.0913470828346341 -2.0975213735792422 0.20611242376184261
-1.9682261959494329 -2.2121158119337698 0.16126978938214451
-1.8421035867333191 -2.3216460207578149 0.11932050095994259
-1.7108019596967949 -2.4242856672271902 0.075752354905839356
-1.573541817845838 -2.5202904075329631 0.02808317747772876
-1.434190632487073 -2.6076559919292932 -0.023079739665141021
-1.2896218468809759 -2.68916037258133 -0.080193469306159421
-1.139631266277523 -2.76717321354392 -0.14284991876060271
-0.98265762615852126 -2.846810579148785 -0.2093864224498202
-0.82246397773938029 -2.92444289379607 -0.27953409061772272
-0.66865374421825963 -2.9955798175776498 -0.34647200236061992
-0.49846631994796048 -3.0655444523619888 -0.41443700976420089
-0.3397013576682773 -3.121346908517054 -0.47267374422214531
-0.17402106494610711 -3.1736620133698938 -0.52873457328674001
-0.0099914435793501018 -3.220396858832848 -0.57775927406993377
0.1610580856073176 -3.2643416044418072 -0.6192415950086112
0.30529863116962941 -3.2974766314222341 -0.64641354446302079
0.45456419424488143 -3.3280211001357221 -0.66716702241009207
0.63696338905445993 -3.3587011369592612 -0.68053147284605353
0.77399953127515786 -3.3764805339251578 -0.68117708203028848
0.8981368489282735 -3.3895402319951859 -0.67551830151733816
1.0655885062116901 -3.3996082166057291 -0.66153136177259453
1.184750758985462 -3.4033316127609732 -0.64766998382318119
1.334765363074657 -3.4029406505739361 -0.62434459654907604
1.455622812159107 -3.3969432268920672 -0.60089786502197917
1.5885539823365531 -3.386143138752105 -0.56941773203977752
1.720249502288639 -3.3687757218458012 -0.5320279547664154
1.844765108912479 -3.3472488989403142 -0.49118004511787478
1.9661526496137169 -3.32062165746889 -0.446071032634553
2.0858179339656719 -3.2884836232538781 -0.39566510996049942
2.2006893218908998 -3.251563412451167 -0.34210803770502562
2.3091730375745612 -3.2105630497240778 -0.28629922505934952
2.418337997140227 -3.1623880316945701 -0.2245537442886254
2.5220697881624479 -3.109760880976236 -0.1606090589440346
2.6226243323695311 -3.0511219179178979 -0.093210232066409937
2.7177644090604018 -2.9874493724578168 -0.023909808751736719
2.808686673672776 -2.918196960035401 0.047910913413125887
2.8974273313592782 -2.8413403704885458 0.1238883637662531
2.9793151209798339 -2.7606206114534309 0.2003172256474311
3.059443425955275 -2.6717865861016898 0.28055934304128421
3.130828818653256 -2.5810371862878401 0.35901317032789998
3.196008685218827 -2.486350940584455 0.43735022438128918
3.2546767150174141 -2.3854759695208529 0.51719081490660224
3.3024664739589431 -2.286965834715124 0.59170397744400005
3.3442016280878328 -2.1802429795787139 0.66898871855341735
3.3761859674805428 -2.0769957748451038 0.7402080364290442
3.4012068196120731 -1.968657178027839 0.81141282430249895
3.4190445125152329 -1.8514616087466169 0.88425363047926697
3.4273971885805401 -1.7356172581902141 0.9522328091994422
3.4285977904880158 -1.615292895030594 1.0182768871827881
3.4175339220930132 -1.4814734125361839 1.086258431011051
3.4014695379755451 -1.363593613700713 1.142228558975662
3.3704715367530911 -1.225249710909976 1.2013162651034639
3.3338632069881 -1.1000336103946839 1.2495253698911351
3.2809614928466799 -0.96035791371026746 1.2960862249851499
3.21767301589664 -0.82079118447351673 1.3363515111988911
3.143292164862336 -0.68851552384829173 1.365837041686542
3.045037661184808 -0.53835541449146695 1.3897041075156
2.9492777182560581 -0.41575672498772398 1.3979329161207741
2.814958923085435 -0.26779071811656019 1.394145531884647
2.6904794091524789 -0.15185738432580431 1.3744532283380619
2.524036376666742 -0.018190352291609039 1.3298934371813229
2.3626732979996561 0.090798810800155241 1.26238186861904
2.1898871303960061 0.19392923405452689 1.1667482203411159
2.0047140441942961 0.29395356258714272 1.027385864521142
1.838786490467921 0.38081859626285208 0.86045416401413133
1.689880495832375 0.46540440347120382 0.66287888796479411
1.56441840985591 0.55290960297749425 0.43325412595875029
1.473056897009495 0.64728673862391184 0.18691639984591699
1.417766183573818 0.75420305161272128 -0.065637111221156438
1.397468039623184 0.87970703895237934 -0.31549192121312192
1.405530952583961 1.02656056289461 -0.54639828136300794
1.432546630641397 1.1923676572900059 -0.74627507634547408
1.4676336703803889 1.3762645150439969 -0.91324005592950763
1.5003560157863209 1.5654578244990409 -1.041304938798429
1.525848780962707 1.76667751706668 -1.140546896967866
1.5392880229306429 1.951396038132063 -1.2059376600879399
1.5418708512779109 2.1537676908691341 -1.2545704348958551
1.5335554659036861 2.318310853699205 -1.276807701788756
1.5108310430214831 2.5175028814872249 -1.288651054025959
1.484977802981007 2.6564765930993022 -1.285025219306364
1.4378290850977451 2.84511274355956 -1.268373193820487
1.399732754041493 2.9615737525269452 -1.249776084879731
1.3304341259234549 3.135426024534163 -1.211647828137443
1.282274972864232 3.2352757954572362 -1.1832626993004549
1.193812777422032 3.392240554004851 -1.1291836375980611
1.137030899395425 3.4786311612352399 -1.0936600183311489
1.0357921450512571 3.6132702308690372 -1.030093904985421
0.96414269944957454 3.6940698038070119 -0.98507981452583593
0.86296899275317984 3.7973570202623712 -0.92072086146180898
0.76854600848211196 3.8802003571634942 -0.85966138359846467
0.68129348541143697 3.948838873681213 -0.80259688979833255
0.56180217871828964 4.0294211878526687 -0.7243282655030624
0.47125291751879372 4.0823659306883631 -0.66411347579056068
0.36181914486977867 4.1371220424618249 -0.59129083149965378
0.24657133960086819 4.1850388259368643 -0.5139579291773726
0.14165059982309591 4.2204168240889679 -0.4427915650267088
0.028426621345620039 4.2502968952750706 -0.36533342736400171
-0.089338616071687429 4.2727855821317622 -0.28479035841416722
-0.20015347757050639 4.2857311620532643 -0.20827111310063601
-0.31793959468156158 4.2911497441040147 -0.12589446719167091
-0.4310114384900165 4.2882142908527756 -0.046641910228280001
-0.54590835018491568 4.2769614694403986 0.034080120662659988
-0.65858612358352653 4.2576411951955571 0.1142777378874324
-0.772298403964919 4.2295664500473764 0.19622722963224051
-0.87975289267011081 4.1950053778880498 0.27377148103394439
-0.98986919974653398 4.1505257597571337 0.35371153289169038
-1.0955293825470569 4.0988495775312801 0.4316229231889363
-1.193302460633354 4.0424837004756897 0.50437498128681901
-1.296729348929085 3.9735225349631329 0.58189107668870677
-1.3897362342044941 3.9013015716937098 0.65247788763910275
-1.472613797865979 3.827853050256091 0.71609760400577938
-1.576484863724243 3.7225856598886642 0.79703364092001372
-1.6415504066415769 3.6464148919352608 0.84908120631551776
-1.7285547170603359 3.532842068671306 0.91906733517520345
-1.796419186850434 3.428351307159557 0.97471399263732639
-1.8607110970172369 3.3189534183179159 1.027716553174512
-1.925705413028538 3.184294005730151 1.0837701876174779
-1.9724844599779461 3.0719749146214359 1.1252848531904429
-2.024828787137352 2.9138205714556471 1.174354279099858
-2.0566667355632289 2.797382280709436 1.205619098902913
-2.0900183746979359 2.624526395480582 1.2413170673909011
-2.1076321305831649 2.4938495495985809 1.2623366078246081
-2.1183536403911978 2.3116173788225378 1.278881209019298
-2.1185063322098112 2.162220483940017 1.2845351990205409
-2.105175472113797 1.972248976123615 1.276289727800701
-2.0831756009579232 1.8042531577768399 1.257050929467044
-2.044446643908576 1.6095691885821279 1.2147900404934009
-1.997112796882335 1.4274992319037869 1.154727379327789
-1.9353825745510209 1.234292692406401 1.064073078259
-1.8686150550923291 1.0518131757909921 0.94587780157039814
-1.8003974310693951 0.87474534848571017 0.79270321246009612
-1.741047124460404 0.71034715195402076 0.60558801580871469
-1.699494035192805 0.5624030703641939 0.39128030415248499
-1.684837335929956 0.42855748073685618 0.1549323074760901
-1.7051248051425589 0.30639709687731631 -0.090665261573168385
-1.762914018218853 0.1911139266563896 -0.33360972652523718
-1.855206373605732 0.078968342095597388 -0.56167295649816829
-1.9771787307361111 -0.037025256359901233 -0.76688129093958424
-2.1189065076862961 -0.1584198550060201 -0.94035420471438391
-2.2730254161794701 -0.29122937207686372 -1.0834777410316561
-2.4214830000991259 -0.42805646653860863 -1.187031213705916
-2.5677390140938212 -0.57878576319734509 -1.2622229265516001
-2.697686628352753 -0.73531054093960801 -1.3070402058870989
-2.8079183322473771 -0.89133671140458492 -1.3296849262162289
-2.90421141849201 -1.0571958735938869 -1.332475851297716
-2.9790609725016202 -1.211868924885328 -1.3221094120008401
-3.038251348631694 -1.366681661803218 -1.298546329667867
-3.0859362026609891 -1.523323414049824 -1.265343427862599
-3.1145104209583012 -1.65589007259788 -1.229256017280101
-3.137478820818143 -1.810281620285741 -1.179289422928923
-3.1456130607719719 -1.9253486784707441 -1.13578985555899
-3.146238550844831 -2.0718812225860939 -1.0738696456511969
-3.13932819699362 -2.1746243414572262 -1.0255253674766001
-3.119809798135575 -2.309589616262036 -0.95564458935655827
-3.09908849817695 -2.407859386336435 -0.90044026319706116
-3.0649287080089289 -2.524982273706144 -0.82928451551219096
-3.0314085581111838 -2.6162661347175531 -0.76941513386786142
-2.9848102241841898 -2.719488188567099 -0.69719134812808536
-2.9399054602802162 -2.8023012880104519 -0.63525893078200624
-2.8844695220320822 -2.889028034361933 -0.56641560552821624
-2.8262704047794531 -2.966979513107542 -0.50064691581760401
-2.760621774739799 -3.0427756876625591 -0.43277250998318129
-2.692398505955135 -3.1109841813613488 -0.3678745655619412
-2.616606719190957 -3.1768747133763808 -0.30139294082271251
-2.537117379751209 -3.2366989764344578 -0.2369707217431978
-2.4498284647994191 -3.293608085647616 -0.17160195271576659
-2.357522408138649 -3.3454566015673519 -0.1077550119784032
-2.2579596112292308 -3.3939080202978849 -0.043526478673906341
-2.1602529087729652 -3.434505999095312 0.014486683878692079
-2.058576447363341 -3.4705945472830408 0.071190970959875838
-1.949603063015986 -3.5028503543233431 0.12839775361983399
-1.8345390787490981 -3.530244243008736 0.18511432547502199
-1.7106727410313021 -3.5530287262425362 0.2431274733662083
-1.5702844394098019 -3.5719488222543898 0.30633239524005068
-1.399305746556718 -3.5836602934585828 0.37745844615952773
-1.2676366648932711 -3.5823335274723269 0.42653480412800671
-1.101832351453683 -3.567519846938862 0.47825374572395091
-0.94367368834248744 -3.5390365877518519 0.51619556173812919
-0.76831375680328584 -3.4940828322571869 0.54391685587622152
-0.59600538857833563 -3.4370839194587091 0.55606816680436766
-0.41226737741263592 -3.36414311204389 0.55101100539589232
-0.22866524260554361 -3.2839316257616851 0.52640888520862916
-0.04748543600552229 -3.2003240581225532 0.48292851225607181
0.1200389983828017 -3.123535548060286 0.42821390455760511
0.29775229354981819 -3.046282005423997 0.35958972032208092
0.47007795497005728 -2.9748473278238139 0.28926401166492538
0.62129394023602624 -2.9143404782659741 0.22909031662063239
0.7684279018285316 -2.8541294200568879 0.17497986381418229
0.91082208878855586 -2.7925492141651849 0.12781578628253951
1.050402219367284 -2.726979976429377 0.089039994568431091
1.185737686681049 -2.6546233445642331 0.05863306271513969
1.3222845012968281 -2.5729742549625669 0.033757865115483593
1.44576214925744 -2.4888371778219049 0.0155788524074294
1.570437363995389 -2.3929564061081789 -0.00017573467060809399
1.6967057145446931 -2.2843588120965008 -0.0164812421101065
1.8064313311023319 -2.178247056676589 -0.032874854734300768
1.924293715873578 -2.05492997841763 -0.053598957730462783
2.0317391139763532 -1.9372003461144169 -0.076982149920758261
2.147280892237132 -1.8044757831573339 -0.10735337354774629
2.251319302067178 -1.67788041358591 -0.14069571994543081
2.355946840045045 -1.544815700659101 -0.18090962202195421
2.467961604848163 -1.395869453830987 -0.23056157106193981
2.57690394250438 -1.245315818272025 -0.2836943393933255
2.6829267672895249 -1.0936914617027611 -0.33643470246065388
2.791905796713595 -0.92873075783585168 -0.38864977953991858
2.8876000140625839 -0.77781835296550006 -0.42726709486694719
2.9736773523551778 -0.63535558761776723 -0.45336686638826412
3.0570435909588878 -0.48877694485959972 -0.46806126582014518
3.1217595142113712 -0.36501758127737638 -0.47194851384986208
3.1919146624359591 -0.21389385904637551 -0.46575529076950739
3.247063725118331 -0.077621184823776099 -0.45125400869352122
3.2948651312535202 0.067278768852088833 -0.42924853163628579
3.328004982723562 0.19072855242725059 -0.40381887644107561
3.3566852475738389 0.33359321479536458 -0.37141323527290759
3.373008554276387 0.45524234930205731 -0.33992811349919372
3.3830572295814472 0.59653662332163504 -0.30157831402883328
3.3840487364408669 0.71754728563376158 -0.26657287760070969
3.3760242928704818 0.85877652247338621 -0.22340627870455429
3.361044466800112 0.98351091674082791 -0.18398820142995401
3.337534702946058 1.111910002360204 -0.14134299222410479
3.3053088175157659 1.2412822100768091 -0.096413731080767659
3.2653896198882748 1.3679707269093111 -0.050659451444363651

2.796832028794106 3.2174557938445552 -0.0051490306398744613
2.7081222223505801 3.2905241476789842 0.075838894503925308
2.6172687743859848 3.3555400580035259 0.15419632970627589
2.520054557310389 3.4150983096627732 0.23337805503454551
2.412613809462731 3.4701945449907772 0.31565549245553493
2.311146000458165 3.5135914432511122 0.38947208740485262
2.2023450705911332 3.5516867539097499 0.46497539302968749
2.0766145014164379 3.5857014550269359 0.54695991365871888
1.9743907878435161 3.6059434464503028 0.61017598392628136
1.8551926460473731 3.6218910661800718 0.68073467628487283
1.713840078708196 3.630576779802257 0.7601146172443406
1.6203910005850559 3.6303879732850439 0.81048931029187954
1.469352817214064 3.6200709710834751 0.88866903023598898
1.3579066521491709 3.603131945277672 0.94328515345235575
1.2272596201147989 3.5772020275291112 1.0048322120929829
1.095235820048573 3.5390404803065598 1.0621547573479919
0.97271506059416257 3.4962084624039158 1.1121365109799319
0.83569273458463356 3.4358019488031659 1.161752778808969
0.71142767460552458 3.373442851587368 1.2026300580155369
0.5803936956383936 3.2941684136578888 1.2381205873666989
0.45265942532014902 3.206662966712885 1.2664938538102839
0.32961553284345269 3.107924720379863 1.2839585234936179
0.19779643727202981 2.989066761312535 1.293183765098074
0.083981268531310022 2.870394597024486 1.287319992206851
-0.043014436144249421 2.721296137145635 1.265622988089431
-0.15374165335599049 2.5726554004290878 1.224915599474846
-0.26291042404224929 2.406667973492862 1.1591359366948799
-0.36393530754715719 2.233391493172304 1.0646973872555561
-0.45576042822568252 2.0619610056485538 0.93957967237707141
-0.54078144897476865 1.8948336448917129 0.78044337214543424
-0.62110942198892005 1.743115046801575 0.58886202390279285
-0.70388871774492034 1.616054800846628 0.37134300394551129
-0.79911663772556496 1.5180395427006901 0.13373709973975231
-0.9112447581519113 1.450541427434169 -0.109785178569324
-1.0441617754932251 1.4115952540472601 -0.3469246244449693
-1.1983258054499351 1.3962858674526659 -0.56631355423360485
-1.3724223591396201 1.396554254935364 -0.75942342962175147
-1.560227654735044 1.405278115247335 -0.91899739358072863
-1.753891704227724 1.4146634938416189 -1.044009386599871
-1.951304000918308 1.417119326429825 -1.138531120553979
-2.151312876157276 1.410072533174604 -1.2061674911090929
-2.324792957725351 1.3942930808251159 -1.247531003985286
-2.5171705753672491 1.3634934167348729 -1.27330869007156
-2.6679514095377441 1.3306628908172511 -1.2833475433899839
-2.8421039569778812 1.279721987888137 -1.2798060309333921
-2.9785787789790481 1.231723402324596 -1.2696526096926879
-3.1308841498802291 1.1651655042857321 -1.2461469279418249
-3.2522320904392119 1.104919541409991 -1.2215073836832651
-3.3873844568182658 1.0245689859689679 -1.1834509951182739
-3.4936497283859538 0.95444300921110536 -1.1484951366369109
-3.6162129447528581 0.85894129183396917 -1.0976530359688561
-3.7017596942982549 0.78519474115368348 -1.057293178929227
-3.819254686129927 0.66863249004181724 -0.99098766824921891
-3.8826328543300619 0.59751149518657076 -0.94911417616294202
-3.9792011319265042 0.4744653783402964 -0.87499714194900124
-4.0425551489445528 0.38183765852808838 -0.81804619208699547
-4.1051448533260109 0.27874173343536401 -0.75343684569460234
-4.1629701108142836 0.1656029109916663 -0.68150569572370834
-4.209272028045099 0.058561352878916437 -0.61212838920054224
-4.2505005429566252 -0.0574116037591842 -0.53563574781391143
-4.2819939701319276 -0.17016294039245949 -0.46041476631008899
-4.3052967761344796 -0.28604076206462692 -0.38281568956447609
-4.319721872956638 -0.40235129895337129 -0.30375875107076528
-4.3271669693601753 -0.5204126792281123 -0.22051907584918981
-4.3269436185472658 -0.64026222418371159 -0.13269639696157071
-4.3189049753478317 -0.75719983669259872 -0.043494560436670729
-4.3044600933565187 -0.86537463194521447 0.041900280202248757
-4.2815744166105594 -0.97378850601563471 0.1311110927734587
-4.2484983095986308 -1.085073571117291 0.22681950887180169
-4.2084441507778827 -1.189105394553301 0.31896064814678499
-4.1607947485650074 -1.2869256761660379 0.40884058111939392
-4.104432063235147 -1.3814529626483161 0.49889448916014639
-4.0434718090711996 -1.4662366689129931 0.58241404860807011
-3.9726277148939948 -1.5502312310275901 0.66797637017562062
-3.8911338575185188 -1.630617166387003 0.75333927743046614
-3.819692428969633 -1.691771804046367 0.82042457413818148
-3.7080646438169151 -1.7709283874040811 0.91159740128095212
-3.631532986656739 -1.8173626977513211 0.96727709316058674
-3.5078642674749698 -1.879079895864636 1.046126571575779
-3.4137852848652992 -1.9180736563544061 1.09924589928863
-3.2897603617182569 -1.9579293345391851 1.158829823196482
-3.1659003633066369 -1.988998624551956 1.2103881126864069
-3.0470645277125641 -2.0093444797890121 1.2504581150203871
-2.890131825931975 -2.0251599816310222 1.2912243534237531
-2.7579936958850388 -2.0302083939347462 1.3156370702236559
-2.5830043216192422 -2.024877209792749 1.331427306289362
-2.4111072896394501 -2.0093518475030239 1.330725741228971
-2.2218746155636802 -1.9833002906165931 1.3080626667125499
-2.0215582458214452 -1.949858907139826 1.257799178128614
-1.818838293590453 -1.916487752800307 1.1769841336202169
-1.619880955535774 -1.890590396534862 1.068759986774094
-1.4304250122466899 -1.8807088022130889 0.94060785019220094
-1.2491698396346811 -1.890020724066223 0.80268899102388214
-1.079942844530136 -1.90837327980626 0.65997163104869583
-0.92554372422672537 -1.9303494513146009 0.5175697049962259
-0.78395695541679233 -1.95278248970122 0.37666292810419771
-0.63858850730500483 -1.978486352117901 0.2202570445271724
-0.5143857995167761 -2.0044886016451979 0.069433418313302728
-0.39302680401790119 -2.0369162858121581 -0.092967174485745277
-0.27548051459240519 -2.0783695201491139 -0.25014091054162491
-0.13709619331733031 -2.1325028576794161 -0.40745927307761193
0.020068407352993471 -2.1881257867519559 -0.55500967579050597
0.19737826295977329 -2.2480437926887649 -0.69095267224453571
0.39565255813278127 -2.3097902259385061 -0.80950563766020012
0.60374702572766092 -2.3672063898544602 -0.90147679637505551
0.80314496539312097 -2.4131604601865462 -0.96392911913380774
1.000143064591787 -2.450629878751323 -1.004704245230237
1.2108872296090001 -2.477791721340429 -1.0282935075287669
1.4000861709275381 -2.4911806331206869 -1.0310259180629731
1.6026402456376421 -2.4930218390745669 -1.019426495511303
1.7879367621482729 -2.4857810315207991 -1.0006819818346151
1.9688461490709599 -2.4729275235272561 -0.97663966428835158
2.1286956189396311 -2.4554394344969999 -0.94910157061281719
2.2758876654143618 -2.4323656949717538 -0.91567635457925867
2.419402938218886 -2.4026679718762769 -0.87533519190463505
2.5559429480564591 -2.366499650567472 -0.82894359382495308
2.6835980265188462 -2.3242910817071261 -0.77817931159204345
2.803298575101639 -2.2762939892579368 -0.72352496070700778
2.9162673403312658 -2.2223691154690748 -0.66501265012209287
3.019121329321325 -2.1639277026188508 -0.60448651232317563
3.1148389368305298 -2.099650492210285 -0.54106646034718042
3.2021263840629248 -2.0304984502894361 -0.47611774543747581
3.2770255687484142 -1.960349857144345 -0.41332872533337278
3.3521598176631922 -1.8776003311462111 -0.34269630465719447
3.4120847821663718 -1.7978559192482531 -0.27785058395634671
3.468959360216076 -1.7061145654990699 -0.20680886060680631
3.517881993940299 -1.608162894744245 -0.13463589481289329
3.5552334540726171 -1.5083188360609681 -0.06534710757179267
3.584658332799374 -1.400210952163669 0.0053930665526749503
3.6056858663467288 -1.279970184937163 0.07929835572765076
3.6150533975271908 -1.1595689244184391 0.14772470246766761
3.6144434066607358 -1.0252207125962201 0.21833137694001351
3.603228397585724 -0.88478470202846293 0.28563292852662697
3.5807714614882848 -0.73943897193529551 0.34853934106372381
3.5476740688444259 -0.5876613099238438 0.4070152106030267
3.5067058865814702 -0.43741798795877179 0.45888522933579518
3.4571653417613342 -0.28223079455997813 0.50603913162489822
3.3989629301075648 -0.1219613492918082 0.54899483134542049
3.337993315293692 0.030066564710376401 0.58548063988524901
3.2878174093500161 0.13989126679946659 0.60958873511007949
3.2074966198357542 0.28367344521335458 0.63499547984931159
3.1314049205168719 0.3989694571067694 0.64924600675807231
3.0354253053911919 0.52962056744616626 0.65880383664021125
2.9349030033617778 0.65082980457057671 0.65852667188076763
2.8243499225757072 0.77132106054400817 0.64903907454283327
2.713676584703554 0.88201523987811603 0.63007090606648297
2.589621698617659 0.99732915728637739 0.59898597454056557
2.4514139644709769 1.1187726636588919 0.5517555071772019
2.3096434714108138 1.2384034487591311 0.48900772172097168
2.1645717479178712 1.3586972098806109 0.41050487627084781
2.0146443840085011 1.484126612928395 0.31597508567347832
1.8778869084207639 1.6005635958844091 0.22074235297183439
1.7449590678639439 1.714811121745258 0.1228061749758395
1.616451172724072 1.8261470217392179 0.024935386333391499
1.4882438385929451 1.938127268935826 -0.073519801990812469
1.35569305319559 2.0550856360252112 -0.1756825463601282
1.2186601249450171 2.1795813373979578 -0.27934787124157179
1.0728202421438719 2.3174228757249602 -0.38395734345379262
0.93037404195907902 2.4567503126716161 -0.47384476047743113
0.79887276958931497 2.5861846020910662 -0.54135357420951802
0.67474599494237608 2.7050675313062662 -0.5888473351858925
0.54529784378930413 2.820419743269468 -0.62435590718842704
0.42379444956582712 2.9206763523309349 -0.64572504572342271
0.29161570148493382 3.019374945516422 -0.65627482618909538
0.1574348511456041 3.108837232803197 -0.6560344894494925
0.01516409613496651 3.1917994533411669 -0.64474862656829801
-0.1146574606062149 3.2560082885288382 -0.62634587760125038
-0.25057447520537218 3.3133510569458848 -0.6000271697040237
-0.38001140170672593 3.3568586493403672 -0.56883814773053276
-0.51039203331811145 3.3914000590780291 -0.53249886077373298
-0.63538567067150808 3.4144875238259278 -0.49365352642776278
-0.76114874017806133 3.4285170512608429 -0.45068608676957839
-0.8830211727941798 3.4328719615115122 -0.40643993523720889
-1.0029949480108771 3.4284012606303351 -0.36015256053888678
-1.118509803726818 3.4154751159824519 -0.31351968178755341
-1.2392130302578011 3.3934612642077719 -0.26291105101661522
-1.348795618831609 3.3647975212692538 -0.2159248498200077
-1.466544058129517 3.3257536099964451 -0.16427453134439321
-1.581476369362935 3.2786820180301279 -0.1129134958257474
-1.6901601543603879 3.225220033509681 -0.063832817728026292
-1.8057862421639239 3.1604612374816852 -0.011300975125610711
-1.9165232067053639 3.089210614067639 0.039627012619925447
-2.0276010355730341 3.0086675200945852 0.091096146157547936
-2.1375973006584919 2.9204076761525921 0.14223692446648031
-2.24306690466562 2.8256862034571011 0.19331409915334791
-2.3405777252005331 2.7253535557224819 0.2436700277083311
-2.4211312414663309 2.630672425015423 0.2877911617278866
-2.502737603131894 2.521277955031771 0.33570619384149258
-2.5706083626187088 2.4138981891739681 0.37839961311175951
-2.6354305305748991 2.2944546909445398 0.42209548819624337
-2.6881389773757038 2.1774956356140902 0.46112969946589388
-2.7374364214110778 2.0431732263832059 0.50000504354237374
-2.7741137687490931 1.914964413347243 0.5330611041391935
-2.805622733612656 1.767125471915352 0.56421928246610553
-2.825391650203493 1.6222860253434319 0.58836357462380184
-2.8364590144180681 1.459657414454109 0.60721665714388073
-2.8367554951262588 1.314689401710915 0.61611412515906228
-2.8274242610158971 1.1467060712719319 0.61733466329052233
-2.8082075976674932 0.97764681287912614 0.60577744833542846
-2.7796076616223782 0.80225281103036949 0.58095704194456999
-2.7419462109209571 0.61502974908370034 0.5387662777610589
-2.6991258416068011 0.43033782391815512 0.48123431598763949
-2.652553579191685 0.24521055553660109 0.40679443219129918
-2.6087586649545309 0.074566028521633979 0.32432090922943507
-2.5674670495193368 -0.093406264599128527 0.2324992541060962
-2.531014003292702 -0.2526881362334556 0.13695969602206559
-2.498576385573037 -0.40885987774362043 0.036212136955256748
-2.4703063589100922 -0.56702143492621659 -0.070628835592383588
-2.44859673094791 -0.72618311519694345 -0.1811496672149856
-2.4302128238866891 -0.88398354814756597 -0.28761677189391899
-2.4030498216604812 -1.0584158744309069 -0.39662723838548558
-2.3679520982577271 -1.234162201524863 -0.49643530633029359
-2.3286050936341698 -1.4116787962609769 -0.58671778952294007
-2.287043098332306 -1.591222738738286 -0.66511399645217606
-2.245235409006916 -1.7607677175483609 -0.72716768952706268
-2.1988165023873738 -1.93398788882134 -0.77931683514104999
-2.1466797818339218 -2.1107264653248272 -0.8196109028595735
-2.0922712119855289 -2.2795176616435731 -0.84930086030365348
-2.0370640204826511 -2.4404844165713762 -0.87084101012097181
-1.976430584462854 -2.604219367085931 -0.88500555999276398
-1.9137377150518711 -2.7606618568208821 -0.89026956954668834
-1.8442274262942271 -2.9193318002149362 -0.88646187778372332
-1.7701865623479589 -3.07078604194573 -0.87281936585833242
-1.6923608186379751 -3.2129738027082668 -0.84957285909672542
-1.609308747469482 -3.3471627142991278 -0.81716871981975459
-1.5196464497353059 -3.4748502583342908 -0.77580640151427294
-1.4210681328520109 -3.5968085854456069 -0.72412119105776374
-1.3206852267209011 -3.7034609520333852 -0.66627518441118727
-1.2050104435351221 -3.8056759351810259 -0.59591374625632765
-1.0954439161219729 -3.8906989397238712 -0.52630694265651923
-0.98456506840556457 -3.9696878495596648 -0.45287277164700313
-0.8780761848914419 -4.0389490505878172 -0.37937671360820041
-0.7749430971786706 -4.0989201805246873 -0.30533938927734189
-0.6725582079045096 -4.150832373776872 -0.22866255818626099
-0.57143368161240404 -4.1938873371966672 -0.14967812880834039
-0.47538245222267089 -4.2268702492544028 -0.071800428972499872
-0.38043457957105192 -4.2509426245820023 0.0073773770983155572
-0.28196244889211958 -4.2665073358985497 0.091994261865886925
-0.19095100399652251 -4.2717249308227663 0.17186508425954419
-0.092887977562613439 -4.2675943625372081 0.25944411476573748
-0.001724644373886241 -4.2541196660464751 0.34159467824749762
0.092510982721820761 -4.2297995205461696 0.42767282421455211
0.18335636967269139 -4.1961908949691944 0.51064823826848138
0.27049196115553642 -4.1527550526739967 0.58990295040663088
0.36230175928142838 -4.0951976862009296 0.6726592664644433
0.44533131890895677 -4.0317766716495829 0.74617985902000028
0.52806602546432957 -3.955435365563452 0.81764861873246397
0.60759288314471849 -3.870225177814318 0.88389378195442658
0.68266681879714619 -3.7760280125586001 0.94349454668425103
0.7553706757725086 -3.670471416960841 0.99733921224466904
0.82498567622073748 -3.5542621730971411 1.0441500203131999
0.8891978464158159 -3.429490354734162 1.0812077893347389
0.95090310317124249 -3.2924897505604842 1.10924871794688
1.005422438757998 -3.1533385829584359 1.1247015886881659
1.0596591970079541 -2.995862583565013 1.1284048302992531
1.1085654857647851 -2.837326023290335 1.1180065901038749
1.154622851374002 -2.6741633469184629 1.092882930452225
1.200382460000575 -2.5062629607496532 1.055340906691427
1.247615055812255 -2.3370477142247368 1.0078786273957729
1.2979060112498111 -2.1609401075814691 0.95068329825296649
1.3530328470919151 -1.974295698221054 0.88392830031319902
1.3939528423992611 -1.821177442770084 0.81946590505832184
1.4342260884363769 -1.6468555021149049 0.73223439473015406
1.4691844407757459 -1.4816600640903099 0.63107863097042238
1.5041593543579379 -1.308793465408268 0.50006764716603325
1.5433852181850789 -1.142566560861467 0.34397450343695601
1.587810637997457 -0.99188334927992572 0.17167485518720291
1.6439675118300121 -0.85327186037221936 -0.01925664635657473
1.710056437815223 -0.73376401352914622 -0.22118428494516229
1.78791280731904 -0.63611654270677076 -0.40917218825352458
1.898507534579235 -0.51840462479173144 -0.60155857259196144
2.017526454931827 -0.40302739948244942 -0.76142022636129891
2.1450116676411581 -0.28477225348140067 -0.89770900149054045
2.2867482012495608 -0.1515879636480722 -1.014498987051109
2.4256381771474111 -0.01719249700535579 -1.1012746792920669
2.5478713820460501 0.10767064294313999 -1.1616468695106079
2.6945703178090339 0.27141279472199931 -1.211201252123302
2.7860246261820749 0.38232085018193063 -1.2313841659479969
2.9161708558348591 0.56002422968383925 -1.242781538871695
2.986056179116185 0.66820976760411144 -1.240472178186417
3.0856827326132601 0.84580642733809652 -1.2243120120401989
3.1374315619279121 0.95203143794814216 -1.2085318693509339
3.2122005245850289 1.134355966906655 -1.1717332651302339
3.246669624553836 1.23747626548585 -1.1459107021406081
3.2954244107995989 1.41411328183044 -1.094791038996245
3.3170736068920652 1.526036511138616 -1.0570539447860361
3.33964423924732 1.6778568699936289 -1.000939331925957
3.3493448835133539 1.80576395590004 -0.94866190771809711
3.3522236853160372 1.9321827696065941 -0.89327831337513042
3.3445150913593298 2.0780443410746492 -0.82313161801423995
3.333590221240684 2.1781063764107791 -0.77168189519059582
3.308237596123822 2.3224770060174289 -0.69174850384729381
3.2811797070809718 2.4320102300761262 -0.62625313576509223
3.2463825440416532 2.5420499497389559 -0.55653397431799845
3.198006217629707 2.6628077114188549 -0.47522253021569622
3.1503723079715451 2.7616842640248112 -0.40436022724110671
3.093260707548898 2.8628912529802681 -0.32714537015479012
3.0263410367303791 2.9628004618265549 -0.24500702803067209
2.9566322806899188 3.0520380650171659 -0.16665234574013971
2.8816845972848051 3.1358329237714142 -0.08808974953522361
