4.2492698775988007 0.023956887293968179 -0.034415682051846537
4.2416540471881614 0.15997933682890886 0.066652310239379897
4.2227421292342573 0.29684837484610904 0.1650450895911362
4.1938671051382386 0.43372517050747622 0.26095071621402072
4.1541653089281239 0.56966830416082892 0.35425679643044089
4.1027064823316604 0.70270333538198182 0.4459984883746676
4.0390530166826286 0.83153740123798037 0.5361394654752647
3.9626841934294483 0.95501127632973515 0.62388015457676949
3.8753767345886274 1.0733026730708379 0.70843748418083985
3.7788377491127614 1.1869244454828425 0.78919580587005755
3.6720821915508028 1.2941693889541439 0.86581843018601035
3.5548921151633524 1.3931370139416921 0.93822646167674195
3.42936345516455 1.4845727323631286 1.0062397640656904
3.2954858351569873 1.5677351340278287 1.0689933293014553
3.1523041699715058 1.6398202067161407 1.1243903915703326
3.0031567807023261 1.7033415157467802 1.1739668595362156
2.8471399357018394 1.7556019920268038 1.2150438354931601
2.6863450435857898 1.7979311581212656 1.247701086930818
2.5209488923964987 1.8281445255418218 1.2697639232271489
2.353085413654679 1.8478760968323014 1.2814192378373437
2.183708840546402 1.8551990014457547 1.2802464845917869
2.0148467280672602 1.8528503036603867 1.2671927020870453
1.8482162962863207 1.8396671614289892 1.2393339451554497
1.685040767224238 1.8187221754899978 1.1990329586286701
1.5270122990209205 1.7906423590376273 1.1445190802096512
1.3764898666544125 1.7566854022596055 1.0739571871906914
1.2355839790123118 1.7196597796539124 0.98740605659619285
1.1023888557652328 1.6833569470133614 0.88946266116156725
0.97699719143047692 1.6488779365845769 0.7804801549471041
0.86507519870726357 1.622934278108827 0.65574386358872139
0.75907478340095924 1.6027436382031339 0.52528791529322416
0.66154983917154575 1.591242621905812 0.38692003541226205
0.57294619482257048 1.5931819886478464 0.24255944472649588
0.48813202332937811 1.6015263918966294 0.096000660764810911
0.41139119846780209 1.6280348989294045 -0.052986597616675415
0.33711447424647184 1.6640144632822129 -0.20082449567324723
0.26592006363261145 1.7118412583762785 -0.34722467283826686
0.19564785496672377 1.7767701069485973 -0.48704643086984278
0.12489612601659773 1.8497754726850808 -0.6225704699363197
0.051282596708981845 1.9378780401927878 -0.74750262835440107
-0.028303296928940937 2.0349626320477836 -0.86112118546157101
-0.11309137714752041 2.1381258763297417 -0.96538710471038292
-0.20668866252185855 2.2477223690749843 -1.0549260082890506
-0.30962253799672723 2.3606229042431419 -1.1282104178472268
-0.42052874449486999 2.4736112021139998 -1.1882368219227211
-0.53953989755731069 2.5849030383408431 -1.2346980008861417
-0.66718253942182493 2.6919710199224154 -1.2658163797465889
-0.80250516674375261 2.7930080577460741 -1.2821981326468366
-0.94436750840423589 2.8858874308861244 -1.2859156424945908
-1.0923725307436132 2.9681215842269584 -1.2749103850141792
-1.2440674593380416 3.0410486164100994 -1.2544145288898536
-1.3993258736882013 3.1012705249577173 -1.2219455119484757
-1.5564095821885957 3.1493816137910313 -1.180042441025958
-1.7143131261908335 3.185454563684027 -1.1296569421633433
-1.8718869187840006 3.2093869658330654 -1.0719207426263024
-2.0285306040167392 3.2220548022651991 -1.0081943394195165
-2.1828079585643567 3.2200417447410445 -0.93781157006075844
-2.3348382965815602 3.20829517776802 -0.86362209761787523
-2.4830574695387519 3.1837013132966816 -0.78479908398895815
-2.6269163860354188 3.1469522200068742 -0.70274467461372336
-2.7658777670971255 3.0991150812622128 -0.61814576537960964
-2.8996077236729874 3.041681002557584 -0.53109653814691593
-3.0266444350315163 2.974509061130751 -0.44098486382368141
-3.1459596283596913 2.8974925190135647 -0.3482040989921632
-3.2571012290374233 2.8107622544430599 -0.25387334180961557
-3.3594395614336792 2.7155139138758875 -0.15786014975408813
-3.4531141318459468 2.6125624969528167 -0.060965359428107095
-3.5376672066967729 2.501993272121005 0.035951909050506554
-3.6122357559252936 2.3848906907797165 0.13342728568841408
-3.67543500712768 2.2605518451184485 0.22997621822035988
-3.7283868082103258 2.1305056186042348 0.32509678267085995
-3.7706447986033504 1.9958188752889343 0.41907954935770869
-3.8022647966563645 1.8569036413173399 0.51111640932490465
-3.8218725583051492 1.7137811913299834 0.60005936474561605
-3.8291453439181691 1.5677219328115399 0.68598294637098856
-3.8240343520191313 1.4195957281266249 0.7683538651129912
-3.8088653677910522 1.2700899408955209 0.84697419692269216
-3.7803835833092303 1.1197499879537327 0.92016201040837231
-3.7412471659127351 0.96979053645679369 0.98890152853716928
-3.6900252223832388 0.82069720285752457 1.0515825418982723
-3.6256056033489914 0.67390322155628113 1.1069738954795987
-3.5511880878844702 0.52967507003459469 1.1561070299079068
-3.4643299964464975 0.38967034006453172 1.1964250565019545
-3.368555281378673 0.25379573801169736 1.2294504908224313
-3.2620945770122138 0.12372631728494117 1.2520743527734872
-3.1473672588453767 -0.00034318999774868991 1.2647044837727239
-3.0255519399716002 -0.11835398544868962 1.2662612312498276
-2.897347256023028 -0.22873711684080852 1.2540578538860099
-2.7658016418303797 -0.332679152863187 1.2279645053125583
-2.6332392059451921 -0.43041278531589811 1.188063869861868
-2.5012804999278511 -0.52240280224133684 1.1349176125595946
-2.371216840624653 -0.60951475482964079 1.0699381330918591
-2.2455166247230576 -0.69109360760174732 0.99035544145446319
-2.1269243846291848 -0.76891469538716362 0.89760099494136203
-2.0144609885130342 -0.84422713348535694 0.79569256568958913
-1.9089570947624761 -0.91707937472203938 0.68455959283347756
-1.8160228318292926 -0.98763265184955096 0.56146902633333817
-1.7301916350974484 -1.0562619145104295 0.43248371539165342
-1.6515823372719778 -1.1229335333173458 0.29771429502423852
-1.5792894097972159 -1.1906025259035924 0.15993295236469893
-1.511160795536806 -1.2661845508459866 0.024338244397963185
-1.447041914550522 -1.3492802918032973 -0.10883737503012958
-1.3876729780598109 -1.441088938807441 -0.23858929224449898
-1.3326616217543175 -1.5435828445415076 -0.36202036170462937
-1.2794977934113856 -1.6524872812281146 -0.48062138549424283
-1.2275502713474571 -1.7674199340013441 -0.59402791104371255
-1.1760155326249488 -1.8878734080539388 -0.70184344609797955
-1.1286163001973983 -2.0100629424854892 -0.80959925555336087
-1.085071159288957 -2.1341420074459485 -0.91677587234844427
-1.0450845264135225 -2.2628320695831694 -1.0196186918103634
-1.0074386617959727 -2.3983916846938054 -1.1143468951631963
-0.97001067763257032 -2.5425811630965436 -1.1955724984234029
-0.93034023391686571 -2.6927307855096947 -1.263677937807532
-0.88647116387091562 -2.847780801225956 -1.3162122316847105
-0.83717607803931682 -3.0055508969256532 -1.3536711373887236
-0.78038236790125293 -3.1639417357718611 -1.3736886920868097
-0.71614812125167904 -3.3207253955285969 -1.3780402234261366
-0.64248990348815516 -3.4728726245869042 -1.3652181727670576
-0.56056938295752079 -3.6188598386131194 -1.3382088383546931
-0.46882490349690836 -3.7543933506339773 -1.2938161525189515
-0.37033403700673795 -3.8801991994203697 -1.2372161511812128
-0.26372944302864665 -3.9919296429998652 -1.1673367556256418
-0.15159996765648537 -4.0914632392083563 -1.0881397624974063
-0.033340148388653928 -4.1732509687688646 -0.99830262883602061
0.088624711832260228 -4.2399339896537382 -0.90129564890333758
0.21337618308010287 -4.290325062587697 -0.79809352672508382
0.33982132711955682 -4.3239481648095257 -0.69029549774292265
0.46649557757713062 -4.3397983886918245 -0.5786181112993376
0.59263063644771929 -4.3382387816207553 -0.46535302715219612
0.71742167558163861 -4.3208958589267379 -0.3518736881832335
0.83990457711413768 -4.2881127986165666 -0.2393884208797763
0.95962218080234218 -4.2398348313459149 -0.12953632837503401
1.0759527212762243 -4.1770348843248257 -0.023416408372619692
1.188624791027157 -4.1009151468020573 0.077784880285588387
1.2970276068746192 -4.0116220782242182 0.17271703266334637
1.4013241628766193 -3.9114716192491428 0.2612559256489374
1.5012727614138262 -3.8014901863601649 0.34290345206691325
1.5969951050367466 -3.6831558855064568 0.41772856720899637
1.6886071963674982 -3.5578337228534584 0.48604719255574325
1.7762511028458521 -3.4265660288200546 0.54815279856611088
1.8596490892154931 -3.2898533049598999 0.60410062949395482
1.9388847287443616 -3.1486035789129971 0.65458303548690122
2.0141336144178772 -3.0035283685182761 0.700091635380786
2.0846918252314368 -2.8545681184213283 0.74032979982462299
2.1507534729068065 -2.7024162224130106 0.77601966581558934
2.2121106679720199 -2.5472680007989821 0.80681676091046317
2.2690003236196845 -2.3893822699510383 0.83155012116785376
2.3200489674412883 -2.2284927197054238 0.84842050823013249
2.3635949713114757 -2.0648675449559 0.85859529716382565
2.3978009010938623 -1.8987341581398598 0.85945573505482042
2.4249868083105746 -1.7314952196241418 0.85237833268889407
2.4455328785247761 -1.5639985800596197 0.8347206703600738
2.4586582326502069 -1.3973863596608762 0.80550976074513037
2.4664582492202385 -1.2325391820598064 0.76626377802891188
2.4704063832956078 -1.0707305118571442 0.71546794310011141
2.4706279121220778 -0.9121822828053221 0.65525102064762608
2.4670388327002128 -0.75723007559245092 0.58642690707422651
2.4602268739525028 -0.60602153743207632 0.50992758186464804
2.4490900773209132 -0.4588392351831696 0.4264674153937435
2.4322848810381208 -0.31560120657013058 0.33710671612612059
2.41090256595623 -0.17912417424418395 0.23858831908874398
2.3934689433628238 -0.043950014649829797 0.13755881649732399
2.3813799732914864 0.091760198754405692 0.036529505619565271
2.3746087616291449 0.22878672352166585 -0.063260408981421698
2.3729232418795787 0.36782920684927417 -0.16048903212728197
2.377164956174036 0.51144144646715084 -0.25067654625815727
2.3844637569696636 0.65828235079505304 -0.33520995465936826
2.3939606568242255 0.8089293367892153 -0.41245832150818795
2.4042430289909111 0.96408414519993157 -0.48024130941343562
2.4133274741609045 1.1239958083338331 -0.53623051511665265
2.4191739649193296 1.2878384288235418 -0.57982326652814731
2.4193153312291096 1.4545938306651962 -0.61086995034556002
2.4115544204992836 1.6230688662487021 -0.6288277728434899
2.3950193956114529 1.7917342840069883 -0.63591119059637013
2.3674016457129072 1.9590124443334729 -0.6302648312204705
2.3279974882747663 2.1231395390958276 -0.61369142121247588
2.2767319030544093 2.2826282373483893 -0.58750349015218828
2.2133860382732671 2.4359579665648954 -0.552518551047955
2.1380789791821941 2.5818934920993377 -0.51034972894606501
2.0512650161489177 2.7194274327126453 -0.46241018469017203
1.9531874837984149 2.847254450185134 -0.409510144184629
1.84409479373172 2.9642836347046591 -0.35324907968821689
1.7253231936430944 3.0701256668472436 -0.29451428359699655
1.598879768986323 3.1660759795376228 -0.23484692964061471
1.4648753432190806 3.250868369558038 -0.17460895878590446
1.3243685124071458 3.3250691309057361 -0.11516455909912086
1.1797941318438205 3.3911101940650186 -0.05583490769101563
1.0320352282102587 3.4481265676029818 0.0049181567492990533
0.88144425720318487 3.4949848564579984 0.067348384039239109
0.72846790082355084 3.530753478533319 0.13121684343439119
0.57356632108925387 3.5545951716276636 0.19604347129755384
0.41724851143219588 3.5647000909811082 0.2610509120230956
0.26047375798303746 3.558986072067444 0.32550576715789137
0.104078365460885 3.5394077336453691 0.3880131747602924
-0.051048806632598809 3.5052039988407757 0.4474177298787162
-0.20334733757526346 3.4541918427157743 0.5018435955747188
-0.35213596122723179 3.3889362044863844 0.55027381799814368
-0.49653043638973016 3.3103198200756854 0.59174985215036935
-0.63526992737406884 3.2186486533903991 0.62476297175471918
-0.76817580911729211 3.1159688839009667 0.64822145939273512
-0.8942741035981141 3.0032408960481543 0.66116575084271068
-1.0127425650170367 2.8818131062950827 0.66228364721981758
-1.124398674182455 2.7544898928400681 0.65194143230287183
-1.2284952921739956 2.6226190757051415 0.62836542764071368
-1.3262637553504031 2.4881552747646039 0.59445566281815765
-1.4179387249006894 2.3528602975465005 0.5488652489293685
-1.5046760664720391 2.2187013726289848 0.4918183915572491
-1.5893065043144106 2.0879193236016951 0.42475091548159866
-1.6732584410249638 1.9606722316587726 0.35044022596915592
-1.7571916690253329 1.836539671486477 0.27089032364492382
-1.8419773549249348 1.7159042311263533 0.18694071792085137
-1.9281347420163784 1.5972487500803758 0.10158434640010272
-2.0156427929760268 1.480088467258853 0.01554332132736258
-2.1046374986055536 1.3637730499826441 -0.070118248152016005
-2.1951479950654527 1.2475970745033573 -0.15437475845182261
-2.2870072081374477 1.1309946749329074 -0.23656249290034653
-2.3815652672079799 1.0135490368247413 -0.31434211177458643
-2.4785434290958146 0.89487566054646339 -0.38700177820412418
-2.578039620584295 0.77431280035242356 -0.45279305500025308
-2.6795120899199891 0.65086547986051124 -0.50968143743636862
-2.781283875533918 0.52330544541992441 -0.55607171103102082
-2.8820351646068048 0.39130838948589125 -0.59092875164656167
-2.9787742064838234 0.25383264533423344 -0.61396810895340448
-3.0696958992934738 0.11110005245264569 -0.62567078196715231
-3.1526429575241832 -0.036848797358424855 -0.62616251320205929
-3.2272133822232498 -0.18887796915476607 -0.61737125038460638
-3.2911202486177538 -0.34487195979756841 -0.5990869505071672
-3.3435133064627975 -0.50398220121228166 -0.5727311349772003
-3.382795716470564 -0.66535921530556197 -0.53865410542990244
-3.4137899763759756 -0.82774585107410781 -0.50051934169915768
-3.4385885146893513 -0.9902028197803795 -0.45837668655765723
-3.4572730743190512 -1.1520652884539597 -0.41116904498946466
-3.4690463097866413 -1.312848354196313 -0.35842287693959946
-3.4731465305844491 -1.4718126080398584 -0.29942188891232685
-3.4678592183242993 -1.6279699985384006 -0.23346174093688959
-3.451573746575014 -1.7803561007705995 -0.16079408120882635
-3.4236790489455098 -1.9278281948319242 -0.081767200228730505
-3.3828686202605533 -2.0690676254358271 0.0028275343626932023
-3.3266668054425832 -2.201676899234486 0.09244067374527766
-3.255915703595317 -2.324786390018732 0.18511585094184088
-3.1706159498816699 -2.4370680984045281 0.27918952493804056
-3.0720513983545619 -2.5380779087640901 0.37311220182763488
-2.9611756426666713 -2.6271385262631632 0.46541803334051929
-2.8385335279166353 -2.7032458035370075 0.55440490352230787
-2.7053418483620764 -2.7659503863913395 0.63854678195573211
-2.5635579905548171 -2.8159793936373179 0.71688500472001737
-2.414360774225476 -2.8533392444345571 0.78816713658934656
-2.2595822612509497 -2.8789155179637711 0.85256875087601558
-2.102063764417633 -2.8966871530107183 0.91301079251257899
-1.9424161526709605 -2.9053997368283766 0.96970238222107874
-1.7814935572452031 -2.9062028494994427 1.023349736725663
-1.6193675298975221 -2.8978146835292131 1.0725728854259338
-1.4567239456152139 -2.8788813571323497 1.1169352733779125
-1.2938554908482436 -2.8495134385040068 1.1540174871559321
-1.1312322885759403 -2.8122279909480077 1.1844523975122605
-0.9697447121462438 -2.7638360113849303 1.2024191849028469
-0.81043129707424677 -2.706046799532499 1.2066934742320512
-0.65471984102977232 -2.6396457466450332 1.1965712862171884
-0.50414531088822168 -2.56654394859688 1.169088274318854
-0.35950739348479105 -2.4889224165596913 1.1266836840535288
-0.22108560904838281 -2.4088153910063035 1.070015065259692
-0.09111013119899497 -2.3276773863772839 0.99735243282510044
0.031705394725727296 -2.2472530409267693 0.91251570645070335
0.14607765601251527 -2.1685033663915636 0.81527949632156171
0.25144716771678804 -2.0924731871793605 0.70642805265131869
0.34800648449218158 -2.0201104036213282 0.58736823714537922
0.43715104343808248 -1.9527079312058488 0.45988101212721061
0.52226105666543821 -1.8909772625624703 0.32674362571517301
0.60808477565413943 -1.8336952053835476 0.1920583371487844
0.69897680574425469 -1.7797370073168499 0.059332265734511225
0.79299114906174739 -1.7293623833622704 -0.072558569185266278
0.89038287689001772 -1.6825160307921569 -0.2033177881429577
0.99364470333587496 -1.6404082675252432 -0.33119659708837024
1.1029841217355951 -1.6034817368397591 -0.45540226691681213
1.2174782681253056 -1.5706240749482603 -0.57611138336963752
1.3400275882276265 -1.543131894816592 -0.69019425885777086
1.4708308805365393 -1.5189136293445671 -0.79514400137344354
1.6062058570178355 -1.497087284671355 -0.89497910889609433
1.74915717190373 -1.4858999093928882 -0.98569196637697576
1.8974295977582312 -1.4791105807174081 -1.0674614273093932
2.05068218826765 -1.475445490578045 -1.1396675600443302
2.2099755175288838 -1.4737442507247291 -1.1980781698802814
2.3746209692726521 -1.4691302371635981 -1.2385717165501171
2.5420135081298461 -1.4601643022802717 -1.2631851676082078
2.7104964226763792 -1.445042563685873 -1.272295347483432
2.8780403188618777 -1.4211466068914012 -1.2642506838087033
3.0425922603940632 -1.3874371527873597 -1.2416100474954546
3.2017585068944987 -1.3427554654870126 -1.2042635428029871
3.3535377947797831 -1.2864402074932606 -1.1536449162133728
3.4949203933202235 -1.2179419431667549 -1.0899279573367391
3.6270800277586424 -1.1401341068528741 -1.0176185959652428
3.7473357719460143 -1.0521545803096317 -0.93677052447693643
3.8555763485876171 -0.95524411433218859 -0.84926261460261365
3.9499324603727159 -0.8499547747836057 -0.75564259927523048
4.0318963039679376 -0.73827379878278243 -0.65794608376199293
4.1016930826703017 -0.62136182738950851 -0.55676424791270152
4.1563970166986213 -0.49881466592827656 -0.45302307954859172
4.1978404024911118 -0.37226884325737952 -0.34801625741753761
4.2271829299598451 -0.24270144075338726 -0.24260745730855277
4.2441755217622479 -0.11043802499328899 -0.13781165256756453

3.2188499760529292 1.48884061134231 -0.0053483651266231589
3.1541879426238713 1.6286184125295506 0.050481145599015509
3.080004291202397 1.7627896858916796 0.10812547389096309
2.9960020573505775 1.890648078884134 0.1665430904910048
2.9027466727769529 2.011631729710742 0.2255979471032796
2.799526887659312 2.1242583026258246 0.28466483017384248
2.6856019694196176 2.2268777284057792 0.34219566784791461
2.5626304909307498 2.3197012681142337 0.3976481858299874
2.4311110153726854 2.4020299275774564 0.44996638040639925
2.2916724126643411 2.4732643184452106 0.4979371746869321
2.1446248628280755 2.531839816083516 0.53996019966197795
1.9915796700504436 2.5782906897114741 0.57504169400623051
1.8340165459156543 2.6131817294954733 0.60255015143985335
1.6731047305347282 2.6368655111280939 0.62114064633733046
1.5101497088583793 2.6498332814622949 0.62992301330959133
1.3464890771906848 2.652690577250699 0.62803709133122188
1.1834169181298022 2.6472825739731092 0.61484227624333343
1.0221523952782356 2.6357087883781913 0.58922698919690919
0.8633260587195134 2.6205368433537557 0.5525691580634664
0.70770591164446028 2.6033081348293066 0.50470100413475061
0.55519899184365029 2.5858479614992129 0.44752381739402486
0.40617085676827408 2.5693552738839576 0.38146830815880428
0.25950797149355442 2.5543378641622341 0.3100620367942219
0.11446808168173223 2.5404239461081559 0.23516726196977353
-0.029384678145319518 2.5272309141601759 0.15785923755510295
-0.17268587820864723 2.5139837483503586 0.079540032033563912
-0.31578268057401648 2.4999452370285304 0.00098464111851194469
-0.45885324819129741 2.4845267569839007 -0.077359252291477679
-0.60208018696110444 2.4682342565450757 -0.15523845176439557
-0.7459080103845116 2.451496219498301 -0.23190220331318187
-0.8910733569432383 2.4347755457575317 -0.30597805852141147
-1.0380233358159601 2.4183756583044365 -0.3764804743361555
-1.1874323386872419 2.4025128493225059 -0.44182605751784743
-1.3404166146679528 2.3864454106628696 -0.49818115929304624
-1.4961763660657421 2.3689171869145818 -0.54554859042286719
-1.6545225009746347 2.3488022094673315 -0.58191000431598106
-1.8144232338502826 2.3248606729190104 -0.60759475336866442
-1.9746726135693717 2.2942273918111242 -0.62078027447062256
-2.133784921542861 2.255746900785931 -0.62244032203346367
-2.2901990584081426 2.2081570371314601 -0.61374821650927214
-2.4423803519350211 2.1506711521788877 -0.59567911520841743
-2.5891370412457468 2.0830612060447349 -0.56914651112478942
-2.7290365775297034 2.0050141240038322 -0.5351934989877476
-2.8607080680595627 1.9165370637631121 -0.49449605873033764
-2.9828672554450888 1.8176906305494702 -0.44838607164670613
-3.0955908754137877 1.7101019981925074 -0.39804502728617314
-3.1982469032153045 1.5942338607792363 -0.3446738811032809
-3.2907670805071545 1.4710999998763905 -0.28904992174541233
-3.3728833654361772 1.3413045637883914 -0.23213200366580386
-3.4441648521859491 1.205609539391554 -0.17438053733076
-3.5043943496528391 1.0647186171009484 -0.11645267443793345
-3.5544179021479381 0.91995363593532109 -0.058452900160364182
-3.5935078492579091 0.77204966111961115 2.7329704545990541e-05
-3.6222259412068398 0.62170598873447136 0.058320452131603764
-3.6394224937174924 0.46939661097905711 0.11607573048635042
-3.6437333195690189 0.3159319750647171 0.17314823187801351
-3.6368554486364375 0.16221629450247499 0.22922724565553218
-3.6181908260741458 0.0089778005063305688 0.28399655575284921
-3.5854674848643171 -0.14274644536114173 0.33628209681493698
-3.5412850119659427 -0.29256455255421554 0.38548341934152264
-3.4852147121107504 -0.43966143423455994 0.43065886726989688
-3.4170090168710785 -0.58330304890395412 0.46983410851296709
-3.3373880956652613 -0.72310370429427551 0.50039463188369404
-3.2482684156379658 -0.8587133352993932 0.52211665963827258
-3.1511942421054631 -0.99004858743023305 0.53364471940536384
-3.0479733603359245 -1.1171331986006023 0.53394394319870564
-2.9402117073650453 -1.2399130170271779 0.52289199240315243
-2.8301481265057133 -1.3591045631313947 0.50079709568963604
-2.7193331854005862 -1.4751307449850051 0.46805352660330074
-2.6086408659524727 -1.5886989576510506 0.42707001470418449
-2.498183067404967 -1.7004834252210432 0.38074256686950037
-2.3871542826299761 -1.8104604444816488 0.33152480305312915
-2.2754825873571618 -1.9197573581260019 0.28224802828467899
-2.1627612381358743 -2.0288511973773828 0.2349865152834647
-2.0484509978434304 -2.1374467907162913 0.19048897022568861
-1.9313053277067036 -2.2441794556668442 0.14898964262385422
-1.8100660596091316 -2.3466900398762141 0.10868989650771733
-1.6843076724898056 -2.4428167362512592 0.066551134065832712
-1.554687455012314 -2.532111063547696 0.021160780650248037
-1.4219164162491131 -2.6145758978292424 -0.027928824236414289
-1.2869337331427568 -2.690558509642373 -0.081316390904895078
-1.1506350694269107 -2.7614499345111758 -0.13825323520179267
-1.0139891435085222 -2.830915174670265 -0.19610591485525389
-0.87692769737184051 -2.8980489346029699 -0.25568481213714722
-0.73906788238777554 -2.9630134202356766 -0.31582790763205948
-0.59887221218169273 -3.0242672451273838 -0.37433952760129768
-0.45556892744238231 -3.0806219595782363 -0.43017224517391733
-0.3089534295440044 -3.1310558549306529 -0.48307784427739975
-0.16000789711636543 -3.177654604631841 -0.53292278852587482
-0.0085384988504986405 -3.2207701383548488 -0.57811163703658419
0.14594720813893616 -3.2604594325969991 -0.61557695897138276
0.30275471177955809 -3.2968922406928631 -0.64593432241894411
0.46186643646628422 -3.3292493569845583 -0.66770206015705802
0.62302020732370766 -3.3563558561624718 -0.67950985122456131
0.78540628122941036 -3.3776805655770348 -0.68065710708981497
0.9482466498879849 -3.3925530699275441 -0.67133271877653367
1.1111412055193455 -3.4010315762814236 -0.6562325094345296
1.2733874249524375 -3.4031006113528868 -0.63388809523361478
1.4345130267728678 -3.3979907777691847 -0.60499323087898915
1.593593477017391 -3.3854785527042952 -0.56798696519398528
1.7494342006777588 -3.3637301387995686 -0.5224537820563222
1.9018465291338396 -3.3347276735247102 -0.46996792991678948
2.0500697950191613 -3.2980843601660719 -0.41072309387987416
2.1936166688306118 -3.2538365968066154 -0.34540555676376899
2.3311219898077948 -3.2008768722750878 -0.27388453985773537
2.4624961762932944 -3.1399848790367906 -0.19733276561364904
2.5875668419775733 -3.0715658958626286 -0.11670826235756732
2.7057682338063724 -2.9954778189419531 -0.032647872164933679
2.8162923154273272 -2.9116098589048796 0.054422666693696678
2.9187738259809808 -2.8202983578747913 0.14381182606324833
3.013673118652656 -2.722529711649198 0.23472402463719283
3.101151410538995 -2.6187648904106475 0.32639716637368354
3.1804071425585381 -2.5090151708064954 0.41859935919708691
3.2501760320005069 -2.3932145329370034 0.51106589148458226
3.3086735786744326 -2.2710933657810948 0.60319823189180111
3.3556127613690401 -2.1434072144356056 0.69439781387650812
3.391456519578639 -2.0108753174667604 0.78366524632499579
3.4156157398069511 -1.8739890158314099 0.87025212425174903
3.4274192501380747 -1.7334062481592292 0.95344639649858809
3.4264584039065338 -1.5894166287041864 1.0314222715512709
3.4123482347262972 -1.4434210490504649 1.1043259512706014
3.3863720419649654 -1.2962135750497616 1.1710070728268263
3.34808311267384 -1.1486717523447261 1.2307993332848375
3.2967282387003687 -1.0019866444102397 1.2822092990497203
3.2341419519907855 -0.85710925776959901 1.3258736729347462
3.1586790228782977 -0.71587884089435794 1.3597374923424566
3.071722536921464 -0.57913729938033209 1.3832220668761472
2.9745447064837731 -0.44810532033650358 1.3957616824734258
2.8667950202046839 -0.32489352560361373 1.3956071532224681
2.7519283813005946 -0.20908755798299986 1.3841742802118513
2.6299456916292008 -0.10324398045726868 1.358247264228333
2.5043983251170192 -0.0049262597814938979 1.3216772103060037
2.3761151964742004 0.081719774398478925 1.2680057303968864
2.248919706325617 0.15869461645839011 1.1994215568800821
2.1255319960504147 0.22869173238828661 1.1183141670157697
2.0053377293863224 0.29361666863658126 1.0278552536717669
1.8969155963962443 0.35038732291129393 0.9189350509050993
1.7955317183082184 0.40538939898773035 0.80306175633557331
1.7022216009937146 0.45839405882745715 0.67925363006280981
1.6252306917897059 0.51049526862593708 0.54455472850661324
1.5545649137884823 0.56308833914302137 0.40668617912984506
1.5009453821938596 0.61847772192513495 0.26211202446956727
1.4575182054861862 0.67733409202396122 0.11593972297295099
1.4251379692614732 0.73994814157643307 -0.031964723173256993
1.4086038306308279 0.81085413412327734 -0.17841875072562063
1.3977639032386768 0.8850957383905077 -0.32396488760710113
1.4025893702133885 0.97298417689288497 -0.46215700509298674
1.4121493897827415 1.067180821954373 -0.59536510767299455
1.4291021532676951 1.1712273851920787 -0.72079094463567739
1.4508074096851999 1.2880753576624451 -0.83317071139811982
1.4738076925749399 1.4119613355849916 -0.93740322086669936
1.4970377881713015 1.5462725718460684 -1.0283184482037528
1.5162112453164851 1.6906064456695782 -1.1030284911440538
1.531218536545029 1.8404832653384664 -1.1666742943414727
1.5398576970318214 1.9960315593036226 -1.2166642081010191
1.5417906120717917 2.1553554480401678 -1.2547850131218119
1.5335954450722555 2.317519754002956 -1.2767007882301382
1.515106919317234 2.4800224810239686 -1.2864225833908283
1.4877843026415682 2.6413902954493524 -1.2854188219609584
1.4491016002322787 2.8000128138807021 -1.272354430590805
1.4018078463784778 2.9552301666601357 -1.2507890621713251
1.3427360837400417 3.1045636052535444 -1.2184163922317375
1.2749842641853801 3.2482122178656616 -1.1788057142287309
1.1979366972559831 3.3849231900419725 -1.1317046886983775
1.1113004964244859 3.5128504435619736 -1.077504330499178
1.0176925857488504 3.6336812284660049 -1.0187227744361842
0.91530071452474993 3.7439320934647213 -0.95401028946866295
0.80754331191100348 3.845985523019718 -0.8848793430161711
0.69433864520868149 3.9385767014859843 -0.81112862520463835
0.57551680297669461 4.0201723463149968 -0.73331155310061491
0.45275257426309884 4.0916227335805129 -0.6518024324667584
0.32609056115491891 4.1519769787943659 -0.5673164480561883
0.19672313353421206 4.2018470351226469 -0.48014654362375558
0.06523657827210301 4.2405826620524723 -0.3905156436163395
-0.067946329720333543 4.2687004680568883 -0.29942116485907894
-0.20205256266214108 4.2858185267499094 -0.20694294078303524
-0.33621829587186736 4.2906752115322417 -0.11308284443476678
-0.47020945169239275 4.2843752995711162 -0.019102934759662925
-0.60322361407890379 4.2671339179770769 0.074873858915243729
-0.7343394368235896 4.2389382463477112 0.16887118634512654
-0.8634160955555622 4.2002598556742434 0.26198207402252771
-0.9897648466005956 4.1505679114438854 0.35363577666521212
-1.1120032463701282 4.089352445999201 0.44388097541978505
-1.2301508853597234 4.0179145544991979 0.5319920357449528
-1.3438386599647563 3.9369415892419606 0.61764430100356871
-1.452093833565792 3.8460384429150438 0.70034576175852825
-1.554080393302927 3.7452913105366932 0.77957614175910339
-1.6495200847289282 3.636011512648317 0.85549200268763992
-1.7380855306828711 3.5181674977754382 0.92688229228941843
-1.8181827104723729 3.3913189102091756 0.99265594638051913
-1.8903736649602214 3.2574965983961177 1.0532987093099284
-1.9537369507576039 3.1169887260070852 1.1086471355291507
-2.0063386965199097 2.9696869526925678 1.157021013379431
-2.050998903308042 2.8181107739905493 1.2000532957373944
-2.0829662248021585 2.6610764915066749 1.2337687899663576
-2.1066214438355502 2.501347857013172 1.2611304953352718
-2.1167676868937093 2.3385736334706175 1.2764338887631888
-2.1184932859591927 2.1749852106289009 1.2840521124267781
-2.1079412280354255 2.0116623987309836 1.2780004171852297
-2.0891391267356578 1.8497919423526366 1.2622660086364859
-2.0607297516902694 1.6914216394427648 1.2325581050769943
-2.0256268041243941 1.5371785499699797 1.1909092505055987
-1.9846418781798794 1.3884670859652415 1.1364131342795687
-1.9391168375176422 1.2459803876407034 1.0695570533114336
-1.8912288826882617 1.1136180827575157 0.98590995539847714
-1.8443303618824698 0.98877905630891361 0.89134940136051399
-1.798822843205343 0.87038379721629122 0.78773896990330439
-1.7608451496640511 0.76518696364718286 0.66800574523503953
-1.7286885930596947 0.66634629401293299 0.54184958791803939
-1.7028713718959441 0.57442761500268658 0.40869872750197811
-1.6918205839602913 0.49232879332040247 0.26754133715357503
-1.687363058500472 0.41334891847097904 0.12435622541720895
-1.6994479995588421 0.34057981044969304 -0.021942562023242157
-1.7233786234565973 0.26998272243167426 -0.16740387571179058
-1.7578030389964856 0.20130977214938706 -0.31212329252725379
-1.8105368092225058 0.13324688324706777 -0.45129019411207916
-1.8703616952262316 0.064555893800996522 -0.58717052316683871
-1.9456581167813689 -0.0070496985847165183 -0.71385048262857187
-2.030165509891281 -0.082410211430164165 -0.83173640381431668
-2.1215782764642497 -0.16072220923753039 -0.9428353603328703
-2.2230924198175948 -0.24820040699037296 -1.0371071361000386
-2.3274954324449371 -0.34143208900186334 -1.1214721579687199
-2.4347221953896088 -0.44170058646200883 -1.1938376194283229
-2.5421423673428647 -0.55240623557167234 -1.2490634286291409
-2.6455911253383761 -0.67256035443407758 -1.2890731295076403
-2.7437167750758515 -0.80046337143573809 -1.3164961043484871
-2.8339237691556289 -0.93612954281318284 -1.3304386586902082
-2.9145763572788934 -1.0786145277172019 -1.3310403382853571
-2.9845544586106176 -1.2262371664029248 -1.3199225114615212
-3.0416683719690405 -1.3779063689754507 -1.2961670607648621
-3.0877166810726169 -1.5315837300868389 -1.2630947974782034
-3.1190309978964699 -1.6862769900229029 -1.21942173036934
-3.1396038686456951 -1.8403425729262812 -1.167925280530417
-3.1458991782161161 -1.9923769477038153 -1.107465741446833
-3.1415288370332601 -2.141905232413964 -1.0409208676968769
-3.1230726099184865 -2.2870280172231103 -0.96732627635903101
-3.0933743782082117 -2.4274512581314229 -0.88853759995654569
-3.0513579978231262 -2.5619387558879332 -0.80504625793348417
-2.9981463280202623 -2.689946788428911 -0.71786126966581554
-2.9342367394783584 -2.8111697175284935 -0.62821920885670157
-2.8583625791840861 -2.9239954857013513 -0.53691310610010035
-2.772546015724755 -3.0290082739239041 -0.44510103491038039
-2.6763008553145644 -3.1249788740606985 -0.35375432886136743
-2.5703413177317729 -3.2116943956996904 -0.26389709735977313
-2.4560046956323345 -3.2895814140457271 -0.17622719759365196
-2.3330163515628706 -3.3573822730575515 -0.091946013840561905
-2.2034290065620734 -3.41656595753693 -0.011149039326147241
-2.068055321396232 -3.4672301618829304 0.065904665880846341
-1.92745629316655 -3.5081229524509143 0.13931419173492984
-1.7828032198019315 -3.5397607495308998 0.2093449606231888
-1.6354671523208726 -3.5631641644706127 0.27698615891206324
-1.4856747673003694 -3.5777443030945508 0.34152948176770809
-1.3336111817354517 -3.5829983209363658 0.40194445258579536
-1.1787656391499843 -3.5743934024132642 0.45425612991645431
-1.0223687627340312 -3.5532090153416038 0.49731683593803311
-0.86545981251383075 -3.5189863549567648 0.52855978792421054
-0.70921535036209959 -3.4745333179186115 0.54808451830273408
-0.55481362098246745 -3.4207315013160278 0.55493441437006685
-0.40278488725290496 -3.3600004334733629 0.54974038094030331
-0.25376325932845789 -3.2948963633242183 0.52977194209534695
-0.10778923280182989 -3.2281519593890242 0.4974004979831963
0.036060953103018746 -3.1620287326427112 0.45564169931210957
0.17837285223390964 -3.0981773053841239 0.40568822278413724
0.32001096695968206 -3.0370550502175759 0.35050600656514064
0.46163583898575045 -2.9783468636946302 0.29270921990767496
0.60426319816415996 -2.9211550788955853 0.23586739563121448
0.74771108136060827 -2.8626072838321868 0.18259874747704399
0.89154463239772441 -2.8008859992472122 0.13420090260814685
1.0353722758806796 -2.7340404508217051 0.093215359326258643
1.1773239226316701 -2.6591217339369884 0.060523452242417106
1.3164235339395509 -2.5764788599601518 0.034825577471481357
1.4508194727288117 -2.4849478716894851 0.014939783582250322
1.5796340854448325 -2.3850467294721862 -0.0013633419321311627
1.7029173722128756 -2.2783517380884715 -0.017409298044180902
1.8194737355999329 -2.1646010472288992 -0.035168140540883498
1.9316445626800689 -2.0468755386098159 -0.055198712272515688
2.0406487182806274 -1.9269657508432902 -0.079324121706429995
2.1466604768694397 -1.8051884635381306 -0.10719029163783081
2.2486228432846618 -1.6811615017596375 -0.13983155580719947
2.347242707122466 -1.5558855678375179 -0.17756416292223157
2.442698949015254 -1.4294612555710144 -0.21936358209829768
2.535794202965814 -1.302127714157205 -0.26364451933200989
2.6270028643210268 -1.1736688233852479 -0.30861572147540206
2.7161638996755801 -1.0433806745550247 -0.35235959588834553
2.803276061504437 -0.91079953846717399 -0.39323823966785326
2.8890028619428207 -0.7754965619767803 -0.42769245663904198
2.9727104999013547 -0.63695578201256475 -0.45307370411535747
3.0534406636481393 -0.49511178980416198 -0.46742620234703053
3.1288350477120526 -0.34977592066581231 -0.47132389315571199
3.1971152614518239 -0.20104324108514188 -0.46438780871949503
3.2563819813735462 -0.049374842113649113 -0.44696432998286445
3.3049692246890663 0.1049176867262063 -0.42149521951422048
3.3420791757030179 0.26083616261182718 -0.38791653907408336
3.3679985396992631 0.41790531041165452 -0.34959165299662887
3.3815645933713339 0.57554868776986123 -0.30727481606539742
3.3831768686965846 0.7328920525412792 -0.26188276234501379
3.372381876454194 0.88910628753348386 -0.21382158452392552
3.3500550876386588 1.0435296495794359 -0.16405416992322053
3.3167572251297397 1.1953220836727361 -0.11237507670387667
3.2729554008677026 1.3439597841066138 -0.059331140235075526

2.796832028794106 3.2174557938445552 -0.0051490306398744613
2.6901713020698277 3.3033700599625906 0.09132083937485376
2.5766058347699419 3.3804521918838391 0.18731660586108748
2.4562190573983336 3.4478335222882692 0.28226287252203097
2.3298785868046026 3.505579679206885 0.37584435904199937
2.1980608207995895 3.5528457996146035 0.46776900295065021
2.0607645324982542 3.5888400118616337 0.55676167798374321
1.9191880077513506 3.6133290728675465 0.64285296965080319
1.7744808995285961 3.6268505736683676 0.72606030279452527
1.6276545313685256 3.6304026486780754 0.80657382882317552
1.4791729098922193 3.6207417545603344 0.88358599707001395
1.3301077123551219 3.5976146043084012 0.95638107267079975
1.1811089209850496 3.563862144240566 1.0248700805537327
1.0329496732270176 3.5172658735572417 1.0875640909089404
0.88656684934210339 3.4582298844142536 1.1433310823096974
0.74223769812063733 3.388904037957237 1.1924950294419385
0.60171395768685088 3.3070669900708407 1.2323459982717968
0.46518142731090423 3.2152412705472222 1.2637123755272388
0.33473100731742078 3.1120297025009105 1.283232440547418
0.21023584801545014 3.0002830647362071 1.2923132040535783
0.093490768356080889 2.8803099091747777 1.2878099229243338
-0.015147505345713463 2.7540131213477932 1.2703840066909684
-0.11555345581507369 2.6239194162627397 1.2389549823558943
-0.20700755894753028 2.4916663908708765 1.1928202183007679
-0.29043087554872515 2.3594652764103845 1.1334096855969455
-0.36641909407489209 2.2287544534144668 1.0613130661427734
-0.4329547192158536 2.1045375226734215 0.97065393807265432
-0.49383154755748976 1.9871239166683903 0.86832085870061859
-0.55069554119196507 1.8761085094738876 0.75679836926159738
-0.6030180211543138 1.7772849862276534 0.63200981953908153
-0.65533167164440376 1.6905863629242157 0.49893627450120226
-0.70806412054192203 1.6117571832666728 0.36092483711789936
-0.76627699123251702 1.5518404114909741 0.21567624007132846
-0.82873772871061036 1.5002084419382187 0.069405373360579212
-0.89669632655382281 1.459299192294768 -0.078188580007614528
-0.97498109260592059 1.4318659682465944 -0.22349822552821524
-1.0582948969339323 1.4101917527247734 -0.3670372952691574
-1.1544748856160236 1.4006405193416598 -0.50390985101366104
-1.2593691753942569 1.3963799719943559 -0.63402355373326158
-1.3715659096299675 1.3965529346316412 -0.75847344609490908
-1.4990581841647548 1.4024366942164712 -0.86702306100812321
-1.6334627304765079 1.4088272453724937 -0.96627133420797084
-1.7756271444126552 1.4149338853178339 -1.0544163953271721
-1.9267461108179573 1.4168138233389991 -1.1267727124231126
-2.0841639975316277 1.4124383495136514 -1.1834599665972014
-2.2449468267098851 1.4015557487248604 -1.2284929885628848
-2.4081493222156762 1.3809477236179959 -1.2587003605012006
-2.5719552733853952 1.3515647756839815 -1.2769562063525512
-2.7342652143719199 1.3112656144375923 -1.2819990063210962
-2.8940304837181832 1.2614592797913968 -1.2759428135880237
-3.0490877548706345 1.200910771092689 -1.2587707771080561
-3.1990956751110042 1.1313003311495344 -1.2322966649120157
-3.3418422767830398 1.0516446455364989 -1.1962748245927532
-3.4783704539085742 0.96452602157319423 -1.1535212392238599
-3.6050351797284126 0.86765104821860095 -1.1022898354219275
-3.7233145637884646 0.7638109862290412 -1.0451291997935306
-3.832638402726487 0.65361370255963214 -0.98214514460256941
-3.9303201191764967 0.53674896624414903 -0.9125137652602765
-4.0194478456511931 0.41562204846603523 -0.83881808522411749
-4.0982078527988692 0.2901681572183511 -0.76059768906990843
-4.1651491983314335 0.16056525948499087 -0.67824062093502324
-4.2201522479042346 0.027956048063929251 -0.591941953727945
-4.2642806568787748 -0.10674654133306644 -0.50272241359058989
-4.2967103078857214 -0.24334284678290813 -0.4114088988344739
-4.3170777157744462 -0.38103127973474421 -0.31825009031773288
-4.3270124381040667 -0.5179621839755485 -0.22224680788553181
-4.3260718507948148 -0.65294377218935751 -0.12302271415060753
-4.3151276592005479 -0.78548739217990304 -0.021163930762152984
-4.29396721679921 -0.91508141625175021 0.082802633856796384
-4.2616736000846096 -1.0407451058920274 0.18869573016973648
-4.218691710918276 -1.1624896223448207 0.29538701949188312
-4.1643644991585891 -1.2795972734550998 0.40210704556218657
-4.0976930239029388 -1.3908256389779028 0.50812741648053639
-4.0187364648366231 -1.4955635229276727 0.61228828868500662
-3.9287297476796752 -1.5935323983614835 0.71395846287160192
-3.8282479996527399 -1.6844481427517659 0.81239067826798184
-3.7153356310190166 -1.7657724443405454 0.90565876818501145
-3.5915640691670032 -1.8373092906764332 0.99276072651376623
-3.4588323336058355 -1.8994026016657375 1.0738112179371828
-3.3163316800175355 -1.9493905837445096 1.1460644582399684
-3.1666600502375455 -1.988808063161047 1.2100718834016677
-3.0088552485157578 -2.013195168132885 1.2603836981989369
-2.846587210781371 -2.0268236283831684 1.2992692860821375
-2.6809400579146532 -2.0278608963535105 1.322590036015886
-2.5141055529449359 -2.018654424369029 1.3311461090618757
-2.3480088270078991 -2.0006651172820367 1.3231688794582714
-2.1842063793022408 -1.977011848312386 1.2986109331086504
-2.0237754118520854 -1.9502290471316686 1.2583555105921724
-1.8698264974010308 -1.9248812789437959 1.1973107660755156
-1.7210627339142184 -1.9037607605327846 1.1237984776809797
-1.577159089259162 -1.8883621204307424 1.0398619836443648
-1.4384992099669163 -1.8811299341393823 0.94606941382049414
-1.3049491575544705 -1.8871550808848168 0.84513202744498239
-1.1749607009321865 -1.8980686560974944 0.7401048131561041
-1.0486259840854959 -1.9128307190383085 0.63108816826426029
-0.92612413745784017 -1.9302668390517355 0.51810501868101033
-0.80807812562362247 -1.9489607262573039 0.40066825273499762
-0.6938486894971172 -1.9687153176283914 0.27971298379494458
-0.58452161180433904 -1.9898054363231477 0.15460175099330942
-0.48113328723956716 -2.0133738265224368 0.024935458490238649
-0.38218521609827383 -2.0407396211706246 -0.10746370080260681
-0.28399870614617667 -2.0753655411011036 -0.23875104874769315
-0.17762612374640752 -2.1166483130042595 -0.36138395016494079
-0.063552685128173761 -2.1585310174705135 -0.47650391928895214
0.057707165543213271 -2.2008449857439012 -0.58386721195890989
0.1861425152389066 -2.2442469163316132 -0.68233825423968708
0.32415873834574804 -2.2875256738572736 -0.76675776488501168
0.46778446568504584 -2.3296924245671313 -0.84138565443608981
0.61702668597254373 -2.3702668750425389 -0.90563604510717099
0.77319377900015351 -2.4062577864260195 -0.95454827416239318
0.9335147866644824 -2.4379570517338864 -0.99091336884551617
1.0970887056484484 -2.4631247549053836 -1.0155556780819979
1.2628658297224062 -2.4814700553021822 -1.0290441823132734
1.4300168076981747 -2.4914527010447927 -1.029311915993945
1.5972945344423011 -2.4929732468391617 -1.0197326219769527
1.7638987910090349 -2.4867203601508234 -1.0031136523660653
1.9297157057964136 -2.4757077190382564 -0.98183998340354905
2.0942478473051103 -2.4592081407537889 -0.95503606612890635
2.2563266366141543 -2.4354320704600472 -0.92011838544400271
2.4149277612888804 -2.4035940235965811 -0.87659313356480228
2.5685082674583342 -2.3623449850765685 -0.82394677404976979
2.7160626436795559 -2.3112735370956878 -0.76335621680545163
2.856831282336493 -2.2507405145842263 -0.6957976292998691
2.9896900311811283 -2.1806505022128997 -0.62180584844544062
3.1133451303598605 -2.1006536275301442 -0.54205621851683394
3.2249057542067812 -2.0091638953802904 -0.45702148509862989
3.3246701605351032 -1.9078762190409679 -0.36853886054295876
3.4121764307153235 -1.7977080858534695 -0.27773610625676148
3.483339426385927 -1.6773231575212852 -0.18559471196466182
3.5399058779508912 -1.5492909266927306 -0.093780511702656416
3.5808567277073782 -1.4141781628946049 -0.0037463494040573669
3.6062084998266766 -1.2732527554925477 0.083115999782194222
3.6149067029293125 -1.1272599867068767 0.16470465788803673
3.610687795496716 -0.97819239138925729 0.24086889401235415
3.5942839778187108 -0.82689464901074416 0.31068805436068281
3.5665523267017392 -0.67423301879723052 0.37366144901001497
3.529483039744906 -0.52094903491167033 0.43004696275898269
3.4844167618283124 -0.36759665825162985 0.48010056345325214
3.4325819619723221 -0.21453661265838464 0.52418264579084373
3.3749871945636896 -0.062177782140682834 0.56334253715471416
3.3112046440444312 0.088701437045620571 0.59835183424193528
3.2347172687540522 0.23494578425557039 0.62638515513903659
3.1466323823389879 0.37589643291274261 0.64639419300715584
3.0488005728168606 0.51141364363258657 0.6574719024527772
2.9429089391710126 0.64117629134700949 0.65854874621877912
2.830277009014238 0.7648611583489382 0.64954773345234595
2.7128831541565948 0.8827527649160084 0.62987209298462088
2.5921726325723027 0.99495796340082554 0.5996251723167203
2.4702816712002265 1.1021935591930268 0.55820326939832021
2.3488809744885844 1.2052935032602838 0.50637428631292303
2.2290898170394113 1.3051986988816482 0.44541762071918312
2.1115668036035711 1.4030412065371691 0.37708505112348611
1.9963533399510729 1.4996998309627987 0.30323789451029742
1.8836366576924222 1.5956681892160116 0.22474626086159361
1.7726138223616597 1.6910426826702045 0.14318114644591401
1.662564301217798 1.7861958058485674 0.060054849207943045
1.553105772337398 1.8814748517899771 -0.023709906596289042
1.4440506911194855 1.9771218199642604 -0.10758141252500862
1.335376700435865 2.0735432331768471 -0.19105185457042761
1.2271657337374322 2.1718539119847198 -0.27291338348715505
1.1191650414611214 2.2736197794206636 -0.3507146878561519
1.010493299554692 2.3783852120484732 -0.42328733521948447
0.90051638079346774 2.4861386606857012 -0.48917278924689628
0.78794932773256798 2.5966465734806854 -0.54553313448617313
0.67113595719439501 2.7082844628405596 -0.5898375948702852
0.54858252824503406 2.817492736477988 -0.62345489428509115
0.42051684396172873 2.9231237583386194 -0.6459866461703806
0.2863256364212019 3.0229019862178372 -0.65626535093993366
0.14653557641258158 3.1151929173150092 -0.65516988645970609
0.0017136617841069374 3.1984519442226214 -0.64284197120943409
-0.14793491336263825 3.2700478940377473 -0.61990209599492974
-0.30084417128521329 3.3302481936900374 -0.58791422251025305
-0.45644319703708558 3.3771075308411107 -0.54753531379878806
-0.61361225226230653 3.41046577487448 -0.50042023660492807
-0.77126374650845209 3.4288784943190329 -0.44701380343824398
-0.92833328032463813 3.4311834518459747 -0.38895796056528836
-1.0836853428471402 3.4193719828903948 -0.32757817540482459
-1.2365574794702561 3.3939455835014418 -0.26402447435385995
-1.3856078899203519 3.3525910321241787 -0.19977715786857808
-1.5308461879241184 3.2994180775097672 -0.13553914843194365
-1.6715859412204026 3.2343567625570975 -0.07222077528824053
-1.8078775480720404 3.1591156447943671 -0.01033918244778393
-1.9385359157424733 3.0732490877157908 0.049826843427795753
-2.0643050640492149 2.97921659443967 0.10816102178661376
-2.1849151616103515 2.8779118545710709 0.16515217737179805
-2.298465661602938 2.7686842837292529 0.2219227790010542
-2.4036852973881651 2.6511780688177682 0.27823559081735583
-2.4995465337802178 2.5255556281602249 0.33383256306882175
-2.5832725873511944 2.3905626644282658 0.38693642080271057
-2.656143895043114 2.248492123501161 0.43743515183332915
-2.7167860529485441 2.0994399821485272 0.48372042280806082
-2.7655873824838193 1.944769127752634 0.52537655873138944
-2.8018014990645077 1.7850545683806722 0.56044058938635144
-2.8254374247269523 1.6216133948037701 0.58844155081138916
-2.8364674775609955 1.4555192530902314 0.60747063840278082
-2.8352877846283535 1.2882672913402577 0.61630610369131755
-2.8245198447448887 1.1211543689842678 0.61558789994484997
-2.804574463197635 0.955365994036808 0.60262443869679605
-2.7775053413625099 0.79180173097597784 0.57860188842099691
-2.7452394964106932 0.6314013699790596 0.54245562665491842
-2.7094288123421815 0.47477638272835609 0.49507702981740076
-2.671875802306646 0.32201744012485412 0.43767856727033311
-2.6339683258895992 0.17279411599264019 0.37179513280549781
-2.5970385364965067 0.026889113195954779 0.29825843669277824
-2.5622075229079599 -0.11638780741347295 0.21871459410654287
-2.5300533036124393 -0.25731344945563811 0.13397587185164744
-2.5012434922986087 -0.39601902408643219 0.044495867736421266
-2.4762991639661629 -0.53349364979673652 -0.047980214559483585
-2.4562043203837574 -0.67040893428842863 -0.14242044013850919
-2.4390577815179091 -0.8080618118709173 -0.23639278414921086
-2.4203223531162688 -0.94749706591539429 -0.32730917494738099
-2.3969544119406763 -1.0889376794521548 -0.41396087169510398
-2.3682858030536762 -1.2324912272696766 -0.49548634361367017
-2.3358535178227968 -1.3789770546296047 -0.57008613633246796
-2.3015931630179756 -1.5283678166395902 -0.63766897429559111
-2.2650595353377652 -1.6803738681649922 -0.697743431198937
-2.2254301169883224 -1.8346745870851762 -0.74941787016725792
-2.1820987246654968 -1.9906595821212099 -0.79223723482245911
-2.1347522452446772 -2.1477291502997145 -0.82611958439143784
-2.0835278617262261 -2.3050105128487242 -0.85271224692492098
-2.0290353223168087 -2.4621651686971711 -0.8727165907088591
-1.9706380953196947 -2.6186738246954238 -0.88549192659995668
-1.9079130638714428 -2.7739576881230796 -0.88995050201412218
-1.8403714523447008 -2.9272193852528825 -0.88575138944273657
-1.7667492766624682 -3.0770659685024531 -0.8717926505181347
-1.6866698119129562 -3.2221688774070931 -0.84735241869169853
-1.5995908406937422 -3.3610019274434939 -0.81268573016324552
-1.5055327742256246 -3.4923113015836948 -0.76840651569662033
-1.4044406935331588 -3.6144744991155506 -0.71453957001864354
-1.2960222368479162 -3.7252541815066476 -0.65127344082568217
-1.1809440947115712 -3.8243512855244641 -0.5806245730437033
-1.062133652749194 -3.9144288164708643 -0.50424582254869654
-0.94150268050177532 -3.9976959627723558 -0.42315215052464344
-0.81920733958857828 -4.0731808499956257 -0.33711586513239622
-0.6953649408366338 -4.1392686797999891 -0.24574269590163397
-0.57033604962994133 -4.1942642516763602 -0.14878817607578756
-0.44444301754350757 -4.2347144027169383 -0.04599978183261174
-0.31819478697944115 -4.2607803766181478 0.06085989363747097
-0.19226954357105075 -4.2716493402703986 0.17070794583264678
-0.06758916749642685 -4.263854988654149 0.28224178384671234
0.055112151854100323 -4.2394513373406877 0.39351141284983188
0.17513059585841206 -4.1992340539174249 0.50313506659226936
0.29100825870381253 -4.1398929826034649 0.60839610951273326
0.40238860708352958 -4.0645778856241268 0.70815516476037699
0.5082977710605282 -3.9736760099442847 0.80057219841574279
0.60850443649709729 -3.8690814287750914 0.88461745890597665
0.70086471041791309 -3.7496070279443163 0.95697195254673473
0.78613270302386373 -3.6191199567356409 1.0180243425210524
0.86372779694132218 -3.4789816642020233 1.06650865663878
0.93360063557559192 -3.3309054162418548 1.1013858990530772
0.99615189241933977 -3.1770000478946772 1.1220739602930174
1.0516553235184285 -3.0191017670533178 1.1278583323463391
1.1017222425705311 -2.8595093511346219 1.1194615703990072
1.1473425287846415 -2.699954594481544 1.0968542463203803
1.190727961057662 -2.5416870858554814 1.0632616350278787
1.2341228406039881 -2.3853848526648291 1.021436452781552
1.277908174682908 -2.230968030200942 0.97342660934412795
1.322358623969657 -2.0781502396578539 0.92107278121892844
1.3657263459885551 -1.926797980002269 0.86393188201215243
1.4039752567229045 -1.7777956226571077 0.79775744039221685
1.4374313012600877 -1.6317092923841143 0.72295976565017239
1.4671900773773592 -1.4910844137272266 0.63684953661322297
1.4940706325368549 -1.3586578638480657 0.53785854457605209
1.5218218786253705 -1.2339452288366966 0.4297824151761368
1.551076173311293 -1.1164801935645048 0.31414588575483149
1.5830013953127251 -1.0081954547382639 0.19032703284644806
1.6207634817854664 -0.9105461517211989 0.059636283322564473
1.6622252966220341 -0.82025651754296813 -0.075041353309395015
1.7076521177206805 -0.73811171797942898 -0.21383814227656006
1.7647998137105054 -0.66510486290960891 -0.35336476703238767
1.8321859073714091 -0.58899430055007362 -0.48618799048512651
1.9072524999689826 -0.50992723448180655 -0.61330447505200025
1.9938507693501637 -0.4259786655636309 -0.72961995258974199
2.0877792335415304 -0.3378609977099421 -0.83652434975459533
2.1877295665171563 -0.24463191083205515 -0.93290827344881755
2.2926938856669912 -0.14583468284702589 -1.0182137323222022
2.4025435922597356 -0.039539736198353687 -1.0868456423677642
2.5131341734277233 0.072186038373318065 -1.1444898182158652
2.62274438812628 0.19124225893315849 -1.1869387066419752
2.7306190214047943 0.31512961559990771 -1.2191567863251185
2.8330037950480551 0.44646682733353937 -1.2354983005536591
2.9306101725563516 0.58237692368837912 -1.2423043916139702
3.0179324253321989 0.72503312095827854 -1.235301614547641
3.0981175237910663 0.8713313685259384 -1.2205201817380313
3.1661487089703892 1.0220583598350097 -1.1943983185992681
3.2257987654543419 1.1750374659845053 -1.1615461284857116
3.2722703416772019 1.3302268370124795 -1.1190682085851305
3.3093448576945317 1.4860799896582668 -1.0705260633510247
3.3342945054815161 1.6418721227646009 -1.0142397230912361
3.3486659506317977 1.7968119395159354 -0.95232072266733281
3.3512809859399315 1.9500204729793451 -0.88469993367009392
3.3420662895685602 2.1004731744299261 -0.81159919959490323
3.3214643999898534 2.247156916163989 -0.73345082401221429
3.2915507932686845 2.3900269657744722 -0.65135701974513149
3.2508418954693266 2.5279480592939008 -0.56546867516656985
3.1989930871776409 2.6603442718293389 -0.47688127105103317
3.1365415918319592 2.7861935603013355 -0.38566110548271765
3.0648506546165719 2.905306672497908 -0.29227438799099342
2.9839411391177317 3.0170786537409802 -0.19734830199255721
2.8945480861492001 3.1214509684726428 -0.10157367639627653
