14.5749228420352 -34.6461770188179 -9.18220279037874
13.7868064587675 -35.3725984364401 -9.07888714292031
12.9986900754998 -36.0990198540622 -8.97557149546189
12.2105736922321 -36.8254412716844 -8.87225584800347
11.4224573089645 -37.5518626893066 -8.76894020054504
10.6343409256968 -38.2782841069288 -8.66562455308662
9.82947447348936 -38.9678954781522 -8.5181798047152
8.95740138259554 -39.5098131594419 -8.19367497669362
8.08532829170172 -40.0517308407317 -7.86917014867204
7.2132552008079 -40.5936485220215 -7.54466532065046
6.34118210991408 -41.1355662033113 -7.22016049262888
5.46910901902026 -41.677483884601 -6.89565566460729
4.58232949085374 -42.1318253271236 -6.50731992642331
3.67602266529349 -42.4698825039657 -6.03422911516889
2.76971583973324 -42.8079396808077 -5.56113830391447
1.86340901417299 -43.1459968576498 -5.08804749266006
0.957102188612743 -43.4840540344919 -4.61495668140564
0.0507953630524929 -43.822111211334 -4.14186587015122
-0.862482367202344 -44.0195684649993 -3.61638851685399
-1.77894181461105 -44.1528519554294 -3.06700047093473
-2.69540126201977 -44.2861354458595 -2.51761242501547
-3.61186070942848 -44.4194189362896 -1.9682243790962
-4.52832015683719 -44.5527024267197 -1.41883633317694
-5.4447796042459 -44.6859859171498 -0.869448287257678
-6.35944055683346 -44.6117497775357 -0.307874297457938
-7.27401791795064 -44.5278684219303 0.254266077607429
-8.18859527906783 -44.4439870663249 0.816406452672797
-9.10317264018501 -44.3601057107195 1.37854682773816
-10.0177500013022 -44.2762243551141 1.94068720280353
-10.9265074494333 -44.1385364962349 2.4918138570006
-11.8143706981001 -43.807676709429 3.0033999061717
-12.7022339467669 -43.4768169226232 3.5149859553428
-13.5900971954338 -43.1459571358173 4.02657200451391
-14.4779604441006 -42.8150973490115 4.53815805368501
-15.3658236927674 -42.4842375622056 5.04974410285611
-16.2156118298959 -42.0300934025887 5.50548320889953
-17.0203193661206 -41.4299816178267 5.89510002000732
-17.8250269023453 -40.8298698330647 6.28471683111512
-18.62973443857 -40.2297580483026 6.67433364222291
-19.4344419747947 -39.6296462635406 7.0639504533307
-20.2391495110194 -39.0295344787786 7.45356726443849
-20.9322811006439 -38.2654722747764 7.71296988603984
-21.5699515533408 -37.4199151166388 7.90764684575625
-22.2076220060376 -36.5743579585011 8.10232380547266
-22.8452924587345 -35.7288008003634 8.29700076518906
-23.4829629114313 -34.8832436422257 8.49167772490547
-24.1206333641282 -34.037686484088 8.68635468462188
-24.5491881293501 -33.0595027638687 8.66932007263806
-24.9409068781378 -32.0579566920275 8.61499217563766
-25.3326256269256 -31.0564106201863 8.56066427863725
-25.7243443757134 -30.0548645483451 8.50633638163685
-26.1160631245011 -29.0533184765039 8.45200848463644
-26.5060505909315 -28.0516391246879 8.39605943207073
-26.6176005925015 -27.0285247145532 8.0793843091302
-26.7291505940716 -26.0054103044185 7.76270918618966
-26.8407005956416 -24.9822958942838 7.44603406324913
-26.9522505972117 -23.9591814841492 7.12935894030859
-27.0638005987817 -22.9360670740145 6.81268381736806
-27.1420294601218 -21.9266805138107 6.46603674358125
-27.0027078495564 -21.0069217457562 5.9237057284426
-26.863386238991 -20.0871629777018 5.38137471330394
-26.7240646284257 -19.1674042096473 4.83904369816528
-26.5847430178603 -18.2476454415929 4.29671268302663
-26.4454214072949 -17.3278866735384 3.75438166788797
-26.2638182831495 -16.4404234786316 3.18368779213408
-25.9283633463367 -15.6704757662415 2.5097885874172
-25.5929084095239 -14.9005280538514 1.83588938270032
-25.2574534727111 -14.1305803414613 1.16199017798344
-24.9219985358983 -13.3606326290711 0.488090973266557
-24.5865435990856 -12.590684916681 -0.185808231450323
-24.2018296099228 -11.8429486025447 -0.851437453400263
-23.6635961768598 -11.1644357376121 -1.49129266844436
-23.1253627437968 -10.4859228726795 -2.13114788348846
-22.5871293107339 -9.80741000774693 -2.77100309853255
-22.0488958776709 -9.12889714281433 -3.41085831357665
-21.510662444608 -8.45038427788174 -4.05071352862074
-20.9168999359689 -7.77969617829207 -4.62976982911235
-20.1461334440723 -7.13395023052798 -5.01502405489128
-19.3753669521756 -6.4882042827639 -5.40027828067022
-18.604600460279 -5.84245833499981 -5.78553250644915
-17.8338339683824 -5.19671238723573 -6.17078673222808
-17.0630674764858 -4.55096643947164 -6.55604095800701
-16.2617396361034 -3.9204416864067 -6.84799729740076
-15.3533921499401 -3.34321847093009 -6.81324335574465
-14.4450446637768 -2.76599525545348 -6.77848941408853
-13.5366971776136 -2.18877203997688 -6.74373547243242
-12.6283496914503 -1.61154882450027 -6.70898153077631
-11.7200022052871 -1.03432560902366 -6.6742275891202
-10.8181680651768 -0.481761520025922 -6.56663575839819
-9.94835655498555 -0.0504331330685875 -6.10093908468389
-9.07854504479434 0.380895253888747 -5.63524241096959
-8.20873353460313 0.812223640846082 -5.16954573725529
-7.33892202441191 1.24355202780342 -4.70384906354098
-6.4691105142207 1.67488041476075 -4.23815238982668
-5.61167481203125 2.08695515326012 -3.74575954190456
-4.8747129443748 2.31160286815418 -2.9934894824325
-4.13775107671836 2.53625058304825 -2.24121942296044
-3.40078920906191 2.76089829794231 -1.48894936348839
-2.66382734140546 2.98554601283637 -0.736679304016328
-1.92686547374901 3.21019372773044 0.0155907554557302
-1.19020915534041 3.43292957581229 0.768396286299767
-0.491387605042975 3.41892768682637 1.58750679197627
0.20743394525446 3.40492579784045 2.40661729765277
0.906255495551896 3.39092390885452 3.22572780332927
1.60507704584933 3.3769220198686 4.04483830900578
2.30389859614677 3.36292013088268 4.86394881468228
3.0027201464442 3.34891824189675 5.68305932035878
3.7990180258711 3.09168701825607 6.35404542731047
4.60500841479362 2.81027040871901 7.01030285957778
5.41099880371615 2.52885379918196 7.66656029184509
6.21698919263868 2.2474371896449 8.3228177241124
7.0229795815612 1.96602058010785 8.97907515637971
7.82896997048373 1.68460397057079 9.63533258864701
8.69798717463166 1.19559282866042 9.99939923631649
9.58252860666666 0.655448771067296 10.2914959405519
10.4670700387017 0.115304713474168 10.5835926447874
11.3516114707367 -0.424839344118961 10.8756893490228
12.2361529027717 -0.964983401712089 11.1677860532582
13.1206943348067 -1.50512745930522 11.4598827574937
13.9376496134401 -2.16754578872563 11.4409020430751
14.7238506735813 -2.88560346855271 11.2803695104249
15.5100517337225 -3.60366114837979 11.1198369777748
16.2962527938637 -4.32171882820687 10.9593044451246
17.0824538540049 -5.03977650803395 10.7987719124744
17.8686549141462 -5.75783418786103 10.6382393798243
18.4916216243987 -6.50850394660632 10.2453601823563
19.0076030833747 -7.28054795323565 9.70019890494787
19.5235845423507 -8.05259195986497 9.15503762753945
20.0395660013268 -8.82463596649431 8.60987635013102
20.5555474603028 -9.59667997312363 8.0647150727226
21.0715289192789 -10.368723979753 7.51955379531418
21.4110267219249 -11.1248636668512 6.85783191056822
21.6147547973732 -11.8687680842995 6.1064393889526
21.8184828728216 -12.6126725017478 5.35504686733697
22.0222109482699 -13.3565769191962 4.60365434572135
22.2259390237183 -14.1004813366445 3.85226182410573
22.4296670991667 -14.8443857540928 3.1008693024901
22.5002058982853 -15.5927192801963 2.33926450262776
22.4628635663856 -16.3446403117228 1.56938792475226
22.425521234486 -17.0965613432493 0.799511346876772
22.3881789025863 -17.8484823747759 0.0296347690012805
22.3508365706867 -18.6004034063024 -0.740241808874211
22.313494238787 -19.3523244378289 -1.5101183867497
22.1593602611722 -20.1471093330218 -2.20987653860445
21.9228312341238 -20.9721341494356 -2.86016701541446
21.6863022070754 -21.7971589658494 -3.51045749222446
21.4497731800271 -22.6221837822632 -4.16074796903447
21.2132441529787 -23.4472085986771 -4.81103844584448
20.9767151259304 -24.2722334150909 -5.46132892265448
20.5992556490535 -25.1346864282618 -5.96451785587155
20.1561299775926 -26.0145790171536 -6.39916518862586
19.7130043061317 -26.8944716060455 -6.83381252138017
19.2698786346708 -27.7743641949373 -7.26845985413449
18.8267529632099 -28.6542567838292 -7.7031071868888
18.383627291749 -29.534149372721 -8.13775451964312
17.7787575290243 -30.3895109123167 -8.35140611608354
17.1389472040039 -31.2395731630826 -8.51731738871111
16.4991368789834 -32.0896354138486 -8.68322866133867
15.859326553963 -32.9396976646145 -8.84913993396624
15.2195162289426 -33.7897599153805 -9.0150512065938

-40.867153396173 -17.2517663305317 -10.7164863793729
-40.1327050115044 -18.0003841374126 -10.946083498553
-39.3982566268358 -18.7490019442935 -11.175680617733
-38.6638082421672 -19.4976197511743 -11.4052777369131
-37.9293598574986 -20.2462375580552 -11.6348748560932
-37.19491147283 -20.994855364936 -11.8644719752733
-36.3843435900811 -21.6694239355349 -11.9982512412553
-35.4896961329602 -22.2621996879179 -12.026192653372
-34.5950486758393 -22.854975440301 -12.0541340654887
-33.7004012187185 -23.4477511926841 -12.0820754776055
-32.8057537615976 -24.0405269450671 -12.1100168897222
-31.9111063044767 -24.6333026974502 -12.137958301839
-30.9416820765091 -25.0385863501913 -11.9360197374144
-29.9660732772182 -25.4283630714391 -11.7150684622959
-28.9904644779272 -25.8181397926869 -11.4941171871773
-28.0148556786362 -26.2079165139348 -11.2731659120588
-27.0392468793452 -26.5976932351826 -11.0522146369403
-26.0751654544035 -26.9135402626482 -10.7420018457033
-25.134122953542 -27.0816293921994 -10.2533885591911
-24.1930804526805 -27.2497185217506 -9.76477527267888
-23.252037951819 -27.4178076513018 -9.27616198616666
-22.3109954509575 -27.585896780853 -8.78754869965445
-21.369952950096 -27.7539859104042 -8.29893541314223
-20.5329912334431 -27.7934327565689 -7.64662385474022
-19.7440302306109 -27.7735514426219 -6.91881676696009
-18.9550692277787 -27.753670128675 -6.19100967917997
-18.1661082249466 -27.733788814728 -5.46320259139984
-17.3771472221144 -27.713907500781 -4.73539550361972
-16.5881862192822 -27.6940261868341 -4.00758841583959
-15.9765346486265 -27.5725921373011 -3.13663199949699
-15.3794936212855 -27.4427900014018 -2.25387987979133
-14.7824525939445 -27.3129878655026 -1.37112776008568
-14.1854115666035 -27.1831857296034 -0.488375640380027
-13.5883705392625 -27.0533835937041 0.394376479325625
-12.9913295119215 -26.9235814578049 1.27712859903128
-12.451773189911 -26.6820714625418 2.17313120482881
-11.9132582881648 -26.4385377145646 3.06937386273497
-11.3747433864186 -26.1950039665874 3.96561652064113
-10.8362284846724 -25.9514702186102 4.86185917854728
-10.2977135829262 -25.707936470633 5.75810183645344
-9.75919868118005 -25.4644027226559 6.6543444943596
-9.07713002264556 -24.9963272888136 7.33427942414371
-8.38783088276139 -24.5169421929452 8.00331941791939
-7.69853174287722 -24.0375570970767 8.67235941169506
-7.00923260299305 -23.5581720012083 9.34139940547074
-6.31993346310888 -23.0787869053398 10.0104393992464
-5.6290014041152 -22.5969081336179 10.6731122076896
-4.81158851397868 -21.921876992794 10.8426026605593
-3.99417562384216 -21.2468458519702 11.012093113429
-3.17676273370564 -20.5718147111464 11.1815835662986
-2.35934984356911 -19.8967835703226 11.3510740191683
-1.54193695343259 -19.2217524294987 11.5205644720379
-0.730511404458987 -18.5474364194041 11.6460863301314
0.00890346588631731 -17.8817213972468 11.2427910952927
0.748318336231621 -17.2160063750895 10.8394958604541
1.48773320657693 -16.5502913529323 10.4362006256154
2.22714807692223 -15.884576330775 10.0329053907767
2.96656294726753 -15.2188613086177 9.62961015593808
3.68931751065864 -14.5633268349275 9.19796590509004
4.21323093130746 -14.0292974389362 8.42797550285223
4.73714435195629 -13.4952680429448 7.65798510061443
5.26105777260511 -12.9612386469534 6.88799469837662
5.78497119325393 -12.427209250962 6.11800429613881
6.30888461390275 -11.8931798549706 5.348013893901
6.83279803455158 -11.3591504589792 4.5780234916632
7.3056204979106 -10.7861476252778 3.80324665253121
7.77370060390906 -10.2095272048449 3.0280255274543
8.24178070990752 -9.63290678441205 2.2528044023774
8.70986081590597 -9.05628636397917 1.4775832773005
9.17794092190443 -8.47966594354629 0.702362152223591
9.64602102790289 -7.90304552311341 -0.0728589728533127
10.1884790307965 -7.180501629438 -0.626337760497692
10.7601896324257 -6.40056648127632 -1.09260596690256
11.3319002340549 -5.62063133311465 -1.55887417330743
11.9036108356842 -4.84069618495297 -2.0251423797123
12.4753214373134 -4.0607610367913 -2.49141058611717
13.0470320389426 -3.28082588862963 -2.95767879252205
13.6205102459061 -2.40889897256028 -3.09067889110206
14.1946647629578 -1.50177474210108 -3.0961660324466
14.7688192800095 -0.594650511641881 -3.10165317379114
15.3429737970612 0.31247371881732 -3.10714031513569
15.9171283141129 1.21959794927652 -3.11262745648023
16.4912828311646 2.12672217973572 -3.11811459782477
16.9464373098308 3.0254506341132 -2.7662714991082
17.3899481648739 3.92335759920341 -2.37946522827148
17.8334590199171 4.82126456429361 -1.99265895743477
18.2769698749602 5.71917152938382 -1.60585268659805
18.7204807300033 6.61707849447403 -1.21904641576133
19.1335708932476 7.50958552279694 -0.799193358513466
19.4118634939197 8.37816481406873 -0.232906213292764
19.6901560945917 9.24674410534052 0.333380931927938
19.9684486952637 10.1153233966123 0.89966807714864
20.2467412959358 10.9839026878841 1.46595522236934
20.5250338966078 11.8524819791559 2.03224236759005
20.725879891468 12.7447699101948 2.58860640436991
20.8511223977146 13.6602022496671 3.13528348833685
20.9763649039612 14.5756345891394 3.6819605723038
21.1016074102077 15.4910669286117 4.22863765627074
21.2268499164543 16.406499268084 4.77531474023769
21.3520924227008 17.3219316075563 5.32199182420464
21.3288894543666 18.3082872115599 5.7388971807222
21.2877268662302 19.3032234399963 6.14010215369733
21.2465642780938 20.2981596684326 6.54130712667245
21.2054016899574 21.293095896869 6.94251209964757
21.164239101821 22.2880321253053 7.34371707262269
21.0612798227329 23.2949425259765 7.6754345475566
20.8314176348848 24.3264425488942 7.86445561774609
20.6015554470366 25.357942571812 8.05347668793559
20.3716932591884 26.3894425947297 8.24249775812508
20.1418310713403 27.4209426176474 8.43151882831458
19.9119688834921 28.4524426405652 8.62053989850407
19.527827596891 29.4471104122337 8.62642016383993
19.102698490381 30.4319928423151 8.58364482781454
18.677569383871 31.4168752723966 8.54086949178916
18.252440277361 32.4017577024781 8.49809415576377
17.827311170851 33.3866401325595 8.45531881973838
17.3544545551173 34.335380320474 8.3554817976813
16.7497992196384 35.1843143101646 8.09806988249047
16.1451438841596 36.0332482998552 7.84065796729965
15.5404885486807 36.8821822895457 7.58324605210882
14.9358332132018 37.7311162792363 7.32583413691799
14.331177877723 38.5800502689269 7.06842222172716
13.6175856924379 39.2703989773711 6.68289216714123
12.8670307187562 39.9069389498004 6.25389102187624
12.1164757450746 40.5434789222297 5.82488987661125
11.365920771393 41.180018894659 5.39588873134625
10.6153657977114 41.8165588670884 4.96688758608126
9.84163271678528 42.3919209467147 4.51273708498273
8.98957307093396 42.7605424956291 3.9735985116596
8.13751342508264 43.1291640445435 3.43445993833647
7.28545377923133 43.4977855934579 2.89532136501334
6.43339413338001 43.8664071423723 2.35618279169022
5.58133448752869 44.2350286912867 1.81704421836709
4.69393359928542 44.3916948929808 1.25010422892848
3.79214515528123 44.462073257277 0.671846176017227
2.89035671127704 44.5324516215732 0.0935881231059774
1.98856826727284 44.6028299858694 -0.484669929805272
1.08677982326865 44.6732083501656 -1.06292798271652
0.186038284453158 44.6859859171498 -1.63454310326566
-0.710246940272331 44.4535767686347 -2.17788155329703
-1.60653216499782 44.2211676201196 -2.72122000332839
-2.50281738972331 43.9887584716045 -3.26455845335975
-3.3991026144488 43.7563493230894 -3.80789690339111
-4.29538783917429 43.5239401745743 -4.35123535342247
-5.15110403655011 43.1033725912708 -4.82309651247622
-5.98682594112915 42.5900718298972 -5.2597303570615
-6.82254784570819 42.0767710685236 -5.69636420164678
-7.65826975028724 41.5634703071501 -6.13299804623207
-8.49399165486628 41.0501695457765 -6.56963189081735
-9.31316948279682 40.5022911785643 -6.98103204980461
-10.0374156124888 39.7560027753599 -7.24763859609703
-10.7616617421809 39.0097143721555 -7.51424514238946
-11.4859078718729 38.2634259689511 -7.78085168868189
-12.2101540015649 37.5171375657467 -8.04745823497432
-12.934400131257 36.7708491625423 -8.31406478126674
-13.5631721170955 35.9238907032861 -8.44511738496537
-14.1343665948048 35.0162212416919 -8.49442159148941
-14.7055610725142 34.1085517800978 -8.54372579801344
-15.2767555502235 33.2008823185036 -8.59303000453749
-15.8479500279329 32.2932128569095 -8.64233421106152
-16.4019639598277 31.3785298868112 -8.66846629859722
-16.7942012481788 30.3978058329485 -8.47640347694962
-17.18643853653 29.4170817790858 -8.28434065530201
-17.5786758248812 28.4363577252231 -8.09227783365441
-17.9709131132324 27.4556336713604 -7.9002150120068
-18.3631504015835 26.4749096174977 -7.70815219035919
-18.6547570138184 25.5038962286627 -7.38697048087276
-18.8659160908905 24.5406458709075 -6.96256680497953
-19.0770751679627 23.5773955131523 -6.53816312908629
-19.2882342450349 22.6141451553971 -6.11375945319306
-19.4993933221071 21.6508947976419 -5.68935577729983
-19.7105523991793 20.6876444398866 -5.2649521014066
-19.7623822682136 19.8041851471291 -4.6574779803601
-19.8133664560337 18.9211493662032 -4.04903216530827
-19.8643506438539 18.0381135852773 -3.44058635025644
-19.9153348316741 17.1550778043514 -2.83214053520461
-19.9663190194942 16.2720420234254 -2.22369472015278
-19.9640336490677 15.4173225748377 -1.57990753025229
-19.8795264480381 14.6063095273812 -0.881570750835191
-19.7950192470086 13.7952964799246 -0.183233971418093
-19.710512045979 12.9842834324681 0.515102807999005
-19.6260048449494 12.1732703850116 1.2134395874161
-19.5414976439199 11.3622573375551 1.9117763668332
-19.3494629869366 10.5349713829673 2.56461068132778
-19.1180777384572 9.70173021893741 3.20079297989437
-18.8866924899777 8.86848905490755 3.83697527846097
-18.6553072414982 8.03524789087768 4.47315757702756
-18.4239219930188 7.20200672684781 5.10933987559415
-18.1872939694736 6.36590877080218 5.73717163815115
-17.7848667495561 5.43946670987419 6.10092337776244
-17.3824395296387 4.51302464894619 6.46467511737373
-16.9800123097213 3.5865825880182 6.82842685698502
-16.5775850898039 2.6601405270902 7.19217859659632
-16.1751578698864 1.73369846616221 7.55593033620761
-15.7376218705336 0.804626116106462 7.7891100486259
-15.2164404718534 -0.13071280282395 7.71120662083845
-14.6952590731732 -1.06605172175436 7.63330319305101
-14.1740776744929 -2.00139064068477 7.55539976526356
-13.6528962758127 -2.93672955961518 7.47749633747612
-13.1317148771325 -3.8720684785456 7.39959290968867
-12.6089107534322 -4.7392711391 7.12186031568991
-12.0842843804114 -5.52995975754397 6.61972829614581
-11.5596580073906 -6.32064837598793 6.11759627660171
-11.0350316343698 -7.1113369944319 5.6154642570576
-10.510405261349 -7.90202561287587 5.1133322375135
-9.9857788883282 -8.69271423131983 4.6112002179694
-9.46476089781015 -9.42195201348248 4.02960579770317
-8.94769229948533 -10.0839315565608 3.36103939349974
-8.43062370116051 -10.745911099639 2.69247298929631
-7.91355510283569 -11.4078906427173 2.02390658509288
-7.39648650451087 -12.0698701857956 1.35534018088945
-6.87941790618604 -12.7318497288738 0.686773776686016
-6.32483062779503 -13.420699482751 0.0917208767188412
-5.68862687515635 -14.1680015026415 -0.343414003350824
-5.05242312251767 -14.915303522532 -0.778548883420489
-4.41621936987899 -15.6626055424226 -1.21368376349015
-3.7800156172403 -16.4099075623131 -1.64881864355982
-3.14381186460162 -17.1572095822036 -2.08395352362948
-2.49274202581802 -17.9161573241829 -2.41170633047009
-1.78509383330652 -18.719427141074 -2.33077719749396
-1.07744564079502 -19.522696957965 -2.24984806451784
-0.369797448283516 -20.325966774856 -2.16891893154171
0.337850744227986 -21.1292365917471 -2.08798979856558
1.04549893673949 -21.9325064086381 -2.00706066558945
1.74400032846506 -22.7084423355426 -1.84063200073752
2.40331380168775 -23.3672708411498 -1.30789507515081
3.06262727491045 -24.026099346757 -0.775158149564097
3.72194074813315 -24.6849278523643 -0.242421223977386
4.38125422135585 -25.3437563579715 0.290315701609325
5.04056769457855 -26.0025848635787 0.823052627196036
5.70140760215044 -26.6273374051888 1.38662358976703
6.36796596325179 -27.1244317761796 2.06570755013742
7.03452432435314 -27.6215261471705 2.7447915105078
7.70108268545449 -28.1186205181613 3.42387547087819
8.36764104655584 -28.6157148891521 4.10295943124858
9.03419940765719 -29.112809260143 4.78204339161896
9.74517696564945 -29.570953730736 5.43621167061011
10.5559536505205 -29.9415872528251 6.03440047628154
11.3667303353915 -30.3122207749141 6.63258928195298
12.1775070202626 -30.6828542970032 7.23077808762441
12.9882837051336 -31.0534878190922 7.82896689329585
13.7990603900046 -31.4241213411813 8.42715569896728
14.7066263682977 -31.688214642874 8.91330474991893
15.6805060002454 -31.8793135975077 9.32269153484562
16.6543856321931 -32.0704125521414 9.7320783197723
17.6282652641407 -32.2615115067751 10.141465104699
18.6021448960884 -32.4526104614088 10.5508518896257
19.576024528036 -32.6437094160425 10.9602386745524
20.6321660543213 -32.6017716048507 11.1467657460766
21.6887323634772 -32.5586304415221 11.3321420175915
22.745298672633 -32.5154892781936 11.5175182891063
23.8018649817888 -32.472348114865 11.7028945606212
24.8584312909446 -32.4292069515364 11.888270832136
25.9045605730328 -32.275052652418 11.9778698600163
26.9379468264387 -31.9853574981943 11.9505302084381
27.9713330798445 -31.6956623439706 11.9231905568598
29.0047193332503 -31.405967189747 11.8958509052815
30.0381055866561 -31.1162720355233 11.8685112537032
31.0714918400619 -30.8265768812996 11.841171602125
32.0001629953503 -30.328471071176 11.6502976501508
32.9216261109158 -29.8160193614314 11.4481668521774
33.8430892264813 -29.3035676516868 11.246036054204
34.7645523420468 -28.7911159419422 11.0439052562305
35.6860154576123 -28.2786642321975 10.8417744582571
36.5330025031181 -27.6874613874085 10.583323839905
37.2858818146705 -26.9967488496491 10.2537076690708
38.038761126223 -26.3060363118896 9.92409149823649
38.7916404377754 -25.6153237741302 9.59447532740222
39.5445197493278 -24.9246112363707 9.26485915656795
40.2973990608803 -24.2338986986113 8.93524298573368
40.8633855870187 -23.4200893703016 8.52575332404867
41.4219252865594 -22.6013751953337 8.11308106740794
41.9804649861001 -21.7826610203659 7.70040881076722
42.5390046856409 -20.9639468453981 7.28773655412649
43.0975443851816 -20.1452326704303 6.87506429748577
43.5591180128635 -19.286654850527 6.43850888611682
43.9219707470551 -18.3874919623583 5.97763810000967
44.2848234812467 -17.4883290741896 5.51676731390252
44.6476762154382 -16.5891661860209 5.05589652779537
45.0105289496298 -15.6900032978521 4.59502574168821
45.3663860012869 -14.7892798295459 4.13318714611219
45.5449169895495 -13.8489988868932 3.64681658494377
45.7234479778121 -12.9087179442405 3.16044602377534
45.9019789660747 -11.9684370015877 2.67407546260692
46.0805099543373 -11.028156058935 2.1877049014385
46.2590409425998 -10.0878751162823 1.70133434027008
46.33800885418 -9.14149058234415 1.20766708651824
46.3475951186171 -8.19085269233292 0.708915050666404
46.3571813830542 -7.24021480232168 0.210163014814571
46.3667676474913 -6.28957691231045 -0.288589021037262
46.3763539119284 -5.33893902229921 -0.787341056889095
46.3628989221415 -4.39036174483478 -1.28676450538638
46.2137500294406 -3.45391976851985 -1.79014201825191
46.0646011367397 -2.51747779220491 -2.29351953111745
45.9154522440388 -1.58103581588998 -2.79689704398299
45.7663033513379 -0.644593839575041 -3.30027455684852
45.617154458637 0.291848136739893 -3.80365206971406
45.3585484502888 1.20326869075428 -4.30328911456108
45.053489730259 2.10407035618277 -4.8013387351334
44.7484310102291 3.00487202161126 -5.29938835570571
44.4433722901993 3.90567368703975 -5.79743797627802
44.1383135701694 4.80647535246824 -6.29548759685033
43.7925993788761 5.69264592227263 -6.78764138511325
43.3287484346738 6.53630142399838 -7.26266305159565
42.8648974904715 7.37995692572413 -7.73768471807806
42.4010465462692 8.22361242744988 -8.21270638456046
41.9371956020669 9.06726792917563 -8.68772805104287
41.4733446578646 9.91092343090138 -9.16274971752527
40.8786766302817 10.6895716800822 -9.59523286782064
40.2524011775908 11.452513174356 -10.0174380564779
39.6261257248999 12.2154546686299 -10.4396432451352
38.999850272209 12.9783961629038 -10.8618484337926
38.3735748195181 13.7413376571777 -11.2840536224499
37.6936153522519 14.4682758664254 -11.6735358374595
36.9105890307393 15.1260920966346 -12.0001938769275
36.1275627092268 15.7839083268438 -12.3268519163956
35.3445363877142 16.4417245570529 -12.6535099558636
34.5615100662016 17.0995407872621 -12.9801679953317
33.7784837446891 17.7573570174713 -13.3068260347997
32.8794727039814 18.3027572550284 -13.5078129935816
31.9625172910604 18.8307652496341 -13.6893569717369
31.0455618781393 19.3587732442399 -13.8709009498922
30.1286064652183 19.8867812388456 -14.0524449280475
29.2116510522973 20.4147892334514 -14.2339889062028
28.2624314426271 20.8880683867202 -14.3441728025532
27.2587587459393 21.2689803137764 -14.3339205146614
26.2550860492515 21.6498922408326 -14.3236682267697
25.2514133525637 22.0308041678888 -14.3134159388779
24.247740655876 22.411716094945 -14.3031636509861
23.2440679591882 22.7926280220012 -14.2929113630943
22.2244798636995 23.0444657426031 -14.0912522463416
21.2022438494039 23.2748287880782 -13.8577478866101
20.1800078351082 23.5051918335532 -13.6242435268785
19.1577718208126 23.7355548790283 -13.390739167147
18.135535806517 23.9659179245034 -13.1572348074154
17.1316424372547 24.154972424016 -12.8514222236971
16.1668318235146 24.2560106205426 -12.3915421848671
15.2020212097745 24.3570488170693 -11.9316621460371
14.2372105960343 24.4580870135959 -11.4717821072072
13.2723999822942 24.5591252101225 -11.0119020683772
12.3075893685541 24.6601634066492 -10.5520220295472
11.428740227301 24.7026836425513 -9.94560037496985
10.5781832528341 24.7259440885258 -9.29094804548802
9.72762627836721 24.7492045345003 -8.6362957160062
8.8770693039003 24.7724649804747 -7.98164338652437
8.02651232943339 24.7957254264492 -7.32699105704255
7.19280486314694 24.818149581658 -6.65377454825249
6.45995434278613 24.8355679093003 -5.86943750059615
5.72710382242533 24.8529862369426 -5.08510045293981
4.99425330206452 24.8704045645848 -4.30076340528347
4.26140278170372 24.8878228922271 -3.51642635762713
3.52855226134291 24.9052412198694 -2.73208930997079
2.82189016281897 24.948734144528 -1.92627052589229
2.14319138519846 25.0200688508845 -1.0975140981147
1.46449260757796 25.091403557241 -0.268757670337105
0.785793829957448 25.1627382635975 0.559998757440489
0.107095052336941 25.234072969954 1.38875518521808
-0.571603725283567 25.3054076763105 2.21751161299568
-1.28553373526869 25.4238061947039 3.00972060615295
-2.00864314047947 25.5544670525762 3.79240727141116
-2.73175254569026 25.6851279104484 4.57509393666937
-3.45486195090104 25.8157887683206 5.35778060192757
-4.17797135611183 25.9464496261929 6.14046726718578
-4.91571759665001 26.077753368678 6.90708101690803
-5.75716371372852 26.2136118563313 7.55982046802408
-6.59860983080703 26.3494703439846 8.21255991914012
-7.44005594788553 26.4853288316379 8.86529937025617
-8.28150206496404 26.6211873192912 9.51803882137222
-9.12294818204255 26.7570458069445 10.1707782724883
-10.028132042032 26.8562398906985 10.7262047868478
-10.9969911012937 26.9188055480624 11.1844138542639
-11.9658501605555 26.9813712054263 11.64262292168
-12.9347092198172 27.0439368627902 12.1008319890961
-13.9035682790789 27.1065025201541 12.5590410565122
-14.8724273383406 27.169068177518 13.0172501239283
-15.9119658707335 27.1066779673102 13.2665225452695
-16.9579804678496 27.032838573201 13.4966509749668
-18.0039950649657 26.9589991790917 13.726779404664
-19.0500096620817 26.8851597849825 13.9569078343613
-20.0960242591978 26.8113203908733 14.1870362640586
-21.1420553382752 26.6771509235513 14.3350060239229
-22.1881157339734 26.435671783633 14.336839379649
-23.2341761296716 26.1941926437147 14.338672735375
-24.2802365253699 25.9527135037963 14.3405060911011
-25.3262969210681 25.711234363878 14.3423394468272
-26.3723573167663 25.4697552239597 14.3441728025532
-27.3568643086317 25.0878530659182 14.180881783033
-28.3282896437859 24.6761074613236 13.9824976531868
-29.29971497894 24.2643618567289 13.7841135233406
-30.2711403140942 23.8526162521342 13.5857293934944
-31.2425656492483 23.4408706475395 13.3873452636482
-32.1744125657252 22.9825683058198 13.1411345889798
-33.017139545902 22.4194327346385 12.7872314200062
-33.8598665260789 21.8562971634571 12.4333282510326
-34.7025935062557 21.2931615922758 12.079425082059
-35.5453204864325 20.7300260210945 11.7255219130855
-36.3880474666094 20.1668904499131 11.3716187441119
-37.1040260137273 19.5046793161709 10.931831453697
-37.7895299429421 18.8186470602284 10.4713947104903
-38.4750338721569 18.1326148042859 10.0109579672836
-39.1605378013716 17.4465825483434 9.55052122407691
-39.8460417305864 16.7605502924009 9.09008448087022
-40.4788926906444 16.0447451864642 8.60948777468006
-40.9989637525681 15.2651681975113 8.08570948522737
-41.5190348144918 14.4855912085585 7.56193119577468
-42.0391058764155 13.7060142196056 7.03815290632199
-42.5591769383392 12.9264372306528 6.5143746168693
-43.0792480002629 12.1468602417 5.9905963274166
-43.4622516362741 11.3102362606742 5.441306148698
-43.8198460475675 10.463037047558 4.88728663824344
-44.1774404588609 9.61583783444187 4.33326712778888
-44.5350348701543 8.76863862132571 3.77924761733432
-44.8926292814477 7.92143940820955 3.22522810687976
-45.1905814965356 7.05700529272585 2.66836986706192
-45.3890100208419 6.1638116545718 2.10677469867103
-45.5874385451482 5.27061801641775 1.54517953028014
-45.7858670694544 4.3774243782637 0.983584361889252
-45.9842955937607 3.48423074010965 0.421989193498364
-46.182724118067 2.59103710195561 -0.139605974892523
-46.233173150337 1.67338969676689 -0.692508185939361
-46.2689683407349 0.753320728763111 -1.24454956674163
-46.3047635311327 -0.166748239240663 -1.79659094754389
-46.3405587215305 -1.08681720724444 -2.34863232834616
-46.3763539119284 -2.00688617524821 -2.90067370914842
-46.3346895778672 -2.92982887970794 -3.44033392570563
-46.195400362329 -3.85639345227062 -3.96438973853831
-46.0561111467909 -4.7829580248333 -4.48844555137099
-45.9168219312527 -5.70952259739599 -5.01250136420367
-45.7775327157146 -6.63608716995867 -5.53655717703635
-45.6382435001764 -7.56265174252135 -6.06061298986903
-45.3130394630811 -8.47019809347105 -6.53168390355431
-44.9816665631864 -9.37711339844586 -7.0009967187161
-44.6502936632918 -10.2840287034207 -7.47030953387789
-44.3189207633972 -11.1909440083955 -7.93962234903968
-43.9875478635025 -12.0978593133703 -8.40893516420147
-43.5576316323848 -12.9779535570803 -8.83288706355893
-43.0217459818907 -13.8292055417147 -9.20805971169248
-42.4858603313966 -14.6804575263492 -9.58323235982604
-41.9499746809024 -15.5317095109837 -9.95840500795959
-41.4140890304083 -16.3829614956182 -10.3335776560931
