1.0275029640546121 -2.5420187135126038 -0.56231271663202431
1.0000002121788591 -2.571474733747221 -0.56412890037492991
0.97200540859074258 -2.6005045834580538 -0.565086024076496
0.94353660935678663 -2.6290856096584005 -0.56519056162666215
0.91461207097596509 -2.6571958121489279 -0.56445079613816329
0.88525101828307939 -2.6848149262810406 -0.56287797584859722
0.85547175287969623 -2.7119225081797089 -0.5604828942434229
0.82529314720118985 -2.7384997308637904 -0.55727878622008431
0.7947335434770707 -2.764528155803069 -0.5532792145048363
0.7638114551155063 -2.7899907957740231 -0.54849958980607882
0.73254469274948142 -2.8148708618544567 -0.54295523163921677
0.70095130011405016 -2.8391534170625476 -0.53666360714310968
0.66904859725637034 -2.8628237883152439 -0.52964205189743074
0.63685354793606597 -2.8858682684343577 -0.52190877166957617
0.60438288377409455 -2.9082744462481211 -0.5134830034209672
0.57165271883916002 -2.9300304876408805 -0.50438424678714866
0.53867862209598683 -2.9511251764922277 -0.49463225833545837
0.50547573105903509 -2.9715482940333025 -0.48424745468295499
0.47205871668346838 -2.9912905534077732 -0.47325074847414317
0.43844163747899073 -3.0103431736348436 -0.46166315114002299
0.40463801162722435 -3.0286980291541941 -0.4495059158461932
0.37066081420655822 -3.0463476008928803 -0.43680046501699649
0.33652247497899068 -3.0632849181923123 -0.42356836978743173
0.302234897079243 -3.0795035255120191 -0.40983127760375876
0.26780938943486665 -3.0949970405812968 -0.39561067354093316
0.23325686362232123 -3.1097599848585626 -0.38092838408382607
0.19858761095463751 -3.1237864295951909 -0.36580577743293347
0.16381185042041385 -3.1370734038941688 -0.35026565891984618
0.1289387272033671 -3.1496138005459895 -0.33432833648786375
0.093977367481814983 -3.161403150137271 -0.31801546431027566
0.058936530945662174 -3.1724374708746783 -0.30134874787240268
0.023824562903864931 -3.1827121700056571 -0.28434942321082929
-0.011350553524848778 -3.192221934867046 -0.26703835781181834
-0.046580952675167611 -3.2009631223822796 -0.24943698607269002
-0.081859101857031533 -3.2089307266639713 -0.23156612241482114
-0.11717761385531482 -3.2161198765072374 -0.21344659558414447
-0.15252920467687361 -3.2225264648933116 -0.19509940324325389
-0.18790673875243935 -3.2281445423268971 -0.17654499305156149
-0.2233030592039765 -3.2329700137864554 -0.15780428698332949
-0.25871104204147838 -3.2369972329535432 -0.13889780898285778
-0.29412350014013317 -3.2402207560317153 -0.11984616561952666
-0.32953314704929576 -3.2426356702511456 -0.1006700534236093
-0.36493253781416501 -3.2442351220679493 -0.081389941496069165
-0.40031405218087218 -3.2450143604680433 -0.062026620483709841
-0.43566981559207185 -3.2449670018086607 -0.042600753094930568
-0.47099163884416673 -3.2440865261642209 -0.023133108258179304
-0.50627105519854587 -3.2423673576792313 -0.0036445989060047276
-0.54149915608635291 -3.2398027826678821 0.015843802197575897
-0.57666660550731719 -3.2363860535195483 0.035310935332880704
-0.61176359329232888 -3.2321106880732309 0.054735494849092237
-0.64677998382101842 -3.2269718760693551 0.074096144937981737
-0.68170472920208203 -3.2209612795392397 0.093371101524190356
-0.71652641285456509 -3.2140730134342252 0.1125385107172176
-0.75123296452754973 -3.2063011160652355 0.13157633087960224
-0.78581164617760324 -3.1976396861226681 0.15046225674227018
-0.8202490058400449 -3.188083018015321 0.16917376033188422
-0.85453088346863593 -3.1776257930262157 0.18768806111938921
-0.88864238288102881 -3.166263170405156 0.20598217361897564
-0.92256786830986337 -3.1539908785691058 0.22403289052389361
-0.95629096265230218 -3.1408053273746881 0.24181682746578248
-0.98979448685958049 -3.1267034688210371 0.2593103594402818
-1.0230605531859602 -3.1116832334920828 0.27648974363231177
-1.0560707707160422 -3.0957442791169929 0.29333143743680073
-1.0888060146064265 -3.0788869614000909 0.30981173721211064
-1.1212460802385562 -3.0611115108960107 0.32590639872664889
-1.1533718212465982 -3.0424241352991204 0.34159331688881878
-1.1851617573660103 -3.0228269802478036 0.35684818132098184
-1.2165957405311019 -3.0023283160059129 0.37164909985995515
-1.2476525796143216 -2.9809358231444163 0.38597356214974637
-1.2783120414208489 -2.9586612286118443 0.39980086619985861
-1.3085539069917993 -2.9355176089101227 0.41311087058965917
-1.338358419159281 -2.9115201141379412 0.42588446451922884
-1.3677069709288165 -2.8866868409767918 0.43810428477130864
-1.3965824120708661 -2.8610387764676641 0.44975497838911999
-1.4249688905289313 -2.8345989434384293 0.46082280960028221
-1.4528529745799872 -2.8073936723818504 0.47129688949916226
-1.4802232950120693 -2.7794513445264108 0.48116852889510325
-1.507071551854267 -2.7508032497131407 0.49043232070414811
-1.5333903146900922 -2.7214803006196977 0.4990838951248398
-1.5591726310788985 -2.6915126071064748 0.50711971733078753
-1.5844149643006087 -2.6609325727397604 0.51453959809608718
-1.6091182232963883 -2.6297752955161871 0.52134743335750078
-1.6332937390603872 -2.598083505474357 0.52755674950771214
-1.6569656161235942 -2.5659076372206098 0.53319123943778579
-1.6801816052730967 -2.5333130417602234 0.53829167339476569
-1.7029037024770997 -2.5002907439553139 0.54283098441911459
-1.7249171005878359 -2.4667027939790382 0.54664789984434448
-1.7459951767909152 -2.4324336091153347 0.5495768430247564
-1.7659378668181218 -2.3974211988296239 0.551479021697316
-1.7847586362324193 -2.3617530965403652 0.55238914911610038
-1.8025815121760076 -2.3255642290979979 0.55241763971321567
-1.8193952144039529 -2.2889062471387187 0.55154190679002335
-1.8351369833341746 -2.251810621900058 0.54970716702438471
-1.8497175788576297 -2.2143060159569643 0.54687074127932156
-1.8631292503603112 -2.1764547111578443 0.54304052844527984
-1.8754727575023449 -2.1383458392451304 0.53828208013280909
-1.8867404144216615 -2.1000313998750362 0.53259745384752066
-1.8968535343318746 -2.0615503618147106 0.52594948695604782
-1.905819659632104 -2.0229621199669934 0.51834489415010354
-1.9136692342772488 -1.9843269076779457 0.50980200288436139
-1.9203877014241972 -1.9456972215833568 0.50032140571182149
-1.9259951969511475 -1.9071207302853688 0.48994309008525766
-1.9305886767670739 -1.868629693088836 0.47877761321833423
-1.9341340457133684 -1.8302812668550608 0.46677364037360397
-1.9364533148351253 -1.792184535290742 0.4537171970067293
-1.9375927938675006 -1.7543837537383686 0.43967830474069103
-1.9377301887014862 -1.7168579064739733 0.42487565702102381
-1.936873849497817 -1.6796629332332949 0.40928425153266473
-1.9349839395856783 -1.6428825347026292 0.39282463976098864
-1.9320979774243421 -1.6065255414107653 0.37558629532257465
-1.9282518869320293 -1.5706120397255661 0.35762162631319561
-1.9234049866445471 -1.5352793415068537 0.33877063641660882
-1.9175659168131378 -1.5006087525542906 0.31899329030789314
-1.9108432804496218 -1.4665206484568445 0.29849566566496155
-1.9034167223769549 -1.4328137031123906 0.27761248096661512
-1.8955283223121564 -1.3991773023305534 0.25678451764820026
-1.8872218339140343 -1.3655475257114342 0.23610906180080152
-1.8783790060508405 -1.33207299734984 0.21540441565145199
-1.868966329685354 -1.2987964137600376 0.19463194460748945
-1.859001237129807 -1.2656941447258305 0.17383860493823916
-1.8484722320070712 -1.2327825371319003 0.1530206115474296
-1.8373568329653311 -1.2000950703027649 0.13215443149884307
-1.8256436819365276 -1.167651590405125 0.11123456149816828
-1.8133303026206251 -1.1354648883590963 0.0902628141738121
-1.8004124602733855 -1.1035473335837553 0.069243385267070884
-1.7868908933818237 -1.0719082207316704 0.048182734360946042
-1.7727708493969043 -1.0405522701126231 0.027091348605191704
-1.7580580411256121 -1.0094828953076049 0.0059810235414043565
-1.7427632053848852 -0.97869966019275867 -0.01513484930447536
-1.7268966420980978 -0.94820152558412518 -0.036242594363430782
-1.710472779157246 -0.9179844179675376 -0.057328265157548179
-1.6935056911539528 -0.88804377658802347 -0.078378202598535035
-1.6760116914541854 -0.85837327611799674 -0.099379320179986672
-1.6580070847724999 -0.82896630765737611 -0.12031950928627139
-1.6395089694286562 -0.79981583318947547 -0.14118810671186299
-1.6205323045529321 -0.77091449389403166 -0.16197340569110885
-1.6010889952867509 -0.74225482613819693 -0.18266186010264068
-1.5811956980423549 -0.71382933902698975 -0.20324537854787356
-1.5608753964366027 -0.68563008007598591 -0.22372272733181536
-1.5401367326419242 -0.65764978448622957 -0.24408065262720691
-1.5189799737454408 -0.62988111254940715 -0.26429766837031871
-1.4974880179782208 -0.6023119404916828 -0.28443425575858261
-1.4757822015153081 -0.57492383434695304 -0.3045885570118016
-1.4535817301653502 -0.54769775641258878 -0.32441900130606433
-1.4303730343943299 -0.52064031581232184 -0.34329936302960823
-1.4059615671524839 -0.49381547188381442 -0.36095442660525739
-1.380361339033557 -0.46729260365510589 -0.37733644662615323
-1.3537600003475116 -0.44101943131545673 -0.39248086377473251
-1.326340102810518 -0.41493699945746765 -0.40644975757295093
-1.298003032944647 -0.38922491091708961 -0.4192218354775743
-1.2686834046688964 -0.36402265236519132 -0.43072964223731003
-1.2385878264975674 -0.33913969209092737 -0.44084554655277253
-1.207878311945318 -0.31445859882129656 -0.44950681672528386
-1.1765488638952151 -0.29011494998556075 -0.45679451903067803
-1.1445542723913242 -0.26628211397972812 -0.46275925543122243
-1.1118392562150281 -0.24314021952991871 -0.46738442466811531
-1.078524924265257 -0.22062427709275939 -0.47061403547744379
-1.0448610203893245 -0.19846737281156379 -0.47236414834186274
-1.010893126269373 -0.17671064160155436 -0.47259643168322635
-0.97655131675107432 -0.15558816660767932 -0.47129975434391497
-0.94184019493370008 -0.135236741562999 -0.46844676177129468
-0.90682465522963018 -0.11571256002129068 -0.46398718199730316
-0.87168894523139717 -0.096888040489611457 -0.4578007172258054
-0.83664497435249141 -0.078586735515610365 -0.44979183546920837
-0.80186685602487962 -0.060642937210822576 -0.44000979756489011
-0.76745204550367696 -0.043006048959487383 -0.42853107603736923
-0.73335938834007297 -0.025879615427728778 -0.41543216827131391
-0.69957378988774066 -0.0093699881809273522 -0.40083027850227643
-0.66614201285973607 0.0066261561499044632 -0.38490127172132182
-0.63306812734835161 0.022036547602571028 -0.36769975367365754
-0.60032460089287265 0.036552463774084061 -0.34914315761605291
-0.56794434461920185 0.050069511534575499 -0.32924259344956586
-0.53599467860147176 0.062679559416364147 -0.30808931103789577
-0.50449677341625787 0.074452549721376715 -0.28580550334563271
-0.47344214887091218 0.085411889800762239 -0.26250756662308872
-0.44288015389269025 0.095348550521398748 -0.2381266804457087
-0.41289098063122798 0.10399752938729291 -0.21257233334306086
-0.38342567446880699 0.11148782048019254 -0.18605845192760651
-0.35433836679756042 0.11811244796646017 -0.15890279042971076
-0.32538834959280366 0.1241928374692748 -0.13147348927824215
-0.29635654531745192 0.12999411496002511 -0.10407007505401031
-0.26724861109343068 0.1355029491086511 -0.076687129012999747
-0.23811497342274068 0.14065492331080881 -0.049262117274240881
-0.20895909597471321 0.14544627103852145 -0.0217953863910588
-0.17977825024216285 0.14988083598087515 0.0057047271026794645
-0.15058083485524096 0.15395129142155609 0.033243519435400389
-0.12137591530038111 0.1576504958278806 0.06082668610669504
-0.092168997076886874 0.16097632055264288 0.088455245813597941
-0.062965530300415018 0.16392818404246884 0.11612989823476143
-0.033772043134682794 0.16650522973734663 0.14385247845272553
-0.0045955000993311602 0.1687077349796281 0.17162514022767711
0.024556644771316812 0.17053902549954661 0.19945033421320463
0.053677303983289085 0.17200306758845574 0.22733019318319722
0.082760096629342805 0.1731038130279958 0.25526623695804257
0.1117994529356664 0.1738445014771976 0.28325927752141322
0.14079151982531737 0.17422808738627793 0.31130844969664517
0.16975076286484114 0.17422847319140899 0.33939406950604167
0.198716166265995 0.17377937404633384 0.36746966981530887
0.2276393511027856 0.17295932555119303 0.39558058891882503
0.25636387595077242 0.17202935198601421 0.42389101798348766
0.28504562368229275 0.17074941570229002 0.45223028161196366
0.31421259192022982 0.16823330090496186 0.47997918779387083
0.34401047338523166 0.16418222847059119 0.50686277458604778
0.37435031975385524 0.15859368704876156 0.53285257473460468
0.40513298714464557 0.15166904459504271 0.5579866391304027
0.4363359239161439 0.14356656940190637 0.58223523183640646
0.46791408438147086 0.13431097331380795 0.60556776046711247
0.49980325677964305 0.12384717206962775 0.6279471489734435
0.53197639877386671 0.11225469151871612 0.64934281415676454
0.56443085754323241 0.099657932216399195 0.66972179664649678
0.59714820904173815 0.086025373096055291 0.68898216060281803
0.63007869543180683 0.071288014081241344 0.70702716427859769
0.663109420000217 0.055464910170316191 0.72393471933882403
0.69618846954360947 0.038655379011146879 0.73976172046494437
0.72950048534231704 0.021147760831506608 0.75428894209507691
0.76314671655490662 0.0031136146479511743 0.76732469457303432
0.79691380665999201 -0.015677414650337375 0.7788959678587728
0.83068656532238472 -0.035332873577718131 0.78890371567842543
0.86460195253649308 -0.05555286103563456 0.79713463122599737
0.89859458568510364 -0.076291127412278226 0.80355284081258016
0.93236951580653249 -0.097819685718847457 0.80831056525965628
0.96575437657852059 -0.12023852414005248 0.8114613086196939
0.99875032007163578 -0.14339368805469174 0.81297948554378341
1.0312884060941914 -0.16723616605961494 0.812944161396293
1.0632127792570296 -0.19184675503121409 0.81141467347716933
1.0944087755207037 -0.21725144168447175 0.80848053191469649
1.1248182899519372 -0.24341372883823614 0.80423458050200214
1.1545563811188408 -0.27010879651799896 0.79872965339825663
1.1836789574021576 -0.29719115981008187 0.79197186931327934
1.2117802464352123 -0.3249558788260612 0.78382061850690621
1.2387708733625971 -0.35338746488151457 0.77432057991964809
1.2650819658483321 -0.38195709183338533 0.76342121602933855
1.290877012343111 -0.41051131797274532 0.7513146361806825
1.3155221461150022 -0.43966963341743459 0.7382925737397289
1.3388041544697364 -0.46952371857249553 0.72436777108242878
1.3610135488755253 -0.49961954682889725 0.70926067698483852
1.3822411842258799 -0.52979012126067992 0.69293941467832454
1.402410283619913 -0.56008753747485562 0.6755459260286063
1.4213744904686407 -0.59054189642026333 0.65710393208801854
1.4389978078566596 -0.62113865017129399 0.63759815256663599
1.4554004867034898 -0.65176210455003092 0.61709377066625504
1.4707016682794156 -0.68230650369561796 0.59564200518792276
1.4847379163019372 -0.71274735214599139 0.57320213781644724
1.497355669160481 -0.74308202137101187 0.5497966202089497
1.5085605759437761 -0.77334922683196439 0.52559753355974115
1.5184043819332393 -0.80355057335019375 0.50073286229503267
1.5269790317413465 -0.83362603071463837 0.47525253303225723
1.5345765079200766 -0.86359992373320005 0.44934409360189531
1.5416860954957168 -0.89360118271504263 0.42332823529621411
1.5484677032727892 -0.92368740367902236 0.39732305206488377
1.5547745429184083 -0.95383457871405031 0.37126923905420822
1.5605409605495928 -0.98403594126241722 0.34515304233640431
1.5657718525113309 -1.0143011008792335 0.31899797221714216
1.5704577712905354 -1.0446351332432839 0.29281941592126354
1.5745806017741086 -1.0750398947525543 0.26662820726299619
1.5781295970780016 -1.1055204004838344 0.24044101084223274
1.5810966595163674 -1.1360832190204329 0.21427738255402176
1.5834690331835841 -1.1667334494357198 0.18815539463084169
1.5852313845444483 -1.1974753559377878 0.16209295744104393
1.5863697390682743 -1.2283131936146876 0.13610928117029522
1.5868707321762685 -1.2592509637576588 0.11022451365427365
1.5867213435912775 -1.2902927372217019 0.084460170243356017
1.5859129567255275 -1.3214416094623358 0.058837759488560515
1.5844319267955438 -1.3527013509628905 0.033380987612933927
1.5822707025337228 -1.384074319373209 0.0081129039293377919
1.5794185963184348 -1.4155630626433238 -0.016941698551829167
1.5758672323695131 -1.4471692356344381 -0.041757904044875616
1.5716090892535497 -1.4788939356589874 -0.066310219533364287
1.5666358519118759 -1.5107377931516119 -0.090572084304106792
1.5609416247988124 -1.5427004613508868 -0.11451709764325374
1.5545203490162158 -1.5747809103261485 -0.13811815300017455
1.5473667406781662 -1.6069772517815217 -0.16134781760197811
1.5394760363094331 -1.6392866663827441 -0.18417832732300271
1.5308446458747351 -1.6717052669573105 -0.20658200489769846
1.521469621455211 -1.7042281412951976 -0.22853104591874115
1.5113485767042933 -1.7368493299286176 -0.2499975102051499
1.5004804275187227 -1.7695614805996376 -0.27095420382596258
1.48886503098831 -1.8023560309874858 -0.2913743439310455
1.4765017575642849 -1.8352236380427476 -0.31123004318711023
1.4633917647362957 -1.8681534131907047 -0.33049493327253426
1.4495503774094214 -1.9011297997205199 -0.34915916189443064
1.4350024229798592 -1.9341359503616118 -0.36722385584183892
1.4197666257636157 -1.9671554347067359 -0.38468725296701634
1.4039483001891955 -2.0001591346448735 -0.40165677832086533
1.3878524841861488 -2.0330934471407018 -0.41850039777295028
1.3713751556163079 -2.0659726879894054 -0.43507785627247098
1.3536954930732983 -2.0988736101204939 -0.45030250302131686
1.3348470650531967 -2.1317643974267169 -0.46408428951859776
1.3150827568547729 -2.1645976975335661 -0.47668186927480866
1.2947104369541724 -2.197330677322308 -0.4885528146314802
1.2737769290648999 -2.2299080246802356 -0.49986102740624455
1.2518664399939747 -2.2622395767084216 -0.5099368598454137
1.2289028814623719 -2.2942762928453768 -0.51849939489164243
1.2052526453294345 -2.3260622564696711 -0.52609888869277621
1.1813659056675438 -2.3577253455459113 -0.53346837347011544
1.1570760326143317 -2.3891973773514663 -0.54031662983303275
1.13225102294863 -2.4204084561208852 -0.54639586348858649
1.1068787608547233 -2.4513261330669494 -0.55165982209145659
1.0809586279710193 -2.4819198332545751 -0.55607914552135984
1.0544951339229576 -2.5121592442622904 -0.55963109705370273

-2.96765592160471 -1.257776970064939 -0.73524892992527435
-2.8948308106997973 -1.3398551069029776 -0.7595515119489159
-2.8175046858565271 -1.4189475561186418 -0.77943477371761805
-2.7349865296647971 -1.4939488098113189 -0.79342596843991275
-2.6485514249539261 -1.5652277971727491 -0.80218666782259529
-2.5579796734805473 -1.6317212560032246 -0.80436306119717627
-2.4643454195258832 -1.6937200864523709 -0.80048211472935837
-2.3679428378444163 -1.7504403508842938 -0.78961813007479953
-2.2696410549380404 -1.8019199723387767 -0.77196889377165845
-2.1701025773210665 -1.8479275576608856 -0.74739284169412779
-2.0700725912633922 -1.8881017874506543 -0.71567512667638522
-1.9702003258253853 -1.922979395511774 -0.67774341209015221
-1.8711226236962217 -1.9518107573650827 -0.63321420403344708
-1.7729832312375038 -1.975808530561231 -0.58398407002164909
-1.6758495885875981 -1.9947643405120572 -0.53069590292603508
-1.5792331590027764 -2.0098220254915633 -0.47526083932246371
-1.4832093504961821 -2.020458654221843 -0.41786013915508868
-1.3901245226028609 -2.024396556536237 -0.35507499356206368
-1.301881537631187 -2.0210748472938986 -0.28560077886558499
-1.2186653078624676 -2.0124521034051481 -0.21058747632617117
-1.1426301664844265 -1.9991792168075184 -0.12892907143811946
-1.0733113938061474 -1.9839029365818801 -0.041821179416514358
-1.0111822224967473 -1.9688006679098322 0.050596208958600113
-0.95168847396290701 -1.9525706446805684 0.14457357152456943
-0.89080729041988382 -1.9331956833590422 0.23705624934610639
-0.82897290237316623 -1.9108140300728831 0.32822016360955608
-0.7647747126827763 -1.8840480533704806 0.4164538661481143
-0.69583417557249194 -1.850087212718964 0.49836297267860585
-0.6217841687348713 -1.8078355949670377 0.57153822048841485
-0.54346888298114349 -1.7595631378599639 0.63597269284703251
-0.46156140873346441 -1.7052871060387753 0.69046999780796525
-0.37726925677577694 -1.6451411222601084 0.73391580185613481
-0.29133665137985792 -1.5805904369420123 0.76658960898111372
-0.20487826595214254 -1.5121096250879686 0.78785361648402596
-0.11866521798762908 -1.4407343641271875 0.79740494698429754
-0.034688729281530009 -1.3663401752359119 0.79258831388057749
0.046519190540065647 -1.2909599931809492 0.77424788149486756
0.12511738462359007 -1.2183512977903819 0.7399964684000413
0.20108437045857144 -1.1486994736938503 0.69532034068948179
0.27168562450580264 -1.0820494886724017 0.63877580259794375
0.33857986488992703 -1.0200240823994118 0.5732401186537186
0.39740256852958 -0.96085257393953238 0.49802796809116195
0.45013582224592019 -0.90689838038419512 0.414801782601319
0.49472525089050579 -0.85820788275882509 0.32395096990214106
0.53302914503425747 -0.81018814475714551 0.22986611619268699
0.57563666540113667 -0.75537450123027106 0.14153136600220592
0.62332174803274398 -0.69350664047004085 0.0608156453222789
0.67687583140709251 -0.62576524450936521 -0.011027336258701281
0.73636844965919812 -0.55259313929002163 -0.071845727855961175
0.79903490113696596 -0.47210368680653764 -0.11879151762481008
0.86288346068928079 -0.38617564147948885 -0.15276955175453649
0.92652413687526936 -0.29648645678940638 -0.1757190179091814
0.98806379382428278 -0.20312705713769694 -0.18642936064960358
1.0471908008566342 -0.1075890275940727 -0.18647293456706399
1.1030051571211756 -0.010930046309892204 -0.17375576081639243
1.1547058125112111 0.086100184629017182 -0.15068625209737599
1.2019872067781803 0.1830745965116003 -0.11912852107357358
1.2472347765948755 0.2805517217900656 -0.086159517840699154
1.2897224946440871 0.37861665112212506 -0.05132133256526196
1.3296566647332857 0.47711031332306364 -0.014718806425427902
1.3660853612716455 0.5761222682634829 0.024071930755705517
1.3993571065712536 0.67556418084716352 0.064559357541036214
1.4287479147052589 0.77553786503080568 0.10670033361201024
1.4542734906465808 0.87608015710478504 0.14999324151618984
1.4758524551187462 0.97726626240921177 0.19392641961248849
1.4927520093083728 1.0793047605964357 0.23793786478661894
1.5055252077568526 1.1821658379745605 0.28141949581585585
1.5132534181263471 1.286086073494773 0.32353946991370625
1.5163331466129668 1.3909866085273499 0.3637830128794467
1.5142680043167585 1.496907315873476 0.40130602438939256
1.5070102584272993 1.6037210733061875 0.43551347292936493
1.4944270638948123 1.7112177297054425 0.46577680048968839
1.4763122831532924 1.8191152247921689 0.49148427347698032
1.452661095743836 1.9269996618041476 0.51221266557856671
1.4233686564594155 2.034410020415637 0.52753958943156209
1.3883703430412706 2.1407604591585452 0.53710729692701653
1.3478560323466955 2.2455151071656152 0.54089826668403351
1.3015799167358431 2.347882357554512 0.53846831264592288
1.2501258436041198 2.4474582772462035 0.53033183993677224
1.193017332072156 2.5431480665549699 0.51586638878724067
1.1312369411886318 2.6349230904201151 0.49612333003661352
1.0640939379593164 2.7212580367709132 0.47029468153675202
0.99276508129861196 2.8025250800366499 0.43971610020950291
0.91683052676903498 2.8772407610913744 0.40393522006319077
0.83716749402230117 2.9456767724933246 0.36398438526327509
0.75375872294628454 3.0067382513234087 0.31990515581603723
0.6672098721688916 3.0604233275012289 0.27244613169373227
0.57781466521651903 3.1061830308750129 0.22201790917176453
0.48599548177941837 3.1436470180851392 0.16918840255912032
0.39223913718670744 3.1729026093909547 0.11457667385763032
0.29688326379919933 3.1931569349609643 0.058692599232782396
0.20048498188756753 3.2051724215684567 0.0021961565828713045
0.10339969723739316 3.2077175632134209 -0.054330681355625077
0.0061333454715324365 3.2022312518816705 -0.11035218445630965
-0.09083835009669132 3.1870627141034578 -0.16508438045409621
-0.18714604063201448 3.1640355988853699 -0.21820631836445925
-0.28220015483489214 3.1319160362520435 -0.26882149095406915
-0.37572590790644411 3.0920771646156102 -0.31669411699318356
-0.46712550078069504 3.0439836651422807 -0.36098523373253955
-0.55611332504879574 2.9885543578362448 -0.40140789888956824
-0.64221206673236553 2.9259165129382474 -0.4373520795744989
-0.72502372995751974 2.8565898236361584 -0.46835612611582372
-0.80431997702447344 2.7812729475248714 -0.49420327456353219
-0.87950146607565682 2.7001833930818293 -0.51415978172780419
-0.95069697086272276 2.6144298618008261 -0.52853018280383735
-1.0170385788453136 2.5240595075550618 -0.53625475771943465
-1.0790664824457616 2.4303685584480417 -0.53820682274956966
-1.1356731551511492 2.3334188892983447 -0.53309219568260158
-1.1876469714249325 2.2343922725128782 -0.52211562103371389
-1.2340956897101238 2.1336071308176128 -0.50437415760952531
-1.2756430950939541 2.0318738083137649 -0.48087490544079425
-1.3117223082227538 1.9296443915860666 -0.45124490926341065
-1.3428419801585429 1.8274413631418778 -0.41638512984095272
-1.3686441891056642 1.7256616690466056 -0.37630263783603779
-1.3896348678807824 1.6245650682116239 -0.33192248153140635
-1.4054848096535533 1.5244071122216536 -0.28344755992485537
-1.4168663668604062 1.4251691958259114 -0.23192069038516647
-1.4232349689741757 1.3269756099860384 -0.17759429285326631
-1.4255200444825717 1.2295702776731718 -0.12154755894945121
-1.423053271748846 1.1329275701724475 -0.064202107777010631
-1.416590677562954 1.0367493353750696 -0.0063872731680328677
-1.4060566619210675 0.94084441433390176 0.051281809617444662
-1.3913528350547952 0.84500590881824622 0.10814641243831867
-1.373120555029274 0.74906067989285119 0.1637973489932032
-1.3508604356400902 0.65284568604834448 0.21748047471096135
-1.3253356542104302 0.55633582431679507 0.26914441493435287
-1.2964621092828443 0.45949906565150361 0.31837377265270778
-1.2647151883761398 0.36241058333857945 0.36529188037348526
-1.2302668651517794 0.26516450778090228 0.40992159596083177
-1.1936651446199402 0.16787527603042166 0.45271406512045048
-1.1527833257818398 0.069421737302715392 0.48814119973880005
-1.1072858455144623 -0.030151441089352596 0.51339623851341287
-1.0571680284857141 -0.12991050138077814 0.52592110992466856
-1.0039717332169993 -0.22884407548292629 0.52797238350768783
-0.94827932317347874 -0.32577445040325131 0.51685008845412683
-0.89048714268086915 -0.41952752152459444 0.49476023114861539
-0.8320784909542519 -0.50846333035054192 0.45887797504390532
-0.77519602569169888 -0.59205651352812594 0.41002921939461356
-0.7223547175711037 -0.6710594877064272 0.35016367785317148
-0.67283188438430108 -0.74343922703810661 0.27994827518640153
-0.62651743548319627 -0.80905492755396624 0.20142896779385877
-0.58191584501667915 -0.86953769704673545 0.11786948904664551
-0.53234757845117664 -0.93404835464185798 0.040372898396623211
-0.47741270398733127 -1.0030104084273066 -0.029220765390404149
-0.4173562796081926 -1.0768999882516421 -0.088815440457335235
-0.35353363307790714 -1.1549761764783351 -0.13831903731346734
-0.28662129398215397 -1.235902656222831 -0.1782655542864196
-0.21828710564064061 -1.3211538752881202 -0.20396421147490068
-0.14686956746571722 -1.4073508883020547 -0.21280106275296878
-0.073787643910205911 -1.4924126782114591 -0.20704899452963341
0.0020614336151012422 -1.5734610374539708 -0.18968869022170309
0.077969422338737479 -1.6514392234948996 -0.16184285465586917
0.15445275980909742 -1.7236938743608461 -0.12244259061224563
0.22998253442342487 -1.7910688941300643 -0.073693957207984551
0.3043903592957104 -1.8507019193627032 -0.014321775033276184
0.3785536904235543 -1.9057240784018321 0.049776708422073254
0.4541847697591006 -1.958936299948457 0.1136849783326184
0.53170856275325828 -2.0099443022037371 0.17712053687072646
0.61066157109304975 -2.0587993306114827 0.24048794860727457
0.69059320471309493 -2.1047984603245222 0.30474222746583468
0.77471474120779382 -2.1483130513265469 0.36522743975175448
0.86397190125791246 -2.1885378384751935 0.42039621314063574
0.95555153317958941 -2.2247390115538748 0.47459341604921734
1.0492559678006361 -2.2572091874577662 0.52749536608631165
1.1463734224932312 -2.2845866053801518 0.57700111452334912
1.2462914601950412 -2.3074279788861465 0.62310720246911633
1.3493966482145896 -2.3242911330353531 0.66452888113003272
1.4548714386530606 -2.3357525642623824 0.70156884798031871
1.5625958866560283 -2.340701791425754 0.73319959043951088
1.6718108389125406 -2.3394525161770825 0.75958982886268134
1.7819805173996408 -2.3315515221794127 0.78030397811500973
1.8923789027032827 -2.3168790300244306 0.79521654173694045
2.0023533484604839 -2.2957522242840676 0.80460606658325129
2.1110825339611528 -2.2675867564037593 0.80800750189221371
2.2181278597178635 -2.2334108645438349 0.80633933078384923
2.3224358030182883 -2.1922608018659226 0.79885907635502384
2.4239424622618024 -2.1455688583311838 0.7868242873901482
2.5215606530149146 -2.0925850472406768 0.76969575578417815
2.6154261247561847 -2.0345332895698389 0.74853284490911021
2.7045572375714872 -1.9709901973328396 0.72307026595642154
2.789245311839252 -1.9029982389952638 0.69418555600444876
2.8685808279443759 -1.8303042383656498 0.66174366030179033
2.9430655911772807 -1.753872755244269 0.62652167457824559
3.0117729767050441 -1.6735052255828946 0.58841581720621738
3.0755080138209032 -1.5901487553675968 0.54815060099989632
3.1331861304795035 -1.5035789987252075 0.50559018124161326
3.1858979753229746 -1.4146945743560546 0.46139034232569559
3.232595351382082 -1.3233587317566093 0.41546006127299495
3.2742338273569116 -1.2302366820318329 0.36826544611769252
3.310221721731669 -1.1354065934024478 0.31984717060191264
3.3409901538570845 -1.0392469762007028 0.27045316878623715
3.3665706272576732 -0.94200527377714927 0.22023018645049344
3.3867886189082448 -0.84387822207532315 0.16928009783872988
3.4023461039233367 -0.74517721927333069 0.11780179256843623
3.4123781459553357 -0.64602635175122991 0.065814455567353172
3.4179497176158571 -0.54669442688432635 0.013506543695785314
3.4184566172039306 -0.44735127570717015 -0.039069426530461769
3.4142927500430043 -0.34817553721397909 -0.091803220877407374
3.4055682827639324 -0.24933265595505349 -0.14460216848372559
3.391890412080778 -0.15103330094170173 -0.19736965823557293
3.3739946396377305 -0.053348545007070786 -0.25001788133727937
3.3510682122267448 0.043421919043010633 -0.3024010135371733
3.3238538559538036 0.13926051458486088 -0.35444352832920728
3.2920181110487019 0.23393596797118124 -0.40598514340662156
3.2555378773310917 0.32728227558946432 -0.45687356911896732
3.2148016540100461 0.41926390496970334 -0.50701216329722198
3.1690690921586384 0.50946465891250126 -0.55606767275466673
3.1191956132210303 0.59803775313214735 -0.60403971222872477
3.0644556663347409 0.68451532131658022 -0.6504977748247277
3.005400106830348 0.76896460910928277 -0.69537717185965175
2.9418279468736643 0.85110049131218246 -0.73832731602640755
2.8737649462176638 0.93073477473368504 -0.7790568934275558
2.8015670385443414 1.0078578458154845 -0.81742258850108407
2.7248433403952026 1.0819808699514586 -0.85280876603493661
2.6444011518750683 1.1534042809780298 -0.88537800451165849
2.5595918848173476 1.2213304085740222 -0.91412361399400521
2.4714382751695263 1.2862827833966723 -0.93947505212028137
2.3795069875480293 1.3474733270016956 -0.9603582973621968
2.2846424573570379 1.4053558073139309 -0.97716338438570338
2.1867531884341447 1.4592998116735876 -0.98893487128876267
2.0865337100995074 1.5096777994901576 -0.99599316620881184
1.9841623810216142 1.5560236572953652 -0.99753744126433963
1.880241101278824 1.5986647849102449 -0.99385022365491871
1.7751366075035206 1.6372849929156159 -0.98428783739666625
1.6693914670335248 1.6722257162984711 -0.96916877961599157
1.5634862245747003 1.7033076081498419 -0.9480031203513829
1.457888990461736 1.7309263020807193 -0.92120568957509907
1.3531206195293812 1.7550405309114381 -0.8884566573232382
1.2495386059006395 1.7760811351422026 -0.85024471710015415
1.1476163426342829 1.7941608225503429 -0.80647145673570708
1.0475917109103152 1.8096950204452278 -0.75761952454743997
0.94977268170168128 1.8229596235717822 -0.70388275440250792
0.85431660539589493 1.8343020603933617 -0.64563229770803621
0.76122941214714479 1.8441341572095167 -0.58340980887132088
0.67067701008007519 1.852705277638564 -0.51736829166077414
0.58225884485422086 1.8604784374902239 -0.44839739135267481
0.49623430384348949 1.8676344864425947 -0.37639509865553278
0.41194795342254775 1.8745451136885065 -0.30234146994086863
0.32931005073528608 1.8814179248413903 -0.22644743988468483
0.24792400432059561 1.8884502058120587 -0.14922455721189326
0.16733488055866544 1.8957595903770437 -0.071194815339498937
0.087225229318199038 1.9035091555729771 0.0072855267129933524
0.0071020568919130458 1.9116704226711019 0.085710224875957419
-0.073440504718492394 1.9202473816365908 0.16365886649605152
-0.15490829797704314 1.9292054122803139 0.240595260700568
-0.23755482289299762 1.9383790422665692 0.31623684020011933
-0.32195311644797936 1.9476114159014695 0.38990761164642979
-0.40831401366617642 1.9566730251295992 0.46128734629194662
-0.49687911951854657 1.9653013313207546 0.52996415660237783
-0.58810115949580655 1.9731119687489018 0.59517171650284373
-0.68171236076260489 1.9799092588107139 0.65701928226083983
-0.77832594628899132 1.9850251851418863 0.71423304186135295
-0.87732573785415469 1.9884276480068395 0.76734338051542161
-0.97906741757418492 1.9893274919165191 0.81509181207985382
-1.0829430841024579 1.9877442459743018 0.85798290995348736
-1.1889765667797747 1.9828653971593577 0.89491546410235301
-1.2965378603634465 1.9748302781299123 0.92650142694977156
-1.4053917031668883 1.9628177953573318 0.95173800418224053
-1.5149269236139804 1.9471588682910919 0.97143948868205821
-1.6246994307028761 1.9270271362078319 0.98466539552193855
-1.7342056797153476 1.9029550916039122 0.99241906509575939
-1.8428214517050057 1.8741281547033408 0.99382854192506431
-1.9502276728949113 1.8412532249354345 0.99003092000407933
-2.0556537408799964 1.8035631514614434 0.98025934856051311
-2.15900931850322 1.7618827682768816 0.96570455801540345
-2.2594385962808459 1.7155458606452223 0.94575979943244193
-2.3570571156218163 1.6653877508749011 0.92154224822456798
-2.4510196506126096 1.6109075556025731 0.89266351285067991
-2.5415482096971242 1.5528323455621389 0.86004748390562613
-2.6279330246872576 1.490884276814896 0.82356193853408277
-2.7103663715593913 1.4255997371248876 0.783876560722642
-2.7884126112991514 1.3569584283266163 0.74111553217539072
-2.8620771379971353 1.2852532438099453 0.69567834390635264
-2.9313326567208597 1.2107292939177325 0.64790942641844784
-2.9958277729860026 1.1334088731581764 0.5979588706977893
-3.0560563759201931 1.0537850381160041 0.54632702638863684
-3.1111717030641626 0.97162557997621712 0.49298026682530993
-3.162049594585949 0.8875388394488305 0.43844095622876872
-3.2079183281974135 0.80136322267145876 0.3827353485594609
-3.2493076238245773 0.71348138713878784 0.32618983122889023
-3.2860239371225473 0.62398065464850072 0.26896442000114873
-3.3178985349284944 0.5329638169268508 0.21122501546383321
-3.3454516795506333 0.44073303315120255 0.1531861093308019
-3.367742493999605 0.347197874673002 0.094974399653280445
-3.3856881154053604 0.25272833495653796 0.03677273770736967
-3.3985999584208955 0.15733546510786545 -0.021251794580504718
-3.406720054061513 0.061217548224363857 -0.078950810992074599
-3.4100701883342879 -0.035467659115942199 -0.13617045557681062
-3.4081035514071476 -0.13260953678862841 -0.19268020675773892
-3.4015083191982525 -0.2299942533645768 -0.24841715197374178
-3.3892155934602193 -0.32747741548919151 -0.30300067272376091
-3.372032627596941 -0.42486836993111332 -0.35641389313761945
-3.3492940569854182 -0.52194864718785183 -0.408283953197909
-3.3211434158007593 -0.61851764111895213 -0.45843048737045894
-3.2875612355286212 -0.71434663597034698 -0.50660310748727289
-3.2481411827348317 -0.80912651969648797 -0.55237555376357461
-3.2034355759741024 -0.9027034510886387 -0.59569177969456633
-3.1526177356844842 -0.99457376489461624 -0.63580797755789198
-3.0966929595582555 -1.0847257124809402 -0.67291189160101295
-3.0346099277403522 -1.1724070101152166 -0.70591480316262034
