1.0275029640546121 -2.5420187135126038 -0.56231271663202431
0.977334950196319 -2.59505034726693 -0.56497100386419319
0.92547579579849082 -2.646745257718377 -0.56482567806614792
0.87199536242498255 -2.696991967520594 -0.56190887255028144
0.81696687724899753 -2.745678564248863 -0.55626286953196491
0.76046715100557438 -2.7926932618654221 -0.54794020819529188
0.70257636933319023 -2.837925337722869 -0.53700382700416194
0.64337746625383041 -2.8812662497844408 -0.52352703910478693
0.58295525837007489 -2.9226107083286128 -0.50759329674495213
0.52139558215211812 -2.9618575045327709 -0.48929578312366628
0.4587846611633164 -2.998909984707169 -0.46873692396611938
0.3952088463440746 -3.0336761704326571 -0.44602792184423962
0.33075474460061788 -3.0660686258274938 -0.42128838041577171
0.26550961793262301 -3.0960042321248769 -0.3946460171981237
0.19956184607706029 -3.1234040271126409 -0.3662363920032306
0.13300123916087139 -3.148193206146658 -0.33620253849975501
0.065919066776437385 -3.1703012922284479 -0.30469439934321191
-0.001592203814744646 -3.189662407817925 -0.27186802363364843
-0.069439356266091601 -3.2062155517495068 -0.23788455806508399
-0.13752890351675839 -3.2199048034585118 -0.2029091167303127
-0.20576744692237231 -3.2306794224320989 -0.1671096343689823
-0.27406180853695222 -3.23849385806139 -0.13065580000710231
-0.34231887802406818 -3.2433077201841609 -0.09371814475029086
-0.41044516733135927 -3.245085781017218 -0.056467324100555397
-0.47834612640265628 -3.2437980838467291 -0.019073591386404121
-0.5459253369193191 -3.2394202192789852 0.01829358950064848
-0.61308374642680352 -3.2319337960490322 0.055465881195062267
-0.67971910954412129 -3.2213270901134781 0.092276459258225668
-0.74572576249272438 -3.2075958197182 0.1285605273395902
-0.81099478987935425 -3.1907439792825931 0.16415600158650839
-0.87541457523806543 -3.1707846756369782 0.198904365079041
-0.93887168189591719 -3.1477409413772568 0.23265166854864699
-1.001252002773628 -3.1216465382629992 0.26524965361678859
-1.0624421498082459 -3.0925467806641991 0.29655699665322388
-1.122331106564818 -3.0604993654051431 0.32644069385458152
-1.180812202440418 -3.025575089582953 0.3547776064199038
-1.2377854755199129 -2.9878582794246968 0.38145617993578179
-1.293160526170211 -2.9474468397811049 0.40637839871313891
-1.346859992032404 -2.904451861584981 0.42946204989469222
-1.3988236704811019 -2.85899656296472 0.45064323237600801
-1.4490134271558559 -2.8112147092610789 0.46987920053743748
-1.4974185916921421 -2.7612481193998581 0.48715131698380659
-1.5440552743008349 -2.709236683745599 0.50246244962755082
-1.5889535488395561 -2.655300931384839 0.51582483448494987
-1.632182321577581 -2.599567178300521 0.52728154563703533
-1.6739154022130269 -2.5422084730701209 0.53695640579208048
-1.71424303393629 -2.4832268242594768 0.54488056191769951
-1.752069299802026 -2.42206799665483 0.55025584739722444
-1.785596614175085 -2.360106668484296 0.55240972593234616
-1.8165159704721701 -2.2953811222325982 0.55176410782983276
-1.8440592174346671 -2.2292791945076171 0.54812196937646773
-1.8676297038304279 -2.1629524692449809 0.54145542754139564
-1.888494299876166 -2.0936763586331599 0.53156492390140997
-1.9052287477831249 -2.0256655621896531 0.51890814366467297
-1.9187644910912449 -1.9556573650540969 0.50285660180737368
-1.928653463270922 -1.8858416586040609 0.48386603120657701
-1.9350715281540221 -1.81721786790687 0.46243349101935372
-1.937694493332486 -1.747084567184376 0.43686354789335952
-1.9368586283953211 -1.6792099709832451 0.40908966324005408
-1.932593763378363 -1.611970457813793 0.37822525044938338
-1.924964075609185 -1.545788931263981 0.34451859997999529
-1.9138757760301199 -1.4813222554149439 0.30750770039380382
-1.900016219512372 -1.418126498396199 0.26848598171949889
-1.884492102552553 -1.3549541707707189 0.22958082543292091
-1.866969226533463 -1.2919989344191241 0.19037160017458651
-1.847324484119329 -1.2293132207638191 0.1508156454298365
-1.825416832184839 -1.167038601144555 0.1108375710410581
-1.801154963362652 -1.10533452421848 0.070426397806003627
-1.774518967833651 -1.0443483190588829 0.029656279784969729
-1.7455557435805411 -0.98421325484421984 -0.011338481881731959
-1.714371722930957 -0.92504175048648951 -0.052388836697969177
-1.681119588974936 -0.86691847116327636 -0.09331727984923173
-1.6459780525214449 -0.80989483421796082 -0.1339608895812118
-1.6091232960636479 -0.75398640081274848 -0.1741849811698791
-1.570703342108549 -0.69916852099230609 -0.21388486945141549
-1.5308537195621299 -0.64537360242588637 -0.25301717623711029
-1.4897422597140559 -0.59248801038086585 -0.29164826636830421
-1.44681615979723 -0.53964679423395012 -0.33014647955937071
-1.4021470153842901 -0.4897656361189337 -0.36352628863800118
-1.3529242683234111 -0.44020882831092217 -0.39293216370935591
-1.301360007943182 -0.392196093313112 -0.41779556630530928
-1.2463962634344441 -0.34552788363168579 -0.43838234169482881
-1.18892674296403 -0.2996228597820299 -0.45409139730625042
-1.1295677100077941 -0.2555235939091326 -0.46505916018893673
-1.0674656632569071 -0.2132949728713068 -0.47135799634915571
-1.004384956992137 -0.1726338817661939 -0.47246838500781818
-0.93975091113596354 -0.13404462297237971 -0.4682258351733205
-0.87445843600201745 -0.098350870431541823 -0.45835519080396048
-0.80893469424983733 -0.064283312978599738 -0.44214703389369259
-0.74424409869558605 -0.031294254319234938 -0.41979852472849349
-0.68031558908291423 -0.00012029680038986689 -0.39182886685183532
-0.61831688367728899 0.028685503414324218 -0.35953471013465471
-0.55646951116550247 0.054677264362743658 -0.32181849245974542
-0.49732001223700822 0.077045510963311276 -0.28053912688583899
-0.4386473981682612 0.096639570414569664 -0.23462038447946071
-0.38208431003192461 0.1118089319980726 -0.18482470940837509
-0.32539512965825429 0.1241919004084827 -0.13147949180717231
-0.26900011000615642 0.13518143675798081 -0.078334819913900039
-0.21227098144896289 0.14492022035078619 -0.024915839119682381
-0.15525697467501559 0.15332451244046619 0.028830736275467891
-0.09803104464984437 0.16033888459636059 0.082906243675192989
-0.040692585445951571 0.16592826814545189 0.1372749699089385
0.016638829532564139 0.17007811880466919 0.1918848438895199
0.073838392131434477 0.17280443299256451 0.24668601945799951
0.13080560151210291 0.17413648423927011 0.30163589668904461
0.18754171365544831 0.1740088444185354 0.35664419741737458
0.24404900870615789 0.17243092967042159 0.41169130150498112
0.30153336568719541 0.16954023488261449 0.46812873767919672
0.3572371320814523 0.16191120742388029 0.51834598858772052
0.41651792937211751 0.14883087995528271 0.56697550510956141
0.47605779202122722 0.13174573262464531 0.61139494473054301
0.53712234300610706 0.1103160234231304 0.65265577909390504
0.59880472412902863 0.085309220740422131 0.68992220170236407
0.66134867904452665 0.056335117282303449 0.72306048905653486
0.72413330085496697 0.023989142811578289 0.75205866065806182
0.78816435034139309 -0.010718920480342771 0.77603539771620933
0.85160043725075896 -0.047747948114263909 0.79429091757868309
0.9155229668661371 -0.08688876910596445 0.80619804910268034
0.97772924688958318 -0.1285364535608981 0.81219322481016198
1.038668281121168 -0.17280921018391571 0.81272315129761563
1.096600361752962 -0.2190906961867182 0.80822104467144718
1.152954881095825 -0.26864908961210732 0.79906068292276122
1.2059194792999439 -0.31895008992935919 0.78570725995703439
1.2564305629096559 -0.37254485013865102 0.76716693050407736
1.303495313308475 -0.42511461596248562 0.74484282782659095
1.347179359875188 -0.4807134184349165 0.71889754761709068
1.386914159666832 -0.5366515618746609 0.68908347056579311
1.422526393786099 -0.59246869202001884 0.65590465132007614
1.4542956532086451 -0.6496350509313078 0.61855011067759247
1.4817139200842611 -0.70593509822094747 0.57831975511450029
1.5045383518121349 -0.76204701752030113 0.53471984147447826
1.523101343447155 -0.81951871692272105 0.48729238970697092
1.5379224969486791 -0.87756015939529541 0.43722566960862658
1.55100303914558 -0.93549381129070486 0.3871231276567218
1.5622788706018329 -0.9937452554305255 0.33675910530972558
1.571561896540685 -1.052370882685228 0.28615049775505152
1.578747084953023 -1.1114033044742659 0.23539679839803079
1.5837415512067401 -1.170854502217118 0.18465313646509701
1.586431706883201 -1.230705602976959 0.13410072377927809
1.586712739451543 -1.290915408930408 0.083945252909953486
1.5845058553450151 -1.3514310706413 0.034409885984376568
1.5797565841903549 -1.4121948598038601 -0.01427718684368365
1.572431713809898 -1.473149554219418 -0.061892121354429133
1.5625172321460461 -1.5342420035718241 -0.10822152952409091
1.550015396118215 -1.5954241942995859 -0.15306631780175931
1.5349413227362581 -1.656652375152609 -0.19624344086344611
1.517319867033283 -1.7178850570892299 -0.2375860777755032
1.497183120345275 -1.7790805321369509 -0.27694301347157901
1.474569409302793 -1.8401942189053351 -0.3141787484767975
1.449532169651965 -1.901174796519923 -0.34918523428613318
1.422210863525631 -1.961955054302468 -0.38197676324110558
1.3930726374477731 -2.0224500018763441 -0.41304467196438649
1.3626069158376031 -2.0826882039979702 -0.44307322248769632
1.3284195951801041 -2.142574680278249 -0.46832751622971419
1.2916340031287701 -2.2021897215401061 -0.49027464392359099
1.2527983486514189 -2.261001533321831 -0.50965635372850959
1.210614993925246 -2.3188951574410681 -0.52440447320999684
1.167311982901033 -2.3760456997744761 -0.53753668211046512
1.122511153494723 -2.4323929962666941 -0.54852868287400636
1.0759134583056149 -2.487761562060566 -0.55683013430570505

-2.96765592160471 -1.257776970064939 -0.73524892992527435
-2.9199504611391962 -1.312874396058388 -0.75213259748004035
-2.8701628755328459 -1.366350635870559 -0.76683701544622329
-2.8183897925165309 -1.4181228957878951 -0.77926867856265913
-2.764745274311081 -1.46810388466202 -0.78933536878956923
-2.709361986307147 -1.516203256796069 -0.79694828597530998
-2.6523896707137662 -1.562331175713018 -0.80202463360357479
-2.5939914798840049 -1.606402729060868 -0.80448995391795386
-2.534338996615642 -1.6483421138250689 -0.80427975991051481
-2.4736069343033349 -1.6880857715749471 -0.80134031309810494
-2.4119686429293781 -1.725583907727877 -0.79562873325608574
-2.3495933458954901 -1.7608002546429511 -0.78711297396305191
-2.286645280912583 -1.793710543128497 -0.77577240961633454
-2.223283877822118 -1.824300641972979 -0.76159969155458385
-2.159663369945056 -1.8525653959649091 -0.74460411237656976
-2.0959302291809898 -1.878508811311107 -0.72481616079385414
-2.0322174058940341 -1.90214575740505 -0.70229279291151669
-1.968634874653892 -1.9235052835920341 -0.67712373027147099
-1.9052562138529561 -1.9426357811785619 -0.64943953189645409
-1.842102396837531 -1.9596112813982509 -0.61941950229597986
-1.779126326768157 -1.9745375468899 -0.58729686083539601
-1.716201270840191 -1.9875565074779229 -0.5533632281590839
-1.653133721165456 -1.998821970094373 -0.51793539515871823
-1.5897024428985309 -2.0084591322587602 -0.48131086427894348
-1.52541223411317 -2.0168284430312569 -0.44415862239863169
-1.461601859826626 -2.0223172891706058 -0.40439555610750771
-1.39864668136915 -2.024540942457437 -0.36150761720301822
-1.3371047031413239 -2.02349827293407 -0.3150550228644351
-1.27742724289861 -2.0193923419310522 -0.26515165813945862
-1.219883566444814 -2.0126503701269578 -0.21184721640349791
-1.1645658113669031 -2.0036476262792262 -0.15464590128928779
-1.1123877006358529 -1.993018662988856 -0.093473521684538569
-1.0633762207234609 -1.981585257994126 -0.028688542220389291
-1.0183268600675359 -1.9706446012034871 0.039170773189572461
-0.97531929187463973 -1.959544935743303 0.10794685918433999
-0.93172566097875376 -1.946678911745108 0.17551504005111371
-0.88730656509875538 -1.932042140870009 0.24232133851582019
-0.8423610724510523 -1.916010398868178 0.30888264724820041
-0.79719353414556016 -1.898479460342186 0.37412143685898508
-0.75187707239860602 -1.878306601722425 0.43329557786650752
-0.7050644272789427 -1.855138846010419 0.48884434131716492
-0.65514077135162407 -1.8278160805719279 0.54032775608205741
-0.60510396325427873 -1.7978442115722491 0.58714523435083077
-0.55183385063727319 -1.764920100006433 0.63013355504323343
-0.49922859819067089 -1.731231464539277 0.66685447625495653
-0.44459364286461522 -1.693600070000312 0.70110797336059971
-0.39074378265996218 -1.655005574029353 0.7281661125180301
-0.33498036945962739 -1.6141822081661601 0.75196081261286607
-0.27997579242576609 -1.5718461916832069 0.77039761846151655
-0.22455458821366789 -1.527942216225447 0.78459515882772035
-0.1687971315602014 -1.483076869829582 0.79382875996078772
-0.1137586411337598 -1.4365901624877779 0.7977549602836953
-0.059540001409196068 -1.3889740271394599 0.79618059461859558
-0.0068100793407159053 -1.340949071279959 0.7885584221040175
0.045312925679474043 -1.2920801398566999 0.77473031296123396
0.097235164766645871 -1.2438647558136731 0.75396462313788271
0.14960566918570381 -1.1959434398994579 0.72772857331195673
0.20014634085243271 -1.1495970194761009 0.69603943893277409
0.24866299239813089 -1.103174267274263 0.6588463283223861
0.29723016368037652 -1.0586106945316729 0.61650674455868215
0.34313480938546048 -1.015773510535726 0.56847401215859839
0.38512144996855108 -0.97330299536520837 0.51588215087163358
0.42454864831774602 -0.93333226854241746 0.45856323465481491
0.46112128828147703 -0.89554939040331594 0.39601346519863062
0.49071958022147483 -0.86319375393898057 0.33416914606319192
0.52145463298206118 -0.82493773479983479 0.25576624942595089
0.54975386460616893 -0.78887556102556367 0.19244143139836881
0.58409143051062673 -0.74443118818884602 0.1249013015805449
0.62045936926305767 -0.69717330535427757 0.064881565221142648
0.65994529848224037 -0.64659241381653743 0.0087930324812941531
0.70355233821739738 -0.59294902269707972 -0.04225719795426025
0.74678798553924097 -0.53977962919829725 -0.081240465239616755
0.79317630060305688 -0.47990503153268038 -0.1153456103672808
0.838632809018661 -0.41937489466050087 -0.1420821853128944
0.88409373201487917 -0.3571386829127377 -0.16211700950792771
0.9277146287666056 -0.29478470580143212 -0.17610065651859039
0.97002108170709789 -0.23121291838036939 -0.18513468813164491
1.010805167170544 -0.1677271099389297 -0.18806119021606879
1.049794384479158 -0.1032858312382286 -0.1863592865148738
1.087112179933907 -0.039629158135537627 -0.17908963653703919
1.122489126699971 0.024253583236701379 -0.16721670453677931
1.1553690086491399 0.087373326982260163 -0.1503459646984715
1.187042959339877 0.15164866783128661 -0.1295947798946416
1.2174618166320921 0.21561581263053789 -0.10829082097828679
1.247037090436564 0.28010256032846598 -0.086317230636994549
1.2757264940758051 0.3452875716670995 -0.063429001584238739
1.303458885593699 0.41132751471143009 -0.039438246799312772
1.3301460348179071 0.47833912487810748 -0.014257051458981771
1.355662392335629 0.54637378477201815 0.012160077058218271
1.3798518417320511 0.61541356033447947 0.039804904938044498
1.4025401139718781 0.68537998554514601 0.06859896461550008
1.4235472043788251 0.75614740257551938 0.098394514757967622
1.442700840132332 0.82756031189925128 0.1289839187008005
1.459848222158147 0.89945294535848452 0.16011376954833009
1.47486362805861 0.97166769016319399 0.19150199701118861
1.487651314170005 1.044069414833009 0.22285505810412101
1.498144217947188 1.1165538669756849 0.25388267981372659
1.506299606186714 1.189049712445585 0.28430860251093748
1.5120931305268239 1.261515041732181 0.3138768654201089
1.515512691332054 1.3339299647167511 0.34235417019896203
1.5165531641538399 1.4062872138786979 0.36952948240679229
1.5152125620483721 1.4785825695548991 0.39521219861120438
1.51148974375175 1.550806530666528 0.41923000646367797
1.5053834386354821 1.622938108078305 0.44142715800858129
1.496892187127864 1.694941044204193 0.46166343569043172
1.4860147765860749 1.766762277351023 0.47981374843332369
1.47275084030924 1.8383321437543969 0.49576811125445641
1.457101426549146 1.909565655792915 0.50943172746820986
1.439069488703308 1.9803641900873801 0.52072496334584062
1.4186603597519669 2.05061704696258 0.52958312961233034
1.3958823212423559 2.1202025865090768 0.5359561109217772
1.3707473437710529 2.1889889503762738 0.53980796372704631
1.3432719809164251 2.2568346338224479 0.54111660300984521
1.3134782960407481 2.3235892702174419 0.53987362722956866
1.2813946507789631 2.38909489719933 0.53608423596648136
1.24705621259949 2.4531877583845509 0.52976713233200268
1.2105051285006929 2.5157004764570541 0.52095430198638149
1.1717904171908731 2.5764643086032848 0.5096906135348892
1.130967707445139 2.6353111971428951 0.49603325710365292
1.0880989672274519 2.692075434627113 0.48005109170531179
1.043252321653636 2.7465949188837691 0.46182398337668451
0.99650196920148915 2.7987121123972272 0.44144218295465598
0.94792811760260798 2.84827488470465 0.41900573602621027
0.89761681942380778 2.895137384494487 0.39462387228693729
0.84565961583115623 2.9391609864542998 0.36841431503765137
0.7921529827193623 2.9802152460224458 0.34050248893767671
0.73719767525472935 3.018178731184427 0.31102066583856641
0.68089813567822599 3.0529396133627351 0.28010714127834818
0.62336212691287973 3.0843959804889298 0.24790554650986049
0.56470066989000345 3.112455944146149 0.21456435759232609
0.50502822247866841 3.1370376933246691 0.18023657625627529
0.44446290447996423 3.15806965410215 0.1450794665238091
0.3831265155318519 3.1754908391678538 0.1092541852017941
0.32114414642004441 3.189251351464327 0.072925172120226645
0.25864332916595278 3.199312904632396 0.036259258064429319
0.19575284798751821 3.205649189221401 -0.0005754345094637469
0.1326014781347078 3.2082459619416919 -0.037410626266014421
0.06931698462197268 3.2071008452788079 -0.07407883908217365
0.006025665199771245 3.2022229529114399 -0.1104140030495419
-0.057147449155233947 3.1936325451896082 -0.14625165672712209
-0.12007787871583191 3.1813609145463548 -0.18142885178028831
-0.18264084535940431 3.165450585583617 -0.2157840159721699
-0.24471076734805319 3.1459557338267699 -0.24915706895311371
-0.30616147183243347 3.1229425729150999 -0.28138999315495822
-0.36686723824274708 3.0964894144785098 -0.31232788105037812
-0.42670449058939081 3.0666861913664989 -0.34182029603287778
-0.48555373231890259 3.0336334188772298 -0.36972266774700829
-0.54330121206702997 2.997440791714312 -0.39589742248685772
-0.59983984276955948 2.9582258078931769 -0.4202146284599288
-0.65506909511713662 2.9161128849131499 -0.44255210626217201
-0.70889394133380212 2.871233298169821 -0.46279517660430508
-0.76122332501061674 2.8237259181842629 -0.48083639632418163
-0.81196887410361995 2.7737382925550769 -0.49657566014674182
-0.86104449851496023 2.721427346021021 -0.50992088112173506
-0.90836714815368391 2.6669590191641381 -0.5207891891238331
-0.95385855515571227 2.610506496470776 -0.52910835210539708
-0.99744745861528572 2.552247109131526 -0.53481803393659422
-1.039071687143831 2.4923583862859582 -0.53787056581671022
-1.0786795095468711 2.4310140231572182 -0.53823108153980148
-1.116229822265542 2.3683806921205339 -0.53587710491251672
-1.1516910481782421 2.3046165013057651 -0.53079791936704435
-1.1850390542224309 2.2398713699208508 -0.52299418242967433
-1.216254784539301 2.1742887559854558 -0.51247815240509798
-1.245322406693397 2.1080074716183752 -0.49927457016523991
-1.2722284791414009 2.041162211153086 -0.48342185809078891
-1.296962132526734 1.9738819841749 -0.46497309403967513
-1.3195158223197589 1.9062865191217431 -0.44399629625340709
-1.339886057064154 1.838481395686719 -0.42057383205588372
-1.358073612125583 1.7705529708334411 -0.39480108704956091
-1.3740829604411731 1.7025642046572931 -0.36678481912817951
-1.3879208942633541 1.6345524178214941 -0.33664184705730671
-1.399594563731928 1.566529773232809 -0.30449881247932842
-1.409109397957101 1.4984867505853421 -0.27049358061749962
-1.416467513247303 1.430398166810253 -0.23477837717133371
-1.4216671641706149 1.3622307416861059 -0.197524173503411
-1.4247035757291659 1.2939511387985509 -0.15892541437905811
-1.425571234450087 1.225533804537037 -0.1192040875094821
-1.4242675306024191 1.156968408574153 -0.078612260902562153
-1.420797539587642 1.0882668355972329 -0.037432324911085148
-1.415179611276824 1.019469327786853 0.0040258627058567956
-1.407451206224962 0.95064870845796001 0.045431815677783857
-1.3976740869216979 0.8819110189722178 0.086445993937812632
-1.385937676156624 0.81339080474611625 0.12673627672648799
-1.372359329307713 0.74524002896640829 0.1659984549356178
-1.3570805795168821 0.67761115004188444 0.2039785258445326
-1.34025907921215 0.61063645164808678 0.24049263893740369
-1.32205716847838 0.54440667052492075 0.27543884391383128
-1.3026301983644291 0.47895429284906349 0.30879969982955457
-1.282115823228015 0.41424838088574872 0.3406419963462981
-1.260615674717364 0.35019782438498481 0.37109928551225818
-1.23818554047186 0.28665618649992203 0.40032922965341677
-1.2148956900206971 0.22344637386356889 0.42854162222442499
-1.1907453831620309 0.16023278043908601 0.45603841528569938
-1.1644727944036719 0.096051949030151101 0.48014806463020637
-1.1367947254764701 0.032997514343416107 0.4990740356591119
-1.1063480040053151 -0.032158420403389093 0.51385142204991041
-1.074257768978071 -0.097068708293347655 0.52351830513289466
-1.039939261495717 -0.16301946525826341 0.52834346173852065
-1.00405508981277 -0.2286965952527874 0.5279851810827807
-0.96686790648550613 -0.29449072113588159 0.5222759055692533
-0.9280129905226574 -0.35988175450751442 0.51093455348775196
-0.88718524325306836 -0.4247757526855469 0.49333705249315041
-0.84606752575605138 -0.48784517707108171 0.46943133970666268
-0.80485867356888141 -0.54858206441919188 0.43834327318695332
-0.76411002963195351 -0.60830447539305377 0.39944724134339749
-0.72538458516322712 -0.66660143732695643 0.35427261814544708
-0.68826136701214591 -0.72122335453411035 0.30392814525941891
-0.65319132694977333 -0.77171834244314663 0.2494237250895851
-0.61944716138863432 -0.81895149217106411 0.1887073111279029
-0.5862073172501554 -0.86389419747309015 0.1249283883927202
-0.54996146106611965 -0.91155930231178994 0.065308790130014865
-0.51207526934218339 -0.95993163264308012 0.011673484634273619
-0.47018117522392039 -1.011997781490638 -0.037752388548820418
-0.42587999171863028 -1.0665395983888371 -0.08172278628609711
-0.379653755342097 -1.122726600547745 -0.12018803523029491
-0.33250456691045571 -1.1809400084718169 -0.15291613753500641
-0.28293919539871332 -1.2403133678942151 -0.18029982615837781
-0.23254560050963291 -1.30368430671795 -0.2010424531299955
-0.1853719907525101 -1.361481614072366 -0.21070896346180551
-0.13501229557645819 -1.4214768681618981 -0.2134453492159239
-0.082462222335743976 -1.483125655597733 -0.20868479766156339
-0.0287276937395071 -1.5406539593066479 -0.19855184296814221
0.02412292537753569 -1.596968461875611 -0.18333792980382141
0.076977809570856481 -1.650493852971276 -0.16232158545697459
0.13059603401643829 -1.701611678963169 -0.13643577965242121
0.1834335491239753 -1.7505189910173391 -0.1054438764156239
0.23709124165306689 -1.7972614542377521 -0.068845282660946375
0.28740887456855402 -1.83789064329804 -0.02911506782829474
0.34090244062065578 -1.8782475881346019 0.017485450204907851
0.39467599085077981 -1.9174895372668901 0.06360385543248076
0.44920592184060892 -1.955606415951946 0.1095789367945874
0.50485191074153557 -1.9928227943078769 0.15547002356657219
0.56152087259187577 -2.0289500851312932 0.20115375629460791
0.61875276949634317 -2.0637141196709639 0.24696446936791211
0.67583275302797929 -2.0968360568912821 0.29357388091316261
0.73465231065718462 -2.1285657801815741 0.33807910458055651
0.79551148660091475 -2.1585640262316299 0.37932036937791092
0.85869571484424367 -2.186383961174363 0.41725003944876132
0.92167808000422968 -2.212095010033301 0.45480622961767359
0.98479323318437095 -2.23565411068506 0.49167496266846722
1.048505659934488 -2.256987511904855 0.52710374445719566
1.112988880682132 -2.276038829714043 0.56076062731713694
1.1782767217357399 -2.2927551238063368 0.59252102568809273
1.244365991941935 -2.3070854831641552 0.62230824927149908
1.3112392042698331 -2.3189806619608881 0.65005659917969116
1.378868277096077 -2.3283927765552672 0.67570682384879088
1.447214982499047 -2.3352748897246438 0.69920580237124119
1.5162294977986039 -2.3395805993153238 0.72050605461075068
1.5858470785280361 -2.3412640317366211 0.73956497373464425
1.6559837426121591 -2.3402806717882649 0.75634437381559005
1.7265326642435861 -2.3365891869951549 0.77081091584137196
1.7973630354114281 -2.3301539573440819 0.78293757334186664
1.8683223495987951 -2.3209476612871618 0.79270578142004788
1.939241871605323 -2.3089532004381601 0.800107586690054
2.0099441488780152 -2.294164462750103 0.805147126066456
2.0802510676111439 -2.276585774123371 0.80784101973427591
2.149990918814304 -2.2562302662271292 0.80821759737708909
2.219002958093752 -2.2331177897288081 0.80631520777475263
2.2871382322753471 -2.207273348073945 0.80218017196073443
2.354256461190908 -2.1787270347785181 0.79586511824959139
2.4202204265934659 -2.1475158584177638 0.78742828495124162
2.4848906788539029 -2.1136867933657131 0.77693384639094143
2.5481233018041318 -2.0772995641176881 0.76445269622139278
2.609771835684465 -2.0384276981462461 0.75006284741461793
2.669692404290009 -1.997157226594346 0.73384885146657541
2.727750044824468 -1.953583348972328 0.7159001282368882
2.783824515450112 -1.907805786777798 0.69630844369895828
2.8378145219580899 -1.85992360906191 0.67516492303990905
2.8896394607304692 -1.8100306490980349 0.65255720016407659
2.9392377228083362 -1.7582132512477711 0.62856763671404137
2.9865613882484201 -1.704552006681415 0.6032735517859924
3.0315689523841618 -1.6491274945010701 0.57674962041365707
3.0742192150479402 -1.5920275394117811 0.54907130138977289
3.1144690214648332 -1.533352208814035 0.52031738476763323
3.152275201443663 -1.4732141106556349 0.49057030648470162
3.1875987137409272 -1.4117344847470681 0.45991433424088279
3.2204085286660811 -1.349037452127271 0.42843274551162719
3.2506840554331751 -1.2852442220094711 0.39620491566126842
3.2784161742542302 -1.2204675592182599 0.36330350618312662
3.303606963861601 -1.1548068466806141 0.32979194935979173
3.32626770683793 -1.088345736259396 0.29572326841706259
3.3464150996889659 -1.0211550032165639 0.26114161062711322
3.3640668662844888 -0.95330075781693335 0.2260866225780129
3.3792387476277139 -0.88485423061192203 0.1905987485466904
3.3919440316608251 -0.81589784610465232 0.15472270478607669
3.402195056897773 -0.7465250208028934 0.11850774699014829
3.4100051045307538 -0.67683550453200614 0.08200562031993365
3.4153895001999688 -0.60692999547237114 0.045268108504815177
3.418365756027232 -0.53690607449358052 0.0083452511883879716
3.418953071083366 -0.46685500977603289 -0.02871599988937542
3.4171713638914158 -0.3968586924949668 -0.065873076250085816
3.4130399174852899 -0.32698761651321029 -0.10308855858717809
3.4065760051237302 -0.25730171937299562 -0.1403294355523001
3.3977941119717481 -0.18785455192919451 -0.17756457646776469
3.386706120525341 -0.11869898448245041 -0.21476134820284701
3.3733222551766811 -0.049891778607111997 -0.25188280527805951
3.3576522252242191 0.01850452254924009 -0.28888630982488389
3.3397061119097202 0.086422131635223859 -0.32572347954579117
3.3194948773593649 0.15378976397893629 -0.36234083191970501
3.2970305892309968 0.22053455647996581 -0.39868057487513808
3.2723264589518859 0.28658376474831881 -0.43468133259850639
3.245396708431787 0.3518662745068612 -0.47027882418402639
3.2162562420974892 0.41631401816641511 -0.50540654009340036
3.184920146369651 0.47986323601860559 -0.53999637542350643
3.151403149915684 0.54245533702080684 -0.57397907515365465
3.1157193220479171 0.6040369906503722 -0.60728427974448818
3.0778823957206911 0.66455910822065001 -0.63983998251930807
3.0379070563724642 0.72397464924213784 -0.67157137829450642
2.9958112394945209 0.78223570229664252 -0.70239938094219001
2.9516189996030548 0.83929078297780957 -0.73223936094766628
2.905363145956239 0.89508336784323195 -0.76100067670336047
2.857086884146161 0.94955218781337647 -0.78858726875887553
2.8068441116999141 1.002633086562819 -0.81489916558102582
2.7546983831610379 1.054261871997177 -0.83983452703971206
2.7007206110644399 1.104377685464859 -0.86329188803242296
2.6449856018231901 1.1529265061197289 -0.88517230193078789
2.5875680743647629 1.199864060197019 -0.90538093335142134
2.528539763407653 1.2451569434527541 -0.92382753669225504
2.4679695650496152 1.288781030318161 -0.94042558242678265
2.405927548238493 1.330717519321821 -0.95509054612185895
2.3424914786541282 1.3709484059549879 -0.96773847733536311
2.2777529305610069 1.4094535553540719 -0.97828584330060786
2.2118203672162799 1.446210534136001 -0.9866508658468629
2.14481833687582 1.481196847447537 -0.99275578109265061
2.0768835628964579 1.514393371930024 -0.99652917792668416
2.008159180983518 1.545787872536255 -0.99790776534169034
1.938788179039268 1.5753779281083491 -0.99683721625470023
1.868907249812285 1.6031727772167981 -0.99327198590587007
1.7986427955245079 1.629193635185441 -0.98717433287998468
1.728110667594738 1.653472377363487 -0.97851318082434957
1.6574197208960491 1.676049171161853 -0.96726363107847757
1.586677232038741 1.6969701527237799 -0.95340759002371611
1.5159932632124999 1.7162861096725259 -0.93693528426322248
1.4454818625159811 1.734052453252735 -0.91784691603588731
1.3752587885772849 1.750330079094683 -0.89615369820557533
1.3054368919783641 1.7651864422822621 -0.87187788788714726
1.236120758293344 1.7786963017024029 -0.84505188187656866
1.1674020129597971 1.79094186647905 -0.8157167593968544
1.0993562634015701 1.8020123167121 -0.78392084148654773
1.0320420965145309 1.812002836794792 -0.749718841226097
0.96550182718403454 1.821013395613408 -0.7131719235108559
0.89976305856904892 1.82914750751231 -0.67434854691202739
0.83483997407244448 1.836511106844555 -0.63332559917190379
0.77073373659706867 1.843211529866299 -0.59018931490994797
0.70743209376535132 1.8493565038573341 -0.54503577747614518
0.64490884420192585 1.855053027925899 -0.49797123709203628
0.58312398344409233 1.86040606794006 -0.4491127779883895
0.52202509657063889 1.8655170397662 -0.39858985872662878
0.4615499716904149 1.870482100496861 -0.34654683309395012
0.40162968637871721 1.8753903062144961 -0.29314582110013421
0.34219097683630012 1.880321729774993 -0.2385686391945509
0.28315693320852858 1.885345656382968 -0.18301646823510301
0.22444596880190809 1.8905189728452381 -0.12670676739740611
0.1659700495779296 1.8958848297549931 -0.069868200240744999
0.1076336527422775 1.901471600195296 -0.01273519118201806
0.049334569891593127 1.9072921188756431 0.044456364825898001
-0.0090332105710959083 1.913343188456424 0.1014715901964225
-0.067575193957121263 1.9196053848330861 0.15807771346056129
-0.12639190639599271 1.926043260491286 0.21404492244933521
-0.18557580542664959 1.932606098979091 0.26914840683741381
-0.24521089666751381 1.9392293484450891 0.32317257191118259
-0.30537532082241903 1.9458366888485421 0.37591710141953
-0.36614540755836689 1.952342398013682 0.42720284164532851
-0.42759826782865967 1.9586534774540789 0.47687463530328522
-0.48981027985121411 1.9646711132487471 0.52479933642046062
-0.55285107484827067 1.9702914767243069 0.57085984784917287
-0.61677536662215371 1.975406300048248 0.61494822383252579
-0.68161615173862899 1.9799037493766309 0.65696100415974823
-0.74738175188300682 1.983669833096767 0.69679816428441965
-0.81405711169143002 1.986590205948934 0.73436504097884159
-0.88160838589051205 1.9885520243067289 0.76957568157243228
-0.94998949948482347 1.989445493952515 0.80235618402170028
-1.0191491096266969 1.989164835110973 0.83264690389741425
-1.0890357214963311 1.9876085727454971 0.86040262277397139
-1.159598519862413 1.9846793798603439 0.88559035100274175
-1.230782958507711 1.980284011419235 0.90818555425661951
-1.30252292445509 1.9743338749363231 0.92816855242436214
-1.374733355120964 1.966746387700123 0.94552275971127009
-1.447306855866719 1.9574467444547581 0.9602352957087531
-1.5201155238379751 1.9463694624483361 0.97229920503709433
-1.593016801265329 1.933459200736358 0.9817159692073667
-1.6658612585903969 1.9186706475645361 0.98849726744931898
-1.7385005039157879 1.901967512091904 0.99266551434741623
-1.810793761063447 1.8833208717881429 0.99425315283148408
-1.8826116266257329 1.8627074180384751 0.99330101896286327
-1.953835834989939 1.840108375293892 0.98985641930844415
-2.0243552035194901 1.815509718579267 0.98397171619359425
-2.0940597553238449 1.7889036795507689 0.97570395214390948
-2.162835936467927 1.7602907836746471 0.96511542609002543
-2.2305650652169451 1.7296813532865281 0.95227458391004538
-2.2971252998090579 1.697095740387359 0.93725648369269854
-2.3623958718288929 1.662563187268278 0.9201424162487265
-2.4262619131583878 1.6261196773421169 0.90101867545737224
-2.4886185905933562 1.587805297033005 0.87997474199836467
-2.549373693255879 1.547661700819734 0.85710129926994849
-2.6084480468767151 1.5057304014339949 0.83248863377362881
-2.6657735338840491 1.4620525829506219 0.80622598380047084
-2.7212893495916259 1.416670643240667 0.77840208836253855
-2.7749380147061729 1.369630803945882 0.74910658539253494
-2.8266628298968439 1.320985467337078 0.71843139983254656
-2.876407623501831 1.2707941130581599 0.68647126474460629
-2.9241183974537219 1.219122349891645 0.65332303898141841
-2.9697457334548401 1.1660395910362329 0.61908408107264179
-3.0132469393495409 1.11161610259664 0.58385017518934812
-3.0545874337469772 1.0559199786522231 0.54771340665340762
-3.0937411330483982 0.99901452566320292 0.51076034138371185
-3.1306895464662321 0.94095686676816337 0.47307106646099861
-3.1654194107485289 0.88179876752207043 0.43471975322783563
-3.197919340034507 0.82158998265365224 0.39577691822018329
-3.2281767100500711 0.76038293339764718 0.35631256518973348
-3.2561760424152331 0.69823644999633871 0.31639870018051819
-3.2818992676375141 0.63521681333732916 0.27611007356735129
-3.305327137033037 0.57139612195237766 0.2355232000973449
-3.3264406785419069 0.50684943635815149 0.19471463337182521
-3.345222105879631 0.44165193341421899 0.15375931021536979
-3.3616552312680912 0.3758760838766616 0.1127289866257719
-3.3757254903355651 0.30958851738183468 0.071690567658626997
-3.3874193655801719 0.24284748527345029 0.030704909320408799
-3.3967230419927601 0.1757030947634915 -0.010172592463168781
-3.4036207503595941 0.1082016595075808 -0.05088889927205683
-3.408093762670998 0.040392716460121117 -0.09138873042040585
-3.4101207025755809 -0.02766488212982866 -0.13161071261511051
-3.4096789525729791 -0.095900624480634897 -0.17148593222912689
-3.4067463681701571 -0.16423368529957491 -0.21093873971701291
-3.4013026799379729 -0.23257593113143171 -0.24988850762816039
-3.3933303915059989 -0.30083520033277411 -0.28825148751938567
-3.382815056364564 -0.36891917873537672 -0.32594291824371069
-3.369744704634142 -0.43674022571105808 -0.36287952761210618
-3.354108524286664 -0.50421953823926402 -0.39898147723417487
-3.3358956930832551 -0.57128765781791579 -0.43417216685780352
-3.3150956473968951 -0.63787980434658853 -0.46837530480561662
-3.291700381118797 -0.7039279314570035 -0.50151054370945325
-3.2657080652842829 -0.76935357363302614 -0.53348997599486714
-3.2371265408121159 -0.83406462455756913 -0.56421703309494342
-3.205975594761084 -0.89795641693921779 -0.59358773831017586
-3.1722877470067079 -0.96091554327723583 -0.62149329010748444
-3.1361076608691252 -1.0228248801558999 -0.64782304744743979
-3.0974902332448759 -1.083569057336589 -0.67246742249383973
-3.056497635877427 -1.1430395997877949 -0.69532023133274334
-3.0131963583750219 -1.2011382538885731 -0.7162798718739839
