-2.4503447926125141 -0.7433950053258146 -0.35712508710587682
-2.4977612332476071 -0.70548160309913344 -0.34722687240451738
-2.5436330020264379 -0.66691979428521386 -0.33472877908035259
-2.5877024072642021 -0.62755183545426563 -0.31953467018831277
-2.6297257993811769 -0.58729896911044832 -0.30163597564541139
-2.6694654014922148 -0.54613361418262085 -0.28108388959046959
-2.7066914727147142 -0.5040645248053035 -0.25797515556079309
-2.741186274922685 -0.46112634036537042 -0.2324419257793007
-2.772747628770011 -0.4173718961573783 -0.20464380568329779
-2.801191250652435 -0.37286680760698948 -0.17476160691063031
-2.8263517623422021 -0.32768610420199767 -0.1429927432853039
-2.8480827688778101 -0.28191263158264362 -0.109548224567664
-2.866256655399154 -0.23563670980033641 -0.07465097231413069
-2.8807647047007481 -0.18895632623302139 -0.038534901159906147
-2.8915178330946132 -0.14197710708253111 -0.001444065573533984
-2.8984478409922181 -0.094811496026951783 0.036368740429580708
-2.901508759572526 -0.047576908833444821 0.074644253843440742
-2.9006777662263392 -0.00039300879815489328 0.1131198296763519
-2.8959552598054339 0.04662144697212553 0.15153295307676101
-2.8873639767051542 0.093351556198047039 0.18962456987220969
-2.874947401976474 0.13968834407937891 0.22714158601889309
-2.8587680600647358 0.1855294697220379 0.2638380829250937
-2.83890637151646 0.2307785363326661 0.29947526342314651
-2.8154604830349048 0.27534358969005329 0.33382072560707388
-2.7885469005697532 0.31913580034260403 0.36664800252670621
-2.7583012324660392 0.36206921946031201 0.39773713310981251
-2.724878228803814 0.40406193720436012 0.4268764497364389
-2.6884506164747619 0.4450383442827075 0.45386517813138949
-2.6492067270542612 0.4849318434260031 0.4785161634372051
-2.607347337492802 0.52368733413609303 0.50065809562454533
-2.5630823702614651 0.56126297945244219 0.52013687202424141
-2.516628089292086 0.59763104569277259 0.53681606832341411
-2.4682051845666879 0.63277790858970639 0.55057678191459114
-2.4180377523132708 0.66670355319031349 0.56131726386801073
-2.3663528112991208 0.69942098545342246 0.56895272059085178
-2.3133797852953362 0.7309559139501226 0.57341548122755426
-2.2593493844261312 0.76134690116334158 0.57465548413997247
-2.2044915291834548 0.79064598664743202 0.57264083393527065
-2.149032325176877 0.81891960405433062 0.56735810312176937
-2.0931905022793771 0.84624951205456311 0.55881217183673271
-2.0371740279013921 0.87273356356641196 0.54702589177954564
-1.981177503608347 0.8984870464955681 0.53204162235542862
-1.925379370807724 0.92364982718960298 0.51393346589891331
-1.8699311864204819 0.94842409438221842 0.49286445460087658
-1.8149118999683671 0.9732433047241198 0.46931431110938721
-1.76036631832834 0.9983857854144419 0.44355655568709468
-1.7065884863024039 1.023224261924792 0.41474989233048509
-1.6537740319481189 1.0479463040151411 0.38305251879651903
-1.6020991120377359 1.0727004613439479 0.34854458405137179
-1.551848033597601 1.097644816704624 0.3114788780596443
-1.5032318966046849 1.1229171534024009 0.27194697178040422
-1.4563936203025709 1.1487011129850979 0.2301524336224037
-1.411475580333821 1.175150804350241 0.1864292095150524
-1.368457989260357 1.2023663776365321 0.14108429351977539
-1.32640393828568 1.2303811197980441 0.095206490340307925
-1.285490636488468 1.258545658430827 0.048319912815413202
-1.2458568844493989 1.286787742061636 0.00019610519839223281
-1.2081398292881089 1.317805769558114 -0.047829773050940452
-1.172108408012849 1.352003806106566 -0.095025473602554034
-1.1374133291807731 1.389294589745351 -0.14070328226336509
-1.1036808421510691 1.42940286294138 -0.18445822479495799
-1.070557800881166 1.4721953620808561 -0.2260067308713698
-1.037973918650501 1.5171531320310021 -0.26488560437193659
-1.005720197689568 1.5640019345412099 -0.30101841413434421
-0.9734757278544669 1.612759941338719 -0.33414091685489428
-0.94123676673130674 1.662962093309917 -0.36385230412311931
-0.90882472975853756 1.714351522409616 -0.39026959194766941
-0.87612008881517722 1.7666709552095869 -0.4132001159078576
-0.84302323984607774 1.819753552853302 -0.43265354121654259
-0.80961776935700458 1.873184516795692 -0.44867070994607983
-0.77563534522641642 1.9269658338106681 -0.46104880527252651
-0.74110469119979094 1.980582476439094 -0.46958753640835638
-0.7058467617797034 2.033967347720826 -0.47431391976379478
-0.66999725580208547 2.0869114422498551 -0.47554874312689888
-0.63336329069855479 2.1389257255050369 -0.47281206125371639
-0.59612042200956172 2.189884198748314 -0.46645783611161779
-0.55820272944585803 2.2395212054908669 -0.45652167741701127
-0.51959396162191362 2.287394793783128 -0.44280380248557621
-0.48047035430064428 2.3336351359703591 -0.4258913981456357
-0.44065817592331102 2.3776500946365058 -0.40545588869895449
-0.40053322969320843 2.419352139673828 -0.38204100394635759
-0.35972084082034872 2.458607936172998 -0.35544717971479839
-0.31864047356548958 2.4951212134502589 -0.32605565426923971
-0.27738651008695991 2.5287205994825959 -0.29417690399031587
-0.23542317385899261 2.5594463038002409 -0.25935320663242001
-0.19371884968153161 2.5870063123002782 -0.22268801777596309
-0.15183988534678561 2.6109707449259991 -0.18382769849818911
-0.1094816390760152 2.6320186321329899 -0.1426728188046289
-0.067640883784854333 2.6492354626177881 -0.10040670795770031
-0.025552222563289519 2.6627973806644518 -0.056429587665019883
0.016435972216066842 2.6728969450291959 -0.01123762456543506
0.058036406748602359 2.6790303146201908 0.034667609762471317
0.099421300372423027 2.681353422673967 0.081348489101500068
0.14021302010161671 2.6798315574232472 0.1288218541141839
0.18011308184370611 2.674437142782069 0.17643568672954049
0.21950496248920409 2.665052927060112 0.2240842306925428
0.25814502247019833 2.651816118735248 0.27132432740131618
0.29593459165662073 2.6348136080710902 0.31827061717384358
0.33265349247342152 2.6140106528700588 0.36448158839633049
0.36829416425209971 2.589478860675154 0.40967870722531469
0.40294127213490949 2.5612331949497849 0.45369016692039582
0.43653362457585382 2.529566179523159 0.49605440170038978
0.46880465324885823 2.4944742780169298 0.53695593587623724
0.499459378156553 2.456171057162388 0.5759513001473251
0.5290503819460024 2.4145163608646869 0.61307806537413034
0.55708843796932128 2.3704485618663078 0.64763828486904296
0.58350413771081011 2.3232286822772741 0.67981911339661505
0.60856422004719923 2.2734276026641549 0.70955588455595842
0.63193961740359061 2.2217882638076949 0.73616327156505057
0.65387877774617553 2.167566664528882 0.75983379626892911
0.67439630661165995 2.111560635584059 0.7803412437771069
0.69317845138432865 2.054616489207767 0.79723976658666484
0.71089656181498673 1.9950309099099199 0.81099970666291621
0.72681506179073774 1.935852117517965 0.82092292266714229
0.74169503461849118 1.874400794847138 0.82733761306249343
0.75501128525751904 1.8133252774368731 0.82990669778644643
0.76726080286086851 1.751269131321284 0.82873499386220462
0.77819220019878299 1.689438858105325 0.82355810188279288
0.78823407036294479 1.6275746832495619 0.81472422650784904
0.79722347312756237 1.566430719745127 0.80187527157878735
0.80546424652580684 1.5057033298756819 0.78524356292208364
0.81295841839643657 1.446466779917561 0.76491573611749331
0.81994209858677181 1.3878652568122281 0.74068913310978846
0.82650768560119692 1.331380727739119 0.71320431055323608
0.83291810146981693 1.27603199390027 0.68207538582808724
0.83922203550332419 1.2229028200720109 0.64763395161068527
0.84571933231649277 1.171604993889541 0.61023090803376823
0.85299096009879416 1.121573070518491 0.57120051683130391
0.8609994282478759 1.0730680516015689 0.53014743940644871
0.86978783534207571 1.0262824103837751 0.48691929325376088
0.87944620324609268 0.98136454063474421 0.44149959979979742
0.89009885528432875 0.93842444419456061 0.39397535269575168
0.901890766353177 0.8975416110819987 0.34450689502364101
0.91497590141619933 0.85877079199475204 0.29330478318301251
0.92950903938702745 0.82214362069207414 0.2406134748167551
0.94564040956628515 0.78766810521408392 0.18669923024931309
0.96351216462678624 0.75532808739790247 0.13184095713706989
0.98325581613621293 0.72508381182393755 0.076323746483778404
1.0049898801807671 0.69687389230315921 0.020435084059246562
1.0288172187023039 0.67061831169754305 -0.035536817756762977
1.054822036676484 0.64622171213428448 -0.091304109423984203
1.083067000188797 0.62357636764753699 -0.14658189847314709
1.1135910354514531 0.60256484742360961 -0.2010938386457933
1.1464078146307171 0.58306304149030297 -0.2545808163554627
1.181503985582379 0.56494446946795918 -0.30681181765905591
1.218835522247927 0.54808648517922665 -0.35759644503576171
1.258320974969517 0.53237827114816438 -0.4068002258366476
1.2998323923578621 0.51772959333673296 -0.45436487844411377
1.343187319230283 0.50407849928275794 -0.50033337915024978
1.388149288164173 0.49139461753261371 -0.5448690029048443
1.434505542596348 0.47965674357435217 -0.58827714786970109
1.483255411939417 0.46828213618555969 -0.62860493994682831
1.5344564933273439 0.457151923094269 -0.66581199046781281
1.5878269723482361 0.446100339066764 -0.7000731993766941
1.642741195515057 0.43498304688355882 -0.7303170380679983
1.699869963204073 0.42346920204723582 -0.75713177776263663
1.7584178789279299 0.4115973254988689 -0.78022753752200058
1.8176082731241201 0.39919320139845998 -0.79909359145265457
1.8788481888681829 0.38596331372257758 -0.81445299508812741
1.939530434343516 0.37218179189488892 -0.8255493294567362
2.0015277847491659 0.35730071366937383 -0.83264968798463379
2.0632698004316898 0.3416960688809958 -0.83593372729372883
2.124642657594058 0.3249831833618233 -0.83491767688504859
2.1860225951067278 0.30726763456964279 -0.83003168956447748
2.2462605851890589 0.28871073926111529 -0.82137222416879874
2.305616295112789 0.26889016944277772 -0.80861197934039941
2.3632657950463378 0.24822926942105589 -0.79224526537963402
2.4200456238360828 0.2262837124508095 -0.77206836839522663
2.4742717198425819 0.20361978050800861 -0.74873390180896626
2.5266014949148561 0.1797103475706433 -0.72178983772447014
2.5766476541680809 0.15484583262030341 -0.69169716099721779
2.6243024407288642 0.12901501018403069 -0.65873900475033553
2.669103385793183 0.1021168594610749 -0.62297607248280229
2.711041750527464 0.074131774809459955 -0.58462710837926268
2.749810561322978 0.045219986718003938 -0.54381700996648197
2.785626798652582 0.015789913880302431 -0.50045496929597777
2.8178273446367652 -0.01425209639348695 -0.45505058979038199
2.846590609890761 -0.045107970116469998 -0.40771382943937567
2.8715017262869931 -0.076582146447313607 -0.35890576919448203
2.8927378356865958 -0.10879582192166699 -0.30883542058277469
2.9101867587372112 -0.14128801735562099 -0.25752484035865258
2.923654544056022 -0.17394199297041041 -0.20531704092842359
2.93316049114808 -0.20693426154003899 -0.1524325470787557
2.9385638862037049 -0.24018025516765229 -0.099231840177952751
2.940057646828504 -0.27376255859197818 -0.046100701014896973
2.9375629077097458 -0.30740227353234739 0.0069221756123941589
2.93109696333882 -0.34087132280511212 0.059731189708090229
2.9206458511421571 -0.37416527536839239 0.1119171974570066
2.906243894214616 -0.4073170447098281 0.1633146357397878
2.888057221225508 -0.44055283707803039 0.213570985539726
2.866193854797106 -0.47342438973629969 0.26208226026212361
2.8405097577810521 -0.50622995253779113 0.30959626574585269
2.8114278651829361 -0.53801257017734183 0.35472823005824933
2.7785988273969511 -0.56977423178031017 0.39877908170335191
2.7432503228060652 -0.60041283955430447 0.4398636299879744
2.7041975172583879 -0.6308238921148025 0.47905918209290937
2.6624466592846279 -0.66030222244042935 0.51529977443328201
2.6177776050036412 -0.68937281913629 0.5490894360495846
2.5708045430312771 -0.71760272331127961 0.57967634109758381
2.5215055613764279 -0.74489539201793042 0.60688653023972816
2.4692117859781511 -0.77205465542725449 0.63143362906057277
2.4156923841005651 -0.79803795686966239 0.65210882127989778
2.3604522479322338 -0.82320301951142227 0.66920545450009772
2.3025798027494848 -0.84807702240461469 0.68289304188602284
2.2447786130257041 -0.87160336851073872 0.69250454443721887
2.18486837220212 -0.89477035395596827 0.69833484304348581
2.1248065174541142 -0.9169875538814225 0.70014797301482912
2.0639251774385841 -0.93869733165543456 0.69795538067848373
2.0031622423430231 -0.95968985066639723 0.69165926330926675
1.942314329162262 -0.98021887706564914 0.68117971411983524
1.8819212751746679 -1.0003502258047441 0.66670034438932557
1.8220229632564839 -1.0203235900904619 0.64842894916916038
1.7633219194181109 -1.0400641206882459 0.62656732292863138
1.7054015567787999 -1.0599450398816479 0.60091294558702779
1.6490951865858019 -1.079890379054921 0.57175735482807044
1.594230792675764 -1.1002180693536969 0.53936775920710389
1.540991109937855 -1.121036295989557 0.50389859609564513
1.4897663810474939 -1.142492818774248 0.46547951454672848
1.4407095299055821 -1.164662498984627 0.4243694613025441
1.3935452890428059 -1.1877661160570741 0.38066553221687821
1.34879266920291 -1.211750195145356 0.33458466964134231
1.3066205041164181 -1.2365553500718811 0.28640550373332441
1.2672080889188211 -1.262214329517209 0.23612854184818111
1.2308415542233879 -1.2887082220675179 0.1838702447995369
1.1976773401206311 -1.317524553501497 0.13045955115274041
1.1674015493878001 -1.3500173863262701 0.077804838185801417
1.1392112488562529 -1.386729026706484 0.02658259592976947
1.1120175427763399 -1.4270907803653361 -0.02201696366304803
1.083953390180761 -1.469792474250702 -0.067673099258822408
1.0551370425951889 -1.5146816682322191 -0.1104387868693045
1.025767098217651 -1.561365307486666 -0.15023925836204671
0.99586657621699082 -1.6096617728894209 -0.18700840299591939
0.96534757885148559 -1.659459883518752 -0.22067344080636819
0.9344055357204416 -1.7102183871693639 -0.25111979780727511
0.90288726130076769 -1.761833316906054 -0.27840031197226461
0.87063422280052505 -1.8141623477529869 -0.30233565726922051
0.83760361965514019 -1.866819583719713 -0.3227953969654313
0.80373587783907985 -1.919611385387479 -0.33989545805459148
0.76906142842501302 -1.97214618225015 -0.35361341581642058
0.73342463415862158 -2.0245459329098758 -0.36410869281989222
0.69691174536835787 -2.0762413160927111 -0.37127456530346642
0.65935087803934289 -2.127142043581626 -0.37508656294638881
0.62069561897987091 -2.1767474655921948 -0.3754917094786559
0.58098753611176879 -2.2252525798551641 -0.37279322601813558
0.54027181913453859 -2.272048720939746 -0.36697338872413671
0.49849740533474618 -2.317105689249467 -0.35808170347035378
0.45571915082630432 -2.3600495794571028 -0.34627492715214309
0.41193690557297219 -2.400714982101106 -0.33159538945847022
0.36725533299514668 -2.4390126279465512 -0.31432652745590262
0.32165511186155099 -2.4743906702301288 -0.29441337711214882
0.275295630826488 -2.5071306686898511 -0.27224163967393411
0.2282848163705026 -2.536823237215684 -0.24795954212416491
0.1805913406228416 -2.5633581400646079 -0.2216644108037947
0.132465575580309 -2.5866230852927039 -0.19369966181486259
0.083862089449735722 -2.6066956170362321 -0.1642332919888953
0.034881004436307421 -2.6232960219468988 -0.13348418636298259
-0.014382626818568811 -2.6364443635331321 -0.10167767449479979
-0.063884583957864755 -2.6459946130458358 -0.068997356453760664
-0.1135237104230937 -2.6520600305431459 -0.035721983786062117
-0.16329351005359341 -2.6544346604069711 -0.0021415033269194632
-0.2131165796720324 -2.653240834817463 0.03153434299530776
-0.26283965116646041 -2.6484158801582178 0.065160572585178114
-0.31240788377517992 -2.6399668322542671 0.0984620321682457
-0.36171037408785228 -2.627885252559647 0.13120613007575621
-0.41066775181081139 -2.6122910670863631 0.1632122202561227
-0.45931264258209592 -2.5931042270798388 0.19419576940306241
-0.50730726474773902 -2.5705391307961292 0.22383511359504249
-0.55493333148725177 -2.5446209328134972 0.25210803801850812
-0.60165384883240303 -2.515408747365075 0.27852918017448203
-0.64786575760667775 -2.483133570030303 0.30323676631280128
-0.69316135822141511 -2.4477738333583838 0.32577186220809717
-0.7376979501061578 -2.4095217935933491 0.34614804398785082
-0.78133420427336997 -2.3686582809267471 0.36416178702687529
-0.8240009857369518 -2.3251275676426721 0.37957453071276248
-0.86571935550375922 -2.2792202893422688 0.39239351771885927
-0.90639244118726059 -2.2312211919192522 0.40248588502909599
-0.94600992700644315 -2.1808636441325691 0.4096488656775148
-0.98426996319242699 -2.1287434139049952 0.41374393731903419
-1.021358032374974 -2.0745842329637552 0.41472713980728909
-1.0569109990562751 -2.019004703644292 0.41251256020588822
-1.0908532346414579 -1.961940026365198 0.40698928311548238
-1.1230500667921579 -1.903554708742355 0.39798833468243783
-1.1531088003823191 -1.844337568457826 0.38550947547780617
-1.1810689666350791 -1.784147676019276 0.36909926494562673
-1.2070247249919841 -1.7237808237267249 0.34841576444112299
-1.2317730255688319 -1.6642416423580479 0.32316261780302902
-1.256295878870233 -1.6056179570458891 0.2928744515442801
-1.281095710169432 -1.548965311301888 0.25786726021238049
-1.306693499604747 -1.495219053965992 0.21838409737217429
-1.333957199185271 -1.444699356652807 0.17469413659403579
-1.3635836094542999 -1.398038688376855 0.1274132958534285
-1.396622128042039 -1.3555375297497629 0.077417902925881091
-1.433588863974758 -1.3178018376678351 0.026386933051999399
-1.474686127622389 -1.2845702051032319 -0.024160674768790549
-1.5202751160698851 -1.25517668718905 -0.073194872653757223
-1.569499688392443 -1.229251682326181 -0.1191081998096321
-1.622239556125965 -1.20561934781824 -0.16128577913623179
-1.677779083503308 -1.183689792948996 -0.19926109044159149
-1.7356870493308181 -1.162250747526189 -0.23271516095018241
-1.7943131512066139 -1.1395212691192109 -0.26175513875969247
-1.853113505557564 -1.114456367754884 -0.28722572316634148
-1.9118420529298861 -1.087233112377245 -0.30924404324980748
-1.970055143527039 -1.05817215256728 -0.32784125084975341
-2.027656527184754 -1.027608702935584 -0.34339514929056308
-2.084493372657211 -0.99555198180907856 -0.35564991797076051
-2.140450953240189 -0.96231517604422723 -0.36482859584237948
-2.1952805719876891 -0.92789746979616705 -0.37077085989242009
-2.249051273386582 -0.89239089849791886 -0.37365150040380279
-2.3013332329554652 -0.8559910443029527 -0.37347465584463929
-2.352061825330245 -0.81852273177703505 -0.37015992446344098
-2.4016863717921448 -0.78095354302174991 -0.36466472637370689

-2.21311138392254 -1.9212805348203441 0.21456904849537201
-2.192512392555761 -1.9593688184228419 0.16891522430330991
-2.1688783876576849 -1.994886325986637 0.1221934171623099
-2.1421693546529901 -2.0274842084374272 0.075368709261003058
-2.11253134111027 -2.0575520721119931 0.028022498349042409
-2.0803577741013259 -2.0844304204630228 -0.019318610925286289
-2.045424648103237 -2.108187141060982 -0.066328877998708083
-2.0074552886080199 -2.1292277076560961 -0.1130281424596557
-1.9672606989085879 -2.1470392590437291 -0.15866023947238439
-1.92463312980233 -2.1615988231180361 -0.20359010672641001
-1.879776476265596 -2.173002192920868 -0.24682167627001381
-1.832664196399229 -2.1815528416191681 -0.28850609223497847
-1.7833856569178519 -2.186825069934534 -0.32885617771635728
-1.7324925362035211 -2.1888798478117768 -0.3668700829841588
-1.6801034889053501 -2.1884740387767518 -0.40241387325905031
-1.625055423320251 -2.1847186534554539 -0.43600343948616382
-1.5697812924098631 -2.1783006786711869 -0.46652793032865508
-1.512762255499535 -2.1691178917793819 -0.49448419503423457
-1.4546144746113121 -2.1571320117911341 -0.51933865303487736
-1.3957248931181889 -2.142892283399588 -0.54089995785669531
-1.336287570607765 -2.1262155478018592 -0.55901609918106954
-1.2759590536275891 -2.107144175748441 -0.57377988053129825
-1.2158987057498329 -2.0862360944949199 -0.5847445770056473
-1.155489834146368 -2.0633084704570681 -0.59198753678259652
-1.0953395757861031 -2.0387571899918702 -0.59529447581393158
-1.035553860646337 -2.0129531707463348 -0.59463138055164655
-0.97619383459459608 -1.9858030434293961 -0.58987044801498412
-0.91747745766510158 -1.9578194152965429 -0.5809213482472394
-0.85985030837055687 -1.9294970876927919 -0.56786831837076923
-0.80281304491612915 -1.900973409522893 -0.55056195323251655
-0.74712142580625329 -1.8727732152587819 -0.52925164096814759
-0.69238277819822625 -1.844999869910023 -0.50384121108199253
-0.63893090059019664 -1.8180357283199899 -0.47454288685010138
-0.58697959296002966 -1.7923152872973189 -0.44178481594602298
-0.53635439468585799 -1.7679916645568501 -0.4055017522146997
-0.48714538075037839 -1.745411459915563 -0.3660473122010402
-0.43945076263403449 -1.7247885659511779 -0.32372769332600287
-0.39317441350423238 -1.7063180812039229 -0.2787135846081103
-0.34848094898407311 -1.69028595342064 -0.23110420548895619
-0.30531243667160979 -1.6767487940099131 -0.18111101484964451
-0.26373598575353452 -1.665858285085198 -0.12867985716399161
-0.22421312150487291 -1.657878590690379 -0.07434452768272666
-0.18608497038816321 -1.65381088172316 -0.01832342897388348
-0.14836891472635569 -1.6542845286503121 0.038291977612926249
-0.11087252453217961 -1.659441102572208 0.094658191579267595
-0.072975624991718988 -1.6692225351091321 0.1502001714913121
-0.03368338032086228 -1.6819579623732011 0.20365767498942869
0.0072999065518206969 -1.696785251373671 0.25497521038091359
0.049955061539939068 -1.7135753766754791 0.30393067136609941
0.094246606165867941 -1.732281310951383 0.3505161222589111
0.13969822139802501 -1.7526121893040021 0.39451694145874389
0.18659496950767551 -1.7746037718887171 0.43606068952922827
0.23474248680870999 -1.798060671782751 0.47459184174340308
0.28436665723002869 -1.8228939108534461 0.51018255285580816
0.33498142497749261 -1.8486458510472961 0.54252798960136239
0.3870032410406602 -1.875330664871838 0.57179599489844046
0.43983839223946641 -1.902489383819379 0.59771214225254587
0.49390998252813367 -1.9300455951271589 0.62027669027110255
0.54888491401197015 -1.957581715230224 0.6392224419807091
0.60467665370376211 -1.9847643233506329 0.65449367888376375
0.6614133220083438 -2.01167211820658 0.66642117173402415
0.7186302046201698 -2.0376784737528899 0.67469448178865532
0.77640188000284882 -2.0627654833875191 0.67946011104592507
0.83470205702352473 -2.0866699390707262 0.68073228070069813
0.89298718111506237 -2.1090475788705598 0.67858421819841785
0.95179709159797388 -2.1298605861995972 0.67298565713018965
1.0102240663678741 -2.1487806134084559 0.66422307258963909
1.0688951750724369 -2.165665528819503 0.65211455628153936
1.126983619524685 -2.1802551729304058 0.63697950665524272
1.1849394151385 -2.192612439339916 0.6189081281873281
1.2421370229565121 -2.2022203052420362 0.59789769104935597
1.2985923087962969 -2.2093553272471751 0.5743786500492275
1.354226778826263 -2.213644576898659 0.54827809961349072
1.408688404680253 -2.215169757717709 0.52000756155559147
1.4619229614030249 -2.2137189362230871 0.48964784421071739
1.5137001710056339 -2.2092373763849271 0.45741650968673409
1.563970113095096 -2.2018503354050631 0.42359999316777491
1.612483767475853 -2.1912634106905462 0.38837367907091569
1.6592912904568109 -2.1777507576769701 0.35203509142176131
1.704153162398202 -2.1612421010341181 0.31476237534509621
1.746989211574788 -2.1416428643871339 0.27673790262151959
1.7878862547417991 -2.1191696621383289 0.23828465176961519
1.826616327447832 -2.093635341252738 0.1995708125265884
1.8631155073313139 -2.065029387073507 0.16078629182478449
1.89733851743376 -2.033497643265811 0.1222046181378368
1.929365506017015 -1.99920077181773 0.084013415617282233
1.9590146037282219 -1.962006589763587 0.046405199789018511
1.986167924897509 -1.922152555403962 0.0097104734011984779
2.0111436457493759 -1.879727792406634 -0.02603753264381875
2.0333615603562638 -1.8346617853597129 -0.060387736803027517
2.0532777836390741 -1.7874017403148359 -0.093297690882923737
2.07080969288999 -1.737710521054924 -0.12463412325159
2.085596321751376 -1.686193589111908 -0.1538306187346592
2.0982985893558208 -1.6324155029378089 -0.18133565062870161
2.108405117833509 -1.577091351273566 -0.20640266596261631
2.1163218552896601 -1.519886838100889 -0.22932432136660449
2.1220854649189809 -1.461279622555044 -0.2498229330720444
2.1255908251541231 -1.401244886412931 -0.26768863248767638
2.1271142399781628 -1.3398539195055801 -0.28304066986257531
2.1267020227053992 -1.277378143736811 -0.29567974484163267
2.124185749972118 -1.2138358705542669 -0.3053706445315576
2.1198398696795451 -1.1493644721726359 -0.31220399060382431
2.113683809008831 -1.0840131730870839 -0.31613746370398338
2.1057483743730838 -1.0183073844019299 -0.31707841098131279
2.0958407039412221 -0.95198024928964664 -0.31471013780484081
2.0840770961519581 -0.88559130015932586 -0.30909553580790511
2.0704595338029499 -0.81929044029371279 -0.30015862026417972
2.0549289543173481 -0.75323138376155385 -0.28777680760589791
2.0375153949252192 -0.68798931660868057 -0.27150520783776078
2.0183308654041898 -0.62403400407913434 -0.25133206883432518
1.997407516858247 -0.56132924086265956 -0.22692984742672651
1.9769759834082881 -0.49985999281194038 -0.1978325202592304
1.959137758985896 -0.43867205559637379 -0.16378644470684331
1.945147910201197 -0.37752144994398018 -0.12520128229741109
1.9367452439820529 -0.3168675389312624 -0.083628744457643678
1.935196520095716 -0.25563695167785899 -0.040774236566532153
1.9406339756132081 -0.19422957051542 0.00076508851158899949
1.9520158092459661 -0.13251185174586669 0.038943757505361588
1.9675543969888249 -0.069514624467133565 0.072571186425188283
1.985317794013147 -0.0063605788018264216 0.10077031799563919
2.0039822848788051 0.057642582471631662 0.1236104226629323
2.021423006952646 0.1227205966335079 0.14223931050540281
2.035784667943028 0.1885153573382703 0.15787529768762409
2.0471262965479302 0.25500627533756881 0.17058311285664099
2.05619707167414 0.32147957821988032 0.1810997848099142
2.064701135913301 0.38720164678082442 0.19116628827579141
2.0723919057306421 0.45237144125789669 0.2000872844929491
2.079029579204104 0.51708482195390981 0.20731598390563791
2.0844081196444471 0.581379202539412 0.21247016266543109
2.088342462118991 0.64523194244594384 0.21529945059579819
2.0906576677264259 0.70857288150779807 0.21565494288548789
2.091184184943482 0.77129925465218607 0.21346628211994079
2.0897571960094021 0.83328836219314495 0.2087245340304193
2.0862178703615202 0.89440627437188847 0.20146914056332971
2.0804152900371711 0.95451241381982999 0.1917780157915108
2.0722086850214541 1.0134610570928391 0.17976039601136659
2.0614699121021971 1.071101502127664 0.16555200020288691
2.0480860229980551 1.127278475722461 0.149311799016216
2.0319616546010821 1.181833542572553 0.13121963856658039
2.013020995628017 1.234607491601718 0.11147415764136449
1.991209188630668 1.2854433168617381 0.0902906916051366
1.966493123894371 1.334189401544619 0.067899042226997441
1.9388616515073149 1.380702609332042 0.044541104388192782
1.908325302783243 1.424851061674562 0.020468414469253678
1.8749156763066841 1.4665164459339011 -0.0040602718792939136
1.838684673418707 1.5055958019024489 -0.028781273220656371
1.799703722994024 1.542002867109818 -0.053428114896839671
1.7580630206926511 1.5756691599550721 -0.077733559522433313
1.713870689559339 1.6065449794318341 -0.10143164713856979
1.66725172297522 1.6346004052892991 -0.1242598363239016
1.6183466115648171 1.659826266987642 -0.1459612685841094
1.5673096248775671 1.682234987167075 -0.1662871173848301
1.514306752607947 1.7018612065851491 -0.18499896194929619
1.4595133089814041 1.718762119562943 -0.2018711292967707
1.403111233601475 1.733017452009362 -0.21669294603234271
1.345286239176247 1.7447290038633421 -0.22927083806710111
1.286225117000694 1.754019693784433 -0.23943026167175721
1.2261135533293219 1.7610321056224241 -0.24701759249673319
1.165134565502504 1.765926603683196 -0.25190232157621623
1.1034671364883391 1.768879084923749 -0.25398010919552139
1.0412840532420871 1.770078350720667 -0.25317733192232789
0.97874766845565642 1.7697230036011899 -0.2494577504719715
0.91600243605574805 1.7680178929417341 -0.2428320164233056
0.85316341445232824 1.765170641477823 -0.2333711888507104
0.79030024654295772 1.761389700514931 -0.22122626182935801
0.7274169967228431 1.7568860846117711 -0.2066559265038016
0.66443207340784072 1.7518796148137099 -0.19006216913612689
0.60117119704922106 1.7466077608655139 -0.1720302670104713
0.53731818897500772 1.741329517848996 -0.15334060120174089
0.47369201201698852 1.7346492913365019 -0.13219612274416259
0.41076692091074801 1.726040041952362 -0.1079792833223096
0.34886216662109593 1.7154383821439529 -0.080558124808597156
0.28823000248672748 1.703521643866885 -0.049266817320341882
0.22932891693825541 1.6927745770452849 -0.01352361505325666
0.17158055828382651 1.684575141379796 0.026715747669134711
0.11572647837680131 1.680051844036716 0.070310470819849299
0.061075182560726082 1.680364391720065 0.1170151704281754
0.0079568480006435936 1.6862343620782101 0.16513131217144519
-0.044153709972553287 1.697862513429182 0.2135495029798109
-0.095213418897532862 1.71492325735359 0.2604693271902242
-0.1460896749481812 1.7367971645118629 0.30508537803558838
-0.19689729244278051 1.762638030190081 0.34619384980322232
-0.24858409890008359 1.7907950684276921 0.38317512988639107
-0.3022253601937317 1.8192833851911321 0.4162043188889395
-0.35758774977099861 1.8477854244508629 0.44541165482899447
-0.41441707720690218 1.8760921828432571 0.47101514351420087
-0.47211978140364569 1.90390612097991 0.49317562389233949
-0.53073135349017719 1.9311945971784279 0.51174522600950156
-0.59025786780594514 1.9579234802153529 0.52678133177745001
-0.64998473806576362 1.9837581878180079 0.53838545219029521
-0.71020026945294012 2.0087395404912569 0.54660563260375494
-0.77034046507885257 2.0326260265704952 0.5514718607802056
-0.83086520168270006 2.0555652998360139 0.55313294789806133
-0.89097704005348533 2.07714987222317 0.5515446818581643
-0.95108916116556896 2.0972002649600632 0.54652926579410099
-1.010834926327761 2.1156101844285149 0.53831752171453862
-1.0701732733474509 2.1324704802707659 0.52721044262652439
-1.1290325367453971 2.1472086152145682 0.51285825383503347
-1.187258419186795 2.160158041277557 0.49575979309897988
-1.2446498131269339 2.170885691772904 0.47587296640815041
-1.3013441825607479 2.1794502620607301 0.45323439212046301
-1.3570012220497589 2.185595008658181 0.42807178131003182
-1.411591018825465 2.1893308832393101 0.4004708538014265
-1.4648904496164219 2.1904414026174859 0.37065128302460842
-1.516881806294011 2.1886839109834639 0.33854432566524689
-1.5674324661421311 2.1845352906374411 0.30466678670433628
-1.6165501505376889 2.1780204845199891 0.26914362666565911
-1.664129262286318 2.1690284330951859 0.23209154734630899
-1.7099164246131959 2.1571101416172529 0.19356926282131159
-1.7537424665881569 2.1421480354671609 0.15377717826613749
-1.795464359641102 2.124106827874674 0.1129528626423439
-1.8349563003507789 2.1029869677378552 0.07134724538520916
-1.8721089307593679 2.0788116754034669 0.029215407531611792
-1.9068292902217781 2.0516210126662671 -0.01318835147916554
-1.939039952635212 2.021468771253542 -0.055612696470609083
-1.9686771767525439 1.988421470275388 -0.097809081089842445
-1.995688843558943 1.9525592090095441 -0.13953008438742781
-2.0200332711507869 1.913977538303087 -0.1805277745750033
-2.0416795106532311 1.872789041122787 -0.22055350272795901
-2.060608873759608 1.829123561384955 -0.25935961674364227
-2.0768168921881811 1.783126790001671 -0.29670258497690161
-2.090314920259261 1.734957647170597 -0.33234654080577702
-2.101130953317234 1.6847852777208909 -0.36606634511696517
-2.109309653993078 1.63278645603902 -0.3976496802249832
-2.1149118732529382 1.579143786080015 -0.42689822595174393
-2.1180140137618979 1.524044454232008 -0.45362837646258192
-2.1187074128875021 1.4676788757587029 -0.47767198705663161
-2.1170976909891008 1.4102386932134361 -0.49887731277843711
-2.1133039162423288 1.351914114268616 -0.51710992483945284
-2.1074575302554561 1.292891106052722 -0.53225325893327791
-2.0997011690222762 1.2333491541411119 -0.54420863392460883
-2.0901880396513262 1.17345997830096 -0.55289537951844903
-2.079090880581675 1.113385230322792 -0.55826158173876772
-2.066727865261456 1.05323970833841 -0.56042942059705958
-2.0532977805459738 0.99313485535492152 -0.55943140226456345
-2.0387455323036501 0.9332128005701209 -0.55500625465249964
-2.0233265998210692 0.87363333880156147 -0.54722166142635076
-2.0071488207648609 0.81450567083219494 -0.53599334486837347
-1.9904134521276129 0.75586930706420785 -0.5213675394222661
-1.9734265492497849 0.69800497784399607 -0.50344306700080033
-1.9561578813094069 0.64078202446176713 -0.48199491076816309
-1.939080346633135 0.58454952645299718 -0.45743186059258167
-1.9222416475764761 0.5292060503435424 -0.42954923901957071
-1.9058984382795581 0.47503896752561381 -0.39840162686872888
-1.8903067107099001 0.42194386488613361 -0.36416638706888271
-1.875749996227648 0.37005783259392322 -0.32697695129717541
-1.8624948971205 0.31898803774866941 -0.28747398099308857
-1.850771115627954 0.26821186660398388 -0.24643270054166311
-1.8406604472145141 0.21802716031448441 -0.20358078448976841
-1.832292006695081 0.16850672242006581 -0.15900493670488519
-1.825801443745497 0.1196364224690008 -0.11292877540480729
-1.82130582933963 0.071383483578327717 -0.065612652508443225
-1.818892566950826 0.023716324143845311 -0.017319051046928768
-1.818613302042847 -0.02338906933306718 0.031704377677074611
-1.8204785033704931 -0.069943662844870566 0.081239012165665425
-1.824445431879866 -0.1159315069909904 0.13111756324327581
-1.830384227376971 -0.1612708196667948 0.1812737771809764
-1.838135722731739 -0.2059020270674573 0.23167339573547871
-1.84796629877677 -0.25040691164842183 0.28187198994194368
-1.8606319678892671 -0.29589682616705593 0.32991174733476042
-1.8759098551887281 -0.34262275550507071 0.37566585259414459
-1.8934807255571759 -0.39067164172760888 0.41876893505722518
-1.91295480663494 -0.43984554455285618 0.45889226248455839
-1.934145211488592 -0.49051783352301448 0.49606698029216473
-1.956639289556249 -0.54247025105482405 0.52982027053846581
-1.9802470942553589 -0.59596677796146869 0.56023389900521636
-2.004507990362737 -0.65077217788436326 0.58682275112264193
-2.02927549788035 -0.70685639337090411 0.60988596521807426
-2.0541786329958742 -0.7641004550982532 0.62909003851010648
-2.078819686622869 -0.82232843429345581 0.64412248947256268
-2.1029672934173531 -0.88132030390222571 0.65513563357376459
-2.1264716351834809 -0.94109551485733467 0.66220942982039133
-2.148943397019651 -1.0014102103161151 0.66513297549503481
-2.1701236627279372 -1.0618387688126969 0.66414860005220333
-2.1899299116771398 -1.1225459848034449 0.65929677866356806
-2.2080799045637338 -1.1832294698320911 0.65060712483405558
-2.2244067887304162 -1.2435253662786601 0.63824994563758752
-2.2388318428376608 -1.303398244063128 0.62238306729374127
-2.2510085799473729 -1.362659877372755 0.60291605361322875
-2.2611283660654591 -1.421047360900132 0.58031714211388608
-2.268635870955376 -1.4784161918912191 0.55440427105890011
-2.2738159808019689 -1.534564599846622 0.5256052976821971
-2.276335851142782 -1.5893012285562831 0.49407844805040041
-2.275937700345497 -1.6428368708642469 0.4596444513398194
-2.2729950366250131 -1.694051035628499 0.42361078457770829
-2.2667578616057891 -1.744172490707447 0.38497203907314548
-2.2577510482434229 -1.791899349278385 0.34463025093561372
-2.24611045604702 -1.837019406045008 0.30280391905882709
-2.2310609552137408 -1.8806910086768349 0.25895940326913702
