-2.4503447926125141 -0.7433950053258146 -0.35712508710587682
-2.5015481634124774 -0.70229814449492145 -0.34619509604462073
-2.5511468427379747 -0.66020755094546046 -0.33213818105996684
-2.5987144369964899 -0.61700376356720654 -0.31484440254102425
-2.6438691168240886 -0.57264822648933156 -0.29432149181195727
-2.6862616755985709 -0.52715218709720901 -0.27065730901758506
-2.725572972902488 -0.48056135082919865 -0.24399897213445881
-2.7615132237869542 -0.43294648615814274 -0.21453867079069583
-2.7938219965871176 -0.38439731191769128 -0.18250357154848024
-2.8222685650828936 -0.33501829706800845 -0.14814838314214487
-2.8466523790216591 -0.28492555741321901 -0.11174962744512304
-2.866692911439813 -0.23423303388993813 -0.073564964548485184
-2.882111292265868 -0.18307323528404737 -0.033890107928476035
-2.8930401906313836 -0.13161594667293572 0.0068625065192882573
-2.8994075001770088 -0.080002508381326234 0.048368879288712002
-2.9011705971831594 -0.028376008550931257 0.090301410083757375
-2.8983159329915211 0.023119993463436191 0.1323311093262069
-2.8908587402136652 0.074342674920910262 0.17412965592244256
-2.8788428433584796 0.12515114320342252 0.21537140459441495
-2.8623404916114374 0.17540765609849726 0.25573542189497828
-2.8414520790248501 0.22497888398496507 0.29490758340182138
-2.8163056126916883 0.2737371993722752 0.33258271030684694
-2.7868723402076472 0.32151282179300389 0.36836926143850451
-2.753422193002498 0.36819925280875432 0.40199084642650673
-2.7162882805015713 0.41372453093230349 0.43324062698642568
-2.6757012371903128 0.45799876586864813 0.46187367999091838
-2.6319120230273807 0.50094413477256983 0.48766436573482974
-2.5851901367594312 0.54249613866110524 0.51040836057951322
-2.535821564686819 0.58260488298027868 0.52992473910484084
-2.4841063646951067 0.62123633335702821 0.54605801983805424
-2.4303558231600983 0.65837347778195698 0.55868005459321701
-2.3748891801640544 0.69401732116298798 0.56769163614808227
-2.3180299773504922 0.7281876470600116 0.57302372157887238
-2.2601021265577499 0.76092349922426927 0.57463820863543258
-2.2014046043301181 0.7922197296145459 0.57234679089347451
-2.142297371040085 0.82221580155279295 0.56632739795717357
-2.0830846625432011 0.85102745609897734 0.55668582849459558
-2.0240451311745642 0.87877170293312634 0.54351269291086812
-1.9654365650441874 0.90558559558902096 0.52693321883033761
-1.9074885612743306 0.93164344682874245 0.50713537733468572
-1.8503786263927127 0.95724425784388412 0.48449528764192873
-1.7942121344538615 0.98278474582886977 0.45953937643291515
-1.7391272672899656 1.0081955090579009 0.43217963381748065
-1.6853340940286523 1.0331732803671996 0.40199375540972404
-1.6329888232786407 1.0579031714163611 0.3691723884417063
-1.5822329574491443 1.0825619097962098 0.33389110659328741
-1.5332059721188334 1.1073356001270238 0.29632020291978572
-1.4860401212153078 1.1323810380025798 0.25660647744025139
-1.4408052810115641 1.1578802036896145 0.21497874276776496
-1.397504404857296 1.1839898290512674 0.17170216965695353
-1.3558050876271746 1.210795239271337 0.12728093053042022
-1.3151132097537843 1.2381536081077145 0.082267333748958296
-1.2755819462935798 1.2656063590397413 0.036288654704765236
-1.23746768785572 1.2936869108727567 -0.01048602606808176
-1.2011420494586567 1.3244474817608449 -0.056995803966954368
-1.1663516887778562 1.3581912130440272 -0.1026044827468397
-1.1327189499193639 1.3948762548546141 -0.14679243586249302
-1.0998964672166125 1.4342919931334599 -0.18920522624565395
-1.0676082812122443 1.4762649761863853 -0.22952607829853186
-1.0356195312765275 1.5205728996060182 -0.26752314908170338
-1.0037526399783077 1.5669771483608426 -0.30303954941668376
-0.97179343058024625 1.6153795959578154 -0.33569131997190854
-0.93957706530628737 1.6655935573175435 -0.36520503645167951
-0.90698316347408248 1.7172975784031095 -0.39156078728239591
-0.87387255938626063 1.7702756699810438 -0.41452115241847287
-0.8401953561791996 1.8242766608360996 -0.43400944757489507
-0.80592038546416789 1.8790360762519147 -0.45001748173929063
-0.77090928181677032 1.9343041151151257 -0.46221746500178434
-0.73504309969044501 1.9897604766169634 -0.47040010270729837
-0.69831084678543931 2.04509671156947 -0.47457349165031099
-0.66075958423533609 2.1000274362224798 -0.47485865762139351
-0.62224146652439027 2.1541434356209899 -0.47091450133738366
-0.58288733281079597 2.2072072712607143 -0.46299016533819409
-0.54264557418870307 2.2588115607069668 -0.4509941477356777
-0.50158793987211325 2.3086761802438507 -0.43502013576267579
-0.45977994095825486 2.3565097367877121 -0.41527105144401272
-0.41725125487460313 2.4019770175976127 -0.39179679603311918
-0.3740768980158915 2.4447994217644373 -0.36480175248694902
-0.3303514414408753 2.4847122067691303 -0.33443443063621109
-0.28618404100650702 2.5215554300643626 -0.30097514269533904
-0.24162648349601273 2.5549042183792334 -0.26450108563430297
-0.19686728606420595 2.5849256903221085 -0.22545602845231599
-0.15188600160091331 2.6109443557857102 -0.1838704906824698
-0.10691365350919499 2.6330753188941078 -0.14007872694693566
-0.061937825175963176 2.651073117017436 -0.094447761124986374
-0.017054080758932673 2.6648414678319243 -0.047283023663979476
0.027601219997875754 2.6745430958925316 0.0010829995220902073
0.071971422835477195 2.6798125456534558 0.050385876684979701
0.11581259314784619 2.6807418932004636 0.1004246602000313
0.15884266697092306 2.6773128635805818 0.15105312015712974
0.2011059776793335 2.6694360648969333 0.20182876021939275
0.24262050536784466 2.6571343055424372 0.25234455124069638
0.28317485285826283 2.640554546633282 0.30241908967707876
0.32258538622562311 2.619714700610408 0.35181081237274447
0.36079638198241137 2.5946396510694774 0.4001705206708826
0.39778901847356174 2.565433511903886 0.44714537232679719
0.43362752595056109 2.5323057158554305 0.49238944121058315
0.46794645233819288 2.4954074959237644 0.53586821926723172
0.50050204212802285 2.4547033188125447 0.57725949302765622
0.53157148025330547 2.4105539159159721 0.61618561715290499
0.56110290317756084 2.3632724292783944 0.65252889226390809
0.58873128578987144 2.3128409423592413 0.68602174689783624
0.61474593762018648 2.259771372414912 0.71659231475381358
0.6390698162330648 2.2041663139393775 0.74385616158003587
0.66167718559271571 2.1462796051349216 0.7676283723413585
0.68267700692640332 2.086455014446098 0.78779148999986148
0.7020095794068173 2.0249176180367798 0.80409804827932696
0.71977650806970517 1.9620187230417971 0.8165352549197068
0.73597365289972527 1.8980289612552845 0.82487115073864747
0.75066216719027812 1.833272681810336 0.82906762881034368
0.76394362580345532 1.7680739746491407 0.82905229202050212
0.77583793415220048 1.7027550800286075 0.82467303537548386
0.78660049116654807 1.6376385485848552 0.816161292990502
0.79624745196465974 1.5730694035294344 0.803270342225895
0.80497258210728029 1.5093264724359614 0.78623585077792302
0.81292311308937326 1.4467458453862674 0.76501150122398609
0.82019919787256079 1.3856534009567016 0.73961286555994077
0.82709827304727568 1.3262814848769522 0.71033642295758115
0.83377222238932036 1.2688335145758596 0.67740891100356926
0.8403987285362805 1.2136125265221802 0.64086007286481717
0.84734804486886883 1.1603987517586825 0.60148880929346626
0.85511671514821685 1.1086979754359425 0.5603034532473985
0.86366700764357329 1.0588670239080011 0.51702623203006159
0.87304407612203261 1.0111387131588272 0.47160641021723587
0.8833413260735955 0.96566357253224855 0.42412244535126975
0.89468499796380818 0.92252417962329225 0.37473594326555082
0.90721965586710918 0.8817522890547127 0.32365495917700499
0.92109742672706241 0.84334300505398818 0.27111059645788926
0.93647122122568494 0.80726423939513681 0.21734447967243462
0.95349060737587565 0.77346269918858379 0.16260264354220028
0.97229915961719149 0.74186774558473889 0.10713278946814447
0.99303251366864864 0.71239406130127314 0.051183186168094391
1.0158166718010877 0.6849437432506077 -0.0049977235960119611
1.0407662714563055 0.65940822534011989 -0.061161542788141621
1.0679825479705793 0.63567029783535645 -0.11706034616958998
1.0975506188465403 0.61360642613344296 -0.17244774966092422
1.1295355686661823 0.59308959725502242 -0.22708130341156707
1.163976705399999 0.5739930146433756 -0.28072727996646235
1.2008793341051536 0.55619504873256564 -0.33316942152193091
1.2402035463774881 0.53958579762690895 -0.38422365842577255
1.281850275457409 0.52407517856158703 -0.43376059178448667
1.3256467416818214 0.509601471898528 -0.48173539941440091
1.3713382362435202 0.49613705652523471 -0.52821735928225333
1.4186068942436485 0.48368244264682042 -0.5733896026852856
1.4681890798504511 0.47179750175700647 -0.61614148279224723
1.5204620840270611 0.46019406113855676 -0.65564246514271418
1.5750798935933406 0.44873991462518847 -0.69189020502829268
1.6319773103028199 0.43716217735340807 -0.72438886155420745
1.6909066282289813 0.42527569030689832 -0.75292462427630047
1.7515181859275912 0.41299638988073339 -0.77750577279341859
1.8135599652131176 0.40004157746364211 -0.79780325378192174
1.8766883492544202 0.38642991193945664 -0.81391129204996016
1.9405755211894815 0.37193094215686767 -0.82566901991528951
2.0049113863475565 0.35644554396905548 -0.83282966073953324
2.069340150480075 0.34004300806371035 -0.83583323039766322
2.1334963202833306 0.3224278289623676 -0.83421290452141639
2.1971337934921018 0.30384472246869365 -0.82843440788573686
2.2599019164857634 0.28415550843784937 -0.81843962126749525
2.3214207963603384 0.26322602282320279 -0.80412507569840153
2.3814643442295278 0.24119548107776212 -0.78577835168930577
2.4397603840197606 0.21804387930814767 -0.76358475171172002
2.4959523693641681 0.19371390884968501 -0.7375707578952706
2.5497493004878788 0.16820978556296237 -0.70787109869537312
2.6010257683654672 0.14163190838289913 -0.67483720306419903
2.6494754492983836 0.11390132502223126 -0.6386443259628839
2.6948068645202472 0.084965164763978154 -0.59947249075553111
2.7368000558546521 0.054922553532523996 -0.55751255537185795
2.7753875775795458 0.024203444849724066 -0.51285140045979205
2.8102756775966107 -0.0072066488126914519 -0.46569881781606498
2.8412950598934366 -0.039427153958489142 -0.41642891025292483
2.8682293681432087 -0.07244765582084299 -0.36531726239632228
2.8910757650573773 -0.10627457837099548 -0.31275423896218146
2.9097527398423289 -0.14047981694613812 -0.25880112321347637
2.9239499797414399 -0.17496736091996581 -0.20367344176495691
2.9336301239078995 -0.2098238166400351 -0.14780864034068389
2.9387794160391802 -0.24502573590382729 -0.09156572186400963
2.9395509040226084 -0.28059561115856874 -0.035330452103205373
2.9358668452093131 -0.31618143959692396 0.020774349920492839
2.9277344962044052 -0.351583084305916 0.076521147813035012
2.9151482928997958 -0.38682006830443699 0.13153678192662871
2.8982347326096618 -0.42195363229817129 0.18544684361881411
2.8771001431978469 -0.45702679448740446 0.23788296988556371
2.8518200273976744 -0.49178366852095451 0.288672960081233
2.8224536272729206 -0.52596288738904451 0.33761743510282094
2.7892288028373748 -0.55948987056973742 0.3845155058358587
2.7524715123486376 -0.59242029749702652 0.42914610710014178
2.7121224641798518 -0.62465260751724472 0.47110526775479944
2.668377619980586 -0.65611464817180842 0.51015158013978801
2.6216277212224699 -0.6868671655550499 0.54617703670933171
2.5720279092594169 -0.71686750380586117 0.57887973587135733
2.5195757101146921 -0.74589767839635901 0.60779241720754729
2.4648891479551254 -0.77415326645126381 0.63310351640768914
2.4080987153119975 -0.80149731023118864 0.65445903579925035
2.3495253620469354 -0.82789947548915443 0.67178980539349387
2.289512046011692 -0.85339588468605077 0.685066020986002
2.2283382106747354 -0.87796078849007342 0.69410447883233461
2.1663362285757159 -0.90162549257468905 0.69889428605741288
2.1038442139607727 -0.9244625363695832 0.6993930325687101
2.0411981741345304 -0.94654910919337332 0.6956004601989535
1.978725496496996 -0.96793438321256042 0.68745063779137394
1.9167553095353109 -0.98873869024888739 0.67505188201510347
1.8555771622950101 -1.0091347899515299 0.65866432997198532
1.7954381844499907 -1.0292637656844408 0.63852816274439206
1.7365986257868546 -1.0492367780587295 0.61473090776500428
1.6793072802058873 -1.0691883847277814 0.58740125860910397
1.6237451158906886 -1.0892827800169602 0.55679175546094772
1.5700229321211703 -1.1096840297328332 0.52324007943077522
1.5183256699268113 -1.1305301779593944 0.48689927941814443
1.4688247044439109 -1.1519567420095076 0.44793021368138475
1.4215570021752648 -1.1740444514671891 0.40662210231986906
1.3765845223722697 -1.1968558267975702 0.36320137568443844
1.3340621997786255 -1.2204144782207074 0.31775599298127422
1.294092021560717 -1.2447118681326541 0.27042338143065298
1.2568686768754964 -1.26974683911713 0.22127092425020198
1.2225876431475018 -1.2958800319120802 0.17057738899731231
1.1912519494829052 -1.3244204640218156 0.11928471173349998
1.1623785300861713 -1.3565587595910888 0.068677929047786967
1.1353248381131451 -1.3924973597380121 0.019636950126406622
1.108898118966767 -1.4318372155253305 -0.027091794835858281
1.0815684451455532 -1.4735076661223567 -0.071212542071308879
1.0534723625362594 -1.5173276835717842 -0.11269466622604689
1.0247040174923125 -1.5630824360863109 -0.15154654553738722
0.99527517894375561 -1.6106267609093661 -0.18766076425556424
0.96513522907078175 -1.6598082301703747 -0.22088238878065006
0.9342940577782648 -1.7104009455821765 -0.25121628708648325
0.90266490741949457 -1.7621940755710708 -0.27856532330681999
0.87010191254217761 -1.8150109543242305 -0.30266537965653134
0.83646785697902915 -1.8685899691875292 -0.32336885153024308
0.80172563456420121 -1.9226570782211034 -0.34069075351859385
0.76580086166411643 -1.976940465484585 -0.35457367478607194
0.72871840825632661 -2.0312090636405506 -0.36503231775925149
0.69034410614184372 -2.0851414730455851 -0.37194110542970299
0.65057794003845493 -2.1384001570284163 -0.37517851228252924
0.60933630002310035 -2.1906233574547627 -0.37471975243329969
0.56675958221232803 -2.2416053150506539 -0.37075950580224032
0.52275341291998578 -2.2909436904162499 -0.36324459542606075
0.47735722700212335 -2.3383277215113689 -0.35224702508601002
0.43058064478905755 -2.3833984841091671 -0.33784635879524044
0.38252994906675714 -2.4259203887305572 -0.32022997314648127
0.33319735884979318 -2.4654358429980152 -0.29945375836179744
0.28276707500064674 -2.5018541844563704 -0.27581490871869407
0.23132824293348411 -2.5349009741615252 -0.24953153745211368
0.17895157307508053 -2.5641508360799703 -0.22071158048862344
0.12577803941697077 -2.5893849403078768 -0.18964527334396031
0.071991954345845183 -2.6107185791452765 -0.1567815167168016
0.01768362259506559 -2.6278859607126317 -0.12238088935255388
-0.036998618896048913 -2.6408075923790033 -0.086746995858682674
-0.091927532427718034 -2.6494211880570693 -0.050198887836689472
-0.14701439192557819 -2.6536579468105628 -0.01312528490226034
-0.20215260944855015 -2.6535035458129044 0.024123700111296883
-0.25715060568494619 -2.6489679254297123 0.061313240878607067
-0.31188592939316923 -2.640055800880849 0.098111367199132465
-0.36617845480474198 -2.6264620537967747 0.13412715650750612
-0.41991627007939053 -2.6086432052553854 0.16910290920140542
-0.47301056601155494 -2.5866640271756527 0.20265499772743409
-0.52533773643810966 -2.5607269130972119 0.2345387932881286
-0.57677343603216136 -2.5309653223786732 0.26445893949974514
-0.62720091723817628 -2.4975662434510433 0.29218813540830169
-0.67651832634428866 -2.4607661155361384 0.3174917574242016
-0.72461312847205883 -2.4207602179155616 0.34016153507710967
-0.77145915911373819 -2.37790584446457 0.36008521057916471
-0.81691848619009788 -2.3323534761019697 0.37701608251426771
-0.86096870969571171 -2.2844479437409362 0.39093376588233419
-0.90360548015763231 -2.2345101386939383 0.4017943457982347
-0.94461309193793297 -2.1826391527812921 0.40939631298877432
-0.98397898165358699 -2.1291398072780332 0.41371279280463497
-1.0215866795749662 -2.0742267915195658 0.41471289746769591
-1.0574077261968455 -2.0181695914755227 0.41243172988966431
-1.0912911861655021 -1.9611458507545341 0.40686684935971273
-1.1231397188136816 -1.9033780899796438 0.39795111571741892
-1.1527509647305767 -1.8450425217761179 0.3856580306623783
-1.1800037340968403 -1.7864408037252786 0.36972446474094278
-1.2051680519967647 -1.7280989986348434 0.34989530113218259
-1.2290536624177777 -1.670783855442747 0.32593745384490441
-1.2523111923345294 -1.6151436434195601 0.29779593628339468
-1.2755341775440063 -1.5616700565003816 0.26571786348334586
-1.299238216065101 -1.5108724989107762 0.22988345651643113
-1.3239874177229194 -1.4631733843712025 0.19067066831051321
-1.3503253042348695 -1.4189201038479655 0.14857224868901964
-1.3788804838683728 -1.3783606000798667 0.10426536793214647
-1.4102685606705598 -1.3416072335877247 0.058579596681600746
-1.4449577608485038 -1.3086088411021146 0.012403750486455697
-1.4832052281979682 -1.2790775117158937 -0.033323573039849411
-1.5251260711560441 -1.2526218445918578 -0.077719513039250454
-1.5706356081497865 -1.2287426853029924 -0.12001662729974416
-1.6197037472346514 -1.2067556245391171 -0.15925782030230212
-1.6717834006965817 -1.1860571637441304 -0.19516152510811863
-1.7263671909216389 -1.1657012031744445 -0.22733097596120388
-1.7824648930472526 -1.14411486684065 -0.25588619740046398
-1.8392359977219008 -1.1203719505591558 -0.28121439485745892
-1.896340572535401 -1.0944187278639548 -0.30343227755212221
-1.9535802386075709 -1.0663967038636697 -0.32257804932869033
-2.0107958832120039 -1.0365550061334603 -0.33884232907434803
-2.0678419655995195 -1.0049435922683714 -0.35205965640723474
-2.124603945247487 -0.97172773321914752 -0.36222922360221815
-2.1808941037315153 -0.93692815885983338 -0.36921169907608464
-2.2365530672698273 -0.9006438770724905 -0.37298193802274976
-2.2913767296323289 -0.86292298167183346 -0.37350833387536936
-2.3450581584553518 -0.82369566418085993 -0.37061756133619617
-2.3980035209428245 -0.78374171396900294 -0.36507254863899447

-2.21311138392254 -1.9212805348203441 0.21456904849537201
-2.1928453415027356 -1.9588083499149751 0.16961728546221741
-2.1697798492998714 -1.9936639031221222 0.12387256925998255
-2.1436373312132648 -2.0258448212963791 0.077822779438317877
-2.1148485438715054 -2.0553966922627946 0.03158805820974505
-2.0835486195533326 -2.0820009373672659 -0.01480276011512653
-2.0495875782613502 -2.1056000630799021 -0.060947324289542366
-2.0130160463982767 -2.1264170928814301 -0.10643214295651107
-1.9740592509312813 -2.1443216506225724 -0.15116983882815929
-1.9329469328889297 -2.1590734787638124 -0.19512168977003647
-1.889531617145676 -2.1708102692829452 -0.2377472107885075
-1.8439812523759642 -2.1798113272038759 -0.27878261663432585
-1.7966517871429388 -2.1857636963481997 -0.31833099995972164
-1.7475343352427608 -2.1885438474418901 -0.35600457430272836
-1.6967512494635306 -2.1889191871223921 -0.39151240116366076
-1.6444123670916317 -2.1863877800186931 -0.42458061179398732
-1.5908488310126765 -2.1810311172453338 -0.4552751942629264
-1.5362051246000614 -2.1732161464980737 -0.48342857570794806
-1.4805919827811183 -2.1627702029428724 -0.50867914340205955
-1.4241786112205563 -2.1500397659605328 -0.5309332140246894
-1.3671488766015489 -2.1351586163933134 -0.55005720471056252
-1.3097487291854459 -2.1180739302645715 -0.56596458421237616
-1.2521323439456846 -2.0990753484186206 -0.57857708179008038
-1.1944728195404393 -2.078318305984638 -0.5877529720343162
-1.1369778489259503 -2.0559173786810239 -0.593424638753836
-1.0797776120856872 -2.0321786336520482 -0.59550638451779037
-1.0230274262932177 -2.0073447642682187 -0.59397497490588846
-0.9669660218933166 -1.9814709854572548 -0.58874764874861207
-0.91166134650724884 -1.9549943550739559 -0.57979894774579033
-0.85723506520003889 -1.928198122606045 -0.56717136733171392
-0.80376390582562307 -1.9014522448120024 -0.55088580993859615
-0.75138914115756117 -1.874939790278187 -0.53104302352488642
-0.70018608629654333 -1.8489552781942433 -0.50774417723287901
-0.650249158606931 -1.8237149566408049 -0.48111559500666584
-0.60156116584741781 -1.7994702407615517 -0.45142353392417323
-0.55418624619396561 -1.776452035249583 -0.41877869145955621
-0.50812168172704986 -1.7548908693585017 -0.38337852528110294
-0.46335959298055418 -1.7349511027675057 -0.34544707704586447
-0.41988894299383578 -1.7167724993239235 -0.30519872546413962
-0.37774943062576599 -1.7005701462945979 -0.26275209658484761
-0.33701633648198154 -1.6864901370160847 -0.21822523870158436
-0.29769125463647872 -1.6745881466734187 -0.17183667717509857
-0.25993513164516996 -1.6649735334393114 -0.12364915914029515
-0.22383198787322606 -1.6578193930906038 -0.073797386801834272
-0.1890082449875049 -1.6539677282397647 -0.022688152169569376
-0.15463036641450861 -1.6538854694477814 0.028865974672465881
-0.12040109301894036 -1.6576685467736301 0.080379599664596332
-0.086062892943646815 -1.6654491492566776 0.13136952759826015
-0.050676873775699467 -1.6762353465535147 0.18108417081232553
-0.013737522024260426 -1.6890036662985124 0.22917465478821322
0.024751171982671287 -1.703497504375088 0.27552895305370823
0.064782479205886423 -1.7197036993769383 0.31997012802232044
0.10621707260854008 -1.7375323829085136 0.36246221952866287
0.14892037186098211 -1.7568609051695658 0.40299727564163784
0.1929249378734354 -1.7776420613831456 0.44136228177091408
0.23829586576758499 -1.7998200249083578 0.47727454066296404
0.28500181327040275 -1.8232151116613016 0.51061115938257495
0.33297531779768474 -1.8476201312552456 0.54131997777999419
0.38219808067346306 -1.8728601409877277 0.56925120557765485
0.43257510003102434 -1.8987635464129207 0.5943759997785818
0.4841313330121842 -1.9250889791658756 0.61648713227533103
0.53684122682345659 -1.9516093326181536 0.63541462565784401
0.59068913339662421 -1.978013845267292 0.65100636462739148
0.64545749820770293 -2.0042035061429733 0.66343874731143249
0.70112840108886609 -2.0298456402542695 0.67255123096644487
0.75758511903901071 -2.0547363635445706 0.67829515030991239
0.81470683607338579 -2.0786364035994009 0.6806859868420887
0.8723640974184852 -2.1013204222690312 0.67973556421310166
0.93043525480962985 -2.122502053581611 0.67540061358777037
0.98874664746137253 -2.1420509955610019 0.66781962828991626
1.0471585636097078 -2.1596651875328079 0.6569851666961628
1.1054997004190392 -2.175101784825205 0.64292314465312173
1.1635982828694578 -2.1883535047453662 0.62593074573580132
1.2212633791477434 -2.198996989386194 0.60590889519394697
1.2783282877986664 -2.2070902770319232 0.5831495810005054
1.3346175025990314 -2.2124471127300307 0.55780514235442191
1.389956825921165 -2.2149629410967635 0.53003798031675575
1.4441914869201342 -2.2145493959269431 0.50007086574319626
1.4971097178457382 -2.2110031902161693 0.46802859119992973
1.5486184190466354 -2.20446563249509 0.43420727925386482
1.5985033775024553 -2.1946682905090147 0.39878119264979711
1.6467010940024192 -2.181725995470682 0.36204833488162419
1.6930733535136782 -2.1656832450055128 0.32420820708341919
1.7373960268034829 -2.1463666281383795 0.28545250228870506
1.7797352390235646 -2.1239815779236504 0.24613197776268095
1.8198883633175709 -2.0984044025634736 0.206469811254444
1.8576849768815862 -2.0695957317198261 0.16670712393839787
1.8930893710980183 -2.0376796251181335 0.12711441689795924
1.9261612169063973 -2.0028777878393562 0.087937723336792992
1.9566984888380248 -1.9651361649657682 0.049433324319650369
1.9846321161151739 -1.9245618973333507 0.011840823202027704
2.0101946098770385 -1.8814796767485122 -0.024629941975555521
2.0328985398086292 -1.8356770860405403 -0.059647195460260045
2.0531816541776244 -1.7876453170093092 -0.093134319967804885
2.0709000443964687 -1.7374207732044611 -0.12480557073790631
2.085882296285678 -1.6850935053113874 -0.15442235169971338
2.098579239110915 -1.6310668451723291 -0.18198438712958737
2.1086813539924951 -1.5753476841071237 -0.2071442694092121
2.1165136202828498 -1.5182583776976002 -0.22993458270865574
2.1221847818413542 -1.4599885219721378 -0.25023890667260834
2.1256130872247847 -1.4006740408890159 -0.26784330910937099
2.1271065380756706 -1.3405755017948435 -0.28287564902765766
2.1267580378124427 -1.2798550295024862 -0.29523773746359577
2.1244422419868876 -1.2186643725403343 -0.3047397649919763
2.120459842313672 -1.1571978888516152 -0.31153128925048784
2.1149021090051865 -1.0956167109175654 -0.31565376478790541
2.107819479090983 -1.0340721985621029 -0.31714412969479505
2.0991423255526067 -0.97272968698336093 -0.31580462898363942
2.08893101017674 -0.91174621255826704 -0.3116978300012378
2.0772653048678542 -0.85126798119342861 -0.30488725263752148
2.064162566520813 -0.79144864107664714 -0.29539665022469352
2.0496181382531389 -0.73248984017953078 -0.28306004666007201
2.033692733232431 -0.67462202222273926 -0.2676461946426083
2.0164055721194467 -0.61804369619806798 -0.24921163101129901
1.9979637050998378 -0.5629625384274769 -0.22763032106635434
1.9799703571032481 -0.50921137429288377 -0.20259652797972749
1.9639956265460967 -0.45650157094000654 -0.17420759382806347
1.950793663654655 -0.40470612012427243 -0.14286433384131378
1.9410938111458074 -0.35365508776173715 -0.10911648591408685
1.9357624257400956 -0.30296563952084876 -0.073887081387921369
1.9353225788792932 -0.25218956823589028 -0.03838396078670564
1.939711830332715 -0.20103485846390887 -0.0037019161714898353
1.9484722562242016 -0.14919956270205315 0.029091400204698588
1.9605970966666342 -0.096282266929118718 0.058957117113885536
1.9750587665415704 -0.042177576419246569 0.085472726735294838
1.9910332974321738 0.013162187368667489 0.10831314873199176
2.0074239309975566 0.069795560347850644 0.12738629528021411
2.0226233049314533 0.12766393827237707 0.14351717718315438
2.0354257234247646 0.18666478291270222 0.15747750491751208
2.0458538204735452 0.2466254730927179 0.16913818386000298
2.0543332770241278 0.30723264359006336 0.17890927629479098
2.0622603529637087 0.36798026970047221 0.18827923390805701
2.0697278553382339 0.42887553298217163 0.19704046272004747
2.0763897512256597 0.49003392770907572 0.20451966744815891
2.0820708097190828 0.55146931582857883 0.21034518854731726
2.0865540529518047 0.61315892824858176 0.21417722470473749
2.089641211435969 0.67503115289325721 0.21578008114896161
2.0911266395865353 0.73697726962330423 0.21498310805834059
2.0908025168236835 0.7988565308867509 0.21167919443004998
2.0884576222824278 0.86050126003473448 0.20581380980678651
2.0838825643033663 0.92172106437317192 0.19738206549416659
2.0768745810661766 0.98230686393944933 0.18642476690516122
2.0672411541208966 1.0420342097437787 0.17302389424409687
2.054807789256436 1.1006680244463334 0.15730249833367049
2.0394209710884073 1.157966260546089 0.13942028710717014
2.0209525759128137 1.2136842760264546 0.11957127871356936
1.9993043267634476 1.2675799561393559 0.097981395325460297
1.974410077301215 1.3194183176266634 0.074904672920899321
1.946236847204093 1.368975623122072 0.0506191731127816
1.9147872164020179 1.4160448254297879 0.025423367912107642
1.8800991432921037 1.4604397073774449 -0.00036875255899482945
1.8422447050112485 1.501998213641875 -0.026432655638488432
1.8013289110187507 1.5405858645442512 -0.052438144993335233
1.7574881438127237 1.5760990279655811 -0.078054516801455906
1.7108892568241392 1.6084694048898454 -0.10295661217424291
1.6617191141265559 1.637656966711678 -0.12682756318808908
1.6101894465971944 1.6636605004916756 -0.1493659047055427
1.5565272859408124 1.6865109084718073 -0.17028798606661374
1.5009728665831756 1.7062731467342873 -0.18933276300810775
1.4437741117972784 1.72304292234509 -0.20626402677789685
1.385182988591072 1.7369455658307766 -0.22087356068843877
1.3254512485163967 1.7481333550064981 -0.23298337797937507
1.2648263994955129 1.7567824283355982 -0.24244767383906321
1.2035477866119 1.7630887614690216 -0.24915403818137583
1.1418430762585281 1.7672636158173471 -0.25302427135819833
1.0799251758258899 1.7695298656707128 -0.25401727017987041
1.0179887492188533 1.7701166681662606 -0.25213119762018826
0.9562064893395108 1.769254459263335 -0.24740751386245141
0.89472417231979762 1.7671708559835451 -0.23993883981037484
0.83365359736726485 1.7640875813548587 -0.22987952240219361
0.7730637731577068 1.7602167051048967 -0.21745664809899168
0.71296234995398866 1.7557754468152218 -0.20301017049424483
0.653300530397395 1.7509526158090463 -0.18695024105067648
0.59390806580941424 1.7460211182187588 -0.16994691516523214
0.53464185586222102 1.7410859557966902 -0.1525146315059519
0.47612606269295865 1.7349405080485405 -0.13306470085539848
0.41865520047406118 1.7272368483618457 -0.11120461626668886
0.36241271942466713 1.7179406107350834 -0.086906660854719736
0.30767008077522318 1.707371483508954 -0.059861758037440982
0.25460862240616305 1.6971656171348475 -0.029532944996765596
0.20322162193687188 1.6887110024354963 0.004044666997887073
0.15341174788478659 1.6826646335277928 0.040403731803413744
0.10510763753814402 1.6797028645672216 0.079098344680565952
0.058194913489536232 1.6805354776339909 0.11956773339981927
0.012413933538862502 1.6855152744129815 0.161023856347977
-0.032498219653031041 1.6947435936251942 0.20270224033756823
-0.076883023355673097 1.708192497808156 0.24379388631660606
-0.121141295253767 1.7255040473360885 0.28355684005127663
-0.16560037755767279 1.7463360062377911 0.32135813220077941
-0.21070280524202384 1.7701026043652972 0.35657978615072189
-0.25717117982839416 1.7954327204809613 0.38881227432600068
-0.30547067594120941 1.8209771585224748 0.41804510744848417
-0.35536774911645891 1.846659762097377 0.44432624949246313
-0.40668747236129887 1.8722965205325328 0.46776096584610483
-0.45921540956300383 1.8977668269545735 0.48855245488279764
-0.51289388547087145 1.9229927992512996 0.5065061905702487
-0.56763216176162279 1.9478784514754937 0.52149017964271926
-0.62326749983278762 1.9723279244454479 0.53361941910797417
-0.6796928437378964 1.9962170767471028 0.54287077747872381
-0.73680151437939911 2.0194369116968636 0.54915996283984669
-0.79445774146891834 2.0419003421837605 0.55251887237227626
-0.85253762507770192 2.0635022447885198 0.55294355721885502
-0.91095670378169868 2.0839926948029857 0.55025759826558396
-0.96961643715820856 2.1030584005147035 0.54430689101780094
-1.0283280275014499 2.1207553460123929 0.53536734455757617
-1.0869614382240291 2.1368687278278542 0.5234467759301713
-1.1453735512510563 2.1510159008557554 0.50835011835012012
-1.2034018236652819 2.1633885878526122 0.49047714245012464
-1.2608867776693813 2.1735541418735003 0.4696931066099877
-1.3176596619872774 2.1814914113669674 0.44616408722665574
-1.3735643284744508 2.1869774883656032 0.42000380942798443
-1.4284352235562068 2.1899801029743116 0.39136890662613411
-1.4820815455746033 2.1901642601546847 0.36036042177458338
-1.5343287111662696 2.1875233928759106 0.32714596638210386
-1.5851991954754812 2.1824748099572586 0.29212182582161372
-1.6345720794103156 2.1749635203650559 0.25543538769134455
-1.6822496239515989 2.1647314895817886 0.21720155728426782
-1.7279608026868478 2.1514023042544044 0.17754764633565417
-1.7715597953202735 2.1349332897096569 0.13671277029631218
-1.8129117138108406 2.1153033519038584 0.094948335638107839
-1.8519019882422119 2.0925276961083505 0.052514720424393833
-1.8884302659432819 2.0666416892577577 0.0096756595409192361
-1.922409517503231 2.0376982221400839 -0.0333042870694715
-1.9537662903256641 2.0057665031652254 -0.076161159414194282
-1.9824418823305321 1.9709320926203215 -0.11863318199732752
-2.00839040376639 1.9332936616428185 -0.16046171869377834
-2.0315811983152483 1.8929645206706924 -0.20139281677089921
-2.0519973434361214 1.8500700608398299 -0.24117797331937649
-2.0696351495375582 1.8047465466656047 -0.27957463938773719
-2.0845052745268062 1.75714135346466 -0.31634751715940312
-2.0966326445274173 1.7074120400352506 -0.35126949281722741
-2.1060560576714495 1.6557252509685625 -0.38412222276479074
-2.1128282629007464 1.6022560455985353 -0.4146969053281423
-2.1170183366304896 1.5471885044448623 -0.44279746740976567
-2.1187097664378545 1.490713339509711 -0.46824022449567665
-2.1180005867021574 1.4330269960948037 -0.49085501251966618
-2.1150056914272235 1.3743314687658708 -0.51048965071961783
-2.1098544032551008 1.3148314909622951 -0.52700881106358655
-2.1026899457362473 1.2547331872370782 -0.5402958113629388
-2.0936750962015256 1.1942424490572359 -0.55026092464295906
-2.082973321357898 1.1335619392662695 -0.55682455246808749
-2.0708836304335292 1.0728720775343068 -0.56006445400217664
-2.0577097505476161 1.0123212158128112 -0.560112542048532
-2.0434491494287848 0.95211118329783606 -0.55677139458639591
-2.028282243212824 0.89240624811291303 -0.55004739519941515
-2.0123967630944923 0.83336608568857751 -0.53995890200213126
-1.9959714542561064 0.77513773060501356 -0.52655611658611645
-1.9792951890673181 0.71780119048808844 -0.50999003553848077
-1.9624562395805787 0.66154626047015008 -0.49019724417313243
-1.9457221478686237 0.606405441307723 -0.4674023898861091
-1.9293096799280947 0.55244524223672731 -0.44173196292537004
-1.913345335498789 0.49983950488332035 -0.41313468487431593
-1.8980631007744331 0.44859246940183245 -0.38182395729109925
-1.8836876148930579 0.39872426632271657 -0.34796204114216023
-1.870427900611644 0.35014663697353815 -0.31184049419683002
-1.8584899577272658 0.30235790229773302 -0.27423257070388413
-1.8479906976744755 0.25513318600705337 -0.23550106106025306
-1.8389653696218384 0.20875344525710926 -0.19540140609244372
-1.8314956104730604 0.1631779565492491 -0.15407807896391276
-1.8256563127161913 0.1183492620817011 -0.11168882225614472
-1.82151215319222 0.07418819609039809 -0.068408304966904032
-1.8191122166227318 0.030620387209775699 -0.024400600384122641
-1.8184864621298626 -0.01241977085372699 0.020183674661237286
-1.8196438560942549 -0.054983192960163636 0.065212921952799818
-1.8225669812848395 -0.097101186974199297 0.11057991782835203
-1.8271890185633564 -0.1387546044046373 0.15623393044893172
-1.8333847045288953 -0.17988212495937261 0.20217771006083463
-1.8411027148398293 -0.22051929904031758 0.24832685347791802
-1.8507989317107165 -0.26142449725727207 0.2938558113740386
-1.8629905392024539 -0.30354301151855001 0.3376447342275456
-1.8773779578136867 -0.34682425210586493 0.37959494742504052
-1.8937620152362395 -0.39140578082089728 0.4193957475861278
-1.9119086956957465 -0.4372799589947366 0.45689668647646758
-1.9315821544328828 -0.48449796698470082 0.49187390365853273
-1.9525503849423174 -0.53312426528863066 0.52405722352823925
-1.9745559273947237 -0.58310936123607382 0.55333468544514997
-1.9973150188019422 -0.63452351943125374 0.57938079645690976
-2.0206126570069847 -0.68718720734271777 0.60226643501541421
-2.04420709627145 -0.74102262569945654 0.62188375099269977
-2.067792757566334 -0.79604622178618889 0.63787590076031364
-2.0911204013575566 -0.85211701936183071 0.6501898317650403
-2.1140025404580398 -0.90903585052975833 0.65893222027964771
-2.1361646237867529 -0.96668322692753683 0.66394976856143195
-2.1573413261744299 -1.0249042182348587 0.66520503929858654
-2.1773683535663464 -1.0834968794130202 0.6628605783888375
-2.1960203456242668 -1.1422852158712153 0.65688871147086092
-2.2130905823040137 -1.2010799289652092 0.64732725312532935
-2.2284911630049287 -1.2596779235153945 0.63433278285735428
-2.2419967617547236 -1.3178927852993958 0.6179594933782061
-2.2534131765391456 -1.3755173785090526 0.59823881532587742
-2.2628065792683225 -1.4323837888350939 0.57549116898817843
-2.2697009991011599 -1.4882570554647621 0.54960041563230611
-2.2743852758461744 -1.5430129766227521 0.52097205053241746
-2.2764442619180336 -1.5964549109409996 0.48968034858231885
-2.2757499982797111 -1.6483896485969454 0.45588486929005922
-2.2725498022218176 -1.6988501927079116 0.42006402488604044
-2.2662211609680027 -1.7475311755747318 0.38225274429905803
-2.2572272988762738 -1.7942446196917448 0.34254542425808493
-2.2455761737454698 -1.8387971757353208 0.30108482256812613
-2.230847731456453 -1.8812272870788367 0.2583962921483558
