-38.1037477485739 -12.027065530917 -7.25248567907109
-38.9220999487134 -11.4072435919823 -6.95592938043373
-39.7404521488529 -10.7874216530475 -6.65937308179636
-40.5588043489924 -10.1675997141128 -6.36281678315899
-41.3771565491319 -9.54777777517804 -6.06626048452162
-42.1955087492714 -8.9279558362433 -5.76970418588425
-42.8255090577808 -8.23263952016333 -5.28736798744943
-43.3838121735414 -7.50858585049066 -4.7343136392294
-43.9421152893019 -6.78453218081799 -4.18125929100938
-44.5004184050625 -6.06047851114532 -3.62820494278935
-45.0587215208231 -5.33642484147265 -3.07515059456933
-45.4583233008162 -4.58687219863458 -2.45433890705421
-45.6758575773712 -3.80806627722766 -1.75579372381644
-45.8933918539262 -3.02926035582073 -1.05724854057867
-46.1109261304812 -2.2504544344138 -0.358703357340897
-46.3284604070363 -1.47164851300687 0.339841825896873
-46.4661516497535 -0.693474736660701 1.04284494594731
-46.3154610168081 0.0824158201038895 1.76194951051742
-46.1647703838627 0.85830637686848 2.48105407508753
-46.0140797509174 1.63419693363307 3.20015863965764
-45.863389117972 2.41008749039766 3.91926320422775
-45.7126984850267 3.18597804716225 4.63836776879786
-45.224770404826 3.90493992372633 5.25745061526763
-44.7273296792854 4.62229598115964 5.87371209317848
-44.2298889537447 5.33965203859294 6.48997357108933
-43.7324482282041 6.05700809602625 7.10623504900019
-43.2350075026635 6.77436415345955 7.72249652691104
-42.5337145234896 7.41517613506409 8.18360257790647
-41.7561292502676 8.02734127545551 8.58664126274619
-40.9785439770456 8.63950641584693 8.98967994758591
-40.2009587038236 9.25167155623835 9.39271863242563
-39.4233734306016 9.86383669662977 9.79575731726534
-38.5639902401579 10.4122503352314 10.058532729156
-37.6146146614568 10.8905258811293 10.1669933693972
-36.6652390827558 11.3688014270273 10.2754540096383
-35.7158635040547 11.8470769729252 10.3839146498795
-34.7664879253536 12.3253525188232 10.4923752901206
-33.8094224368647 12.7762884302355 10.5311261167817
-32.8238477599306 13.1258667427842 10.3114382534361
-31.8382730829965 13.4754450553329 10.0917503900905
-30.8526984060624 13.8250233678815 9.87206252674491
-29.8671237291282 14.1746016804302 9.65237466339932
-28.8815490521941 14.5241799929788 9.43268680005374
-27.9817919153448 14.8038678014597 8.9361376995873
-27.0892514532477 15.0776782912056 8.41630644144283
-26.1967109911506 15.3514887809515 7.89647518329835
-25.3041705290534 15.6252992706974 7.37664392515387
-24.4116300669563 15.8991097604433 6.8568126670094
-23.6208646646811 16.188439936094 6.2127977312242
-22.9006912013476 16.4885346813917 5.48264807240459
-22.180517738014 16.7886294266894 4.75249841358498
-21.4603442746805 17.0887241719872 4.02234875476537
-20.740170811347 17.3888189172849 3.29219909594575
-20.0549225878929 17.7178035768954 2.54716468837827
-19.5070593200245 18.1604321114928 1.74357834093309
-18.9591960521562 18.6030606460903 0.939991993487913
-18.4113327842879 19.0456891806877 0.136405646042735
-17.8634695164196 19.4883177152851 -0.667180701402442
-17.3156062485513 19.9309462498825 -1.47076704884762
-16.8475159562004 20.5408444301264 -2.20531198703638
-16.402239266418 21.1985786499915 -2.92011235306488
-15.9569625766357 21.8563128698565 -3.63491271909337
-15.5116858868533 22.5140470897216 -4.34971308512187
-15.0664091970709 23.1717813095867 -5.06451345115036
-14.6224851179979 23.89874626677 -5.69202135956297
-14.1810138166443 24.7512518609031 -6.16123612890891
-13.7395425152906 25.6037574550362 -6.63045089825486
-13.298071213937 26.4562630491694 -7.0996656676008
-12.8565999125834 27.3087686433025 -7.56888043694674
-12.4151286112298 28.1612742374356 -8.03809520629269
-11.9073196825858 29.0893781452551 -8.17132056136669
-11.3969061945212 30.0204502071694 -8.29135424182255
-10.8864927064567 30.9515222690838 -8.41138792227841
-10.3760792183921 31.8825943309982 -8.53142160273427
-9.86566573032757 32.8136663929126 -8.65145528319013
-9.30261435469706 33.6962246592051 -8.5544474261967
-8.70280033232007 34.5449005716789 -8.30585633249825
-8.10298630994308 35.3935764841527 -8.0572652387998
-7.50317228756609 36.2422523966265 -7.80867414510134
-6.90335826518911 37.0909283091003 -7.56008305140289
-6.28886759167041 37.8886222592031 -7.24173363014062
-5.62361693745631 38.5099923735219 -6.68212131271134
-4.95836628324221 39.1313624878408 -6.12250899528205
-4.29311562902811 39.7527326021597 -5.56289667785277
-3.62786497481402 40.3741027164785 -5.00328436042348
-2.96261432059992 40.9954728307974 -4.44367204299419
-2.28135153750478 41.3372474738368 -3.70666231252676
-1.59750802007329 41.6339586753827 -2.94106078153062
-0.913664502641804 41.9306698769286 -2.17545925053449
-0.229820985210317 42.2273810784745 -1.40985771953835
0.45402253222117 42.5240922800204 -0.644256188542209
1.12075782030084 42.6392848862933 0.161057015536552
1.77005476383486 42.5694563696481 1.00684815707211
2.41935170736888 42.499627853003 1.85263929860767
3.06864865090289 42.4297993363578 2.69843044014323
3.71794559443691 42.3599708197126 3.54422158167878
4.35662630983924 42.2442653354018 4.383955105257
4.92290876464953 41.8156980117422 5.18237819371624
5.48919121945983 41.3871306880826 5.98080128217548
6.05547367427013 40.9585633644231 6.77922437063471
6.62175612908042 40.5299960407635 7.57764745909395
7.18803858389072 40.1014287171039 8.37607054755319
7.663520103044 39.4398569113043 9.04926331556252
8.11012312581791 38.7041799319713 9.68262760240552
8.55672614859182 37.9685029526382 10.3159918892485
9.00332917136573 37.2328259733052 10.9493561760915
9.44993219413965 36.4971489939722 11.5827204629345
9.84210423132865 35.6761610187937 12.1135366219097
10.1497347088956 34.7226690192221 12.4850762479853
10.4573651864626 33.7691770196505 12.8566158740609
10.7649956640296 32.8156850200789 13.2281555001365
11.0726261415965 31.8621930205074 13.5996951262121
11.3766123115457 30.9059766829 13.9622931638225
11.5505980213933 29.8525772215643 14.0059250941737
11.7245837312408 28.7991777602287 14.0495570245249
11.8985694410884 27.7457782988931 14.093188954876
12.0725551509359 26.6923788375575 14.1368208852272
12.2465408607835 25.6389793762219 14.1804528155784
12.3538663361954 24.6066470030094 13.9924289319122
12.4278987886309 23.5848364507126 13.6887060501255
12.5019312410664 22.5630258984158 13.3849831683388
12.5759636935019 21.5412153461191 13.081260286552
12.6499961459374 20.5194047938223 12.7775374047653
12.7121681115193 19.5439848409062 12.3769003025924
12.7479441306014 18.6718088605572 11.7605770647697
12.7837201496835 17.7996328802081 11.1442538269469
12.8194961687655 16.9274568998591 10.5279305891241
12.8552721878476 16.0552809195101 9.91160735130133
12.8910482069296 15.183104939161 9.29528411347856
12.9705098937793 14.5215501793634 8.46283053818733
13.0522631165214 13.8710435758892 7.61903982531636
13.1340163392634 13.2205369724151 6.77524911244539
13.2157695620055 12.5700303689409 5.93145839957441
13.2975227847476 11.9195237654667 5.08766768670344
13.4584336908203 11.4018327574408 4.17784188195221
13.6757612013527 10.9788009738795 3.22095209677201
13.8930887118852 10.5557691903182 2.26406231159181
14.1104162224176 10.1327374067569 1.3071725264116
14.3277437329501 9.70970562319558 0.350282741231402
14.5893254498251 9.32363295905865 -0.604600622415133
15.0177143513897 9.07687014068104 -1.55192119022842
15.4461032529544 8.83010732230343 -2.4992417580417
15.874492154519 8.58334450392581 -3.44656232585499
16.3028810560837 8.3365816855482 -4.39388289366827
16.7312699576483 8.08981886717059 -5.34120346148156
17.3654775070447 7.92395541951153 -6.1778631983206
18.040395812823 7.77409379971146 -6.99263431535638
18.7153141186013 7.62423217991139 -7.80740543239217
19.3902324243796 7.47437056011131 -8.62217654942795
20.0651507301579 7.32450894031124 -9.43694766646373
20.8419013615887 7.18304702748726 -10.1380609459205
21.7359775674257 7.051262792547 -10.7082239500665
22.6300537732627 6.91947855760674 -11.2783869542126
23.5241299790997 6.78769432266649 -11.8485499583586
24.4182061849367 6.65591008772623 -12.4187129625047
25.3248855499318 6.51969643549439 -12.9575091631939
26.3497772656912 6.34193670549071 -13.2020978936708
27.3746689814506 6.16417697548704 -13.4466866241477
28.39956069721 5.98641724548337 -13.6912753546246
29.4244524129694 5.80865751547969 -13.9358640851015
30.4493441287288 5.63089778547602 -14.1804528155784
31.4778107895098 5.39140223325346 -14.1664095089533
32.5076184696212 5.1287485819629 -14.0553491687471
33.5374261497327 4.86609493067234 -13.944288828541
34.5672338298441 4.60344127938178 -13.8332284883348
35.5970415099556 4.34078762809122 -13.7221681481286
36.5820384329507 4.04358717980311 -13.4940262743841
37.4842766148103 3.6825839838318 -13.0496523851728
38.3865147966698 3.32158078786049 -12.6052784959615
39.2887529785294 2.96057759188918 -12.1609046067502
40.1909911603889 2.59957439591787 -11.7165307175388
41.0932293422484 2.23857119994656 -11.2721568283275
41.760770005659 1.79163365942721 -10.5706658704002
42.4203303707441 1.34177413783868 -9.86043229377601
43.0798907358293 0.891914616250154 -9.15019871715183
43.7394511009144 0.442055094661629 -8.43996514052764
44.3990114659996 -0.00780442692689765 -7.72973156390345
44.8699055187735 -0.49341312788455 -6.92318566173741
45.2028152680062 -1.00516759676968 -6.04620010874268
45.5357250172388 -1.51692206565481 -5.16921455574796
45.8686347664715 -2.02867653453993 -4.29222900275323
46.2015445157041 -2.54043100342506 -3.41524344975851
46.4661516497535 -3.05659488332356 -2.52963604377055
46.4281760959041 -3.59229258975114 -1.60583356360633
46.3902005420548 -4.12799029617873 -0.682031083442116
46.3522249882055 -4.66368800260632 0.241771396722103
46.3142494343562 -5.19938570903391 1.16557387688632
46.2762738805069 -5.7350834154615 2.08937635705054
45.9457875174824 -6.25678030610066 2.9476087451764
45.5377594647134 -6.77476572051405 3.78845915775173
45.1297314119445 -7.29275113492744 4.62930957032705
44.7217033591756 -7.81073654934083 5.47015998290238
44.3136753064067 -8.32872196375422 6.3110103954777
43.777633837116 -8.82429057075182 7.06800967619879
43.0497480665848 -9.28626475560545 7.69934742677809
42.3218622960536 -9.74823894045908 8.33068517735739
41.5939765255224 -10.2102131253127 8.96202292793669
40.8660907549912 -10.6721873101663 9.593360678516
40.135208004082 -11.1330428467403 10.2203936748818
39.1878781873884 -11.5131076849297 10.5365299348946
38.2405483706948 -11.8931725231191 10.8526661949074
37.2932185540013 -12.2732373613085 11.1688024549201
36.3458887373077 -12.653302199498 11.4849387149329
35.3985589206141 -13.0333670376874 11.8010749749457
34.4027671436094 -13.3615557665931 11.8800331892309
33.3782889162897 -13.6590370824692 11.8185968305174
32.35381068897 -13.9565183983453 11.7571604718038
31.3293324616502 -14.2539997142215 11.6957241130903
30.3048542343305 -14.5514810300976 11.6342877543767
29.2990324798201 -14.8381077910728 11.4857416491428
28.353268565957 -15.0897921953017 11.0567768748061
27.4075046520938 -15.3414765995305 10.6278121004694
26.4617407382307 -15.5931610037594 10.1988473261327
25.5159768243675 -15.8448454079882 9.76988255179606
24.5702129105044 -16.096529812217 9.34091777745938
23.7842153839285 -16.3764976600338 8.68546722940471
23.0312238613794 -16.6623085607531 7.98322717520761
22.2782323388303 -16.9481194614723 7.28098712101052
21.5252408162812 -17.2339303621916 6.57874706681343
20.7722492937321 -17.5197412629108 5.87650701261634
20.1017316906983 -17.8584625586876 5.12867418748964
19.5600445939571 -18.279833897332 4.30962200239241
19.0183574972158 -18.7012052359765 3.49056981729519
18.4766704004745 -19.1225765746209 2.67151763219797
17.9349833037333 -19.5439479132653 1.85246544710075
17.393296206992 -19.9653192519097 1.03341326200352
16.9761074931399 -20.580165971282 0.268085741892534
16.567876221194 -21.2089329074709 -0.493376382103493
16.159644949248 -21.8376998436598 -1.25483850609952
15.751413677302 -22.4664667798486 -2.01630063009555
15.343182405356 -23.0952337160375 -2.77776275409157
14.941749171903 -23.8216937283841 -3.4348627671246
14.5473364822797 -24.6490443908386 -3.9841848123036
14.1529237926563 -25.4763950532931 -4.53350685748261
13.7585111030329 -26.3037457157476 -5.08282890266162
13.3640984134095 -27.1310963782021 -5.63215094784063
12.9610970840267 -27.9682579845117 -6.14986928790141
12.4806218629822 -28.893919286072 -6.38250616046362
12.0001466419378 -29.8195805876322 -6.61514303302583
11.5196714208933 -30.7452418891925 -6.84777990558804
11.0391961998488 -31.6709031907528 -7.08041677815026
10.5587209788043 -32.596564492313 -7.31305365071247
9.97993282396492 -33.4795709096174 -7.28665121708813
9.36807765410347 -34.3482305910042 -7.17312233632883
8.75622248424202 -35.2168902723909 -7.05959345556952
8.14436731438057 -36.0855499537776 -6.94606457481022
7.53251214451912 -36.9542096351643 -6.83253569405091
6.86879566765158 -37.7328208050829 -6.59100697060658
6.13499379739008 -38.3897403764841 -6.17649920272956
5.40119192712859 -39.0466599478852 -5.76199143485255
4.6673900568671 -39.7035795192863 -5.34748366697553
3.93358818660561 -40.3604990906875 -4.93297589909851
3.19077204117548 -40.9794446836102 -4.49557256619751
2.3791253660938 -41.3084314054371 -3.88334498644471
1.56747869101213 -41.637418127264 -3.27111740669192
0.755832015930463 -41.9664048490909 -2.65888982693912
-0.0558146591512073 -42.2953915709178 -2.04666224718633
-0.867461334232878 -42.6243782927447 -1.43443466743353
-1.69150920320294 -42.6392848862933 -0.771729925383528
-2.518416746241 -42.5817656467975 -0.0973853175797157
-3.34532428927906 -42.5242464073016 0.576959290224096
-4.17223183231712 -42.4667271678057 1.25130389802791
-4.99913937535518 -42.4092079283099 1.92564850583172
-5.80053581210083 -42.1568535202493 2.55552167610166
-6.57731569862427 -41.716495908523 3.14248281570705
-7.3540955851477 -41.2761382967966 3.72944395531243
-8.13087547167113 -40.8357806850703 4.31640509491781
-8.90765535819456 -40.395423073344 4.90336623452319
-9.66348732137685 -39.8936958010079 5.44506612158744
-10.3343227271575 -39.1429600806362 5.80311770198989
-11.0051581329382 -38.3922243602646 6.16116928239233
-11.6759935387189 -37.641488639893 6.51922086279478
-12.3468289444995 -36.8907529195214 6.87727244319723
-13.0176643502802 -36.1400171991498 7.23532402359967
-13.5740755821 -35.2401197853923 7.30407858989068
-14.1134827931324 -34.3180561767898 7.32984213189575
-14.6528900041649 -33.3959925681873 7.35560567390082
-15.1922972151973 -32.4739289595848 7.38136921590589
-15.7317044262298 -31.5518653509823 7.40713275791096
-16.2204267312914 -30.6336275232086 7.24841072285175
-16.6612271517183 -29.7190069188271 6.91526010059244
-17.1020275721452 -28.8043863144455 6.58210947833313
-17.5428279925721 -27.889765710064 6.24895885607382
-17.983628412999 -26.9751451056825 5.91580823381452
-18.424737907025 -26.0769097634845 5.55400594788826
-18.8685480926223 -25.3218491848817 4.94184482569938
-19.3123582782196 -24.5667886062789 4.3296837035105
-19.7561684638169 -23.811728027676 3.71752258132162
-20.1999786494142 -23.0566674490732 3.10536145913274
-20.6437888350115 -22.3016068704704 2.49320033694386
-21.167627134619 -21.6771365615828 1.81452089934213
-21.7398263909316 -21.1315818995015 1.09564447082591
-22.3120256472441 -20.5860272374202 0.376768042309688
-22.8842249035567 -20.0404725753389 -0.342108386206532
-23.4564241598692 -19.4949179132576 -1.06098481472275
-24.0511851709705 -18.9655191171332 -1.76885250516099
-24.8166910748759 -18.5583861477049 -2.39340726978134
-25.5821969787813 -18.1512531782766 -3.0179620344017
-26.3477028826867 -17.7441202088483 -3.64251679902205
-27.1132087865921 -17.33698723942 -4.2670715636424
-27.8787146904975 -16.9298542699918 -4.89162632826275
-28.7468287952074 -16.5276457401026 -5.34605571481948
-29.6667085616112 -16.1279215815329 -5.71465713930961
-30.586588328015 -15.7281974229633 -6.08325856379975
-31.5064680944188 -15.3284732643936 -6.45185998828988
-32.4263478608226 -14.9287491058239 -6.82046141278002
-33.3543525613313 -14.5011945860096 -7.08928093541477
-34.3015959332846 -14.0077417869903 -7.12183131406404
-35.2488393052378 -13.5142889879711 -7.15438169271332
-36.1960826771911 -13.0208361889518 -7.18693207136259
-37.1433260491443 -12.5273833899326 -7.21948245001186

-34.9261810763497 -30.4483364216596 3.75271692618185
-34.4979829289265 -30.9574955489757 2.9178831033672
-34.0697847815033 -31.4666546762917 2.08304928055255
-33.6415866340801 -31.9758138036078 1.2482154577379
-33.2133884866569 -32.4849729309238 0.413381634923246
-32.7851903392337 -32.9941320582399 -0.421452187891406
-32.2075417066067 -33.3297493732994 -1.23153110580158
-31.5256892208511 -33.5443652376684 -2.02434974870252
-30.8438367350955 -33.7589811020374 -2.81716839160345
-30.1619842493399 -33.9735969664064 -3.60998703450439
-29.4801317635843 -34.1882128307754 -4.40280567740533
-28.765858935128 -34.3512332628978 -5.16474024490682
-27.8971008200577 -34.2683977146509 -5.77950995101411
-27.0283427049873 -34.1855621664039 -6.3942796571214
-26.1595845899169 -34.102726618157 -7.00904936322868
-25.2908264748466 -34.01989106991 -7.62381906933597
-24.4220683597762 -33.9370555216631 -8.23858877544325
-23.4833589692331 -33.6651548329268 -8.6322181922167
-22.5216078791687 -33.3309767642905 -8.95300478997868
-21.5598567891043 -32.9967986956542 -9.27379138774067
-20.5981056990399 -32.6626206270179 -9.59457798550265
-19.6363546089755 -32.3284425583816 -9.91536458326463
-18.6786919679735 -31.944535129471 -10.1155314763103
-17.7294214767957 -31.4585507917587 -10.0681084842232
-16.7801509856178 -30.9725664540464 -10.0206854921362
-15.8308804944399 -30.4865821163341 -9.9732625000492
-14.8816100032621 -30.0005977786217 -9.92583950796218
-13.9323395120842 -29.5146134409094 -9.87841651587515
-13.0753244718122 -29.01974771586 -9.49600452943138
-12.2289535690157 -28.5238572848786 -9.07494258925881
-11.3825826662193 -28.0279668538973 -8.65388064908624
-10.5362117634228 -27.5320764229159 -8.23281870891366
-9.68984086062635 -27.0361859919346 -7.81175676874109
-8.90734160643903 -26.6054805967516 -7.2552677239967
-8.20160542620313 -26.2531167479742 -6.53601787583402
-7.49586924596722 -25.9007528991968 -5.81676802767133
-6.79013306573132 -25.5483890504194 -5.09751817950865
-6.08439688549541 -25.196025201642 -4.37826833134596
-5.37866070525951 -24.8436613528646 -3.65901848318328
-4.77425436651217 -24.7478764890942 -2.78450466449075
-4.17013925424628 -24.6528290447644 -1.90954461022565
-3.56602414198039 -24.5577816004346 -1.03458455596056
-2.96190902971451 -24.4627341561047 -0.159624501695467
-2.35779391744862 -24.3676867117749 0.715335552569627
-1.75588577965627 -24.4267075554543 1.58296175015352
-1.15592459172659 -24.6216444397479 2.4441181623233
-0.555963403796907 -24.8165813240416 3.30527457449308
0.0439977841327747 -25.0115182083352 4.16643098666285
0.643958972062456 -25.2064550926289 5.02758739883263
1.25166373514111 -25.4207621914562 5.87447771947241
1.94530886272465 -25.8500453530888 6.56303896309535
2.63895399030818 -26.2793285147214 7.25160020671828
3.33259911789171 -26.7086116763541 7.94016145034122
4.02624424547524 -27.1378948379867 8.62872269396416
4.71988937305878 -27.5671779996193 9.3172839375871
5.50551076983285 -28.0706154002649 9.81047198202318
6.33640564038112 -28.6105537377799 10.2074914876893
7.16730051092939 -29.1504920752949 10.6045109933554
7.99819538147766 -29.6904304128098 11.0015304990215
8.82909025202593 -30.2303687503248 11.3985500046876
9.69237084086979 -30.7590990540099 11.6933346716676
10.6331923958383 -31.2609940173888 11.743338966912
11.5740139508067 -31.7628889807676 11.7933432621564
12.5148355057752 -32.2647839441465 11.8433475574008
13.4556570607437 -32.7666789075253 11.8933518526452
14.3964786157121 -33.2685738709042 11.9433561478895
15.3691549890316 -33.6092470151398 11.6784736559176
16.3436553582379 -33.9406886537446 11.3955608553639
17.3181557274441 -34.2721302923494 11.1126480548103
18.2926560966503 -34.6035719309542 10.8297352542567
19.2671564658566 -34.9350135695589 10.5468224537031
20.2049720807029 -35.1051492658766 10.1021674634576
21.1199089724396 -35.1746852974585 9.55664073949968
22.0348458641763 -35.2442213290404 9.01111401554176
22.949782755913 -35.3137573606222 8.46558729158385
23.8647196476497 -35.3832933922041 7.92006056762593
24.7359379674762 -35.361366013671 7.32791520687351
25.5038979698647 -35.1234124150901 6.62566190374476
26.2718579722531 -34.8854588165093 5.92340860061601
27.0398179746415 -34.6475052179285 5.22115529748727
27.80777797703 -34.4095516193477 4.51890199435852
28.5757379794184 -34.1715980207669 3.81664869122978
29.1290963835583 -33.6288473717063 3.08386968009316
29.6797005848199 -33.082184948826 2.35069890117131
30.2303047860815 -32.5355225259457 1.61752812224945
30.7809089873432 -31.9888601030653 0.884357343327597
31.3315131886048 -31.442197680185 0.151186564405742
31.7047036623086 -30.7142996029107 -0.510680105197708
31.9951512638033 -29.9018761690156 -1.13929169986117
32.2855988652979 -29.0894527351206 -1.76790329452463
32.5760464667926 -28.2770293012255 -2.39651488918809
32.8664940682873 -27.4646058673304 -3.02512648385156
33.0585650513625 -26.5849328522786 -3.56604111587005
33.0877791680291 -25.5939320010965 -3.96177844092918
33.1169932846958 -24.6029311499144 -4.35751576598831
33.1462074013625 -23.6119302987323 -4.75325309104744
33.1754215180291 -22.6209294475502 -5.14899041610657
33.1917323513968 -21.6260551227858 -5.52384559790462
33.0202737492116 -20.5748137531906 -5.59482244405589
32.8488151470264 -19.5235723835954 -5.66579929020717
32.6773565448412 -18.4723310140003 -5.73677613635844
32.505897942656 -17.4210896444051 -5.80775298250971
32.3344393404708 -16.3698482748099 -5.87872982866099
32.111421536746 -15.35234167679 -5.7036332881356
31.8693109463616 -14.3473273357768 -5.43741379508006
31.6272003559772 -13.3423129947636 -5.17119430202452
31.3850897655929 -12.3372986537504 -4.90497480896897
31.1429791752085 -11.3322843127371 -4.63875531591343
30.9320947021934 -10.3538010486262 -4.29027689372888
30.7811268555647 -9.42622557441385 -3.78396016378075
30.6301590089361 -8.49865010020155 -3.27764343383262
30.4791911623074 -7.57107462598925 -2.77132670388449
30.3282233156788 -6.64349915177695 -2.26500997393636
30.1772554690501 -5.71592367756465 -1.75869324398823
30.1943517618244 -4.81051904308218 -1.19723353870372
30.2339639652324 -3.90808468320917 -0.628386211591253
30.2735761686404 -3.00565032333616 -0.0595388844787891
30.3131883720484 -2.10321596346316 0.509308442633675
30.3528005754563 -1.20078160359015 1.07815576974614
30.4587308694617 -0.280228291663463 1.5983617670271
30.6608817398891 0.666613714570664 2.04799430912922
30.8630326103165 1.61345572080479 2.49762685123134
31.0651834807439 2.56029772703892 2.94725939333347
31.2673343511712 3.50713973327304 3.39689193543559
31.4700260641842 4.45532560178923 3.84207558554368
31.7027437074594 5.4781186041375 4.04027032552699
31.9354613507347 6.50091160648577 4.2384650655103
32.16817899401 7.52370460883404 4.4366598054936
32.4008966372852 8.54649761118231 4.63485454547691
32.6336142805605 9.56929061353059 4.83304928546022
32.7692280331824 10.6172294949645 4.80957363392025
32.8680565136309 11.6746942357639 4.70212394560279
32.9668849940795 12.7321589765633 4.59467425728534
33.065713474528 13.7896237173627 4.48722456896788
33.1645419549765 14.8470884581621 4.37977488065042
33.1340576260376 15.868720790978 4.13927938748211
32.9694176994971 16.853178785619 3.76075549989045
32.8047777729567 17.8376367802599 3.38223161229879
32.6401378464163 18.8220947749009 3.00370772470713
32.4754979198759 19.8065527695418 2.62518383711547
32.2201745482148 20.7347909630776 2.20223952129117
31.7350684825403 21.5205738568874 1.66673832526725
31.2499624168658 22.3063567506971 1.13123712924332
30.7648563511913 23.0921396445068 0.595735933219394
30.2797502855168 23.8779225383165 0.0602347371954671
29.7695723780605 24.639210758219 -0.474982690857508
28.9891157835669 25.1364422582097 -1.00714105227791
28.2086591890732 25.6336737582004 -1.53929941369831
27.4282025945796 26.130905258191 -2.07145777511872
26.6477460000859 26.6281367581817 -2.60361613653912
25.8672894055923 27.1253682581723 -3.13577449795952
24.9066080544602 27.3481840461843 -3.52345891108452
23.9225479878525 27.5354026888758 -3.89240219566625
22.9384879212447 27.7226213315673 -4.26134548024798
21.954427854637 27.9098399742589 -4.6302887648297
20.9703677880293 28.0970586169504 -4.99923204941143
19.9338133668954 28.1124079257125 -5.17882245800099
18.8721393278416 28.0455142573117 -5.26780365842099
17.8104652887877 27.9786205889108 -5.356784858841
16.7487912497339 27.91172692051 -5.44576605926101
15.68711721068 27.8448332521091 -5.53474725968102
14.6430792877862 27.7184836511284 -5.48025126499563
13.6211264141126 27.517679607597 -5.2460841405036
12.599173540439 27.3168755640655 -5.01191701601156
11.5772206667653 27.116071520534 -4.77774989151952
10.5552677930917 26.9152674770026 -4.54358276702748
9.55097707725247 26.7179128680534 -4.26225090438791
8.6357322772535 26.5379490028851 -3.74313228074804
7.72048747725453 26.3579851377168 -3.22401365710817
6.80524267725556 26.1780212725484 -2.70489503346831
5.88999787725659 25.9980574073801 -2.18577640982844
4.97475307725762 25.8180935422118 -1.66665778618858
4.14206143864361 25.7717331533488 -1.00792490948231
3.32823439758218 25.7559031011785 -0.317288146207493
2.51440735652076 25.7400730490083 0.373348617067329
1.70058031545933 25.724242996838 1.06398538034215
0.886753274397904 25.7084129446677 1.75462214361697
0.087241279666533 25.7855331551787 2.44785388031847
-0.689941196864017 26.0076430873053 3.14513342133898
-1.46712367339457 26.2297530194319 3.84241296235949
-2.24430614992512 26.4518629515586 4.53969250338001
-3.02148862645567 26.6739728836852 5.23697204440052
-3.79867110298621 26.8960828158118 5.93425158542103
-4.62351477447039 27.3113279033475 6.46641204702026
-5.45089268590783 27.7368423688897 6.98979280075607
-6.27827059734527 28.1623568344318 7.51317355449187
-7.1056485087827 28.5878712999739 8.03655430822768
-7.93302642022014 29.013385765516 8.55993506196348
-8.81200875306919 29.4779786391175 8.91158177896564
-9.73301938687096 29.9743982254259 9.12336277163202
-10.6540300206727 30.4708178117342 9.33514376429839
-11.5750406544745 30.9672373980426 9.54692475696476
-12.4960512882763 31.4636569843509 9.75870574963113
-13.4283980023145 31.9414958523368 9.89770979837464
-14.4051867927229 32.3464906961566 9.75139842659101
-15.3819755831313 32.7514855399763 9.60508705480738
-16.3587643735396 33.1564803837961 9.45877568302376
-17.335553163948 33.5614752276158 9.31246431124013
-18.3123419543564 33.9664700714355 9.16615293945651
-19.2599351603821 34.179473472053 8.74053463430909
-20.2037214368515 34.3674423369642 8.27849637585726
-21.1475077133209 34.5554112018755 7.81645811740542
-22.0912939897904 34.7433800667867 7.35441985895359
-23.0350802662598 34.931348931698 6.89238160050176
-23.9059230216543 34.9552500228054 6.30441425698844
-24.7238365271616 34.8601003185833 5.62507029889624
-25.541750032669 34.7649506143612 4.94572634080404
-26.3596635381763 34.6698009101391 4.26638238271184
-27.1775770436837 34.574651205917 3.58703842461963
-27.9397896025988 34.3964267546864 2.88037608329055
-28.5598232736318 34.006150698171 2.10398247911976
-29.1798569446648 33.6158746416555 1.32758887494896
-29.7998906156978 33.2255985851401 0.551195270778169
-30.4199242867309 32.8353225286247 -0.225198333392626
-31.0399579577639 32.4450464721093 -1.00159193756342
-31.4216443549525 31.7903586780133 -1.7523834619212
-31.8004198497649 31.132441659841 -2.50286231160995
-32.1791953445773 30.4745246416687 -3.25334116129871
-32.5579708393897 29.8166076234965 -4.00382001098746
-32.9367463342022 29.1586906053242 -4.75429886067621
-33.1375181852231 28.3539166437178 -5.40549673392499
-33.2606817590072 27.4851141367544 -6.01340883290653
-33.3838453327913 26.6163116297911 -6.62132093188808
-33.5070089065753 25.7475091228277 -7.22923303086963
-33.6301724803594 24.8787066158643 -7.83714512985117
-33.656914445753 23.9576212832349 -8.34535036051957
-33.5425338916021 22.9600148863953 -8.70762477021201
-33.4281533374513 21.9624084895557 -9.06989917990445
-33.3137727833004 20.964802092716 -9.43217358959689
-33.1993922291495 19.9671956958764 -9.79444799928934
-33.0644492111947 18.9665012923477 -10.1203897280435
-32.768668024478 17.9416527142157 -10.1621397410562
-32.4728868377614 16.9168041360837 -10.2038897540689
-32.1771056510447 15.8919555579517 -10.2456397670816
-31.8813244643281 14.8671069798197 -10.2873897800942
-31.5855432776114 13.8422584016877 -10.3291397931069
-31.2203565114222 12.8784160487236 -10.0898861804286
-30.8393468635015 11.9284817171757 -9.78657018012631
-30.4583372155808 10.9785473856279 -9.48325417982402
-30.0773275676601 10.0286130540801 -9.17993817952174
-29.6963179197394 9.0786787225323 -8.87662217921945
-29.3339335735042 8.19959957554121 -8.42141778513095
-28.9900390428686 7.39086019103254 -7.81542987943923
-28.6461445122329 6.58212080652387 -7.2094419737475
-28.3022499815972 5.77338142201519 -6.60345406805578
-27.9583554509616 4.96464203750652 -5.99746616236406
-27.639277192302 4.17725107062624 -5.35965093142569
-27.4504414280911 3.50190236243539 -4.55479730585078
-27.2616056638802 2.82655365424455 -3.74994368027587
-27.0727698996693 2.1512049460537 -2.94509005470096
-26.8839341354585 1.47585623786286 -2.14023642912604
-26.6950983712476 0.800507529672016 -1.33538280355113
-26.6850188272404 0.163720358009014 -0.484544428555923
-26.7253089536279 -0.462200999403717 0.379251462932062
-26.7655990800153 -1.08812235681645 1.24304735442005
-26.8058892064027 -1.71404371422918 2.10684324590803
-26.8461793327901 -2.33996507164191 2.97063913739602
-26.9725968859669 -2.98905542230256 3.79929570870768
-27.2449683016386 -3.67740857438098 4.56840423944305
-27.5173397173103 -4.3657617264594 5.33751277017843
-27.789711132982 -5.05411487853783 6.10662130091381
-28.0620825486537 -5.74246803061625 6.87572983164918
-28.3344539643254 -6.43082118269467 7.64483836238456
-28.757796893044 -7.24799080487607 8.18214100926053
-29.1874053649669 -8.07050650290027 8.70982336585117
-29.6170138368898 -8.89302220092448 9.23750572244181
-30.0466223088127 -9.71553789894868 9.76518807903245
-30.4762307807356 -10.5380535969729 10.2928704356231
-30.9211948505721 -11.4306167836373 10.6270878213878
-31.3781274013074 -12.3777764786571 10.8105144778743
-31.8350599520426 -13.3249361736769 10.9939411343608
-32.2919925027779 -14.2720958686967 11.1773677908472
-32.7489250535131 -15.2192555637166 11.3607944473337
-33.1867211664951 -16.1742026711094 11.4798411849905
-33.5333368925552 -17.1662548699745 11.2921335525513
-33.8799526186153 -18.1583070688396 11.1044259201122
-34.2265683446755 -19.1503592677047 10.916718287673
-34.5731840707356 -20.1424114665698 10.7290106552338
-34.9197997967958 -21.1344636654349 10.5413030227947
-35.0970347054431 -22.0757731848437 10.0989263131073
-35.2277992768739 -23.0031612374558 9.58668007463196
-35.3585638483047 -23.9305492900679 9.07443383615661
-35.4893284197355 -24.8579373426799 8.56218759768127
-35.6200929911663 -25.785325395292 8.04994135920592
-35.6441858971949 -26.6468941127179 7.44998214874206
-35.5009556437565 -27.4052198642084 6.7124380271957
-35.3577253903181 -28.1635456156988 5.97489390564934
-35.2144951368797 -28.9218713671893 5.23734978410298
-35.0712648834413 -29.6801971186798 4.49980566255662
