2.184111236268464 1.8583070897117559e-06 1.5903874218089599e-05
2.1784338184708489 0.085772406824001862 0.064190075623222806
2.1615438827466349 0.16966924213878751 0.12635027595029971
2.1331396075589608 0.25302295819087339 0.18783985319620139
2.0937710958144922 0.33498602232084201 0.2467298018160099
2.0450809800945939 0.41039165307197722 0.30089872813723589
1.985130540848125 0.48469562394580401 0.35117849463623008
1.9161492383462511 0.5540506620121447 0.39635197174524339
1.839190810396512 0.61765934906466302 0.43450579413990359
1.756048230325514 0.67442386610398442 0.4649474103454202
1.663667830881848 0.72754636163850739 0.48802247141712551
1.569389894529156 0.77323317547416381 0.50121476224525652
1.469382322241765 0.81286905287372391 0.50525174291951269
1.3677526463390379 0.84589633617660609 0.49885736533767733
1.2651300088654751 0.87325590519512453 0.48149097859859419
1.1650225530275731 0.89469102184893046 0.45304895909976728
1.0663134117169959 0.91132378493585475 0.41199548585999579
0.97580743435815476 0.92425109150432927 0.36036450813883641
0.88979489613755902 0.93567789478096097 0.29382813342918801
0.81898366230996278 0.94711757628150806 0.21957357682547901
0.7566271827163048 0.96388823678163227 0.13123525949279291
0.70747723104685212 0.98842008406266135 0.04031755818280669
0.66523546283954527 1.023175995813157 -0.055089093819004592
0.63165213920837793 1.0667978178450059 -0.14453670547027769
0.60212996528089902 1.125485395842714 -0.2313748374094777
0.57561160181987636 1.19270538198523 -0.30305294510216868
0.54478191610238491 1.276116664076242 -0.36828828158733129
0.51200335212616599 1.3613181070276621 -0.41763330404364291
0.47237367790154028 1.455737079715949 -0.45745496062371099
0.42800395907686573 1.549602468668869 -0.48455034784005752
0.37802840774085822 1.642006994316201 -0.50028635006221545
0.32215333571189742 1.733640537008587 -0.50521774929251329
0.26060612769075953 1.8215848898174949 -0.49982259437758308
0.1940962001533531 1.903089512214297 -0.48519021834910631
0.12169704812134741 1.979558409384522 -0.46107586523045002
0.046841253587931203 2.0471315895011091 -0.42952002751009288
-0.032699778521059521 2.10714818922433 -0.38989996621351891
-0.1151774742974377 2.1568321446725292 -0.34478067976641552
-0.20231723795706449 2.1976421473636489 -0.2931310539472356
-0.28661195020933361 2.2269455907413431 -0.2382568200864506
-0.37439271737326452 2.2452502572183048 -0.17964882522022421
-0.46309650482374082 2.2528258106093131 -0.1170914550320787
-0.54766490008692947 2.249147513264234 -0.055151505183955618
-0.63223042697969722 2.233888180442956 0.0089087083529563269
-0.71421734514771185 2.20761871736683 0.073062841453175903
-0.79265090731258958 2.1706151402110252 0.13549747016754959
-0.86559288775478915 2.123714814233415 0.1956022973030479
-0.93686760857459972 2.0648845400964002 0.25492141832255172
-0.99916157696011565 1.999279199314324 0.30840947483374181
-1.056299468509567 1.924180879152706 0.35737944316591669
-1.108324167303449 1.838902987085254 0.40254315594322598
-1.151806706393824 1.750123032205033 0.43918677413329199
-1.1882136832802419 1.6545853374680739 0.46883544836164148
-1.2177160566762171 1.553963504591567 0.49017561211998628
-1.240567131560284 1.449645632023806 0.50238882592653578
-1.2561378939667049 1.3438934205816651 0.50486290811240198
-1.264807890900806 1.2371657697567411 0.49705975905753258
-1.2676388983418121 1.130102743453963 0.47787099732295207
-1.2658577996006399 1.0300791558200579 0.44829909432124238
-1.25987847267617 0.93254785127277218 0.40612887856765839
-1.252169301426308 0.84010470956404548 0.3513808033111388
-1.244467481253559 0.75585085551847242 0.28346519996122232
-1.240396146929992 0.68507498851588622 0.20701587324787629
-1.243950693805626 0.62466684801153061 0.1214657934531895
-1.258654717707115 0.57043270766676979 0.02731587571899672
-1.284324754383356 0.52269533775143162 -0.066686747361270587
-1.322649466873542 0.47904820990440711 -0.1591813424060966
-1.3731240267825979 0.43901786602539211 -0.241173776042752
-1.434996293068963 0.397481728625944 -0.3120528895617985
-1.5120206836883769 0.34708179088302649 -0.37670505906980672
-1.587786010226101 0.29578069387001538 -0.4239920305266392
-1.6716362185112941 0.23471971067118261 -0.46245773232046228
-1.7527558622800381 0.17011885921136649 -0.48773393999841641
-1.830327877465098 0.101148847453905 -0.50176033354351202
-1.908144665153797 0.023963960716992552 -0.50511544971333666
-1.978668483227332 -0.055494413196070173 -0.49850944049426787
-2.0430949511006951 -0.13955994489652401 -0.48230490135946807
-2.099233207769498 -0.2261325966671974 -0.4575273260403564
-2.1478582397474262 -0.31614927377189778 -0.42435465709856968
-2.1870703678295431 -0.40608388329131778 -0.38397521640047022
-2.2162223382937909 -0.49905967537590362 -0.33749660452421149
-2.2346055572733592 -0.59125181252850267 -0.2860766840467398
-2.2430630162985339 -0.68104062835587043 -0.2298072723982775
-2.2398754810566088 -0.76944893740071851 -0.1712160811703852
-2.2258466192604311 -0.85725770758727404 -0.10824784493108421
-2.2019075430489581 -0.93840835583124238 -0.045989391745369153
-2.166534432193727 -1.0170122974363029 0.01793281414213176
-2.1214228158308468 -1.0899041187633161 0.081831309625285037
-2.06587508769532 -1.1581341250266 0.1447206602664044
-2.0035526025510402 -1.2169746523854781 0.203794095212534
-1.928489210391817 -1.272596321238576 0.26325989552432078
-1.849458594905258 -1.3180520569559131 0.315941165837968
-1.762869164375777 -1.355478423284626 0.36458126817468522
-1.6664454766974179 -1.3861740884388281 0.40893884453285612
-1.57127272338761 -1.4072168686841979 0.44432525486101992
-1.4682255900125349 -1.42069746214431 0.47305614620075248
-1.3646607533215001 -1.4256573889675399 0.49272137792441772
-1.256488683296457 -1.423412660883048 0.50390558755633719
-1.1501067460022281 -1.4142480190089579 0.50484590364085458
-1.0451133274312541 -1.3981373538159201 0.4954408144151598
-0.94167011634931386 -1.376770142927457 0.47482762268919088
-0.84255133909626678 -1.351590276499977 0.44260499905261752
-0.75215525465178967 -1.324491872879789 0.39984049514599052
-0.66198039706636169 -1.2955766402654241 0.34150490285354951
-0.58431301574095718 -1.2702445358209931 0.27318071990494519
-0.51830651505897218 -1.251833790274993 0.1962373376089139
-0.45823640523287917 -1.243412096178687 0.1073463266391331
-0.40261941389602568 -1.2474436155941631 0.012767761551410829
-0.35120889954769619 -1.26349905225952 -0.080325341852185692
-0.30120227364464119 -1.2926843600046589 -0.17045333566494919
-0.24985141378728201 -1.3354292115915589 -0.25215533209024998
-0.19463128485367259 -1.387901728688308 -0.3214963733647716
-0.1268881071187718 -1.452866069297573 -0.38467204589572501
-0.059185521783367688 -1.515653716029147 -0.4303873012039014
0.020046930403962691 -1.5837506397694081 -0.46718055421659188
0.100801282269169 -1.647455461612507 -0.49061155587855432
0.18678141833991499 -1.7081428705360451 -0.50321006619366881
0.27924073282422118 -1.7654269283302559 -0.50500523882070791
0.37289428430132132 -1.8155926979734009 -0.49701783818753492
0.46955411785020967 -1.858856857938858 -0.47938498119345191
0.5658280112121522 -1.892799869991725 -0.45373355335916821
0.66558185128872271 -1.9191664219940281 -0.41891233242078518
0.76146181207786268 -1.9359151192990429 -0.37803121432991621
0.85884422092720214 -1.942409533820646 -0.33032164673129921
0.94998109604813441 -1.938408907593165 -0.27949438597351639
1.0414479153747911 -1.9245818135996551 -0.22138953168519299
1.1251704445623649 -1.900830591760549 -0.1627901991111215
1.2059210500606059 -1.8665173416682701 -0.1001719187948229
1.2804854499960361 -1.822814841727227 -0.036075266197895521
1.3476932496490099 -1.7701833785921059 0.026640363942327699
1.407940380508317 -1.708453861577091 0.090924491805052715
1.4608418206961651 -1.6381281012292399 0.1537300256974371
1.5033966770505149 -1.56329309970704 0.21247957252479169
1.5394104945711209 -1.476699684717601 0.27176814270303568
1.5647064234929069 -1.390078996801134 0.32289789096102423
1.5810318701493471 -1.2951608838911091 0.37145338706657588
1.5877490680777711 -1.196332078044871 0.41383653149083149
1.585688142195999 -1.0961290329165201 0.44907209618432481
1.575026584471978 -0.99347071431106537 0.47623917155807849
1.555588876285958 -0.89046365466024013 0.49488313077499507
1.528389274734627 -0.78661567001137822 0.50452675347564557
1.4946166623382959 -0.68447773333076278 0.50406920889338502
1.455015715924364 -0.58654603901446523 0.49306700134015302
1.411079226284669 -0.49194210098216401 0.47098448885821848
1.363395560840631 -0.40022830789210168 0.43648364171393489
1.31695576802379 -0.31903144231363922 0.39217361041326282
1.2683482634966241 -0.2374934904786393 0.33094987024586592
1.228265447289778 -0.1702436070079075 0.26269017841304743
1.19673275646097 -0.1102538888402767 0.18329463189200659
1.1775129924587571 -0.054970959231605943 0.094970560973811555
1.171273167717382 7.5818955334150783e-06 -1.478659375483257e-05
1.1775182576023171 0.05498496524259984 -0.094989496602838772
1.1967473796789261 0.1102720804515855 -0.18332141100532501
1.22827667574739 0.17025331114754541 -0.2626952100493829
1.2683682889071339 0.23751356556388101 -0.33096036355540892
1.3169754938783591 0.31905169285977059 -0.39217656659047001
1.363413823012841 0.40024506308367241 -0.4364795685589104
1.4111024435968511 0.49197169764189791 -0.47098031298035331
1.4550379879161781 0.58657287036416894 -0.49305897854779979
1.494635217120883 0.68450513873361318 -0.50405527567374797
1.5284026799207631 0.78663491007988873 -0.50450954280069693
1.5556063033028249 0.89049943395851439 -0.49485942632977331
1.575037012914686 0.99349010650872394 -0.47621924357718448
1.5856959066047811 1.0961602650574289 -0.44904611601198768
1.587756931165885 1.1963579966825479 -0.41380727858324068
1.5810348722208449 1.295176115030354 -0.37142633130427127
1.5647030725446009 1.390115363139746 -0.32285679460865052
1.5394113912251151 1.4767090142509991 -0.27173994353328368
1.50338626165023 1.5633195388108461 -0.21243897889322
1.4608327560104359 1.638144751361768 -0.1536956418527107
1.407929644437854 1.708465728006261 -0.090890759259076012
1.347674189514142 1.770197076809594 -0.026602480841321371
1.2804613649885599 1.8228284269828869 0.036111993868377483
1.205902933191966 1.8665219734408709 0.100207007723153
1.12513642514974 1.900837637674357 0.1628331286844773
1.041420017414969 1.9245848753264201 0.22142697397349731
0.94996034738667334 1.938404839110341 0.27953062995760491
0.85882386005193379 1.9424022262062379 0.33035549449947771
0.7614377199870983 1.935905924206923 0.37806025658940051
0.66556676496840417 1.919156635505409 0.41893552025544389
0.56578737459897044 1.8927807072468581 0.45376037018198939
0.4695346041812512 1.8588438864146579 0.47940369721560122
0.37286869518973298 1.815571079885465 0.49703616168676501
0.27921190408949498 1.765403109777369 0.50501966675335042
0.1867554965457339 1.70811552073559 0.50322278427912248
0.1007827497158247 1.647432777234042 0.49062184763437777
0.020018188297265819 1.583717710190788 0.46718508524833369
-0.059206673341855247 1.5156282303915189 0.43039377200337608
-0.12690646181989521 1.452836245283635 0.38467198906307132
-0.19464674428173301 1.387874319324119 0.32149194587173391
-0.24986097127368301 1.3354053421473511 0.25215058888132508
-0.30121497166625821 1.292662358900061 0.17044148476094989
-0.35121945505077301 1.263480841387044 0.080310064462196046
-0.40263069784095551 1.2474312505019529 -0.01278298050318667
-0.45824706227959783 1.2434047837694919 -0.10735699315302059
-0.51833034774606712 1.2518280712664249 -0.1962654231612404
-0.58432613762550423 1.270233758147767 -0.27319254498888362
-0.66199477727652456 1.2955694679132319 -0.34151855228286809
-0.75217696377820831 1.3244838849911531 -0.3998508314528389
-0.84256104389947506 1.3515802678527551 -0.44260806894220728
-0.94169579046002194 1.3767644661746219 -0.4748328543693085
-1.045114070701862 1.398126067951714 -0.49543930175566198
-1.1501341095942319 1.414239078880581 -0.50484407243047003
-1.256505819437824 1.4234010384267559 -0.5039019954881423
-1.364676159337896 1.425643561523801 -0.49271672416508161
-1.4682431911823171 1.420681068677764 -0.47304900593270288
-1.571289694678685 1.407198735671829 -0.44431825033901601
-1.6664619523901181 1.3861549489614391 -0.40892906091006798
-1.762884611402036 1.35545645611467 -0.36457156078012293
-1.84947138308201 1.3180281785460519 -0.31593198568280279
-1.928506232229581 1.2725686642099281 -0.26324520313439143
-2.0035695439892591 1.216942328283301 -0.2037790630352454
-2.0658859601092221 1.1581035489999929 -0.14470964671611211
-2.1214347501649242 1.089869102126759 -0.081816478890208127
-2.1665422707031219 1.016981146006922 -0.017921896386323861
-2.201913217496057 0.93837463507967034 0.046003749876752563
-2.2258496188444301 0.85722391046118529 0.1082613540348894
-2.2398757412330661 0.7694189717603257 0.17122836519137119
-2.2430616716115579 0.68100404535249204 0.22982124449146929
-2.2346024007044618 0.5912193796661408 0.28608437369834311
-2.2162156300175808 0.49902485502534349 0.33750648855334209
-2.187063067255401 0.40604825911740727 0.38398280885813468
-2.1478502479140968 0.31611242334413181 0.42436057816053518
-2.0992230525646312 0.2261005505424713 0.45753055818528249
-2.043082423123781 0.13952856288639551 0.48230665214718849
-1.9786507452078841 0.055459641465962002 0.49850952441965851
-1.908128580724082 -0.023996100836181328 0.50511359834490022
-1.8303116898788521 -0.1011778560419138 0.50175639895496238
-1.752733361282768 -0.17015226482133011 0.48772620826991131
-1.671625197439768 -0.23474094480540431 0.46245142282482399
-1.587763493680346 -0.29581002157091568 0.42397761735044132
-1.51200641614299 -0.34710599044610407 0.37669329255063339
-1.4349860583234899 -0.39750362265926548 0.31203965605916639
-1.3731185199230449 -0.43903870003572038 0.24116074238979979
-1.322639361773793 -0.4790762129656943 0.15915275916966989
-1.2843202726829619 -0.52272235148103308 0.066659483286307927
-1.2586515062472909 -0.57046314792052033 -0.02734530131766761
-1.2439514437520469 -0.62469381334850715 -0.1214834151595954
-1.240397565033805 -0.68511333873935776 -0.20703863674357401
-1.24447062378566 -0.7558888045122415 -0.28348589490141712
-1.252170672892496 -0.8401373056773328 -0.35139230423046641
-1.2598804057717079 -0.93257833927049305 -0.40613617394252061
-1.2658592253763761 -1.030111647551436 -0.44830391106517509
-1.267640409177236 -1.13014680499506 -0.47787615800530803
-1.2648054597636249 -1.2372038029484289 -0.49706016915852219
-1.256133833411863 -1.343936166038473 -0.50486044094768656
-1.24055891828016 -1.44969182911921 -0.50238360130009574
-1.217709615195707 -1.5539983184493309 -0.49016840538975948
-1.1882006080184739 -1.654629788076005 -0.46882351478234968
-1.151794420109246 -1.7501604478518229 -0.4391758377126167
-1.108310432597265 -1.8389404870739039 -0.40252736472484268
-1.05628161159828 -1.9242175910534769 -0.35736460210876769
-0.9991443813558446 -1.9993104627348119 -0.30839294988044452
-0.93684886616054641 -2.0649170434668589 -0.25490115145953579
-0.86557392445477854 -2.1237438582569839 -0.1955840077417213
-0.79263200994178018 -2.170641096786222 -0.13548009273976311
-0.71419730157500028 -2.2076407610982609 -0.073044169560695524
-0.63220890514127448 -2.233908407239102 -0.0088884313588928534
-0.54764077286526958 -2.2491661502722731 0.055174009469400667
-0.46307648325021322 -2.2528400768666552 0.11711164117944969
-0.37437401913162488 -2.245262371177231 0.1796705587573828
-0.28658815435586737 -2.226951332967388 0.23828423731588139
-0.2023101986941219 -2.197650353118342 0.29315005269555461
-0.1151577627273976 -2.1568282042572728 0.34480771793267551
-0.032682425878884827 -2.1071427836714949 0.3899259742042504
0.046849737720373992 -2.047131432069655 0.42953685011273818
0.1217119699038267 -1.9795460126800819 0.46109776565910782
0.1941042857984738 -1.9030812933906911 0.48520677075287177
0.26062021219541109 -1.8215692660356331 0.49983991374816372
0.32215753247826912 -1.7336342411261521 0.50523117187864186
0.37804198904737812 -1.641986219047235 0.50029806501789664
0.4280123168526534 -1.5495751589479421 0.48455987151783292
0.4723706005959179 -1.455733970460638 0.45747080606252721
0.51199884499324833 -1.361320721611379 0.41764546931034868
0.54478155065165401 -1.2761139890148709 0.36829507537351741
0.57561414677849088 -1.192689729137856 0.30304525936279658
0.60213230316344613 -1.125476934371596 0.23136945041437931
0.63165354696494558 -1.0667912888053741 0.14452565839900411
0.66524063529499444 -1.023170562768253 0.055079888476929337
0.70747975358064319 -0.98841645154120683 -0.040325973545144042
0.7566302061023924 -0.96388935638163109 -0.1312356480776698
0.81899676958657663 -0.94711896436566489 -0.21958520049579991
0.88979707433105992 -0.93568471267529985 -0.29382443759400628
0.97581356709134293 -0.92425635170011533 -0.36035716794973138
1.0663266592916441 -0.91132693347915195 -0.41198897268988321
1.1650430409107579 -0.89469228873589524 -0.45304170654908671
1.265143469755696 -0.87326070591786931 -0.48148024049159549
1.3677768886210391 -0.84589716596608766 -0.49884715864698842
1.4693988370890301 -0.8128723802916914 -0.50523682366241762
1.5694139642425089 -0.77323220861210551 -0.50119722834994063
1.663668674733167 -0.72755147095525696 -0.48800580015112632
1.7560788947909129 -0.67441169637972542 -0.46491948973991981
1.839201046915949 -0.617662675032013 -0.43448408008482309
1.9161671722175071 -0.55404683359240769 -0.396323952190347
1.9851434038847759 -0.48469454014959978 -0.35115203155823638
2.0450871128001289 -0.41039366851406123 -0.30087406633828578
2.0937864041696561 -0.3349697794291181 -0.24669179708139649
2.133139694894481 -0.25303088168384152 -0.18782042923731279
2.1615516304164162 -0.1696512466933508 -0.12631064030839359
2.1784360458061558 -0.085772316138668508 -0.064161006055571942
