23.9606467572124 -3.01361044857909e-14 0
23.8721474789818 1.03916285848972 0.908715832724311
23.6088166805907 2.05987052915326 1.79793486367917
23.1770842373862 3.04436260603822 2.64857860149045
22.5874316348398 3.97624275999189 3.44239620058545
21.8540480724703 4.84109797289896 4.16235603918174
20.9943658273409 5.62704493144281 4.79301113842236
20.0284909825885 6.32518341151688 5.32083058246761
18.9785492384047 6.92993981946082 5.73448982881474
17.8679694411345 7.43928799688594 6.02511368014055
16.7207295882622 7.85483880184232 6.18646670462499
15.5605913187338 8.18179469373737 6.21508701922387
14.4103492357987 8.4287704049926 6.11036056552618
13.2911208221172 8.60748560609672 5.87453428458239
12.2217012157335 8.73234009071341 5.51266790803357
11.2180047740348 8.8198862592183 5.03252539987875
10.2926122444065 8.88821741085271 4.44440837803352
9.45443859541164 8.95629343335117 3.7609350896762
8.70853227457439 9.04322779429186 2.99676968253915
8.0560120002501 9.16756120742285 2.16830758072033
7.49414233065433 9.34654791669942 1.29332371538191
7.01654435511542 9.59548018946711 0.390591157664118
6.61353309429996 9.92707534951797 -0.520521663827722
6.27256874576955 10.3509475542564 -1.42046651912937
5.97880492597529 10.8731836022693 -2.28993479072213
5.71571368031993 11.4960384506296 -3.11027174637222
5.46576437829367 12.2177619521646 -3.86387678264289
5.21113177423101 13.0325637385771 -4.53458105172111
4.93440756018785 13.9307183373912 -5.1079943694489
4.61928969871396 14.8988076899474 -5.57181396153195
4.25122470032133 15.9200934078765 -5.91608842367202
3.81797977115531 16.9750065372925 -6.13343123227074
3.31012433734886 18.0417384548563 -6.21917922476105
2.72140376127774 19.0969129444997 -6.17149264931788
2.04899198313402 20.1163166245045 -5.99139463734822
1.29361420899783 21.0756628138143 -5.68274925186494
0.459535467385254 21.9513627177376 -5.252178582724
-0.445584297516042 22.7212775196492 -4.70892066747428
-1.41096310876426 23.3654255976393 -4.06463128617582
-2.42308770862769 23.8666206213656 -3.33313388274473
-3.46620781615676 24.2110186707423 -2.53012297834592
-4.52291578587472 24.3885556706865 -1.67282744019833
-5.57479047067508 24.3932602439693 -0.779640830473089
-6.60308175850179 24.2234314132371 0.130273233727701
-7.58941076109857 23.8816752809954 1.03739224217795
-8.5164600374245 23.3747997173277 1.92225365350649
-9.36862855579382 22.7135710167444 2.76587247052403
-10.1326273263614 21.9123412741607 3.55014856968032
-10.797993725983 20.988559707027 4.25825504526172
-11.357505416793 19.9621851585873 4.87499923627462
-11.8074783260682 18.8550204152194 5.38714869006265
-12.1479372816231 17.6899916395573 5.78371506899894
-12.3826524377151 16.4903980671308 6.05618990894091
-12.5190394200109 15.2791580732436 6.19872717117081
-12.5679259943378 14.0780777557758 6.20826867110952
-12.5431928494189 12.9071672981171 6.08460969268828
-12.461300608405 11.7840286066352 5.83040338060038
-12.3407192867501 10.7233351224683 5.45110381619538
-12.2012799486761 9.73642138066363 4.95484899834172
-12.0634711550404 8.83099594926288 4.3522862399423
-11.9477048402762 8.01098696700131 3.65634372627915
-11.8735774317869 7.27652476766562 2.88195313647922
-11.8591522890489 6.62406119976356 2.04572927935045
-11.9202888813043 6.04662039508901 1.1656136171082
-12.0700425643311 5.53417108112968 0.260489325309667
-12.3181564124928 5.0741062350983 -0.650223851986104
-12.670663396164 4.65181209379034 -1.54698625931461
-13.1296133778127 4.25130539729234 -2.41055755964161
-13.6929350666557 3.85591536654979 -3.22240954222182
-14.3544383744091 3.44898537874993 -3.96512365155035
-15.1039577187047 3.01456866425395 -4.62276470829006
-15.9276318987737 2.5380926264621 -5.1812228038678
-16.8083113935933 2.00696757094516 -5.6285160332766
-17.7260794742257 1.41111767963855 -5.95504757085046
-18.6588695368898 0.743414906379413 -6.15381157336502
-19.5831576919987 4.67360692421742e-14 -6.22054349274445
-20.4747070059841 -0.819521045478129 -6.15381157336505
-21.3093379803298 -1.71201230332778 -5.95504757085051
-22.0636989298446 -2.67087741189313 -5.62851603327667
-22.7160099223814 -3.68626082660584 -5.18122280386789
-23.2467548649557 -4.74537362803747 -4.62276470829016
-23.6392981339649 -5.83293217713817 -3.96512365155047
-23.880404785978 -6.93169381552518 -3.22240954222194
-23.9606467572124 -8.02307027880993 -2.41055755964172
-23.8746814453606 -9.08779665054247 -1.54698625931473
-23.6213935262276 -10.106631634977 -0.650223851986219
-23.2038956323914 -11.0610637420147 0.260489325309562
-22.6293884433987 -11.9339977001459 1.1656136171081
-21.9088856332876 -12.7103960535678 2.04572927935037
-21.056813818951 -13.3778524358471 2.88195313647915
-20.0905019865272 -13.9270753906733 3.6563437262791
-19.0295786901384 -14.3522647465946 4.35228623994226
-17.8952984837002 -14.6513663363912 4.95484899834169
-16.7098214511074 -14.8261951491023 5.45110381619535
-15.4954712587794 -14.882421661566 5.83040338060037
-14.2739978132024 -14.8294209516236 6.08460969268828
-13.0658703424954 -14.6799890747584 6.20826867110952
-11.889625545577 -14.4499359168066 6.19872717117081
-10.7612934078978 -14.1575681495628 6.05618990894091
-9.69392044237595 -13.8230798567866 5.78371506899895
-8.69720657969592 -13.4678717251567 5.38714869006265
-7.7772678296127 -13.1138222896142 4.87499923627462
-6.9365323104905 -12.7825364926328 4.2582550452617
-6.17377245901935 -12.4945976987277 3.5501485696803
-5.48427135605887 -12.2688492668577 2.765872470524
-4.8601163111454 -12.1217308247045 1.92225365350646
-4.29060830762193 -12.0666925430939 1.0373922421779
-3.76277178380518 -12.1137080404084 0.130273233727645
-3.26194565950443 -12.2689031491878 -0.779640830473154
-2.77243363800187 -12.5343137695038 -1.67282744019839
-2.27818972329103 -12.9077815570077 -2.530122978346
-1.76351366488771 -13.3829914052916 -3.3331338827448
-1.21373072113289 -13.949649750927 -4.06463128617589
-0.615830727648235 -14.5937978289172 -4.70892066747434
0.0409570510687396 -15.2982493089196 -5.25217858272405
0.764674475388572 -16.0431374139357 -5.68274925186499
1.56024858568118 -16.8065528156858 -5.99139463734825
2.42922351384038 -17.5652504486575 -6.1714926493179
3.36962034989672 -18.2954009987893 -6.21917922476104
4.37593044250384 -18.9733612867969 -6.13343123227072
5.43924279318722 -19.5764371341558 -5.91608842367197
6.5475013580774 -20.0836125936548 -5.57181396153189
7.68588337013162 -20.4762206354972 -5.10799436944882
8.83728540718114 -20.7385324610827 -4.53458105172098
9.98290001305071 -20.8582454960368 -3.86387678264276
11.1028623703828 -20.8268536897464 -3.11027174637205
12.1769439429624 -20.6398878940745 -2.28993479072196
13.185268244782 -20.297018662437 -1.42046651912916
14.1090230162266 -19.802018640532 -0.520521663827499
14.9311431266564 -19.1625866410669 0.390591157664327
15.6369394769055 -18.3900403330411 1.29332371538213
16.2146510118728 -17.4988890607781 2.16830758072055
16.6558996082216 -16.5063024772784 2.99676968253937
16.9560309819031 -15.4314942837033 3.7609350896764
17.1143287457106 -14.2950432850044 4.44440837803369
17.1340931977068 -13.1181760984559 5.03252539987891
17.0225811799427 -11.922037112799 5.51266790803369
16.7908082451576 -10.7269716472343 5.87453428458247
16.4532192338425 -9.55184769024198 6.11036056552623
16.027238022927 -8.41344012940668 6.21508701922388
15.5327114953964 -7.32589906823269 6.18646670462496
14.9912665453283 -6.30032074744656 6.02511368014048
14.4256020415586 -5.34443585664118 5.73448982881462
13.8587400149835 -4.46242577055785 5.32083058246745
13.3132618259715 -3.65487262444506 4.79301113842216
12.8105556561283 -2.91884431939225 4.1623560391815
12.3701013312537 -2.24811069307587 3.4423962005852
12.0088172309901 -1.63348237679989 2.64857860149016
11.7404919189033 -1.06325945381288 1.79793486367883
11.5753202088306 -0.523773093367634 0.908715832723976
11.5195597717235 1.54665193308128e-13 -3.26164747383889e-13
11.5753202088307 0.52377309336796 -0.908715832724621
11.7404919189035 1.06325945381322 -1.79793486367946
12.0088172309903 1.63348237680024 -2.64857860149074
12.3701013312539 2.24811069307624 -3.4423962005857
12.8105556561287 2.91884431939266 -4.16235603918196
13.3132618259718 3.6548726244455 -4.79301113842253
13.8587400149838 4.4624257705583 -5.32083058246775
14.425602041559 5.34443585664167 -5.73448982881483
14.9912665453286 6.30032074744707 -6.02511368014061
15.5327114953967 7.32589906823325 -6.18646670462501
16.0272380229272 8.41344012940723 -6.21508701922386
16.4532192338427 9.55184769024255 -6.11036056552614
16.7908082451577 10.7269716472348 -5.87453428458232
17.0225811799427 11.9220371127995 -5.51266790803348
17.1340931977069 13.1181760984565 -5.03252539987865
17.1143287457106 14.2950432850049 -4.44440837803339
16.956030981903 15.4314942837038 -3.76093508967606
16.6558996082214 16.5063024772787 -2.99676968253903
16.2146510118725 17.4988890607784 -2.16830758072018
15.6369394769052 18.3900403330413 -1.29332371538177
14.9311431266561 19.1625866410671 -0.390591157663985
14.1090230162263 19.8020186405321 0.52052166382784
13.1852682447817 20.2970186624371 1.42046651912949
12.176943942962 20.6398878940746 2.28993479072224
11.1028623703825 20.8268536897463 3.11027174637231
9.98290001305036 20.8582454960367 3.86387678264297
8.83728540718081 20.7385324610826 4.53458105172117
7.68588337013132 20.4762206354971 5.10799436944895
6.54750135807713 20.0836125936547 5.57181396153198
5.43924279318696 19.5764371341555 5.91608842367204
4.37593044250362 18.9733612867967 6.13343123227075
3.36962034989653 18.2954009987891 6.21917922476105
2.42922351384021 17.5652504486573 6.17149264931788
1.56024858568103 16.8065528156856 5.99139463734821
0.764674475388452 16.0431374139356 5.68274925186493
0.0409570510686308 15.2982493089194 5.25217858272398
-0.615830727648308 14.593797828917 4.70892066747426
-1.21373072113294 13.9496497509269 4.06463128617583
-1.76351366488776 13.3829914052915 3.33313388274474
-2.27818972329107 12.9077815570076 2.53012297834593
-2.7724336380019 12.5343137695037 1.67282744019835
-3.26194565950444 12.2689031491878 0.779640830473121
-3.76277178380518 12.1137080404083 -0.130273233727657
-4.29060830762194 12.0666925430938 -1.03739224217793
-4.86011631114539 12.1217308247044 -1.92225365350645
-5.48427135605885 12.2688492668577 -2.76587247052398
-6.17377245901931 12.4945976987276 -3.55014856968025
-6.93653231049043 12.7825364926328 -4.25825504526164
-7.77726782961263 13.1138222896141 -4.87499923627458
-8.69720657969584 13.4678717251566 -5.38714869006261
-9.69392044237583 13.8230798567865 -5.7837150689989
-10.7612934078977 14.1575681495627 -6.05618990894088
-11.8896255455769 14.4499359168065 -6.1987271711708
-13.0658703424953 14.6799890747583 -6.20826867110953
-14.2739978132022 14.8294209516236 -6.08460969268831
-15.4954712587792 14.8824216615659 -5.83040338060043
-16.7098214511072 14.8261951491023 -5.45110381619544
-17.8952984837 14.6513663363912 -4.95484899834181
-19.0295786901381 14.3522647465946 -4.35228623994241
-20.0905019865269 13.9270753906734 -3.6563437262793
-21.0568138189508 13.3778524358473 -2.88195313647939
-21.9088856332874 12.710396053568 -2.0457292793506
-22.6293884433985 11.9339977001461 -1.16561361710837
-23.2038956323913 11.061063742015 -0.260489325309871
-23.6213935262275 10.1066316349773 0.650223851985889
-23.8746814453606 9.08779665054276 1.54698625931442
-23.9606467572124 8.02307027881027 2.41055755964141
-23.8804047859781 6.93169381552556 3.22240954222163
-23.6392981339651 5.83293217713858 3.96512365155017
-23.2467548649559 4.74537362803789 4.62276470828989
-22.7160099223817 3.68626082660623 5.18122280386768
-22.0636989298449 2.67087741189352 5.62851603327649
-21.3093379803302 1.71201230332816 5.95504757085038
-20.4747070059845 0.819521045478506 6.15381157336498
-19.5831576919991 2.75067275300444e-13 6.22054349274445
-18.6588695368902 -0.743414906379114 6.15381157336509
-17.7260794742262 -1.41111767963828 5.9550475708506
-16.8083113935938 -2.00696757094491 5.6285160332768
-15.9276318987742 -2.53809262646188 5.18122280386809
-15.1039577187051 -3.01456866425377 4.62276470829039
-14.3544383744095 -3.44898537874975 3.96512365155075
-13.692935066656 -3.85591536654963 3.22240954222227
-13.129613377813 -4.25130539729216 2.41055755964209
-12.6706633961642 -4.65181209379016 1.54698625931514
-12.318156412493 -5.07410623509811 0.650223851986653
-12.0700425643312 -5.53417108112944 -0.260489325309104
-11.9202888813043 -6.04662039508873 -1.16561361710764
-11.8591522890489 -6.62406119976326 -2.04572927934994
-11.8735774317868 -7.27652476766526 -2.88195313647873
-11.9477048402761 -8.01098696700088 -3.6563437262787
-12.0634711550403 -8.83099594926238 -4.35228623994186
-12.201279948676 -9.73642138066304 -4.95484899834134
-12.34071928675 -10.7233351224677 -5.45110381619509
-12.4613006084049 -11.7840286066346 -5.83040338060017
-12.5431928494188 -12.9071672981164 -6.08460969268815
-12.5679259943379 -14.078077755775 -6.20826867110948
-12.519039420011 -15.2791580732429 -6.19872717117086
-12.3826524377152 -16.49039806713 -6.05618990894105
-12.1479372816233 -17.6899916395565 -5.78371506899919
-11.8074783260685 -18.8550204152186 -5.38714869006298
-11.3575054167934 -19.9621851585865 -4.87499923627505
-10.7979937259834 -20.9885597070264 -4.25825504526219
-10.132627326362 -21.9123412741601 -3.55014856968087
-9.36862855579444 -22.713571016744 -2.76587247052462
-8.51646003742519 -23.3747997173273 -1.92225365350718
-7.58941076109929 -23.8816752809952 -1.03739224217864
-6.60308175850256 -24.223431413237 -0.130273233728402
-5.5747904706759 -24.3932602439693 0.779640830472382
-4.52291578587557 -24.3885556706866 1.67282744019763
-3.46620781615763 -24.2110186707425 2.53012297834525
-2.42308770862851 -23.866620621366 3.33313388274411
-1.41096310876507 -23.3654255976399 4.06463128617525
-0.445584297516828 -22.7212775196498 4.70892066747377
0.459535467384509 -21.9513627177384 5.25217858272358
1.29361420899716 -21.0756628138151 5.68274925186464
2.04899198313341 -20.1163166245054 5.99139463734802
2.7214037612772 -19.0969129445007 6.17149264931778
3.31012433734838 -18.0417384548573 6.21917922476107
3.81797977115491 -16.9750065372934 6.13343123227087
4.25122470032098 -15.9200934078774 5.91608842367227
4.61928969871365 -14.8988076899483 5.57181396153231
4.93440756018758 -13.9307183373921 5.10799436944938
5.21113177423076 -13.032563738578 4.53458105172168
5.46576437829345 -12.2177619521654 3.86387678264356
5.7157136803197 -11.4960384506303 3.11027174637296
5.97880492597503 -10.8731836022699 2.28993479072293
6.27256874576925 -10.3509475542569 1.42046651913022
6.61353309429962 -9.92707534951839 0.520521663828561
7.016544355115 -9.59548018946745 -0.390591157663263
7.49414233065383 -9.34654791669969 -1.29332371538106
8.0560120002495 -9.16756120742306 -2.16830758071946
8.70853227457368 -9.04322779429202 -2.99676968253834
9.45443859541086 -8.95629343335131 -3.76093508967548
10.2926122444056 -8.88821741085284 -4.44440837803288
11.2180047740338 -8.81988625921845 -5.03252539987821
12.2217012157325 -8.73234009071359 -5.51266790803314
13.2911208221161 -8.60748560609693 -5.87453428458207
14.4103492357975 -8.42877040499288 -6.110360565526
15.5605913187326 -8.18179469373773 -6.21508701922383
16.720729588261 -7.85483880184278 -6.18646670462509
17.8679694411333 -7.43928799688651 -6.0251136801408
18.9785492384035 -6.92993981946149 -5.73448982881511
20.0284909825873 -6.32518341151765 -5.32083058246814
20.9943658273398 -5.6270449314437 -4.79301113842302
21.8540480724694 -4.84109797289996 -4.16235603918253
22.5874316348391 -3.97624275999296 -3.4423962005863
23.1770842373856 -3.04436260603938 -2.64857860149139
23.6088166805902 -2.05987052915448 -1.79793486368017
23.8721474789816 -1.039162858491 -0.908715832725359
