2.184111236268464 1.8583070897117559e-06 1.5903874218089599e-05
2.1784492071443018 0.085539925261068683 0.064016131163193976
2.1613013033547195 0.17038110306888346 0.12687541183772821
2.1329601272394449 0.25339662628973464 0.18810833138666905
2.0940827683059906 0.33433713743095705 0.24626358208360824
2.0443670759465093 0.41127648250263216 0.30149747160466528
1.9848988279976945 0.48492859219921775 0.35133023539445224
1.9164075042017599 0.55379099689144684 0.39618284233932144
1.8394123492068268 0.61747623990780109 0.43439596143350018
1.7547783524315879 0.6751540976591166 0.46526460436203437
1.6641384199584053 0.72727575373608921 0.487904926226299
1.5686157956595868 0.77353997312145806 0.50124601010084324
1.4692280468870991 0.8129191887794025 0.50524203615954777
1.3676664356493162 0.84591932026056305 0.49884277627413726
1.2656512126932213 0.8731169503558317 0.48157917967649833
1.1648583179923682 0.894718695906215 0.45298065318064673
1.0672544927790744 0.91116521017628016 0.41238688472828233
0.97505785650717636 0.92435067324928 0.35978466020272692
0.89090339477414315 0.93553063025285021 0.29468563027993477
0.81765598543778428 0.94747465253440544 0.21769270186887385
0.75669096846416928 0.96387108172205949 0.13132562260618336
0.70722964968934676 0.98862379039830273 0.039758374478617825
0.66613849796407409 1.0224329916628172 -0.05304951163464823
0.63178060295963734 1.0666309545840458 -0.1441945482776153
0.60275610425984327 1.1242406846553041 -0.22953307807971413
0.57480386922164328 1.1948907435949041 -0.30476209998355858
0.5448988723928021 1.2758002328864564 -0.36804080313330695
0.51099696837081687 1.3637158486737744 -0.4186445631336399
0.47240917144783234 1.4556525152010109 -0.4574192951321594
0.42817721119271668 1.5492359489416305 -0.4844445474588655
0.37785340230474707 1.6422939982970277 -0.5003017956203436
0.32221651038501087 1.7335369323259333 -0.50521217364807913
0.26096014286649055 1.8210790401369781 -0.49985362692604002
0.1939944347066769 1.9031969981621149 -0.48515632281514559
0.12229902892263608 1.9789225896725473 -0.46127637003203265
0.046532388149299893 2.0473646397005743 -0.42936617902099861
-0.032828418876824333 2.1072256812255854 -0.38982959372061915
-0.11582613308729288 2.1571359298315413 -0.34439620564836299
-0.20118827163647379 2.1971134206762386 -0.29380021674470119
-0.28726899793847177 2.2270826029813802 -0.23781813344494199
-0.37492998561870466 2.2452961414403387 -0.17926992270110576
-0.46214403672739923 2.252744467150094 -0.11776317267805303
-0.5483925994833293 2.2490162043527717 -0.054600257170291974
-0.63278126242950672 2.2337116870238458 0.0093397328572678122
-0.71446312746443019 2.2075027615863045 0.073258488919200837
-0.79296541328654568 2.1704129187658294 0.13575662582911946
-0.86684137894143487 2.122684307513456 0.19664136696113402
-0.93627497928284642 2.0653736973080239 0.25442819648635412
-0.99968267797391808 1.9985942981093643 0.30885608389564045
-1.0570761703266043 1.922907724377042 0.35805371401402419
-1.107843786553645 1.8396904180302243 0.40212612751805721
-1.1519910037539931 1.7496394066353629 0.43933685999210537
-1.1885080749541181 1.6535812748656717 0.46904839280666255
-1.2179373989400082 1.5529530508520748 0.49029391291790592
-1.2406449410039981 1.4491171723036536 0.50240118928765842
-1.2561858537786965 1.3433030353592987 0.50481974344181935
-1.2648133895667317 1.2369578212342056 0.49702248872444199
-1.2675969057930254 1.1316908174696443 0.47815562568585307
-1.265798920310216 1.029118751065744 0.44788383815412586
-1.259763755552133 0.93117224149448852 0.40531419414355718
-1.2521076483480587 0.83943025737744981 0.35083713883783724
-1.244513136696439 0.7563503020044362 0.2838677953062006
-1.2404665926672429 0.68387779063309806 0.20532040019494938
-1.2445231994460115 0.62255522527092166 0.11780003778618389
-1.2590346101847456 0.5697262393449114 0.025924725023104063
-1.284351769166594 0.52266457124018784 -0.066751946061364073
-1.3218905351245576 0.4799125397042347 -0.15734970218682667
-1.3734517150463532 0.43879788208808929 -0.24154916642425295
-1.4382005343860529 0.39538507376641302 -0.31474244219715342
-1.5114559510830361 0.34745131653485817 -0.37623103794697038
-1.5901807415857339 0.29403681446522106 -0.42509059693738266
-1.6712652292877486 0.23498987060529763 -0.46228754358589064
-1.752569830054119 0.17026700877952286 -0.48767597390095019
-1.8317423434563731 0.099745867446987602 -0.50182131906938565
-1.9076612492093923 0.024443451146036785 -0.50509460695305319
-1.9785709483047189 -0.055384521721639504 -0.49851857665018745
-2.0429066813010532 -0.13931428497859824 -0.48235225496175138
-2.0994832807179216 -0.22659554208718366 -0.45735672281827278
-2.1478491646460478 -0.3161324735676157 -0.42436084825817177
-2.1873038667302587 -0.40682859265055432 -0.3836029360843522
-2.2161923217859414 -0.49896394227284174 -0.33754446151624307
-2.2345572485287652 -0.59100954340184864 -0.28621180901087939
-2.2430510461584143 -0.68137262777444918 -0.22958724509958064
-2.2397119542425523 -0.77047247649059381 -0.17048209467821024
-2.2259378907013643 -0.85668642581845034 -0.10865751477729738
-2.2015034512097968 -0.93930630375158497 -0.04525916358290899
-2.1661570541092079 -1.0176220688904716 0.018467352555366832
-2.1209308727581644 -1.0905083789204264 0.082388271744742253
-2.0659826695572931 -1.1580019808082382 0.1445988595435424
-2.0017393583970513 -1.2183182589423074 0.20523056126710407
-1.9292275192872588 -1.2720492373443864 0.2626750015023237
-1.8489733971345121 -1.3182617729616515 0.31621371722303099
-1.7616108813219937 -1.3558789870487602 0.36516011335248599
-1.6682471639404994 -1.3856005365486463 0.40811001832445482
-1.5701065832445971 -1.4073694227696014 0.44465039001654005
-1.4678553093355931 -1.4207151956252904 0.47312645631321454
-1.3628448837237146 -1.4256197070272481 0.49290912570664247
-1.2564541559116298 -1.4234096864014316 0.50390589274588471
-1.1498752243540762 -1.4142124932797353 0.5048251644194045
-1.0445578391668902 -1.3980226122609491 0.49533012193012288
-0.94172874699715747 -1.3767822536634242 0.47483930605412489
-0.84283216466326538 -1.3516616166684337 0.44269629292047691
-0.74966704792235295 -1.3236940110555424 0.39823083345985794
-0.66293203256796729 -1.2958817892019439 0.34212053144581078
-0.58481811911392734 -1.2704092810612853 0.27362506056216629
-0.51649040443057426 -1.2515791756554808 0.19354987939952112
-0.45690957582235198 -1.243508274314199 0.10509000858331091
-0.40271747673075642 -1.2474365072948348 0.012934520701345723
-0.35157393075789289 -1.2633850534880531 -0.079664350834547926
-0.30162558126884087 -1.292437305478183 -0.16969039942908459
-0.24956667873003746 -1.3356997789634184 -0.25251287970446212
-0.19193510568998956 -1.3904873101060935 -0.32401076577482624
-0.12787992632958328 -1.4519149346861127 -0.38374709894509129
-0.057546667647973962 -1.517062241475456 -0.43114833753673976
0.018979253576385323 -1.5828330169330622 -0.4666847560610588
0.10079816779260407 -1.647453004690123 -0.49061065220830147
0.18761836963336137 -1.7086614117617953 -0.50322631628226766
0.27854701571196017 -1.7649971292194444 -0.50499176973997995
0.37256158510032145 -1.8154144867767663 -0.49704621299838631
0.46887318460749094 -1.858552077725018 -0.47950919823429033
0.56671518064741444 -1.89303436321055 -0.45342386780830285
0.66471358779027812 -1.9189369259198332 -0.41921541844823901
0.76187779067846906 -1.9359428608336422 -0.37782741818850107
0.85777655226774163 -1.9423383311986511 -0.33084471871815324
0.95112056435252657 -1.9382366534854629 -0.27877053179032441
1.0406949680473203 -1.9246956370992121 -0.22186784606270765
1.126043091882434 -1.9004597788663158 -0.16211350233382552
1.2061660176516042 -1.8663737651607084 -0.099961341058110498
1.2802999727729742 -1.8229235506866894 -0.036234705141165072
1.3481342541159664 -1.7697315231699737 0.027110918923743631
1.4080341174066364 -1.7083292502503755 0.091035777923605746
1.4603805838255857 -1.6387412571945363 0.15318243705325796
1.5039853726623709 -1.5618776106828416 0.21344872613027038
1.5387098303812701 -1.4783843965625834 0.27061465826702474
1.564873623695763 -1.3891068746860549 0.32339518141619361
1.581045964446377 -1.2949535172838498 0.37154231709855373
1.5877156220035986 -1.1968241635254437 0.413625498585864
1.5856675178881714 -1.0959304449785492 0.44912464967976934
1.5749424204619984 -0.99302470045421243 0.47631989868673874
1.5553437045251615 -0.88952758972548407 0.49497005645857595
1.5283362447760533 -0.78645529241051582 0.50452603503639792
1.494751077560613 -0.68488424299915363 0.50407102992387043
1.4548733149689281 -0.5862394216384692 0.49299543051367961
1.4107705059312188 -0.49134831452813699 0.470761118577735
1.3639593427862873 -0.40131267462922943 0.43689155823102033
1.3160139360651781 -0.31745154123406344 0.39098732291143945
1.2699785304148938 -0.24022822509941752 0.33300327823663961
1.2285262992518948 -0.17068125749546142 0.26313440055692539
1.1963849816416956 -0.10925356381800284 0.18169643912555986
1.1773460211730309 -0.053499790075447112 0.09242885086722144
1.1712734054064622 5.4876381770652127e-06 -1.1168386381349427e-05
1.1773511933532803 0.05351424897876518 -0.092448800007994492
1.196397777979068 0.10926691394526711 -0.1817154621063683
1.2285426143191183 0.170699466704377 -0.26314803137512677
1.2699983559842487 0.24024798769149144 -0.33301327972724998
1.3160351437122166 0.31747426433667336 -0.39099228399844044
1.3639819358885785 0.40133779928577756 -0.43689057472533588
1.4107924036785635 0.49137535163870139 -0.47075601192382677
1.4548958380535826 0.58626679600200537 -0.49298754482994495
1.4947702772800959 0.6849136285055617 -0.50405709261187137
1.5283532525993579 0.78648541702904007 -0.5045088778645298
1.5553596043982689 0.88955752765790119 -0.49494693942053986
1.574955005669326 0.99305543471740287 -0.4762979144065615
1.5856751964020268 1.0959607772060458 -0.44909891332826696
1.5877232712336509 1.1968528169741122 -0.41359506089442033
1.5810481449512921 1.2949809982872775 -0.37151001264267186
1.5648721944182653 1.3891322318350012 -0.32335975026643493
1.5387049935052701 1.4784073142373038 -0.2705771422692585
1.5039770305107063 1.5618992302233889 -0.2134114434955395
1.4603691067699223 1.6387610528692638 -0.15314521229857869
1.4080196926591275 1.7083460322326698 -0.090997661628270277
1.3481155822035342 1.7697448726713527 -0.027073415400576395
1.2802780304668042 1.8229358666815321 0.036269599499676744
1.2061439818405004 1.8663807114793518 0.099999787478638663
1.1260177806283582 1.9004631718294451 0.16214972814938156
1.040669362128066 1.9246983026859983 0.22190385975866769
0.95109578897248437 1.9382332688259762 0.27880929226557516
0.85775040380823075 1.9423306195490946 0.33088132881928645
0.76184915720542135 1.9359333698005383 0.37785871338620985
0.6646843579200501 1.9189233778665715 0.4192434966112753
0.56668500043614289 1.8930179878575797 0.45344708218780561
0.46884298333581093 1.858534280108272 0.47952985316977337
0.37253336239845336 1.8153914563338618 0.49706474617067403
0.27851871172839499 1.7649735958024635 0.50500619461834084
0.18759243724514901 1.7086341036668784 0.50323905015095005
0.10077323298168794 1.6474252694937299 0.49061908600931925
0.018955459841197973 1.5828043526128202 0.46669156371086956
-0.057570488460488164 1.5170344427233902 0.43115360154743065
-0.12789826244706748 1.4518851231954555 0.38374695591905927
-0.19195108877919947 1.3904594129612262 0.32400613130010114
-0.24957918223704642 1.3356731206410011 0.25250447655212865
-0.30163787971649031 1.292415559056548 0.16967920704816786
-0.3515836997875173 1.263367131258879 0.079650507333913254
-0.4027282137476676 1.2474241906274317 -0.012948803470725741
-0.4569218859395402 1.2435007227705708 -0.10510356926936969
-0.51650386522303549 1.2515720102457903 -0.19356267992242696
-0.58483224162376746 1.2703988505720549 -0.27363777057326644
-0.66294518655187606 1.2958741902896596 -0.34213330272667664
-0.7496841376842891 1.3236846294377189 -0.39823840406253636
-0.84284967676863598 1.3516535921681072 -0.44270189207283123
-0.94174674520648205 1.376774991151444 -0.47484300727747486
-1.0445762497086852 1.398014978134162 -0.49533213907636336
-1.1498945591800409 1.4142023251478402 -0.50482262017493595
-1.256473534241823 1.4233982576529944 -0.50390228142073445
-1.3628641770894543 1.4256059965864316 -0.49290409080458847
-1.467874059750655 1.4206987558901543 -0.47311910519942274
-1.5701250766141421 1.4073511112308061 -0.44464296156974253
-1.6682644013204553 1.3855810956145014 -0.40809987688339877
-1.7616272432648485 1.3558567697666761 -0.36514999024763828
-1.8489884535397056 1.3182369312296864 -0.31620326831967532
-1.9292412738939948 1.2720239550359489 -0.26266289348710747
-2.0017514167562682 1.2182896676671997 -0.20521940727560142
-2.0659933510819384 1.1579716331902132 -0.14458805705658473
-2.1209397764527407 1.0904771128041069 -0.082376895502676947
-2.1661652281953421 1.0175903982432337 -0.018455975256839688
-2.2015083557039112 0.93927437839371386 0.045272046203066484
-2.2259406964768931 0.8566537553096859 0.10867022586279078
-2.2397125946989309 0.77044028549423405 0.17049595680718715
-2.2430495988419508 0.68133908501423368 0.22959921254212828
-2.2345535620242738 0.59097449387402901 0.28622096039237283
-2.2161857945649963 0.49892970048125357 0.33755405356716511
-2.1872967166153141 0.4067934396457204 0.38361031459137246
-2.1478417134573036 0.31609662554963069 0.42436639975397311
-2.0994719362902834 0.22656124933652669 0.45736078758368737
-2.042892760523872 0.13928109563544258 0.48235434730243804
-1.9785553516914336 0.055352163728772941 0.49851845758044905
-1.9076451926852653 -0.024475543498000522 0.50509274387472813
-1.8317247550100808 -0.099776324242536726 0.50181736183005254
-1.7525519364837747 -0.17029673841964796 0.48766967298848329
-1.6712463566770039 -0.23501682109441349 0.46227761946573459
-1.590162477860376 -0.2940630531397736 0.42507821567531406
-1.5114388206215488 -0.34747739186704363 0.37621683261774846
-1.4381853174415549 -0.39541021399496523 0.31472522831457106
-1.3734398390036917 -0.43882298088441346 0.24152886350737304
-1.3218828472466639 -0.47993789675367987 0.15732671088596301
-1.2843483915057183 -0.52269032363115364 0.066727355516374973
-1.2590328440690364 -0.56975390576164031 -0.025948756614814092
-1.2445230350812311 -0.62258512992321202 -0.11782298652977119
-1.2404681458866935 -0.68391339299801557 -0.20533949026525972
-1.244516069532221 -0.75638603978684571 -0.28388667902959941
-1.252109537366652 -0.83946840391465105 -0.35085315259845595
-1.2597664691191972 -0.9312122190576082 -0.40532715327238927
-1.2658009275311468 -1.0291606267669293 -0.44789274491951597
-1.2675983800584572 -1.1317339625159255 -0.47816056769513932
-1.2648108171846371 -1.2370014891407868 -0.49702391566350129
-1.2561817096754044 -1.3433468940223121 -0.50481737545423422
-1.2406371769534705 -1.4491604427316893 -0.50239604658041892
-1.2179292121882987 -1.5529958637451311 -0.49028580154297757
-1.1884960249955119 -1.6536223585690257 -0.46903720015036549
-1.1519776087281424 -1.7496797567761679 -0.43932501886361852
-1.1078295865818508 -1.8397286109419317 -0.40210997424717909
-1.0570583885512439 -1.9229444257632595 -0.35803887057110767
-0.99966367354572372 -1.9986279805491292 -0.30883802914697078
-0.9362563561460775 -2.0654060719535652 -0.25440804685865676
-0.86682078422490227 -2.1227147618170439 -0.19662168183040324
-0.79294340649786232 -2.1704408876380898 -0.13573668255185711
-0.71443995796517612 -2.2075262938532538 -0.073237329910895155
-0.63275774175136112 -2.2337325696024366 -0.0093178947879128809
-0.54836890003256533 -2.2490347819079131 0.0546224352260661
-0.4621205306126423 -2.2527584114043422 0.11778584299398163
-0.37490774912191593 -2.2453079668528892 0.17929413662747612
-0.28724850342924851 -2.2270890735608813 0.23784332933573635
-0.20116966052102134 -2.1971161257204774 0.2938260812939828
-0.11580953132702806 -2.1571334922793683 0.34442139661235538
-0.032812875122633561 -2.1072213698984616 0.38985461175051833
0.046548713903596869 -2.047358570943937 0.42938692564806574
0.12231171154807395 -1.9789125327878201 0.46129749921062374
0.1940061428727331 -1.9031849573110156 0.4851740859538381
0.26097184348617414 -1.8210667952395361 0.4998707200141263
0.32222556976568151 -1.7335226630022555 0.50522516600098055
0.37786284307754009 -1.6422800104662991 0.50031387882851841
0.42818080889683763 -1.5492187093213421 0.4844569754716283
0.47241185965611582 -1.4556356718360839 0.45742934179905936
0.51099970456364252 -1.3637011473771512 0.4186495789971873
0.54490181806425531 -1.2757885795085706 0.36804055815699627
0.57480443410087834 -1.1948805819796013 0.30475882260017123
0.60275816209695465 -1.1242327816592883 0.22952833682790436
0.63178071109707401 -1.0666261363004943 0.1441870076176999
0.66614236787396375 -1.0224286222254932 0.053043137296941163
0.7072317907818968 -0.98862047395070707 -0.039765897825669499
0.75669782062394653 -0.96387117481174678 -0.13133143197824965
0.81766446394265024 -0.94747722184668504 -0.21769783327931225
0.89091431032214929 -0.93553627397719785 -0.29468860629646682
0.9750718283512404 -0.92435490091781936 -0.3597834418885309
1.0672706713919311 -0.91116785850431947 -0.41238155472011279
1.1648756886195841 -0.89472048918109981 -0.45297211051084463
1.2656692999358163 -0.87312051205800723 -0.48156921784227463
1.3676844564194106 -0.84592180971536601 -0.49883151790834451
1.4692463305239376 -0.81292194140227869 -0.50522723453449514
1.5686335206554962 -0.77354153099818757 -0.50122875034411773
1.6641533581512657 -0.72727275754496346 -0.48788471449810655
1.7547925691287909 -0.67515138789515716 -0.46524084503489799
1.8394275389969956 -0.61747546950154442 -0.43437178436062029
1.9164221245308359 -0.55379049126664548 -0.39615698618793888
1.9849120149746602 -0.48492719060332673 -0.35130356609745744
2.0443772506754341 -0.41127355024911322 -0.30146946531946617
2.0940918483292585 -0.33433380319181771 -0.24623486158389202
2.1329663467518678 -0.25339181606747985 -0.18807975297062446
2.1613045996143962 -0.17037620040472073 -0.12684544415797494
2.1784516616078125 -0.085536300712521732 -0.063984417462982918
