44.8477595515341 0 4.34539769515339e-14
44.7986104694072 0.938397116636111 0.9381909493897
44.6515465820056 1.87145428651278 1.86980116335865
44.4077141061593 2.79389655648422 2.78829606561693
44.069010577296 3.70057821154323 3.68723307436286
43.6380657538054 4.58654552952702 4.56030679236545
43.1182151681477 5.44709732189765 5.4013932347955
42.513466605994 6.27784256119786 6.20459278457915
41.8284598697982 7.07475442830022 6.96427157397274
41.0684202544521 7.83422015253637 7.67510100209713
40.2391062292897 8.55308606477258 8.33209511124428
39.3467518819693 9.22869733697006 8.93064555978812
38.3980047350053 9.85893194114271 9.46655394639003
37.3998595943518 10.4422284252479 9.93606125876764
36.3595891309287 10.9776071727015 10.3358742404652
35.2846719298874 11.4646848851368 10.6631884906812
34.1827187683668 11.90368210392 10.9157081351255
33.0613979002161 12.2954236639572 11.0916619299274
31.9283601354734 12.6413320526145 11.1898156856389
30.79116450319 12.9434137262523 11.2094809241871
29.6572052784759 13.2042385160612 11.1505197080531
28.5336411385041 13.4269123327085 11.0133456078045
27.4273271878285 13.6150434548991 10.798920801195
26.3447505610192 13.7727027594836 10.508749324179
25.2919702706495 13.9043783194108 10.1448665211799
24.274561921528 14.0149248598544 9.70982476861123
23.2975678582759 14.1095086215381 9.20667557179023
22.3654532534909 14.1935482329868 8.6389481608204
21.4820685784727 14.2726522395536 8.01062473557811
20.6506188285356 14.3525539761019 7.32611253344166
19.8736398010494 14.4390445017224 6.59021291568772
19.1529816473604 14.5379043384754 5.80808768939167
18.4897998404757 14.6548347716097 4.98522290105979
17.8845536197227 14.7953894758371 4.12739035595468
17.3370118923978 14.9649072309471 3.24060713302844
16.8462664915833 15.1684464803408 2.33109337943701
16.4107526097228 15.4107224680373 1.40522868067712
16.0282761500635 15.6960476635547 0.469507312377687
15.6960476635547 16.0282761500635 -0.469507312377538
15.4107224680373 16.4107526097228 -1.40522868067697
15.1684464803408 16.8462664915833 -2.33109337943687
14.9649072309471 17.3370118923977 -3.24060713302829
14.7953894758371 17.8845536197227 -4.12739035595454
14.6548347716097 18.4897998404757 -4.98522290105965
14.5379043384754 19.1529816473604 -5.80808768939153
14.4390445017224 19.8736398010494 -6.59021291568758
14.3525539761019 20.6506188285355 -7.32611253344153
14.2726522395536 21.4820685784726 -8.01062473557798
14.1935482329869 22.3654532534908 -8.63894816082028
14.1095086215381 23.2975678582759 -9.20667557179011
14.0149248598544 24.2745619215279 -9.70982476861111
13.9043783194108 25.2919702706494 -10.1448665211798
13.7727027594836 26.3447505610191 -10.5087493241789
13.6150434548991 27.4273271878284 -10.7989208011949
13.4269123327085 28.5336411385041 -11.0133456078044
13.2042385160612 29.6572052784759 -11.150519708053
12.9434137262524 30.7911645031899 -11.209480924187
12.6413320526145 31.9283601354733 -11.1898156856388
12.2954236639572 33.0613979002161 -11.0916619299273
11.90368210392 34.1827187683667 -10.9157081351254
11.4646848851368 35.2846719298873 -10.6631884906812
10.9776071727015 36.3595891309286 -10.3358742404651
10.4422284252479 37.3998595943518 -9.93606125876759
9.85893194114275 38.3980047350052 -9.46655394638999
9.22869733697011 39.3467518819692 -8.93064555978808
8.55308606477264 40.2391062292896 -8.33209511124424
7.83422015253643 41.068420254452 -7.67510100209711
7.07475442830029 41.8284598697981 -6.96427157397272
6.27784256119793 42.5134666059939 -6.20459278457913
5.44709732189773 43.1182151681476 -5.4013932347955
4.5865455295271 43.6380657538053 -4.56030679236544
3.70057821154331 44.069010577296 -3.68723307436286
2.79389655648431 44.4077141061593 -2.78829606561693
1.87145428651288 44.6515465820055 -1.86980116335866
0.938397116636205 44.7986104694071 -0.938190949389706
9.2369870027614e-14 44.8477595515341 -4.89158930760801e-14
-0.93839711663602 44.7986104694072 0.938190949389609
-1.8714542865127 44.6515465820056 1.86980116335858
-2.79389655648414 44.4077141061593 2.78829606561685
-3.70057821154315 44.069010577296 3.68723307436279
-4.58654552952696 43.6380657538054 4.56030679236539
-5.4470973218976 43.1182151681477 5.40139323479545
-6.27784256119782 42.513466605994 6.20459278457911
-7.07475442830018 41.8284598697982 6.9642715739727
-7.83422015253633 41.0684202544521 7.6751010020971
-8.55308606477256 40.2391062292897 8.33209511124425
-9.22869733697004 39.3467518819693 8.9306455597881
-9.85893194114269 38.3980047350054 9.46655394639002
-10.4422284252479 37.3998595943519 9.93606125876764
-10.9776071727015 36.3595891309287 10.3358742404652
-11.4646848851368 35.2846719298874 10.6631884906812
-11.90368210392 34.1827187683668 10.9157081351255
-12.2954236639572 33.0613979002161 11.0916619299274
-12.6413320526145 31.9283601354734 11.1898156856389
-12.9434137262523 30.7911645031899 11.2094809241871
-13.2042385160612 29.6572052784759 11.1505197080531
-13.4269123327085 28.5336411385041 11.0133456078045
-13.6150434548991 27.4273271878284 10.798920801195
-13.7727027594836 26.3447505610192 10.508749324179
-13.9043783194108 25.2919702706494 10.1448665211799
-14.0149248598544 24.2745619215279 9.7098247686112
-14.1095086215381 23.2975678582759 9.2066755717902
-14.1935482329869 22.3654532534908 8.63894816082035
-14.2726522395536 21.4820685784726 8.01062473557804
-14.3525539761019 20.6506188285355 7.32611253344159
-14.4390445017224 19.8736398010493 6.59021291568764
-14.5379043384754 19.1529816473603 5.80808768939157
-14.6548347716097 18.4897998404756 4.98522290105968
-14.7953894758371 17.8845536197227 4.12739035595457
-14.9649072309471 17.3370118923977 3.24060713302832
-15.1684464803408 16.8462664915832 2.33109337943687
-15.4107224680373 16.4107526097228 1.40522868067697
-15.6960476635547 16.0282761500634 0.469507312377531
-16.0282761500635 15.6960476635547 -0.469507312377694
-16.4107526097229 15.4107224680372 -1.40522868067715
-16.8462664915834 15.1684464803407 -2.33109337943704
-17.3370118923978 14.9649072309471 -3.24060713302847
-17.8845536197228 14.7953894758371 -4.12739035595472
-18.4897998404758 14.6548347716097 -4.98522290105982
-19.1529816473605 14.5379043384754 -5.80808768939171
-19.8736398010495 14.4390445017224 -6.59021291568776
-20.6506188285357 14.3525539761018 -7.3261125334417
-21.4820685784728 14.2726522395536 -8.01062473557813
-22.3654532534911 14.1935482329868 -8.63894816082043
-23.2975678582761 14.1095086215381 -9.20667557179025
-24.2745619215282 14.0149248598544 -9.70982476861124
-25.2919702706497 13.9043783194108 -10.1448665211799
-26.3447505610195 13.7727027594835 -10.508749324179
-27.4273271878287 13.615043454899 -10.798920801195
-28.5336411385044 13.4269123327085 -11.0133456078044
-29.6572052784762 13.2042385160612 -11.150519708053
-30.7911645031903 12.9434137262523 -11.209480924187
-31.9283601354737 12.6413320526144 -11.1898156856388
-33.0613979002164 12.2954236639571 -11.0916619299272
-34.1827187683671 11.9036821039199 -10.9157081351254
-35.2846719298877 11.4646848851366 -10.663188490681
-36.359589130929 10.9776071727013 -10.335874240465
-37.3998595943521 10.4422284252477 -9.93606125876743
-38.3980047350056 9.85893194114253 -9.4665539463898
-39.3467518819695 9.22869733696986 -8.93064555978786
-40.23910622929 8.55308606477236 -8.33209511124399
-41.0684202544524 7.83422015253613 -7.67510100209683
-41.8284598697984 7.07475442829997 -6.96427157397242
-42.5134666059942 6.2778425611976 -6.20459278457881
-43.1182151681479 5.44709732189736 -5.40139323479513
-43.6380657538055 4.58654552952672 -4.56030679236506
-44.0690105772961 3.70057821154292 -3.68723307436247
-44.4077141061594 2.7938965564839 -2.78829606561652
-44.6515465820056 1.87145428651244 -1.86980116335822
-44.7986104694072 0.938397116635761 -0.938190949389262
-44.8477595515341 -3.33086818617218e-13 3.76540795568751e-13
-44.7986104694071 -0.938397116636445 0.938190949390033
-44.6515465820055 -1.8714542865131 1.86980116335897
-44.4077141061592 -2.79389655648453 2.78829606561724
-44.0690105772959 -3.70057821154351 3.68723307436315
-43.6380657538052 -4.5865455295273 4.56030679236572
-43.1182151681475 -5.44709732189791 5.40139323479575
-42.5134666059938 -6.27784256119809 6.20459278457937
-41.828459869798 -7.07475442830044 6.96427157397295
-41.0684202544519 -7.83422015253656 7.67510100209731
-40.2391062292895 -8.55308606477277 8.33209511124444
-39.346751881969 -9.22869733697021 8.93064555978826
-38.3980047350051 -9.85893194114285 9.46655394639015
-37.3998595943516 -10.442228425248 9.93606125876774
-36.3595891309284 -10.9776071727016 10.3358742404652
-35.2846719298871 -11.4646848851369 10.6631884906813
-34.1827187683666 -11.9036821039201 10.9157081351255
-33.0613979002159 -12.2954236639573 11.0916619299274
-31.9283601354732 -12.6413320526146 11.1898156856389
-30.7911645031898 -12.9434137262524 11.2094809241871
-29.6572052784758 -13.2042385160613 11.1505197080531
-28.533641138504 -13.4269123327086 11.0133456078044
-27.4273271878283 -13.6150434548991 10.7989208011949
-26.3447505610191 -13.7727027594836 10.508749324179
-25.2919702706494 -13.9043783194108 10.1448665211798
-24.2745619215278 -14.0149248598544 9.70982476861117
-23.2975678582758 -14.1095086215381 9.20667557179018
-22.3654532534908 -14.1935482329869 8.63894816082035
-21.4820685784726 -14.2726522395536 8.01062473557805
-20.6506188285355 -14.3525539761019 7.32611253344161
-19.8736398010494 -14.4390445017224 6.59021291568766
-19.1529816473604 -14.5379043384754 5.80808768939162
-18.4897998404757 -14.6548347716097 4.98522290105974
-17.8845536197227 -14.7953894758371 4.12739035595465
-17.3370118923978 -14.9649072309471 3.2406071330284
-16.8462664915833 -15.1684464803408 2.33109337943699
-16.4107526097228 -15.4107224680373 1.40522868067709
-16.0282761500635 -15.6960476635547 0.469507312377673
-15.6960476635547 -16.0282761500635 -0.469507312377532
-15.4107224680373 -16.4107526097228 -1.40522868067697
-15.1684464803408 -16.8462664915833 -2.33109337943685
-14.9649072309471 -17.3370118923977 -3.24060713302828
-14.7953894758371 -17.8845536197227 -4.12739035595451
-14.6548347716097 -18.4897998404756 -4.9852229010596
-14.5379043384754 -19.1529816473603 -5.80808768939151
-14.4390445017224 -19.8736398010493 -6.59021291568754
-14.3525539761019 -20.6506188285355 -7.32611253344148
-14.2726522395536 -21.4820685784725 -8.01062473557792
-14.1935482329869 -22.3654532534907 -8.63894816082022
-14.1095086215381 -23.2975678582758 -9.20667557179007
-14.0149248598544 -24.2745619215278 -9.70982476861107
-13.9043783194108 -25.2919702706493 -10.1448665211797
-13.7727027594836 -26.344750561019 -10.5087493241789
-13.6150434548991 -27.4273271878283 -10.7989208011949
-13.4269123327086 -28.5336411385039 -11.0133456078044
-13.2042385160613 -29.6572052784757 -11.150519708053
-12.9434137262524 -30.7911645031897 -11.209480924187
-12.6413320526146 -31.9283601354732 -11.1898156856388
-12.2954236639573 -33.0613979002159 -11.0916619299273
-11.9036821039201 -34.1827187683666 -10.9157081351255
-11.4646848851369 -35.2846719298871 -10.6631884906812
-10.9776071727016 -36.3595891309284 -10.3358742404652
-10.442228425248 -37.3998595943516 -9.93606125876767
-9.85893194114288 -38.398004735005 -9.46655394639009
-9.22869733697025 -39.346751881969 -8.9306455597882
-8.55308606477281 -40.2391062292894 -8.33209511124439
-7.83422015253658 -41.0684202544519 -7.67510100209725
-7.07475442830047 -41.828459869798 -6.96427157397289
-6.27784256119814 -42.5134666059938 -6.20459278457933
-5.44709732189795 -43.1182151681475 -5.40139323479571
-4.58654552952735 -43.6380657538052 -4.56030679236569
-3.70057821154355 -44.0690105772959 -3.68723307436309
-2.79389655648456 -44.4077141061592 -2.78829606561718
-1.87145428651315 -44.6515465820055 -1.86980116335893
-0.938397116636498 -44.7986104694071 -0.938190949389999
-3.66733437545381e-13 -44.8477595515341 -3.23279460593847e-13
0.938397116635727 -44.7986104694072 0.938190949389316
1.87145428651238 -44.6515465820056 1.86980116335826
2.79389655648381 -44.4077141061594 2.78829606561652
3.70057821154281 -44.0690105772962 3.68723307436245
4.58654552952663 -43.6380657538056 4.56030679236507
5.44709732189726 -43.118215168148 5.40139323479512
6.27784256119747 -42.5134666059943 6.20459278457877
7.07475442829983 -41.8284598697986 6.96427157397237
7.83422015253601 -41.0684202544525 7.6751010020968
8.55308606477224 -40.2391062292901 8.33209511124396
9.22869733696971 -39.3467518819697 8.93064555978782
9.85893194114237 -38.3980047350058 9.46655394638976
10.4422284252476 -37.3998595943524 9.93606125876742
10.9776071727012 -36.3595891309292 10.335874240465
11.4646848851365 -35.284671929888 10.6631884906811
11.9036821039198 -34.1827187683675 10.9157081351254
12.295423663957 -33.0613979002168 11.0916619299273
12.6413320526143 -31.9283601354741 11.1898156856388
12.9434137262522 -30.7911645031907 11.2094809241871
13.2042385160611 -29.6572052784766 11.1505197080532
13.4269123327084 -28.5336411385048 11.0133456078046
13.615043454899 -27.4273271878292 10.7989208011951
13.7727027594835 -26.3447505610199 10.5087493241792
13.9043783194107 -25.2919702706502 10.1448665211801
14.0149248598543 -24.2745619215286 9.70982476861154
14.1095086215381 -23.2975678582766 9.2066755717906
14.1935482329868 -22.3654532534915 8.6389481608208
14.2726522395535 -21.4820685784733 8.01062473557855
14.3525539761018 -20.6506188285361 7.32611253344215
14.4390445017223 -19.8736398010499 6.59021291568826
14.5379043384753 -19.1529816473609 5.80808768939222
14.6548347716096 -18.4897998404762 4.98522290106038
14.795389475837 -17.8845536197232 4.12739035595532
14.964907230947 -17.3370118923982 3.24060713302911
15.1684464803406 -16.8462664915836 2.33109337943771
15.4107224680371 -16.4107526097231 1.4052286806778
15.6960476635545 -16.0282761500638 0.469507312378392
16.0282761500632 -15.6960476635549 -0.469507312376813
16.4107526097225 -15.4107224680375 -1.40522868067623
16.8462664915829 -15.168446480341 -2.33109337943616
17.3370118923973 -14.9649072309473 -3.24060713302759
17.8845536197223 -14.7953894758372 -4.12739035595384
18.4897998404752 -14.6548347716098 -4.98522290105896
19.1529816473598 -14.5379043384755 -5.80808768939089
19.8736398010488 -14.4390445017225 -6.59021291568696
20.6506188285349 -14.3525539761019 -7.32611253344094
21.4820685784719 -14.2726522395536 -8.01062473557742
22.36545325349 -14.1935482329869 -8.63894816081976
23.2975678582751 -14.1095086215382 -9.20667557178966
24.274561921527 -14.0149248598545 -9.70982476861071
25.2919702706485 -13.9043783194109 -10.1448665211794
26.3447505610182 -13.7727027594837 -10.5087493241786
27.4273271878275 -13.6150434548992 -10.7989208011947
28.5336411385031 -13.4269123327087 -11.0133456078042
29.6572052784748 -13.2042385160615 -11.1505197080529
30.7911645031888 -12.9434137262526 -11.209480924187
31.9283601354723 -12.6413320526149 -11.1898156856388
33.061397900215 -12.2954236639576 -11.0916619299274
34.1827187683657 -11.9036821039204 -10.9157081351256
35.2846719298862 -11.4646848851372 -10.6631884906814
36.3595891309276 -10.977607172702 -10.3358742404655
37.3998595943508 -10.4422284252485 -9.936061258768
38.3980047350043 -9.85893194114334 -9.46655394639047
39.3467518819683 -9.22869733697075 -8.93064555978864
40.2391062292888 -8.55308606477334 -8.33209511124487
41.0684202544512 -7.83422015253718 -7.67510100209781
41.8284598697974 -7.07475442830106 -6.96427157397345
42.5134666059933 -6.27784256119876 -6.20459278457993
43.1182151681471 -5.4470973218986 -5.40139323479634
43.6380657538048 -4.58654552952802 -4.56030679236634
44.0690105772956 -3.70057821154423 -3.68723307436377
44.407714106159 -2.79389655648526 -2.78829606561788
44.6515465820053 -1.87145428651386 -1.86980116335964
44.798610469407 -0.938397116637216 -0.938190949390717

31.7121548999143 31.7121548999127 -1.04301612285923e-12
31.013854286034 32.3409482152711 0.938190949388598
30.2500933619302 32.8967293952764 1.86980116335759
29.425412580436 33.376578982482 2.7882960656159
28.5447922716953 33.7782001670807 3.68723307436188
27.6135947662319 34.0999496585293 4.56030679236452
26.637502883962 34.3408617921546 5.40139323479463
25.6224554826027 34.5006655750906 6.20459278457834
24.5745807890441 34.5797944520043 6.96427157397199
23.5001282593763 34.5793886497088 7.67510100209645
22.4053997271448 34.5012900400896 8.33209511124367
21.2966806049163 34.348029541895 8.93064555978758
20.1801719013178 34.1228071629943 9.46655394638957
19.0619238044003 33.8294648647829 9.93606125876725
17.947771562618 33.472452508656 10.3358742404648
16.8432743671198 33.0567872200135 10.663188490681
15.753657903735 32.588006577276 10.9157081351253
14.6837612004047 32.0721161010957 11.0916619299272
13.6379883463257 31.5155315815945 11.1898156856388
12.6202656033008 30.9250168383727 11.2094809241871
11.6340043683411 30.3076175585638 11.1505197080532
10.6820703801249 29.6705919018357 11.0133456078046
9.76675949122765 29.0213385974448 10.7989208011952
8.88978025386787 28.3673232868627 10.5087493241792
8.05224349010678 27.7160038857838 10.1448665211801
7.25465893882269 27.0747557512685 9.70982476861152
6.49693899224145 26.4507974432407 9.20667557179056
5.77840945521119 25.8511178644978 8.63894816082075
5.09782718164715 25.2824055498585 8.01062473557847
4.45340436550888 24.7509808532039 7.32611253344204
3.84283918915898 24.2627317512034 6.5902129156881
3.26335246081304 23.8230539447675 5.80808768939205
2.71172980580894 23.4367958941561 4.98522290106017
2.18436891434009 23.108209371661 4.12739035595506
1.67733129179619 22.8409060574567 3.2406071330288
1.18639790756027 22.6378206401885 2.33109337943736
0.707128094576986 22.5011808148429 1.40522868067745
0.234921015713886 22.4324844971673 0.469507312377996
-0.234921015713549 22.4324844971673 -0.469507312377248
-0.70712809457665 22.5011808148428 -1.4052286806767
-1.18639790755992 22.6378206401884 -2.33109337943663
-1.67733129179583 22.8409060574565 -3.24060713302808
-2.18436891433973 23.1082093716608 -4.12739035595436
-2.71172980580856 23.4367958941559 -4.98522290105949
-3.26335246081264 23.8230539447672 -5.8080876893914
-3.84283918915855 24.262731751203 -6.59021291568748
-4.45340436550843 24.7509808532036 -7.32611253344145
-5.09782718164668 25.2824055498581 -8.01062473557792
-5.77840945521069 25.8511178644974 -8.63894816082024
-6.49693899224093 26.4507974432403 -9.20667557179009
-7.25465893882214 27.0747557512681 -9.7098247686111
-8.05224349010619 27.7160038857834 -10.1448665211798
-8.88978025386726 28.3673232868623 -10.5087493241789
-9.76675949122702 29.0213385974443 -10.7989208011949
-10.6820703801242 29.6705919018352 -11.0133456078044
-11.6340043683404 30.3076175585633 -11.150519708053
-12.6202656033001 30.9250168383723 -11.209480924187
-13.637988346325 31.5155315815941 -11.1898156856388
-14.6837612004039 32.0721161010953 -11.0916619299273
-15.7536579037342 32.5880065772757 -10.9157081351254
-16.843274367119 33.0567872200132 -10.6631884906811
-17.9477715626172 33.4724525086557 -10.335874240465
-19.0619238043995 33.8294648647827 -9.93606125876747
-20.180171901317 34.1228071629941 -9.46655394638983
-21.2966806049155 34.3480295418948 -8.93064555978789
-22.405399727144 34.5012900400895 -8.33209511124402
-23.5001282593756 34.5793886497088 -7.67510100209685
-24.5745807890434 34.5797944520043 -6.96427157397242
-25.622455482602 34.5006655750907 -6.2045927845788
-26.6375028839613 34.3408617921547 -5.40139323479512
-27.6135947662312 34.0999496585295 -4.560306792365
-28.5447922716947 33.7782001670809 -3.68723307436238
-29.4254125804354 33.3765789824823 -2.78829606561642
-30.2500933619297 32.8967293952767 -1.86980116335811
-31.0138542860335 32.3409482152715 -0.938190949389132
-31.7121548999139 31.7121548999132 5.47550322798603e-13
-32.3409482152721 31.0138542860328 0.938190949390223
-32.8967293952773 30.2500933619289 1.86980116335919
-33.3765789824827 29.4254125804345 2.78829606561748
-33.7782001670813 28.5447922716937 3.68723307436342
-34.0999496585298 27.6135947662302 4.56030679236601
-34.3408617921549 26.6375028839603 5.40139323479606
-34.5006655750908 25.622455482601 6.20459278457966
-34.5797944520043 24.5745807890423 6.96427157397324
-34.5793886497088 23.5001282593745 7.67510100209761
-34.5012900400894 22.4053997271429 8.33209511124473
-34.3480295418946 21.2966806049144 8.93064555978854
-34.1228071629939 20.1801719013159 9.46655394639042
-33.8294648647824 19.0619238043984 9.93606125876799
-33.4724525086553 17.9477715626162 10.3358742404655
-33.0567872200127 16.8432743671179 10.6631884906815
-32.5880065772752 15.7536579037331 10.9157081351257
-32.0721161010947 14.6837612004029 11.0916619299275
-31.5155315815936 13.637988346324 11.1898156856389
-30.9250168383717 12.6202656032992 11.2094809241871
-30.3076175585627 11.6340043683394 11.150519708053
-29.6705919018346 10.6820703801233 11.0133456078043
-29.0213385974437 9.76675949122614 10.7989208011947
-28.3673232868616 8.88978025386642 10.5087493241787
-27.7160038857827 8.05224349010539 10.1448665211795
-27.0747557512675 7.25465893882137 9.70982476861073
-26.4507974432397 6.4969389922402 9.20667557178965
-25.8511178644968 5.77840945521001 8.63894816081973
-25.2824055498576 5.09782718164603 8.01062473557736
-24.7509808532031 4.45340436550781 7.32611253344083
-24.2627317512026 3.84283918915797 6.59021291568681
-23.8230539447668 3.26335246081208 5.80808768939069
-23.4367958941555 2.71172980580803 4.98522290105875
-23.1082093716605 2.18436891433922 4.12739035595358
-22.8409060574563 1.67733129179534 3.24060713302728
-22.6378206401882 1.18639790755945 2.33109337943581
-22.5011808148427 0.707128094576183 1.40522868067587
-22.4324844971673 0.234921015713089 0.469507312376407
-22.4324844971673 -0.234921015714346 -0.469507312378837
-22.501180814843 -0.707128094577492 -1.40522868067836
-22.6378206401887 -1.18639790756079 -2.33109337943826
-22.8409060574569 -1.67733129179672 -3.24060713302968
-23.1082093716613 -2.18436891434065 -4.12739035595591
-23.4367958941565 -2.71172980580952 -4.98522290106099
-23.8230539447679 -3.26335246081364 -5.80808768939283
-24.2627317512039 -3.84283918915961 -6.59021291568883
-24.7509808532045 -4.45340436550955 -7.32611253344271
-25.2824055498591 -5.09782718164786 -8.01062473557909
-25.8511178644984 -5.77840945521194 -8.6389481608213
-26.4507974432413 -6.49693899224224 -9.20667557179104
-27.0747557512692 -7.25465893882352 -9.70982476861194
-27.7160038857845 -8.05224349010764 -10.1448665211805
-28.3673232868634 -8.88978025386879 -10.5087493241795
-29.0213385974455 -9.76675949122862 -10.7989208011953
-29.6705919018364 -10.6820703801259 -11.0133456078047
-30.3076175585644 -11.6340043683421 -11.1505197080532
-30.9250168383733 -12.6202656033019 -11.2094809241871
-31.5155315815951 -13.6379883463268 -11.1898156856387
-32.0721161010962 -14.6837612004058 -11.091661929927
-32.5880065772766 -15.7536579037361 -10.915708135125
-33.056787220014 -16.843274367121 -10.6631884906806
-33.4724525086564 -17.9477715626192 -10.3358742404644
-33.8294648647833 -19.0619238044014 -9.9360612587667
-34.1228071629946 -20.180171901319 -9.46655394638894
-34.3480295418952 -21.2966806049175 -8.93064555978689
-34.5012900400897 -22.405399727146 -8.33209511124291
-34.5793886497089 -23.5001282593775 -7.67510100209563
-34.5797944520042 -24.5745807890453 -6.96427157397111
-34.5006655750905 -25.6224554826038 -6.20459278457741
-34.3408617921544 -26.6375028839631 -5.40139323479366
-34.099949658529 -27.6135947662329 -4.56030679236351
-33.7782001670803 -28.5447922716963 -3.68723307436084
-33.3765789824815 -29.4254125804369 -2.78829606561484
-32.8967293952758 -30.2500933619311 -1.8698011633565
-32.3409482152704 -31.0138542860348 -0.938190949387507
-31.712154899912 -31.712154899915 2.17794958066201e-12
-31.0138542860315 -32.3409482152731 0.938190949391848
-30.2500933619275 -32.8967293952782 1.8698011633608
-29.425412580433 -33.3765789824835 2.78829606561906
-28.5447922716921 -33.7782001670819 3.68723307436496
-27.6135947662286 -34.0999496585303 4.5603067923675
-26.6375028839586 -34.3408617921553 5.40139323479749
-25.6224554825991 -34.500665575091 6.20459278458105
-24.5745807890404 -34.5797944520044 6.96427157397455
-23.5001282593726 -34.5793886497087 7.67510100209883
-22.405399727141 -34.5012900400892 8.33209511124585
-21.2966806049125 -34.3480295418943 8.93064555978955
-20.1801719013139 -34.1228071629934 9.46655394639131
-19.0619238043964 -33.8294648647818 9.93606125876876
-17.9477715626142 -33.4724525086546 10.3358742404661
-16.843274367116 -33.0567872200119 10.663188490682
-15.7536579037312 -32.5880065772743 10.9157081351261
-14.683761200401 -32.0721161010938 11.0916619299277
-13.6379883463221 -31.5155315815925 11.189815685639
-12.6202656032974 -30.9250168383706 11.2094809241871
-11.6340043683377 -30.3076175585616 11.1505197080528
-10.6820703801217 -29.6705919018334 11.013345607804
-9.76675949122454 -29.0213385974425 10.7989208011943
-8.88978025386489 -28.3673232868605 10.5087493241781
-8.05224349010393 -27.7160038857816 10.1448665211788
-7.25465893881999 -27.0747557512663 9.70982476860989
-6.49693899223889 -26.4507974432386 9.20667557178869
-5.77840945520876 -25.8511178644958 8.63894816081867
-5.09782718164485 -25.2824055498566 8.01062473557619
-4.4534043655067 -24.7509808532022 7.32611253343957
-3.84283918915691 -24.2627317512018 6.59021291568546
-3.26335246081108 -23.8230539447661 5.80808768938927
-2.71172980580707 -23.4367958941549 4.98522290105725
-2.18436891433831 -23.10820937166 4.12739035595203
-1.67733129179445 -22.8409060574559 3.24060713302568
-1.18639790755859 -22.6378206401879 2.33109337943417
-0.707128094575335 -22.5011808148426 1.40522868067421
-0.234921015712253 -22.4324844971672 0.469507312374739
0.234921015715182 -22.4324844971674 -0.469507312380506
0.707128094578296 -22.5011808148432 -1.40522868067994
1.18639790756161 -22.637820640189 -2.33109337943982
1.67733129179756 -22.8409060574573 -3.2406071330312
2.18436891434152 -23.1082093716618 -4.12739035595739
2.71172980581043 -23.4367958941571 -4.98522290106241
3.2633524608146 -23.8230539447686 -5.80808768939419
3.84283918916061 -24.2627317512047 -6.59021291569011
4.45340436551061 -24.7509808532054 -7.32611253344392
5.09782718164898 -25.28240554986 -8.0106247355802
5.77840945521312 -25.8511178644994 -8.63894816082231
6.49693899224349 -26.4507974432424 -9.20667557179195
7.25465893882483 -27.0747557512703 -9.70982476861274
8.05224349010903 -27.7160038857856 -10.1448665211812
8.88978025387024 -28.3673232868645 -10.50874932418
9.76675949123013 -29.0213385974466 -10.7989208011958
10.6820703801275 -29.6705919018374 -11.013345607805
11.6340043683437 -30.3076175585655 -11.1505197080534
12.6202656033036 -30.9250168383744 -11.2094809241871
13.6379883463286 -31.5155315815961 -11.1898156856386
14.6837612004076 -32.0721161010971 -11.0916619299268
15.753657903738 -32.5880065772774 -10.9157081351246
16.8432743671228 -33.0567872200147 -10.6631884906801
17.9477715626211 -33.4724525086571 -10.3358742404638
19.0619238044033 -33.8294648647839 -9.93606125876596
20.1801719013209 -34.122807162995 -9.46655394638809
21.2966806049194 -34.3480295418955 -8.93064555978592
22.4053997271479 -34.5012900400899 -8.33209511124184
23.5001282593794 -34.579388649709 -7.67510100209447
24.5745807890471 -34.5797944520042 -6.96427157396987
25.6224554826056 -34.5006655750903 -6.20459278457608
26.6375028839648 -34.340861792154 -5.40139323479226
27.6135947662345 -34.0999496585286 -4.56030679236206
28.5447922716978 -33.7782001670797 -3.68723307435934
29.4254125804383 -33.3765789824808 -2.7882960656133
30.2500933619324 -32.8967293952749 -1.86980116335494
31.013854286036 -32.3409482152694 -0.938190949385922
31.7121548999161 -31.7121548999109 3.76851602631984e-12
32.3409482152741 -31.0138542860302 0.938190949393433
32.896729395279 -30.2500933619261 1.86980116336237
33.3765789824842 -29.4254125804316 2.7882960656206
33.7782001670826 -28.5447922716906 3.68723307436646
34.0999496585308 -27.6135947662269 4.56030679236895
34.3408617921556 -26.6375028839569 5.40139323479888
34.5006655750912 -25.6224554825974 6.20459278458238
34.5797944520045 -24.5745807890386 6.96427157397579
34.5793886497086 -23.5001282593707 7.67510100209999
34.501290040089 -22.4053997271391 8.33209511124691
34.348029541894 -21.2966806049106 8.93064555979051
34.122807162993 -20.180171901312 9.46655394639217
33.8294648647813 -19.0619238043945 9.9360612587695
33.472452508654 -17.9477715626123 10.3358742404667
33.0567872200112 -16.8432743671141 10.6631884906825
32.5880065772735 -15.7536579037294 10.9157081351264
32.0721161010929 -14.6837612003992 11.091661929928
31.5155315815916 -13.6379883463204 11.1898156856391
30.9250168383695 -12.6202656032957 11.209480924187
30.3076175585605 -11.634004368336 11.1505197080527
29.6705919018323 -10.6820703801201 11.0133456078037
29.0213385974414 -9.76675949122303 10.7989208011939
28.3673232868593 -8.88978025386345 10.5087493241775
27.7160038857805 -8.05224349010255 10.1448665211781
27.0747557512653 -7.25465893881867 9.7098247686091
26.4507974432375 -6.49693899223764 9.20667557178779
25.8511178644948 -5.77840945520758 8.63894816081766
25.2824055498556 -5.09782718164373 8.01062473557507
24.7509808532013 -4.45340436550564 7.32611253343836
24.262731751201 -3.8428391891559 6.59021291568417
23.8230539447654 -3.26335246081012 5.8080876893879
23.4367958941543 -2.71172980580616 4.98522290105582
23.1082093716595 -2.18436891433743 4.12739035595055
22.8409060574555 -1.67733129179361 3.24060713302416
22.6378206401876 -1.18639790755777 2.33109337943262
22.5011808148424 -0.707128094574533 1.40522868067264
22.4324844971671 -0.234921015711456 0.469507312373149
22.4324844971675 0.234921015715981 -0.469507312382095
22.5011808148434 0.707128094579103 -1.40522868068152
22.6378206401893 1.18639790756243 -2.33109337944137
22.8409060574577 1.6773312917984 -3.24060713303273
23.1082093716623 2.1843689143424 -4.12739035595887
23.4367958941577 2.71172980581134 -4.98522290106384
23.8230539447693 3.26335246081555 -5.80808768939555
24.2627317512054 3.84283918916162 -6.5902129156914
24.7509808532062 4.45340436551167 -7.32611253344512
25.2824055498609 5.0978271816501 -8.01062473558131
25.8511178645004 5.7784094552143 -8.63894816082333
26.4507974432434 6.49693899224474 -9.20667557179286
27.0747557512714 7.25465893882615 -9.70982476861353
27.7160038857867 8.05224349011042 -10.1448665211818
28.3673232868656 8.88978025387169 -10.5087493241806
29.0213385974477 9.76675949123165 -10.7989208011962
29.6705919018385 10.6820703801291 -11.0133456078053
30.3076175585666 11.6340043683454 -11.1505197080535
30.9250168383754 12.6202656033053 -11.2094809241871
31.5155315815971 13.6379883463303 -11.1898156856385
32.0721161010981 14.6837612004094 -11.0916619299265
32.5880065772783 15.7536579037398 -10.9157081351243
33.0567872200155 16.8432743671247 -10.6631884906796
33.4724525086577 17.947771562623 -10.3358742404631
33.8294648647844 19.0619238044052 -9.93606125876522
34.1228071629955 20.1801719013228 -9.46655394638723
34.3480295418958 21.2966806049213 -8.93064555978496
34.5012900400901 22.4053997271497 -8.33209511124078
34.579388649709 23.5001282593812 -7.67510100209331
34.5797944520041 24.5745807890488 -6.96427157396862
34.5006655750901 25.6224554826074 -6.20459278457469
34.3408617921537 26.6375028839666 -5.4013932347908
34.099949658528 27.6135947662362 -4.56030679236053
33.778200167079 28.5447922716994 -3.68723307435776
33.37657898248 29.4254125804399 -2.78829606561168
32.896729395274 30.2500933619338 -1.86980116335329
32.3409482152684 31.0138542860373 -0.938190949384257
