2.4868504257277069 -7.5291631343417779e-05 -4.7061352058035857e-05
2.485067748479135 0.047291190400550687 0.037050883261398847
2.4796083249637491 0.094520639799891587 0.073964397216331662
2.4706289034930111 0.14163261634775909 0.1103354626707357
2.4579330865007734 0.18804580483278621 0.14649685306478266
2.4418764142931018 0.23421472788608619 0.18161992170100186
2.4221863281115699 0.27950199955650096 0.21603400802107697
2.3991965222983711 0.32402092498484958 0.24938920043324506
2.3728855685728751 0.36768249674510506 0.28139402122967938
2.3431978555484978 0.41001600269740596 0.31220869711444316
2.3105403560786222 0.45136967781030751 0.34130070558674641
2.2747843793975817 0.49145293414074653 0.3684619627716777
2.2361496532959499 0.53000762714314797 0.39383770591387313
2.1949093129848376 0.56716956256539797 0.41710159018755311
2.1510931412394831 0.60272603174131711 0.43805023697025669
2.1048363639844156 0.63653154919062904 0.45650070135220133
2.0565316045847903 0.66878183281035197 0.47229721607216307
2.006300259439588 0.69929567723476072 0.48528453062985638
1.9542514722695827 0.72781558102024346 0.49530382952695073
1.9008233433821908 0.75462115847195022 0.50236953795556405
1.8462288489614707 0.77967038943138189 0.50622952375515873
1.7905889557803119 0.80262297636832403 0.50679776658152154
1.7343553094465325 0.82389454762172942 0.50391312617065454
1.6778033260333682 0.84347289066516851 0.4974747611110551
1.6211519506015168 0.86111933500138749 0.48736812151806197
1.564795241844573 0.87722397239029637 0.47367152390650302
1.5091236038808351 0.89181359444457264 0.45605273278083119
1.4544552325692008 0.90501572655737361 0.4346026129842982
1.4011946370094808 0.91702946077992409 0.40927209765255346
1.3497462080567442 0.92799380769809703 0.38001672193407471
1.3006112940453893 0.9383302263667882 0.34683212370321864
1.2542476507762541 0.94834907875390639 0.3097771654232031
1.2111259184234011 0.95861033845412991 0.26906344487464845
1.1716953339661642 0.96945175946655182 0.22489640565682997
1.136189421816477 0.98158360017429502 0.17783323581416569
1.1047175129964655 0.99560580336389037 0.12847908131578378
1.0769483759490133 1.0119049133804796 0.077623906615630428
1.0524749484004972 1.0308243105609689 0.025990504343972699
1.0308862956802947 1.052411030323636 -0.025884136446019671
1.0119497107190671 1.076869113117396 -0.077518626871992319
0.99564084067714909 1.1046310604885794 -0.12837456561174132
0.98161464329535719 1.1360940700272923 -0.17773330103845197
0.96948089752934552 1.1715882874367396 -0.22480587015242881
0.95863792220924093 1.2110087613534277 -0.26898155210378688
0.94837042138749272 1.2541333370798911 -0.30969256400218409
0.93835499213975804 1.300481406707731 -0.34676792471833529
0.92802063703774018 1.3496119795060415 -0.37996034741888496
0.91705447301828347 1.401057356896807 -0.40922040800146553
0.90504397667063563 1.4543164093893484 -0.43455594136565062
0.89184295299119587 1.5089810860881294 -0.45601615685172592
0.8772672552177857 1.5646533971436922 -0.47364400203855767
0.86116986179803656 1.6210119944213499 -0.48734134453485206
0.84352818207043523 1.6776642515437958 -0.49745144316166812
0.82395392845083415 1.7342170469761669 -0.50389471991568291
0.80268634478178003 1.7904517738550336 -0.50678688391410387
0.7797312189965202 1.8460907425800057 -0.50622558174752574
0.75470354276247587 1.9006955079261458 -0.50237208033624925
0.72789343599035194 1.9541235870065004 -0.49532345896558688
0.69939072556234916 2.0061800919571615 -0.48529554025269483
0.66887433228156978 2.0564144872849814 -0.47232597934518811
0.63664392772040357 2.1047293431550083 -0.45651990697074663
0.6028374432236373 2.1509921394342162 -0.43808624923020495
0.5672845658258463 2.1948178293126981 -0.41715161895938041
0.53013151121946434 2.2360684038215801 -0.39389131023288004
0.49154685663587616 2.2747131981071731 -0.3685767323939424
0.45148879919776935 2.3104848919282164 -0.34139915766018231
0.41013764742547404 2.3431462097384976 -0.31230770293946553
0.36781228353921769 2.3728529408157817 -0.28150035662927853
0.32415184000500324 2.3991651108073939 -0.24949503867426442
0.27963281928758521 2.4221632830101161 -0.21614574148268445
0.23436009467795396 2.4418607820046327 -0.18171685848432564
0.18819117565403443 2.4579250163958184 -0.14659721936026696
0.1417766119198412 2.4706316246440672 -0.11044146021278334
0.09466752070442544 2.4796212838196108 -0.074069237557978451
0.047433211740102357 2.4850804048361503 -0.037161918352804892
6.7044889182937828e-05 2.4868709984797146 -6.396687618781538e-05
-0.047295588453148123 2.4850950999035279 0.037039193929776677
-0.094522839300872907 2.4796337191371562 0.073955220105367703
-0.14163743182569191 2.4706563852777612 0.11032353119247176
-0.1880530491354698 2.4579599853287832 0.14648153783129181
-0.23422002751978283 2.4419042588898705 0.18160775916702815
-0.27949837100663161 2.4222160270438695 0.21603458319868535
-0.32401695550233256 2.3992204720046129 0.24938626736023597
-0.36768620134043761 2.3729158338987633 0.28138576177296437
-0.41001208752016188 2.3432240032470744 0.31220692708512776
-0.45136401530262099 2.3105665871838235 0.34130161061724135
-0.49143966754164697 2.2748030519667712 0.36846411228152331
-0.53000822091417743 2.2361689919897354 0.39381979909764514
-0.56715621005450234 2.1949269681834829 0.41710308846293626
-0.60272054832107735 2.1511112084140582 0.43803920839025612
-0.63652886318756441 2.104852905504365 0.45648085095934621
-0.66877582263334101 2.0565508770685899 0.47229271052630134
-0.69929165757671696 2.0063170206587766 0.48526535431269674
-0.72781639269674203 1.9542737283071741 0.4953001687875716
-0.75463258468626104 1.9008499147050024 0.50235850090960288
-0.77966840183102659 1.8462495706202251 0.50622197491648413
-0.80263083941350544 1.790613603659021 0.50679398448974033
-0.82390333345666766 1.7343804151684885 0.5039088091495143
-0.84347719031029422 1.6778265296573729 0.49747263013941984
-0.8611287150518222 1.6211765683554509 0.48736710634830555
-0.8772302410172903 1.5648178563968043 0.47367509402644742
-0.89182904817493092 1.5091445528883578 0.45606995192940958
-0.90502950224092638 1.4544759244533472 0.43461945470994018
-0.917042635398989 1.4012141153300859 0.40929095754029049
-0.92800171696485079 1.3497668032256507 0.38003164514341614
-0.93833817125179808 1.3006260166736827 0.34685486006432764
-0.94835732134523631 1.2542645595587414 0.30979724709397061
-0.95861610034636191 1.2111372930533266 0.2690879749125778
-0.96945979379068459 1.171706171222336 0.22492197331506616
-0.98158806938331078 1.1362025099500555 0.17785591287688138
-0.99561010685625573 1.1047297375607401 0.12850227773327644
-1.0119098514742579 1.0769583699894878 0.077648524458946031
-1.0308345720972851 1.0524850003449426 0.026017110255392439
-1.0524221061359753 1.030891701356659 -0.025855257787787741
-1.0768799590131914 1.0119511623107351 -0.077488294320734452
-1.104640523499929 0.99563558784890416 -0.12834267698222376
-1.1361019727009509 0.98160738382447499 -0.17770168856776836
-1.1715915038726203 0.96947361312597169 -0.22477702546608677
-1.2110132852127986 0.95862812264146646 -0.26895092325192577
-1.2541346237100288 0.94835943324898975 -0.30966363015223441
-1.3004882139736917 0.93834204109584374 -0.34673155803598205
-1.3496116466982342 0.92801322843132672 -0.37993519108756962
-1.4010579978659836 0.91704606288512436 -0.40919316410148232
-1.4543134112288003 0.90503880874464937 -0.43453820248754477
-1.5089792141447493 0.89184578601584208 -0.45600046929019122
-1.5646496813962101 0.87725935435595914 -0.47362580480178829
-1.6210055904104592 0.86115666800064883 -0.48732798582512349
-1.6776585235646135 0.84351823689453642 -0.49743982976397577
-1.734209760899543 0.82394150665942412 -0.50388891053053353
-1.790442758930995 0.8026697528788268 -0.50678394221324152
-1.8460868319835102 0.77972727619704396 -0.50623300240651481
-1.9006858603917587 0.75468734301376506 -0.50237656319531421
-1.9541172390743133 0.72788617774695763 -0.49531937252203895
-2.0061757703519647 0.69938133103390698 -0.48530821460226781
-2.0564076404786742 0.66886370273515139 -0.47233197452062514
-2.1047220811345859 0.63663114946762756 -0.45652906873115007
-2.1509820855597392 0.60282467456110078 -0.43808845499335314
-2.1948054346926806 0.56726915605565587 -0.41715347084498267
-2.2360559238715063 0.53012039579632853 -0.39388624701486935
-2.2747014030506465 0.49156277884236182 -0.36853135460820052
-2.3104625542397059 0.45148399525875671 -0.3413704346748202
-2.3431256028202498 0.41013261316643357 -0.31228138812025774
-2.3728258142331198 0.36780774754677642 -0.28146700711768119
-2.3991421951397665 0.32414394671729968 -0.2494697360796829
-2.4221341430043402 0.27962039860245275 -0.21612219119053239
-2.4418292611955619 0.23434000799848592 -0.18170198728999687
-2.4578933154698981 0.18817097669430766 -0.14658249393082479
-2.470595325347404 0.14175641495300806 -0.11042509373944837
-2.4795855232566275 0.094644620018791981 -0.074056514058332135
-2.4850486472829374 0.047410049329490667 -0.037150159309151332
-2.4868385356389959 4.4445251118234441e-05 -5.1461868639156305e-05
-2.4850661585944169 -0.047317703355033575 0.037052515559131
-2.4796075130735913 -0.094548171759040234 0.073964837444094156
-2.4706278736367611 -0.14166251210498737 0.11033287029989762
-2.45792969415389 -0.18807685615486414 0.14649193794984855
-2.4418756577487253 -0.23424651847511607 0.18161536060457317
-2.4221883264243451 -0.27952669025003812 0.21604036048857994
-2.399197536270345 -0.32404946351503244 0.24938973802946807
-2.3728913390825501 -0.3677169222722706 0.28139048764478675
-2.3432005416855994 -0.41004151644778475 0.31221440928689359
-2.3105419237436808 -0.4513920080903403 0.34130980349161077
-2.2747837888117526 -0.49147400874175223 0.36847006560106377
-2.2361479126176564 -0.53003562722158248 0.39383353153943151
-2.194907339320959 -0.56718872240263518 0.41711116279684979
-2.1510929800294107 -0.60275296427119873 0.43805043603749655
-2.1048371503799883 -0.63655968517840211 0.45650124104070028
-2.0565312174408179 -0.66880410977755722 0.47230614641809987
-2.0063028942627783 -0.6993252688139816 0.48528830299582987
-1.954248653653534 -0.72783250082414186 0.49531510544184754
-1.900825325848114 -0.75464790298990614 0.50238030227981789
-1.8462220320540341 -0.77967644505885436 0.50624605353790231
-1.7905810434082516 -0.80262690614981358 0.50680324186726589
-1.7343552547771595 -0.82392000068942917 0.50392352126573037
-1.6777992919617626 -0.84348888943590539 0.49749070994029931
-1.621146385013027 -0.86113333412574 0.48738890853828415
-1.5647890575942009 -0.87723739323468308 0.47369417670816144
-1.509114403464048 -0.8918246485171305 0.45608256208023079
-1.4544457560123392 -0.90502019548385992 0.43462909430632829
-1.4011831598343887 -0.91702858452717551 0.40929961197018627
-1.3497325629161785 -0.92799108168385191 0.38004735588068461
-1.3006005945707464 -0.93832082028834263 0.34685650361405973
-1.2542382843043709 -0.94833800140307323 0.30979942571043828
-1.2111050144834392 -0.95860579681097247 0.26909920391535197
-1.1716831048475735 -0.96944394490640451 0.22492361857685095
-1.1361890037469247 -0.98157856784670716 0.17785196907491188
-1.1047240820415254 -0.99559719472363029 0.12849244197579313
-1.0769656450955616 -1.0118980876963271 0.077631997423214638
-1.0524509844883223 -1.0308010005762576 0.026011708899304358
-1.0308576832363039 -1.0523874288684136 -0.025861118362215274
-1.0119344050350061 -1.0768721100598366 -0.077488110388384518
-0.99561900046091723 -1.1046229847347613 -0.12834788985225981
-0.98160181665425728 -1.1360833034376527 -0.17771079061157236
-0.96946284081134593 -1.1715727534869296 -0.22478491099696615
-0.95862918885988602 -1.2109840158763616 -0.26897109815700787
-0.94835647319321226 -1.2541040590807868 -0.30968370401027351
-0.93834052372722887 -1.300458775828796 -0.34675061303952742
-0.92801648276748039 -1.3495802840395341 -0.37995782105372877
-0.91704800513485663 -1.401027634412074 -0.40921354513541996
-0.90504742228646273 -1.4542833096124552 -0.43456092041324412
-0.89185386028333513 -1.5089483557492152 -0.45602478320659545
-0.8772657923209124 -1.5646190061506509 -0.47364836591303916
-0.86116183006989422 -1.6209731487737582 -0.48735631114595207
-0.84352694611877221 -1.6776269268515249 -0.49746950775594778
-0.8239562761797371 -1.7341802693399551 -0.50391893372086982
-0.80267406121832652 -1.7904094395978005 -0.50681183693452125
-0.77972949501478128 -1.8460526537826345 -0.50625316258043818
-0.75469223153400899 -1.9006535962971003 -0.50240582325146521
-0.72790750206204025 -1.9540932815483729 -0.49534981038870146
-0.69939340723579035 -2.0061478911722839 -0.48534427139976005
-0.66888513162324781 -2.056383300485972 -0.47235971572728164
-0.63664111446729332 -2.1046962549007757 -0.45657560638292405
-0.60283949007771365 -2.1509578097376756 -0.4381300883609654
-0.56729211779902067 -2.1947815907892716 -0.41718201320621562
-0.53013848372904859 -2.2360290538501966 -0.39391756976711323
-0.49159326495670858 -2.2746729403504715 -0.36854138212155929
-0.45151027403300692 -2.3104334711282348 -0.34138578447571688
-0.41016367071620163 -2.3431019243071978 -0.31229609266804037
-0.36783802624124123 -2.3727949472824812 -0.28147581265999094
-0.3241821833847271 -2.3991152306088099 -0.24947068114046758
-0.27965674561891163 -2.4221101307089943 -0.21612769515208757
-0.23437549745029476 -2.4418063263534462 -0.18170919522287432
-0.18820835048200807 -2.457869533656293 -0.14658681006941099
-0.14179293723961142 -2.4705777147917658 -0.11043265392460525
-0.094679058220974915 -2.4795658460223864 -0.074066259802883005
-0.047450230995062175 -2.4850363963870885 -0.0371536383767807
-8.7388829788648259e-05 -2.4868226006794716 -5.1238863734544282e-05
0.047279588588137994 -2.4850442070055738 0.037046329228653183
0.094515183558331189 -2.4795915732565748 0.073952985264486598
0.1416246414935543 -2.4706094184054752 0.11032666004184583
0.18803738647415574 -2.4579197509210085 0.146490799717341
0.23421091747474704 -2.4418680548405427 0.18161014670558137
0.27949482232451989 -2.4221766803072757 0.21602784953779169
0.32401478077877893 -2.3991858588435671 0.24938096305259255
0.3676820635717884 -2.3728805688506496 0.28138244447475952
0.41001166815441764 -2.3431913184334969 0.31220103896860552
0.45136129902263994 -2.3105352519786226 0.34130041275042683
0.49144571047929603 -2.2747818478996504 0.36846335621892307
0.53001028263984429 -2.2361462702954809 0.39382278584070912
0.56715896589028658 -2.1949061631450113 0.41710843173226103
0.60272274743505394 -2.1510923881825912 0.43804962502701827
0.63652738557874966 -2.1048348013779861 0.45649968951820241
0.66877357147695082 -2.0565289658805472 0.47230134618684133
0.69929147552229221 -2.0062990716682285 0.48528473313005677
0.72780428312365353 -1.9542482582664893 0.49531371593994322
0.75461317012285445 -1.900821658892194 0.50237827156861925
0.77966150257812361 -1.8462272961605037 0.50624689264562128
0.80260821280612937 -1.7905850535356145 0.50680742873558537
0.82388470291878968 -1.7343527050531991 0.50393189293957918
0.84345995667535922 -1.6777980686819203 0.49750802007764838
0.86110586615691176 -1.6211496309562383 0.48738449746195223
0.87721673032539471 -1.5647968135406576 0.47367921459193502
0.89180738707525631 -1.509124706824563 0.45606222881442987
0.90500624832730825 -1.4544561849338642 0.43461047994839208
0.91701446339439729 -1.4011964386365594 0.40927530392965938
0.92798090594303162 -1.3497446565934543 0.38002661137951982
0.93830993546763264 -1.3006168041370092 0.3468302047943701
0.94832885147093904 -1.2542554539455664 0.30977239476704449
0.95859508376093727 -1.211119019145783 0.26907501727304689
0.96943745792842262 -1.1716873840312514 0.22490915004412745
0.98157285918715464 -1.1362044627655579 0.17782936910554406
0.99559160311094608 -1.104725565351991 0.12847863282108532
1.0118903556379302 -1.0769484584678897 0.077627696225093051
1.0308176023054929 -1.0524766722756476 0.025996173365256964
1.0524047307026931 -1.0308862622800374 -0.025877566014708059
1.076867717986661 -1.0119535853913928 -0.077511436620050694
1.1046337761698926 -0.99564678518136507 -0.12836573981200339
1.1361045496914421 -0.98162627650604151 -0.17772124258866784
1.1715853158060372 -0.96948753653298225 -0.22480227545172779
1.2110055180128514 -0.95864298391911684 -0.26897781268734344
1.2541334335358516 -0.94838076543290439 -0.30968588397109387
1.3004883313014657 -0.93836782921741857 -0.34675338071635475
1.3496191283973713 -0.92803473010942905 -0.37994541451934305
1.4010661771558692 -0.91707270432191412 -0.40920408704819977
1.4543198981981809 -0.90505726061124359 -0.43454896552181438
1.5089849913020157 -0.89185887137445607 -0.45600974069373185
1.5646517625748351 -0.87727378746343243 -0.47364880040540319
1.6209987580228042 -0.86115159015177023 -0.48736468941438255
1.6776454626993207 -0.84350593246020966 -0.49749822755401196
1.7342038939272943 -0.82394521210687299 -0.50393387718841109
1.7904384902439667 -0.80267642480125256 -0.50682123443285154
1.8460799729522261 -0.7797275838246388 -0.50625713446443599
1.9006811023339178 -0.75469212529177321 -0.50240158168044247
1.9541147801121843 -0.72789427258040029 -0.49534893505450101
2.0061687727707231 -0.69938596608648895 -0.48532371624957865
2.0564062890209791 -0.66887724929641346 -0.47234826319255779
2.1047171527014825 -0.63663962312673406 -0.45654459949824688
2.1509782119458185 -0.60283736477873973 -0.43809885201039017
2.194800609840958 -0.56727834688331269 -0.41716757371105972
2.2360498807574345 -0.53013058475601393 -0.3938968871961005
2.2746920496881282 -0.49156719139779659 -0.36854570918585028
2.3104608237939463 -0.45149499091531842 -0.34138512983011421
2.3431263589714799 -0.41014843688179259 -0.31229194854127962
2.3728263932946199 -0.36782571502920164 -0.28147440535183099
2.3991403701107128 -0.32415883789519934 -0.24947941297653012
2.4221390421657443 -0.2796411579236745 -0.21612867074889955
2.44183703541839 -0.23436471733170028 -0.18170496517609661
2.457901670676069 -0.18820019175271718 -0.14657965673584708
2.4706070824365676 -0.1417844264247107 -0.11042505032734193
2.4795899004915203 -0.094667977017727625 -0.074060533837995254
2.4850610515773854 -0.047440316829169653 -0.0371465247441716

1.758478552685967 1.7584743063405379 -1.236938388961343e-05
1.7237226950502378 1.790705924957509 0.037084693635151877
1.6864614866811458 1.8202430216360652 0.073992876664676965
1.6467963926890947 1.8472000371208859 0.1103665108798607
1.604997384767654 1.8710419709363018 0.14652502959720431
1.5609942819552654 1.8923357750811849 0.18164393975962709
1.5150552651054763 1.9104227380159968 0.21607431554893333
1.4673125957231281 1.9256504872909583 0.24941808765015111
1.4178357237829253 1.9379207500925468 0.28142445759441909
1.3669118854892104 1.9468477533667812 0.31224841012258309
1.3145785659961338 1.9529902563464132 0.34134307534249297
1.2609541239958029 1.9560413932505392 0.36850954540353831
1.2063613326719302 1.9559908970804167 0.39386065092728567
1.1509289531484352 1.9530936286223231 0.41713870413528248
1.0947995897719354 1.9472512435634965 0.43807526724589646
1.0381849804070002 1.9384452850236125 0.4565194175446296
0.98122865618448374 1.9270802340421651 0.47232415569128766
0.92412946343148028 1.913142275592286 0.48530069799412601
0.86716288070345371 1.896492415758819 0.49532343362497222
0.81042560810486131 1.8776727704124421 0.50237654236467999
0.75411441011218561 1.8567671961596035 0.50624384301940295
0.69854074435449764 1.8336539788559023 0.50678305404664403
0.64373369655966239 1.8089392854164434 0.50388349137980215
0.58990263049929859 1.7827983280084985 0.4974202925438202
0.53736803614065132 1.7552111967102995 0.4873200178329179
0.48613244164026825 1.7267422835131134 0.47362736274945588
0.43644965204984731 1.6976936925845778 0.4560081097642521
0.38846145932529125 1.6683706744309197 0.43455238952319836
0.34230415584381896 1.6392029824349283 0.40922537311597912
0.29817708603913018 1.6105738305501798 0.37996401056254697
0.25612301653942271 1.5831402799035985 0.34677892909825359
0.2162657513410158 1.5574449547479561 0.3097086897987707
0.17850729034856241 1.5342152221867063 0.26899963886942213
0.14296495478992513 1.5140064793947972 0.22482495082888282
0.10928345130121669 1.4974824702943696 0.1777566377017421
0.077119011395606382 1.4851450726572155 0.12839882635895783
0.045946481293593036 1.4770516817861881 0.077548169626804872
0.015259376577276917 1.4731474593530256 0.025915037851262313
-0.015286161033624327 1.4731368670654075 -0.025950403297307537
-0.045985725454748348 1.4770812383960636 -0.077573141888601566
-0.077143833003249299 1.485173809694003 -0.12843311229220206
-0.1093056686168391 1.4975072415730668 -0.17779347165538426
-0.14299284984499361 1.5140338329521026 -0.22485643847793654
-0.17853231177636975 1.5342428406665323 -0.26903331725516216
-0.21628409381796182 1.5574720198665186 -0.30974732472157362
-0.25615354621656966 1.5831661292492865 -0.34680529922279013
-0.29820179315184425 1.6105997300978097 -0.37999687204447935
-0.34233450763108059 1.639221908404169 -0.40925654373375886
-0.38849020048942318 1.6683877843765051 -0.43458852657152086
-0.43647762669585261 1.697708682512008 -0.45604885798278177
-0.48616116845951629 1.7267576202778834 -0.47366535334338028
-0.53739832622172001 1.755221626352391 -0.48736235988907095
-0.58993485175828952 1.7828033429984624 -0.4974670766237802
-0.64376522978665696 1.8089515252699151 -0.50390708726198408
-0.6985714637174949 1.8336693663507757 -0.50679728673807833
-0.75414433237583278 1.8567842774637844 -0.5062377584106359
-0.81045780147552171 1.8776832746790462 -0.50236860072332645
-0.86719478770571989 1.8965035982529519 -0.49531449395418342
-0.92416244656033475 1.9131462065845191 -0.48528579297876179
-0.98126170051096884 1.927085054508002 -0.47231045245668218
-1.0382191171216357 1.9384416250525645 -0.45650352387739213
-1.0948336018033396 1.947245670415972 -0.43805801153954921
-1.1509640018559082 1.9530826464494584 -0.41712269776017785
-1.2063940903988402 1.9559824526409562 -0.3938394587938801
-1.2609915202424193 1.9560301553068988 -0.36849833915400804
-1.3146149578148487 1.9529762672732236 -0.34133026494923807
-1.3669449495989756 1.9468345308417518 -0.31222927991529437
-1.417879050644522 1.9378981999047116 -0.28142509834041873
-1.4673534719242673 1.92561999911557 -0.24941782513661664
-1.515093079993844 1.9104042223608151 -0.21606420577103697
-1.5610410845966716 1.8923092613353369 -0.18165002935589672
-1.6050410177491572 1.8710153999864232 -0.14652716522128478
-1.6468366603956437 1.8471765298606677 -0.11036271566294585
-1.6865033137325682 1.8202172468797035 -0.073992458835649894
-1.7237611238526656 1.7906811126800446 -0.037080062748294167
-1.7585107698958735 1.7584477334936965 2.1278619256310871e-05
-1.7907408482877032 1.7236915135809587 0.037119330630347828
-1.8202769489267929 1.6864296975507025 0.074027688499563718
-1.8472284307122668 1.646762444854253 0.11040298199605135
-1.8710670770012783 1.6049679419516585 0.14656893039616567
-1.8923611314516648 1.5609656944036285 0.18168866727948157
-1.9104456056133401 1.5150113159225047 0.2160998023220122
-1.9256672010388607 1.467271036185289 0.24944980515537565
-1.9379392196668777 1.4177948016243902 0.28145648689780878
-1.9468675276424103 1.3668653529051251 0.31227069926255852
-1.9530082009715002 1.314530322037563 0.34136273826551777
-1.9560551709523257 1.2609054946841802 0.36852881005228993
-1.9560022765521712 1.2063117964925412 0.39387795768320361
-1.9531011726627647 1.1508781722215686 0.41715244204098439
-1.947259607478347 1.0947465077443057 0.43808314699075035
-1.938450789597655 1.0381323859059313 0.45652730098387251
-1.9270899625242248 0.98117389177874137 0.47232730021561675
-1.9131423253191462 0.92407665513126658 0.48530188690206677
-1.8964880724522 0.86711276085609756 0.49533250916643867
-1.8776712081855784 0.81037395330452855 0.50238077868396025
-1.8567616549369172 0.754063869520881 0.50624119500700693
-1.83364386991904 0.69849217511230188 0.50680090185491411
-1.8089195016630271 0.64368880305431941 0.50391286638800259
-1.7827686917107446 0.58986038175796596 0.49746781497556519
-1.755181752736177 0.53732699465763256 0.48736104628271831
-1.7267192316223956 0.48608920775556963 0.47366330738545365
-1.6976662196776637 0.43641096139479973 0.45603891601791541
-1.668342430240416 0.38842282091303132 0.43458413305901972
-1.6391743173210689 0.34226873520623163 0.40925239914545736
-1.610546848593565 0.29813628546507737 0.37999750417433181
-1.5831129566561792 0.25609064864635595 0.34680335981177235
-1.5574157179651416 0.21622756899769346 0.30974069975813578
-1.5341813427946125 0.17847473027236874 0.26903041929382021
-1.5139702660972234 0.1429314250008899 0.22485757928118444
-1.4974496427336619 0.10925795921559966 0.1777831709406614
-1.4851128907338813 0.077089644032622695 0.12842775502373674
-1.4770037781111773 0.045928513032128339 0.07757228664081503
-1.473084816349332 0.015244966292323475 0.025937964339963301
-1.4730807191227115 -0.015282518501516035 -0.025938105490410583
-1.477012186343313 -0.045963366657048234 -0.077572984464123904
-1.4851229919446511 -0.077119764607902069 -0.12843109753270662
-1.4974583173526423 -0.10928801246765094 -0.17778692576375948
-1.5139741798874855 -0.14296240326063436 -0.22486227520602692
-1.5341855795250665 -0.17850517325498377 -0.26903539815981037
-1.5574221818520166 -0.21626524346102741 -0.30973763005263066
-1.5831191189419609 -0.25613373324253325 -0.34679467948197146
-1.6105560480839611 -0.29817100952641024 -0.37999686378643277
-1.6391816446618548 -0.34230081855401745 -0.40925757364484022
-1.6683530726919538 -0.38845021931638457 -0.43459415902479892
-1.6976719222822427 -0.43644157910115483 -0.45604849216246213
-1.7267198208058654 -0.48612760114102443 -0.4736590613481988
-1.7551836846889002 -0.53736437783133362 -0.48735778876744679
-1.7827646644116555 -0.58990054254313906 -0.49746623093807274
-1.8089118076583421 -0.64373132707817049 -0.5039062748518629
-1.8336339663212167 -0.69853603364124583 -0.50678869606890431
-1.856757953384139 -0.75410505520724558 -0.50623178092388621
-1.8776522418820529 -0.81042073481901178 -0.50236919397909818
-1.8964764309356916 -0.86715636780426419 -0.49531516567652528
-1.9131186212296249 -0.92412376093137194 -0.4852839808973185
-1.9270603183602195 -0.98122309569086696 -0.47231239955667143
-1.9384183783273643 -1.0381806884790732 -0.45650707224928067
-1.9472238234020001 -1.0947973119084813 -0.43806894088658821
-1.9530671163798252 -1.150925373898706 -0.41712909145826921
-1.9559661579867211 -1.2063555112526299 -0.39384590670050112
-1.9560116010142052 -1.2609506379843638 -0.36849982144560517
-1.9529615024277664 -1.3145792501552884 -0.34134147697463457
-1.9468156727275423 -1.3669113701410003 -0.31224526997581492
-1.9378917407599912 -1.4178377688683017 -0.28142468842407153
-1.925614982415728 -1.4673200918825879 -0.24942919523217094
-1.9104008609050505 -1.5150628053764765 -0.21607926598831634
-1.8923004021582353 -1.5610032258078996 -0.1816578847782922
-1.871011595579902 -1.6050053768136991 -0.14653467506882309
-1.8471724520142141 -1.6468008445667746 -0.11037028788588904
-1.8202135843332825 -1.6864677897224014 -0.073999980428915133
-1.7906719297770253 -1.7237255444539021 -0.037091974524082368
-1.7584417581543459 -1.7584813565226214 6.4017804285889937e-06
-1.7236857448782326 -1.7907098003239177 0.037106064305503492
-1.6864271584741473 -1.8202474462124689 0.074016462048716272
-1.6467578783508576 -1.8472032755698773 0.11038636589418722
-1.6049591631091162 -1.8710443710118152 0.14654577794731491
-1.5609564602388295 -1.8923330920082462 0.18166824820849553
-1.5150131040155794 -1.9104290564219941 0.21608810834169448
-1.4672716863933346 -1.925649173719453 0.24943715688196472
-1.4177852124683408 -1.9379230393637981 0.28142725427940712
-1.3668603074561136 -1.9468515572461818 0.31224905361495159
-1.3145234762395166 -1.9529976116862169 0.34133658408552608
-1.2608924730560818 -1.956049338019326 0.36849007648609217
-1.2063074588359526 -1.9559936683389123 0.3938579122066711
-1.1508701139392565 -1.9530926019265715 0.41712364110665417
-1.0947375370347359 -1.9472549760236644 0.43805298748442961
-1.0381259998161312 -1.9384391882659793 0.45650178289622512
-0.98116556412807165 -1.9270825033867585 0.47229769009395683
-0.92406930747780069 -1.9131324484466228 0.48527415363722987
-0.86710446822857112 -1.896481140612148 0.49530405114222426
-0.81037121830392511 -1.8776496816052133 0.50235813190509593
-0.75405697965474117 -1.8567510547181882 0.50621721020045218
-0.69848637621912657 -1.8336308548821711 0.50677821946392221
-0.64368823998619573 -1.8088927221396651 0.50390715354991023
-0.58985620348199086 -1.7827463306577411 0.49747514982445096
-0.53732500100095204 -1.7551576290790591 0.48736212793302902
-0.48608944255258663 -1.7266915767257516 0.47366339151049053
-0.43640925167695405 -1.6976376553704273 0.45604632825018904
-0.38841964992397976 -1.6683181073856659 0.43458901725296711
-0.34226833087700881 -1.6391494222340577 0.40925274245157556
-0.29813973386859971 -1.610524212413482 0.37998982642345658
-0.25610356440158977 -1.5830848545322811 0.34678790428517542
-0.21623762523011411 -1.5573876673463771 0.30972828434135896
-0.17848306137420794 -1.5341536510888973 0.26901921714622851
-0.14293880916457141 -1.5139394042529388 0.2248485897408613
-0.10926500721767395 -1.4974258669012923 0.177772371262016
-0.077100597976922924 -1.4850932371487013 0.12841347758829155
-0.045942877911801704 -1.4769849403282962 0.077555774448188591
-0.015255829821047284 -1.4730654223188044 0.025923590098216303
0.015267644072048357 -1.4730587291389032 -0.025954839546195204
0.045947351819828557 -1.4769919214631018 -0.07759020559354797
0.077100667812322166 -1.4851064785642645 -0.12844960817945253
0.10926850226158667 -1.4974413787702068 -0.17780588593711516
0.14293842663026063 -1.5139546004716773 -0.22488489622099364
0.17848293476287741 -1.534169254099252 -0.26905513151580063
0.21624152286289011 -1.5574083423351646 -0.30975700980213688
0.25611907091322933 -1.5831031420592205 -0.34680579378089715
0.29815353939383815 -1.6105418351669429 -0.38001012780523202
0.34228771979420114 -1.6391677054798104 -0.40926397601175729
0.38843700963708061 -1.6683405795461264 -0.43460000726557313
0.4364196408599908 -1.6976708665647626 -0.45605823016501029
0.48610252480920213 -1.7267204540075245 -0.47367587138936046
0.53733773417397035 -1.755185902330487 -0.48737716836418832
0.58986956985260819 -1.7827727527509221 -0.4974920027836538
0.64369875094584017 -1.8089251406216293 -0.50392435164540617
0.69850114053843415 -1.8336524058428791 -0.50680658108810106
0.75407120792398397 -1.8567738682181008 -0.50624575955456397
0.81038565294420073 -1.8776714283701492 -0.50238300301079952
0.86711929217273886 -1.8964985803941912 -0.49532071028634467
0.92408886889416109 -1.913137750727536 -0.48529690166360068
0.98118420056648881 -1.9270864004185166 -0.47231511499319323
1.0381448120100201 -1.9384427766937729 -0.45651956780288744
1.0947580712121185 -1.9472485450642769 -0.43807128076315344
1.1508843083086255 -1.9530984407437462 -0.41712833706581204
1.2063213456440398 -1.9559866599653777 -0.39386056956937965
1.2609024810675777 -1.9560469390874278 -0.3684843998825228
1.3145378619627484 -1.9529871562735592 -0.34134056571021171
1.3668684651135716 -1.9468558214079261 -0.31223868539790534
1.4177885337113394 -1.9379212089850462 -0.28141065405710597
1.4672916659938131 -1.9256519912279304 -0.24944431102648054
1.5150302961294688 -1.9104355875300461 -0.21608957797485226
1.5609742428459992 -1.8923398111406053 -0.18167028260233448
1.6049764828228346 -1.871056560189498 -0.14654401895557342
1.6467741050475562 -1.8472201696173767 -0.1103802224957134
1.686439240251252 -1.8202632606353388 -0.074006599094086106
1.7236986807113701 -1.7907304973523719 -0.037093159866327163
1.7584534184954492 -1.7585010576566373 6.8217586068272662e-06
1.7906828083828479 -1.7237468259899762 0.037107324589908744
1.8202174707920507 -1.6864896500661637 0.074021547011245081
1.8471827547198987 -1.6468106577642618 0.11037382526910097
1.8710218008480428 -1.6050200551073437 0.14654404367593443
1.8922995694679043 -1.5610241339791815 0.18168154583268931
1.9104099068248217 -1.5150624806044382 0.21606948548821703
1.9256229737527586 -1.4673313973398288 0.24943653885983744
1.9378975028669743 -1.4178250476664225 0.28139541320957728
1.9468439360258762 -1.3668912560135402 0.31219742884597951
1.9529789592684259 -1.3145629428961845 0.34130253726275783
1.9560451127867724 -1.2609272204573343 0.36844515562907326
1.9559758059287018 -1.2063500843834787 0.39382990262813494
1.9530831808661935 -1.1509119531882488 0.41709487160328407
1.9472364945743563 -1.0947863081609139 0.43804026116875411
1.9384287093775729 -1.0381749513162866 0.45649348224524433
1.927072971106085 -0.98121573941254303 0.47229460082652008
1.9131218321041612 -0.9241210539506306 0.48527645143341941
1.896484271087731 -0.86715141732010181 0.4953028059778794
1.877664363323523 -0.81041498144010138 0.50236156463078963
1.8567631755780092 -0.75410188346676399 0.50622462996698381
1.8336430778810568 -0.69853123993968125 0.50678702518359919
1.8089208686573033 -0.64372693674502635 0.50389868007140015
1.7827717634882805 -0.58989714041440566 0.49745787807906833
1.7551862921382659 -0.5373631015356789 0.48735059627986493
1.7267218888922371 -0.48612602225224777 0.47365412155014192
1.6976704159491049 -0.43644508343320615 0.45603428152238978
1.6683467387439759 -0.38845886658497164 0.43457504310544853
1.6391784117479145 -0.34230357594438166 0.40924475490454143
1.6105512709084329 -0.29817419766320186 0.37998490621142411
1.583113874406185 -0.25613461487179795 0.34678519234214128
1.5574176822770809 -0.21626993472550568 0.30972352815164561
1.5341795267419716 -0.17851082573016638 0.26902042841972273
1.5139675361939164 -0.14296271452159773 0.22485187407095458
1.4974494970423455 -0.10928354144391511 0.17778040999297767
1.4851142559429475 -0.077117471496261275 0.12842303253336848
1.4770098610305797 -0.045955535944187977 0.077567304038617724
1.4731004374976204 -0.015270009248942328 0.025933609599538901
1.4731039807270818 0.015262570476047144 -0.025939461723198248
1.4770216577235222 0.04594860132524152 -0.077572242719205417
1.485129923249308 0.077109959468985328 -0.12842772181902096
1.4974665120013917 0.10927627952858746 -0.17778442045262438
1.5139927359799024 0.14295783464782424 -0.22485102523885789
1.5342042084703422 0.17850165021300557 -0.2690232735459957
1.5574328366849912 0.21624375883706076 -0.30974649440468444
1.5831269111642876 0.25611286214888562 -0.34680486867332011
1.6105607350951858 0.29816180626540495 -0.37999531998721531
1.6391880386014062 0.34229256839642802 -0.40925292230471738
1.6683545425280761 0.38844700085083872 -0.4345862790436697
1.6976812827776118 0.43643228145307589 -0.45604342511512336
1.7267310784816863 0.48611262712168624 -0.47366743894332219
1.7551944017007464 0.53734833614113908 -0.48737128213684172
1.7827829938278046 0.58988015749433587 -0.49748140261283019
1.8089309743445228 0.64371084032931991 -0.50391933354681062
1.8336645070788908 0.69851054879422125 -0.50679893707003065
1.8567806859611304 0.75408288437133475 -0.5062336828050108
1.8776794279372102 0.8103970991760554 -0.50237528908000884
1.8965032846371801 0.86713249531377945 -0.49531797061057647
1.9131418590172669 0.92410151762467885 -0.48529026004483744
1.9270900072028612 0.98119848350676508 -0.47231506817091862
1.9384422953362535 1.0381590543631267 -0.45651642472880666
1.9472516439200254 1.0947713815528652 -0.43806695432980913
1.9530909457973504 1.1509027516213559 -0.41713483273865948
1.9559841116348082 1.2063382412781245 -0.3938638890034985
1.9560354766025247 1.2609294625969079 -0.36850940454344683
1.9529872071856511 1.3145555119997463 -0.34134588170161478
1.9468451737329704 1.3668888461259185 -0.31225109142381718
1.9379076378516915 1.4178180436985515 -0.28143908934369105
1.9256447514934418 1.4673018666325148 -0.24944040483265129
1.9104286348647592 1.5150417464389754 -0.21608732946503489
1.8923301621611643 1.5609879619849272 -0.18167254865817695
1.8710449202613826 1.6049913307825938 -0.14654879378735836
1.8472064421956282 1.6467927670731661 -0.11039088501165029
1.8202395512834628 1.6864568851321902 -0.074023440227315732
1.7907096492703967 1.7237182149143659 -0.037109637883626818
