2.4868504257277069 -7.5291631343417779e-05 -4.7061352058035857e-05
2.485074057890615 0.047236604798183042 0.037008220294753577
2.4796090650971858 0.09451675517480386 0.073961398257608058
2.4706395492594249 0.14159368012723991 0.11030512553580619
2.4579599224935742 0.1879686168556807 0.14643813213270401
2.441901939686062 0.23415596004479849 0.1815752602711265
2.4223114457672872 0.27925971375252723 0.21585247871567431
2.3991324323632508 0.32414503282053642 0.24948218652173129
2.37306688239648 0.36742393917894578 0.28120581429129798
2.3432093925180739 0.41000138728026531 0.31219841400623211
2.3106645185065671 0.45123031714133199 0.34120624478574629
2.2751818058843298 0.49105633093596929 0.36820092837430429
2.2361145413564838 0.53004266634708275 0.39386076784926188
2.1950285396688551 0.56707276440584931 0.4170445417535264
2.1513061641404301 0.60257023309016233 0.4379651357998755
2.1052357057220612 0.63626480417976261 0.45636996417266651
2.0567883196907482 0.66862580553557638 0.47223075208558019
2.0065697963126019 0.69914780897091422 0.48523241496616443
1.954979583047892 0.72745026414752045 0.49520751846215338
1.900848085178229 0.75460979825506014 0.50236777807403177
1.8466140064925221 0.77951142203988188 0.50622544278647574
1.790933252215531 0.80249273111621611 0.50681541285359932
1.7343954325804161 0.82388064518893511 0.50391767228497375
1.6782799304706419 0.84332434066554052 0.497559557577119
1.621571895765118 0.86099933039621812 0.48747018248030821
1.564446657971674 0.87732358461032267 0.47358680616577109
1.510086010920473 0.89158117806598403 0.45643035051111952
1.454072590521323 0.90510813265521028 0.43445247648728452
1.401842103583459 0.91689147701094376 0.40964026978671692
1.3490304739462891 0.92814634019030218 0.37960973049153462
1.3015080724261689 0.93813643895951226 0.34754885093048399
1.253459129465736 0.94851947258099023 0.30914695989568369
1.2114940490306569 0.95850912111343478 0.26947579582484998
1.1713776342305271 0.96953911086235256 0.22454054340227489
1.136233955017816 0.98156378454210136 0.1779030242879828
1.1048468516453009 0.99552988797396791 0.1287159464214864
1.0769361274017071 1.0119121026719491 0.07760147516549136
1.0526495079267431 1.0306497666640519 0.026409947504128759
1.0307157869605481 1.052581523776746 -0.026293846060744058
1.0119462906881871 1.0768735394185831 -0.077527962352139573
0.9955680382494726 1.104754995425598 -0.12860159130890991
0.98161121363651904 1.13610177297948 -0.17774537731114831
0.96953793821303547 1.1713809116273139 -0.22457347903960359
0.95857083542262622 1.2112526605456539 -0.26925487233749962
0.94851215680440271 1.2534774327936959 -0.30916788437256382
0.93817573831982137 1.3013109336627899 -0.34743149088904163
0.92816261302954295 1.348945929968048 -0.37958152524241112
0.91692138206973506 1.401681724183601 -0.40957552299068228
0.90513438670995316 1.453942026637705 -0.43440896648150729
0.89160447183684355 1.50996862277604 -0.4564038432225746
0.87737001527460268 1.564293623824661 -0.47355656305657728
0.86105156731915855 1.6214261553181739 -0.48744200182453629
0.84337451839094502 1.6781574069855609 -0.49753921658921502
0.82393407171434152 1.7342743656005031 -0.50390121815055733
0.80256441547748969 1.790774145858733 -0.50680344320160231
0.77956010812725429 1.8465052824784249 -0.50622125128175832
0.75468593498101677 1.9007338949531909 -0.50236935367792734
0.72752143059597418 1.954864886034072 -0.49522562894076833
0.6992444296992204 2.0064469605739692 -0.48524389807402102
0.66870999244288798 2.0566848734864509 -0.47225607740675152
0.6363816425694111 2.1051223240552348 -0.45639119258453892
0.60266301694497926 2.1512306576089029 -0.43799106546631689
0.56720247707102522 2.1949189647931431 -0.41710326511231249
0.53009949588224603 2.2361039414218711 -0.39387126385572502
0.49112829726572199 2.2751323721631191 -0.3683021140185484
0.451373014879625 2.3105881542699511 -0.34132057592706649
0.4100854034790038 2.34318745979669 -0.31227094451879672
0.36755550992978098 2.3730331336344759 -0.28131345121685247
0.32428474934601281 2.3990964508983792 -0.24959460135649411
0.27936750510212088 2.422300342209236 -0.21594699403771361
0.23430643834426509 2.4418841013086068 -0.1816760504583104
0.18809359221751679 2.4579589602037419 -0.14652298986036011
0.14172559258130271 2.4706455839081021 -0.1104017154849482
0.094657917754188706 2.4796231154543582 -0.074061823336281848
0.047374665168960231 2.4850871704808308 -0.037116171897303221
5.1111476654155699e-05 2.4868715992807529 -5.1487532179151397e-05
-0.047250255832585117 2.4851003416905328 0.037003758810410847
-0.094515914026503625 2.479635038564179 0.073949874415579542
-0.14162656926014661 2.4706593549641709 0.1103150687988065
-0.1879593766470008 2.4579925583540438 0.14641026694411249
-0.23419763597647919 2.441913984871412 0.18159073260591391
-0.27924101503848803 2.422348961264424 0.21584178158417211
-0.32416293162452281 2.399145069743057 0.24949562729558811
-0.36743865092855899 2.373089483270288 0.28120549636951953
-0.40999549309108252 2.3432371035488622 0.3121952501879392
-0.45124069351123569 2.3106765032286072 0.34121800008341158
-0.49103820137236093 2.2752052000046592 0.36820018092902063
-0.53004143157755002 2.236135724919845 0.39384163240757769
-0.5670722293652104 2.1950303828291342 0.41705363441309801
-0.60256240405486095 2.1513274331322259 0.43795287783047371
-0.63627139856727088 2.105238390433791 0.45635453370825868
-0.66863549089234287 2.0567817526571459 0.4722329995409047
-0.69912915408330178 2.00661318504463 0.4852080162016722
-0.72748251488649729 1.954938876310182 0.49521228205150553
-0.75462795192286436 1.9008600106848059 0.50235778195299741
-0.77949995571799169 1.84665753443366 0.50621765777387628
-0.80252837428827206 1.790884437102789 0.50680785819590257
-0.82387780226471441 1.7344541239775499 0.50391716060682723
-0.84333993097017712 1.6782667618165039 0.49755094247643222
-0.86100515958778712 1.6216090383476369 0.48747217234885909
-0.87734890819586886 1.564402496427147 0.47357418480363328
-0.89159340840447676 1.5101204362171481 0.45645286226080062
-0.90512246176184608 1.454090940006354 0.43446839718305191
-0.91691237544224446 1.4018256195523211 0.4096387345637833
-0.92814683433637357 1.349085551000303 0.37964420076843991
-0.93816431846866588 1.3014304829482 0.3474978855795709
-0.94851600794331303 1.253530271536021 0.30921031641818802
-0.9585295891725838 1.211451875225029 0.26944033203691992
-0.96954164983773561 1.1714085165735351 0.2245885763665646
-0.98157558447452475 1.136230569947414 0.17789988386236691
-0.99553296813620296 1.1048611658621501 0.12874294367801339
-1.0119223336837631 1.076937102906083 0.077609581075637618
-1.030658386688591 1.0526612328039391 0.026440463582698959
-1.052608722313386 1.03070503534341 -0.026303675055832539
-1.076906428503414 1.0119307098935379 -0.077544114747024842
-1.104783622664395 0.99555151016943599 -0.1286047815078209
-1.1361493778730509 0.98158627723014935 -0.17777600433874741
-1.1713227561062689 0.96954754944349997 -0.22447588137879809
-1.2113471523384181 0.95853627106574113 -0.26932503654107182
-1.253369492318871 0.94852478443646659 -0.30905177171650788
-1.3014368249563799 0.93813703845936369 -0.34749014099139081
-1.34890971243364 0.9281628644911758 -0.37953599516201081
-1.4016904900137279 0.91691123026952515 -0.40955286771058519
-1.4539940401891129 0.90511588562197975 -0.43441281465644771
-1.5099383175793959 0.89161431638148902 -0.45637702158994198
-1.564324354758996 0.87735231058528307 -0.47354670600713139
-1.6214296355558699 0.86103550473495982 -0.48743108669681762
-1.6781666317126229 0.84335994341167053 -0.49753027302337233
-1.7342686687850479 0.82392109561055016 -0.5038955942024782
-1.7908567659929211 0.80251312896300575 -0.50680522954465446
-1.846463947667347 0.77957169241684154 -0.50622909518995374
-1.9007465017251739 0.75465951256564634 -0.50237225455577272
-1.9548771079621829 0.72750499088007681 -0.49521895671567318
-2.0064566914262278 0.69922732061008419 -0.48525394152395462
-2.0566851558644381 0.66869500982165131 -0.47226018319882279
-2.1051222094932589 0.63636407034580567 -0.45639803484468361
-2.1512288341079762 0.60264421621867903 -0.43798994050455259
-2.1949198304331952 0.56717629070707898 -0.41709877168661708
-2.2360600245370619 0.53011670186675985 -0.39388393306640163
-2.2751151733351489 0.49114994502762388 -0.36825988024561179
-2.3105856886424099 0.45134581690133702 -0.34127676392087258
-2.3431563107189399 0.4100937202892716 -0.31225402520043888
-2.3730158080784949 0.36753696193814839 -0.28126985707267338
-2.3990809645890829 0.32426251872283429 -0.24955854493352719
-2.4222664144270851 0.27936425705718232 -0.21593034458260149
-2.4418603559144412 0.23426844293519 -0.1816475820615395
-2.457925070447772 0.1880796757703915 -0.14651304380255081
-2.4706098096765539 0.14170345932091569 -0.1103838388672138
-2.4795892959855319 0.094624839948755701 -0.074041244726584771
-2.4850555993716981 0.047349924710772172 -0.037103181181836933
-2.4868392163097819 2.638545926028665e-05 -3.7316650232774362e-05
-2.485070297827181 -0.047281886638645923 0.037024523462931731
-2.4796084251754982 -0.094543385294118182 0.073961142737763164
-2.4706331455452588 -0.14164323322819189 0.1103178504928575
-2.4579575113824319 -0.18799684301192979 0.14643106818448201
-2.4418895502445999 -0.23421453393848171 0.18159104190018691
-2.422313412882299 -0.27928445429517551 0.2158589158542889
-2.3991263919779402 -0.32418723786635367 0.24949293665167241
-2.3730573277892288 -0.36748028986237219 0.28121815165987962
-2.3432157111688179 -0.41002230249347199 0.31220088834357468
-2.310649544952617 -0.45127122447818718 0.34122793436664711
-2.2751819662915529 -0.49107659655453589 0.36820867225526249
-2.2361052919438942 -0.53007816597889479 0.39386151092319921
-2.1950125027988321 -0.56710332040697797 0.41706086468529591
-2.151302042264676 -0.60260005973335429 0.43796692127915471
-2.1052147336547988 -0.63630752782078237 0.45637756553682818
-2.056785108292273 -0.66864976111502727 0.47224044590952119
-2.006542790815359 -0.69919373093716797 0.48524188251696398
-1.9549963865999651 -0.72745718239126222 0.49521621829524348
-1.9007815368455121 -0.75466988252138512 0.50238609334404827
-1.846669557343219 -0.77949176944941412 0.50624142140489947
-1.790885340530401 -0.80251166237170157 0.50681881874529444
-1.73438006819038 -0.82391140819155329 0.50392633087359895
-1.6782482794634179 -0.8433489708968398 0.49757056216572643
-1.621547119914966 -0.86101882446313871 0.4874862864174061
-1.564442527507149 -0.87733641391682859 0.47360997050409542
-1.510032106009003 -0.89160313970727501 0.45644269357958073
-1.45409409204533 -0.90510507774470739 0.43449109177772838
-1.4017754016222239 -0.91690239650790861 0.40963633125980309
-1.349011395578106 -0.92814473966581224 0.37963733592133958
-1.3015167250838791 -0.9381228783561556 0.34758876047529003
-1.2534414378689029 -0.94851017045631603 0.30916251179767812
-1.21142093662164 -0.95851894127931325 0.26945322140220951
-1.171405982403658 -0.96952013335377973 0.2246130794303845
-1.1362324711197711 -0.98155922957606656 0.17792010528180391
-1.1048656096366729 -0.99551408391354856 0.128751756159069
-1.076943358087306 -1.0119111755419059 0.077591162013431539
-1.052556575110422 -1.030695443562734 0.026265365532752091
-1.030722272635606 -1.052522796369096 -0.026186410480238519
-1.0119194655292989 -1.076891471847911 -0.077528903843760211
-0.99553827533788219 -1.1047603200672409 -0.128599561745107
-0.98158079667008702 -1.1361305470473499 -0.17778486375144151
-0.96953454549586571 -1.171311902192387 -0.22449245591121669
-0.95853300210256975 -1.2113339294187171 -0.26936340594759761
-0.9485321972955939 -1.2532907920990231 -0.3090333863005697
-0.93812369843208221 -1.3014622628346419 -0.34755303756430522
-0.92817819097300069 -1.3488217960354401 -0.37952650407420763
-0.91690803720060854 -1.401684150256421 -0.40958687527309268
-0.90512819129570921 -1.453948658392729 -0.43442952186204081
-0.89162621119368957 -1.509891576994965 -0.45639513268644222
-0.87735759843602379 -1.5642977401898881 -0.47357021910802449
-0.86103870859393439 -1.621403999586003 -0.48746111407725218
-0.8433740583473166 -1.6781177853854119 -0.49755688679661009
-0.82393899019164218 -1.734230176966987 -0.50392459730625994
-0.80252991939652329 -1.7907902441268599 -0.50683140774900748
-0.77958014034648204 -1.8464146513808091 -0.50624937477307541
-0.75464782819040621 -1.9007503657977409 -0.50239896584371135
-0.72754124868243009 -1.954823901776344 -0.49525326044400741
-0.69924055906335925 -2.006426590268835 -0.48529046369059969
-0.66871960712477008 -2.0566557084242429 -0.47228920591233031
-0.63636681987006638 -2.1051070367441449 -0.45644124360285432
-0.60267483733737948 -2.151182982916291 -0.43804016226461551
-0.56718897733279694 -2.1949086805325528 -0.41712121179675599
-0.53017578701470525 -2.2359916550759018 -0.39394212832993292
-0.49118953715207642 -2.2750777016141539 -0.36827558851980069
-0.4513593577413042 -2.3105679434244908 -0.341283511671437
-0.41013342069431108 -2.3431258140321898 -0.31227480718592499
-0.36759166398225279 -2.3729677640816691 -0.28129641464363242
-0.32428568142077058 -2.3990617796576501 -0.24954818590490749
-0.27941073079712142 -2.4222371836147958 -0.2159434663344165
-0.23431009340145531 -2.441834746349798 -0.18165947726266041
-0.18812140072295661 -2.4578997759162262 -0.14652066159500141
-0.1417410391637019 -2.4705919168736972 -0.1103922274131114
-0.094663834520094456 -2.4795687489263938 -0.074054509008419755
-0.047390109263445009 -2.4850433588811298 -0.037106648863697272
-8.5014876755071223e-05 -2.486822689973204 -4.9379186274696273e-05
0.047240140543734613 -2.4850487604880112 0.037015507206684173
0.094512052228581195 -2.4795921701072552 0.073950567550075536
0.1415907450603682 -2.4706186821363771 0.1103002474627771
0.18796615930933269 -2.4579445061923928 0.1464366246730488
0.23416587786339199 -2.4418876187180518 0.1815759118420725
0.27923419716897319 -2.422311271322815 0.21583259642661251
0.32416921790110997 -2.3991061050335869 0.2494966630453789
0.36741318949611851 -2.3730691488504978 0.28118668636895749
0.4100052079031084 -2.3431964182619489 0.31219649207396599
0.45122340144010997 -2.3106580995365662 0.34120693985276579
0.49105130633207938 -2.275176978227397 0.36820400252579139
0.53003777249101847 -2.2361187298297409 0.39384086271559993
0.56707801725024043 -2.1950058403315298 0.41706075070797788
0.60256216439196197 -2.1513119629412421 0.43796191075917229
0.63626202211983118 -2.1052321404102399 0.45636957255333488
0.66862215047488172 -2.056778061101002 0.47223687282687199
0.69914344139487039 -2.0065689911147531 0.48523249529221091
0.72743999225576783 -1.954974203615772 0.49521769709136543
0.7545978355501477 -1.9008550593437059 0.50237589147080819
0.77951376282848128 -1.8465853227916389 0.50624312305974972
0.80245292049494399 -1.790995480787148 0.50682841662396794
0.82388948840259457 -1.734340057337737 0.50393124617735907
0.84330919635725199 -1.678281727818157 0.4975941989472214
0.86097463594886192 -1.621608649906203 0.48749613313236728
0.87730874807497183 -1.5644749525041119 0.47360093640189949
0.89158281357130831 -1.510054870516885 0.45642722199957381
0.90509160388586807 -1.4541026497210521 0.43447175388925863
0.91687759591415763 -1.4018385863276499 0.40964034435474611
0.92814207483220978 -1.3489884928218989 0.37959675645917418
0.93809639698461589 -1.301604928240178 0.34762003760008953
0.94849958073547802 -1.2534654244435119 0.30914090402999261
0.95850998282082855 -1.2114285149413011 0.2694216716832194
0.9695081702495626 -1.171430216882966 0.224621106951473
0.98154154912903324 -1.1362748561491429 0.17793965555615471
0.99551993696644547 -1.104847702193597 0.12870222604173501
1.0118910386364099 -1.0769472944694951 0.077625565318918857
1.03066368179736 -1.0526306161822281 0.02636604341824441
1.05253598750357 -1.030754985525969 -0.026192975315808938
1.076879650325155 -1.0119443651400539 -0.077536603315518204
1.104744574788876 -0.99558172280605206 -0.12856865732269829
1.1361516739555659 -0.98160530582161176 -0.177795103598367
1.17136993480577 -0.96954678814658812 -0.22456091262595551
1.211279882001997 -0.95856750600299578 -0.26928527373371319
1.2534028981626959 -0.94853856545937731 -0.30910171446858159
1.301356863038833 -0.93818022114779542 -0.34744789842429591
1.3489238475297769 -0.9281828763487967 -0.37954999834462683
1.4016814287785999 -0.91694161022969822 -0.40955398944662158
1.454006679524418 -0.90513288440950002 -0.43442600011270949
1.5099027892032071 -0.89163727742385912 -0.45637005571914141
1.5643816357561999 -0.8773510770834837 -0.47358304659842038
1.621467121744625 -0.86101758030303233 -0.48747869770840518
1.6781035524303249 -0.84336313888686032 -0.49757992885835389
1.734228886373882 -0.82393656150894545 -0.50393670784344846
1.790782006355262 -0.80254649683548518 -0.50683886276126333
1.84646465043577 -0.77956884522041126 -0.50625308770121658
1.900726685032901 -0.7546712100899019 -0.50239834351133639
1.9548413209076481 -0.72752987416068993 -0.49525300200388039
2.0064425670229991 -0.69923583901047803 -0.48527075080379761
2.0566636145983641 -0.66872089501946264 -0.4722817091719036
2.105111040890153 -0.6363766573894567 -0.45641560459237829
2.1511934271955688 -0.60267999367715375 -0.43801290721826941
2.1949270962323331 -0.56717566135583652 -0.41710711002474959
2.2360220845514092 -0.53015832429694765 -0.39391512288489478
2.2751107221303641 -0.49114937245737572 -0.36827103931340749
2.3105745084988341 -0.4513674637951417 -0.34129866567466899
2.343149506277173 -0.41011912643085108 -0.3122713221455789
2.3730102057854721 -0.36756375839972771 -0.2812836556285499
2.3990675375545809 -0.32429981718381368 -0.24958502863118731
2.422277126822844 -0.27937387255350038 -0.2159284319788739
2.4418528696738102 -0.23432828124834429 -0.18167726038841481
2.45793845345238 -0.18809446926308501 -0.14649921538050709
2.4706122795051471 -0.1417654285940175 -0.1104102515744565
2.4795936697675911 -0.094648203037794865 -0.074045272320332922
2.4850679204264159 -0.047381008031156337 -0.037100167651264122

1.758478552685967 1.7584743063405379 -1.236938388961343e-05
1.723763848655069 1.790673301462228 0.037043929360349628
1.686468550198025 1.820238220457852 0.073986398953620067
1.6468325106703761 1.8471794301544391 0.11033526254296221
1.6050704221510339 1.8710066188934551 0.14646673405212601
1.561048494931939 1.89231440656636 0.18160329185134169
1.5153251828548191 1.910336646478489 0.21588580334304719
1.467168122071161 1.9256965678427469 0.24951898893171209
1.4181309534745239 1.9378689832357889 0.28124574560787002
1.366950031754411 1.946843268407022 0.3122271965062785
1.314752870590276 1.9529802300763921 0.34125469220749421
1.2615259972140651 1.95604192221062 0.36824398619781162
1.206328751995235 1.9559908669445809 0.39387578032721021
1.1510662984354969 1.953107889022349 0.41708744097801209
1.0950826752783649 1.947295175108404 0.43798293247878989
1.0386391586705139 1.938535804429681 0.45639326731505481
0.98153039759399341 1.9271538173350831 0.47225550445692099
0.92441421865515538 1.913225346158252 0.48525039366629208
0.86794432560483081 1.8967515975288469 0.49522625987196278
0.81046628218397165 1.8776878593109489 0.50237373397410412
0.75446716604544661 1.8569138184875409 0.50624026011220524
0.6989415531203359 1.8338347038374541 0.50680422828239324
0.64379634325902013 1.808969686192422 0.50389097444773889
0.59036102384206091 1.7830389477562341 0.49750819403757912
0.5377156694837486 1.7554043581943339 0.48741292245340601
0.48582565807155131 1.7265718200906961 0.47354537518528927
0.43727719119513409 1.698199357499266 0.45637810595251671
0.3881546857927492 1.6681832215315071 0.43441522980290298
0.34280844589039899 1.639530160205884 0.40955977587488379
0.29762916968809489 1.6102183485183259 0.37960067850656498
0.25681247749963249 1.583584764076472 0.34742017938613462
0.21570894444485619 1.5570859904744541 0.30919081771744528
0.178742831082492 1.5343491464782359 0.26929238661035249
0.14277189577323129 1.513896709455633 0.22458500256150479
0.10928674550353901 1.4974837356869151 0.17776169137957881
0.077262574487285615 1.485182382183424 0.12863300180040169
0.046005787407803263 1.4770592921670751 0.077647948282547993
0.015522399274955389 1.4731475505615059 0.02636164279961694
-0.015518831390490369 1.47313678638222 -0.02634547084710066
-0.045977280560091982 1.477079045037176 -0.07755935712675055
-0.077301188983413524 1.4852146791366241 -0.12868996744560071
-0.10930038881039179 1.497504654388462 -0.1777860894664221
-0.1427465318994062 1.513893767768443 -0.22455025607022641
-0.17884377742684041 1.534419951162614 -0.26942048069367119
-0.21561369712004161 1.557039978665802 -0.3091242024501954
-0.25691229860742087 1.5836551118099209 -0.34751054660045122
-0.2976140990957753 1.610218582365093 -0.37960723512009731
-0.34284924875607392 1.639555742668275 -0.4095978133905202
-0.38818569019330129 1.668201724900521 -0.43445234731813048
-0.43730311100658692 1.6982130634155259 -0.456418020663167
-0.4858478027808919 1.7265835348490759 -0.47358158265939282
-0.53776585555251133 1.755425801555722 -0.48746060990662549
-0.59037563094094547 1.7830346575955971 -0.49755162190050861
-0.64378548265370383 1.808961356601984 -0.50390949815095443
-0.69892629003915219 1.833829389992671 -0.5068159897599499
-0.75451451859283647 1.856938168883963 -0.50623388190095364
-0.81047089410935325 1.877688129740458 -0.50236769611586496
-0.86796855660562067 1.896760259484207 -0.49521828143893798
-0.92444655550555066 1.9132290517862089 -0.48523557561843911
-0.98155819718130444 1.9271573637253909 -0.47224300114628293
-1.0386643099544539 1.938530287084028 -0.45637985658643049
-1.0951131455088821 1.947289045193749 -0.43796682725916769
-1.1510945540472779 1.953096189076901 -0.41707397430343479
-1.2063630695271179 1.955982425537514 -0.39385385697386588
-1.2615757658752309 1.956030665771848 -0.3682271645122242
-1.3147526008506789 1.952968340744432 -0.34126046428344958
-1.367010137822749 1.946826869715512 -0.3121930199770393
-1.418148855569425 1.9378508429050401 -0.28126190757564501
-1.46721928701473 1.925662767117025 -0.24951157438547489
-1.5153626334604731 1.910318309100578 -0.2158758803094723
-1.56109129442581 1.8922894657602081 -0.18161240824384611
-1.6051086585380281 1.870982658151376 -0.14647316730420329
-1.6468719391220601 1.847156403090882 -0.1103321862657182
-1.6865075010753381 1.8202144005620551 -0.073988619279328427
-1.7237981241515841 1.7906517802179049 -0.037043405169178638
-1.7585049591859381 1.7584539985071419 1.459087834376416e-05
-1.790706645247836 1.723734661561239 0.037076591171281183
-1.820270781054619 1.6864387734254129 0.074019365177823107
-1.847197158648028 1.646817260112664 0.1103555436367759
-1.8710385828211329 1.6050268040379581 0.1465219456026115
-1.89233174664618 1.561040276253634 0.1816327963562526
-1.9103553324592251 1.5152944443009519 0.2159020168822243
-1.9257128208969949 1.467127956256542 0.2495497567278292
-1.937887261231678 1.418091068389006 0.28127721693410479
-1.946860304913834 1.3669268135331529 0.31223652525491741
-1.952998981775032 1.314690746350905 0.34128139212838038
-1.9560557465897559 1.261499625178796 0.36825294118612201
-1.956002246950497 1.206281243827831 0.39389214400935318
-1.953117994995115 1.1510402037972509 0.41709198612787601
-1.947301586096913 1.095016943825379 0.43799493249893601
-1.938545211431828 1.038606329809652 0.45639570812246039
-1.9271620139357759 0.9814691527429702 0.47226012702137871
-1.9132303499336949 0.92437829972546859 0.48524855225726338
-1.8967488409231541 0.86789911918245966 0.49523479796147729
-1.877684451000734 0.81040964701715568 0.50237831690131418
-1.8569270289985631 0.7544616142819579 0.50623703279081589
-1.8337998504226309 0.69883793288042517 0.50681910906181027
-1.8089352315238689 0.64372120394472232 0.50391672542884747
-1.7830134853087061 0.59032672915502271 0.49755728726096782
-1.7553866443696149 0.53769583738277749 0.48745965146550752
-1.7265445466673259 0.48577474262203241 0.47357923932646978
-1.6981909491424709 0.43726967685263579 0.45642283491092439
-1.668136462767843 0.3880857568364508 0.43443343673001689
-1.639534460155653 0.34282393572703951 0.40962043520553137
-1.610147469132881 0.29752059729005692 0.37958937154174899
-1.5836220559501279 0.25688039364377607 0.34753762446534198
-1.55699050265688 0.21556794981040031 0.30912741945167249
-1.5343509372177691 0.17877297991264501 0.26940108075997038
-1.513826219246011 0.14267810345435911 0.22454275396988629
-1.4974685789414759 0.1093072624366168 0.17785879392653969
-1.485151435979257 0.077237756877208227 0.1286694769608171
-1.477004106172916 0.045931063103839619 0.077576577599813373
-1.4730848460263311 0.015466082726530869 0.02631371267491623
-1.473080692113981 -0.015483754286418639 -0.026280070172416889
-1.477003651356771 -0.04593058083400197 -0.077519466560733288
-1.4851611108097209 -0.07726619229806321 -0.12867011861705449
-1.4974801803117399 -0.1093449434252758 -0.17787424955895689
-1.5138298488357089 -0.14270858979554399 -0.22454683177259319
-1.5343504154529111 -0.178795045583236 -0.26939565612503991
-1.5569847409814861 -0.2155865591954389 -0.30910680514517469
-1.583635956177311 -0.25693560001615418 -0.34754000033131049
-1.610159074676152 -0.29755902714805238 -0.37959108276888098
-1.639538366621607 -0.3428507484713551 -0.40962221015943762
-1.6681550737902251 -0.38812611940582759 -0.43444927153917318
-1.69819762982515 -0.43730209785225838 -0.45643318340772332
-1.726529614196723 -0.48578521707125472 -0.47356752112362888
-1.7553939898267039 -0.53774294053900917 -0.48745900175699303
-1.783011877591671 -0.59037163238103874 -0.49755661668802281
-1.8089196799346829 -0.64374754574212179 -0.50390820482864684
-1.8338126065512961 -0.69893205673213832 -0.50680951688524722
-1.856909771082337 -0.75447010689690619 -0.50622795833865974
-1.877670304778972 -0.81046945757892164 -0.50236583370136012
-1.8967252572892379 -0.86790639984423013 -0.49522187735121759
-1.913211059075473 -0.924440755770079 -0.48522794372619249
-1.9271295181589481 -0.98150681674865581 -0.47224786519865081
-1.9385117239455769 -1.038649314851821 -0.45637691437442912
-1.947266412958915 -1.0950717943484789 -0.4379794413942148
-1.9530816307979719 -1.151065129743774 -0.41707692007912528
-1.9559661353221229 -1.2063282820673069 -0.39385854799824932
-1.9560120804236181 -1.261526599118578 -0.36823242834872622
-1.952952582177752 -1.3147343823668951 -0.34126284465980489
-1.94681026545078 -1.3669573436747171 -0.31221970237398461
-1.9378402543550211 -1.418131500204749 -0.28124690963057669
-1.925658360773588 -1.4671839683141199 -0.24952428223172771
-1.910313332075922 -1.515337475445899 -0.21588739948743521
-1.892285769243383 -1.5610403226622021 -0.18163007822064359
-1.8709685837373049 -1.6050942647779911 -0.1464637196474691
-1.8471597174858461 -1.6468231638928581 -0.1103509724426894
-1.820206345490633 -1.6864784399038819 -0.073990215053310104
-1.790642165663445 -1.7237630812401761 -0.037054789315047701
-1.7584427796196871 -1.7584804091679089 5.3113370640113672e-06
-1.7237296180769139 -1.7906750180712381 0.037062600645500987
-1.686432508699224 -1.8202438099894009 0.07401155649533965
-1.646803439874666 -1.8471772814147409 0.1103469460527699
-1.6050315576933509 -1.8710093373908181 0.14648798861783011
-1.561015946898022 -1.892309635512103 0.18162366432643459
-1.5152806243680701 -1.910343770074266 0.2159012360269402
-1.4671378084471971 -1.9256918544387369 0.24953067530572701
-1.418100645853152 -1.937867726063059 0.28123633339700099
-1.366886235493965 -1.9468485068515911 0.31223463886659147
-1.314711324783816 -1.9529868064911691 0.34124139259435232
-1.2614591028145941 -1.9560499159086611 0.36822674101144409
-1.2062883740960619 -1.955993648874937 0.3938667816473635
-1.1510246661306469 -1.953108636329608 0.41706598047836618
-1.0950090021193439 -1.947297151387025 0.43796441195194102
-1.0385944005834069 -1.9385324650478599 0.4563717639633193
-0.981469259845133 -1.927156631221751 0.47222859076589191
-0.92435605449432734 -1.913216104489601 0.4852234533591554
-0.86790845174106901 -1.896747988660038 0.49520405992620331
-0.81040402300460579 -1.877661845331448 0.50235587046281915
-0.75445122570367495 -1.8569149860610199 0.50621306222789164
-0.6988625127229352 -1.8338006583718549 0.50679792657020972
-0.64368157738613552 -1.808889714367941 0.50390680447300273
-0.59034239880417638 -1.783001563837608 0.49756847807388083
-0.53771389732827668 -1.7553736966608109 0.4874661062723904
-0.48575222555707881 -1.726504221753165 0.47357323055824257
-0.43727723904308058 -1.698167957692216 0.45643442638345771
-0.38809720535996778 -1.6681211078582341 0.43444484449393939
-0.34281649351474508 -1.6395050027778491 0.40961624454149631
-0.2975461160899236 -1.6101391461612149 0.37959618174885051
-0.25688028486555708 -1.5835855208045051 0.34750994836078092
-0.21559544616403539 -1.5569737251187299 0.30913131076894701
-0.17877535759638899 -1.534319881846814 0.26938245189500892
-0.1426591587494262 -1.513780365247527 0.22450106986005799
-0.1093420954416631 -1.49745547263468 0.177890631169006
-0.077263032637953644 -1.4851355081634869 0.12867861424633639
-0.045928223849515067 -1.4769811268436639 0.07753185511301218
-0.015463403020696209 -1.4730654678354049 0.026276386495892649
0.015479692535862391 -1.473058682640968 -0.026315242210377881
0.045914136753985292 -1.476983269878517 -0.077535980277499861
0.077236608661924153 -1.4851418873081279 -0.12867153866028619
0.1093592615616041 -1.497476228200266 -0.1779451034002284
0.14266141777675259 -1.513797061703535 -0.2245406645272382
0.1787843551331196 -1.5343406760347591 -0.26942969876614969
0.21553677637572319 -1.5569542442090429 -0.30910225539422098
0.25693146230382352 -1.5836266003734709 -0.34756055716550482
0.29755899012004527 -1.61015620456835 -0.37961603746416173
0.34278627499296571 -1.6394910733623489 -0.40959443775308629
0.38816979622541209 -1.6681772403156649 -0.43448050725477411
0.43722552343581539 -1.698163477466871 -0.45641862740672218
0.48580393211469042 -1.7265545607669071 -0.47359602186336569
0.53772291188021937 -1.755399900794206 -0.48748017241563718
0.59032977191167335 -1.7830143222651109 -0.4975803586846746
0.64372397348349686 -1.8089373862482749 -0.50392734985905463
0.69888200275547741 -1.8338242478285669 -0.50682660020278392
0.75444071522349732 -1.8569275224015429 -0.50624187066254756
0.81042647585712879 -1.8776865651582419 -0.50238018720253219
0.86787116652336138 -1.896748070058996 -0.49522708573270557
0.9243989991357332 -1.9132281659421511 -0.4852421208693965
0.98148254983831806 -1.9271592115393841 -0.47224719654449671
1.038612911886448 -1.938535992800084 -0.45638963827328022
1.095026573058149 -1.9472902109246051 -0.43798367725704912
1.1510515488034361 -1.9531158308370711 -0.41706589526795929
1.2062602444011881 -1.9559865924854829 -0.39388897710422938
1.261490846073573 -1.95604758887468 -0.36821085390158842
1.31471733982895 -1.952976801687091 -0.34124965349002417
1.3668921370493861 -1.946853043031592 -0.31222551701906698
1.418098459563764 -1.9378668199425571 -0.28122301164433822
1.4672044381169831 -1.925679794593544 -0.24950525669119811
1.5152658724259831 -1.9103604989902361 -0.21592498203941801
1.56105658133375 -1.8923073488985229 -0.18160857661447941
1.6050439361214031 -1.8710239226892531 -0.1464901659186415
1.6468196635332391 -1.8471941821130979 -0.1103407998338173
1.6864453663001371 -1.820259096528724 -0.07400098103583394
1.723744586205691 -1.7906941106586449 -0.037047680106958851
1.7584551649072719 -1.758499437828926 8.68619528963956e-06
1.790648376232846 -1.723790260848004 0.03706428935982465
1.8202159750351441 -1.686491850608461 0.074019530825096158
1.847154543580706 -1.64686010345981 0.1103310253863367
1.8709967296099821 -1.6050718770590919 0.14650265106675381
1.8922674803755399 -1.561105487479568 0.18162065645938791
1.9103308223397679 -1.515310608622209 0.21589602827238019
1.9256623017233221 -1.4672080056104371 0.24952279750176701
1.9378320977251979 -1.4181974119154019 0.28117022735462133
1.946846294451698 -1.36687782903462 0.31220554876011181
1.952967940150832 -1.3147536834103251 0.34120593139549188
1.9560458095223909 -1.261475879503831 0.36818996504770568
1.9559757765404751 -1.2063269420092 0.39384066653694888
1.953097665072691 -1.15105133025948 0.41704282581395707
1.9472790102188851 -1.0950602014278441 0.43795087381360343
1.938520186539336 -1.038634317293986 0.45636593235554912
1.927143579824433 -0.98150501894481823 0.47222874339631138
1.9132152234889219 -0.92444140838262689 0.48521985521296729
1.8967278321168171 -0.86788577520893828 0.49521139821413662
1.877687073609337 -0.81047621641431189 0.50235734090318507
1.8569138358404931 -0.75446420980779016 0.50622081045701672
1.8338101787145229 -0.69890169177704697 0.50680652992421416
1.808941575334077 -0.64376959205068063 0.50390375769782891
1.783009492600071 -0.5903500632987928 0.49754477358461519
1.7553951190241039 -0.53773899839231454 0.48745107940399879
1.7265543755242869 -0.48582449140192518 0.47357351762561239
1.698171634490335 -0.4372652937171882 0.4564010761811908
1.6681759578347799 -0.38817939516380939 0.43445006463764368
1.639496950749457 -0.34279461094418151 0.40957033415257937
1.61019046311345 -0.29761800437233582 0.37961612395867689
1.583596720441969 -0.25688369483974521 0.34748160204923062
1.5570223318995891 -0.21565659418597199 0.30915331359010401
1.5343212258839789 -0.17876004100890211 0.26933007858703539
1.5138359319339061 -0.14273125375284021 0.22456428389536151
1.4974652952289751 -0.1093246837054566 0.17784352457032121
1.485148227599989 -0.0772480897458689 0.12863619870812559
1.4770101652932499 -0.045957904153575847 0.077571288634794788
1.473100407726518 -0.01552655164083889 0.026369460153668929
1.4731040091525749 0.01550751753425858 -0.026355612482005471
1.4770195775382811 0.045940606841452361 -0.077559195685074953
1.4851706512037639 0.077266483496377852 -0.1286831697480541
1.497479570428746 0.1093102745129968 -0.1778365668721299
1.513835346524774 0.14268105017466751 -0.22450704999924359
1.534394122999208 0.17883563315216761 -0.26943833245524418
1.5570121947567981 0.21559105517552471 -0.30913980565157828
1.5836161600206109 0.25687202213394988 -0.3475105086932686
1.6101755545686001 0.29756802661750459 -0.37960165878664698
1.6395316181519251 0.34282221756208331 -0.40960406658386062
1.6681628561230071 0.38813335788006842 -0.43444603013913818
1.698194899850908 0.43727267691382288 -0.45641921718995793
1.726559371156738 0.48580354351715221 -0.47358476938860572
1.755409135339806 0.53773486972201701 -0.48747466697688302
1.783020546366574 0.59033267848258475 -0.49756824186700971
1.8089414784348641 0.64373247984198123 -0.50392190828007355
1.833815003501738 0.69884399917954754 -0.50681645039930556
1.856949354709843 0.75448857985467388 -0.50622940273708361
1.877687301628439 0.81041833433588195 -0.50237382521152352
1.8967582411514821 0.86790097202784611 -0.49522236380153312
1.913231149967809 0.92440781139803452 -0.48523612993800858
1.9271620960402629 0.98149388834845874 -0.47224785741140318
1.938534807949575 1.0386237839707131 -0.45638740609087552
1.9472937325943049 1.0950424865678301 -0.43797849522269272
1.9531079349511511 1.15106645418 -0.41707374887382492
1.9559840690385399 1.2062929695215501 -0.39388491513225721
1.956036035253105 1.2615232022374281 -0.36823364660791758
1.952977834735685 1.314718539451224 -0.34126322560369537
1.946839451528303 1.366937524696644 -0.31222402105916741
1.937857103551974 1.418105914839858 -0.28126491475581689
1.9256768836356739 1.467201053485145 -0.24951083711098759
1.9103480188024839 1.5152946756992729 -0.21591062251236601
1.892307600667855 1.561045177934268 -0.18162967662908011
1.8709995598406559 1.605085082649452 -0.1464739545114655
1.847194050163717 1.646814489445326 -0.1103720920751645
1.8202323937813281 1.686467411780562 -0.074013788200232924
1.7906724398786731 1.723765164469659 -0.037063125236916572
