0.00071892358397510352 0.50205756723150918 0
-0.0097975219646654933 0.50195902320395769 0
-0.020309537799554373 0.50163936748067628 0
-0.030812471031403846 0.50109877022666893 0
-0.04130167920404626 0.50033746271533885 0
-0.051772526450395512 0.49935578633492084 0
-0.062220384776793633 0.498154175390434 0
-0.072642163999961248 0.4967442415877219 0
-0.083032108876941679 0.49511576179453715 0
-0.09338479181285507 0.49326494708187463 0
-0.10369554314322214 0.491193435704742 0
-0.11396134045539301 0.48890973804992888 0
-0.12417838770034972 0.48641692364401529 0
-0.13434078370844935 0.48370981472450086 0
-0.14444403493680288 0.48078960641474505 0
-0.15448367297408391 0.4776575851366251 0
-0.16445525849340595 0.47431513461400154 0
-0.17435473119712344 0.4707646729410298 0
-0.18417599050712741 0.4670033518831917 0
-0.19391598145769004 0.46303651822860109 0
-0.2035704090275198 0.45886592621955569 0
-0.21313648542491412 0.45449661652415702 0
-0.22261217049588389 0.44993459791844753 0
-0.23198995082574267 0.44517445481383078 0
-0.24126568799913262 0.440218285492112 0
-0.2504352883612645 0.4350682743215934 0
-0.25949463267722983 0.42972666001216531 0
-0.26843965023135924 0.42419574924190478 0
-0.27726635973632441 0.41847794488589779 0
-0.28597085635967229 0.41257577558115899 0
-0.29454929289530479 0.40649185952802575 0
-0.30299788468584382 0.40022891049880066 0
-0.3113128842554152 0.39378968251352819 0
-0.31949061373517662 0.38717702319245434 0
-0.327527456352949 0.3803938574913252 0
-0.33542443422465529 0.37344836921040542 0
-0.34317372720227857 0.36633840627067077 0
-0.3507717268734491 0.35906691638726779 0
-0.35821444367312799 0.35163650989966083 0
-0.3655014708143598 0.34405333290411072 0
-0.37262640854329199 0.33631779555914004 0
-0.37958739968002381 0.3284345443865585 0
-0.38638774650060442 0.32041239669614846 0
-0.39301824933366253 0.31224931593547373 0
-0.39947560284651318 0.30394859377814909 0
-0.40575695448496435 0.29551390515212439 0
-0.41185952070158249 0.28694897753299992 0
-0.41778060295502439 0.27825760063425442 0
-0.42352015555015554 0.26944528375337706 0
-0.42907912328959164 0.26051790050248308 0
-0.4344496526403529 0.25147580520930463 0
-0.43962534060744862 0.24232073374442617 0
-0.44460241410145962 0.23305622704886772 0
-0.44939228634102396 0.22369358751483145 0
-0.45398603040047403 0.21423316364175457 0
-0.45837980507973697 0.20467821041979581 0
-0.46257166666321814 0.19503295404459015 0
-0.46655976489265022 0.18530166230458794 0
-0.47034233028804762 0.17548863720437491 0
-0.47391801590093197 0.1655983336588511 0
-0.47729072102823722 0.15563689811837103 0
-0.48044589659364173 0.14560447774947052 0
-0.48338986971179421 0.1355081840813358 0
-0.48612816317288871 0.12535426682172926 0
-0.48866016124420386 0.1151469557222969 0
-0.49097710429319169 0.10488864234080253 0
-0.49307796794284631 0.094583853763184081 0
-0.49496182294183 0.084237137562983011 0
-0.49662690536628701 0.073852920677201853 0
-0.4980725120317066 0.063435868688048458 0
-0.49930034336972562 0.05299091064576756 0
-0.50031116617932581 0.042522693264069746 0
-0.50109878124552254 0.032035327968646936 0
-0.50166571475453836 0.021533759365883857 0
-0.50201171692331004 0.011022629302251815 0
-0.50213668242038856 0.00050658437348386799 0
-0.50204053868836351 -0.010009728920180684 0
-0.5017233034784625 -0.020521662539065691 0
-0.50118512273882743 -0.031024570428618975 0
-0.50042623016524024 -0.041513810101402496 0
-0.49944953145147336 -0.051984992610571559 0
-0.49825556846391172 -0.062433634597264483 0
-0.49684509936154891 -0.072855285825330018 0
-0.49521591312975943 -0.083245038430430157 0
-0.49336872414375621 -0.093598305421419878 0
-0.4913043459535742 -0.10391051624975846 0
-0.48902178781290395 -0.11417667517141369 0
-0.48652023264608263 -0.12439166164574569 0
-0.48381765114508946 -0.13455539083996265 0
-0.48089433906571305 -0.14465782156996149 0
-0.47775968067701868 -0.15469657250633451 0
-0.47441508456405301 -0.16466724160517796 0
-0.47086882964437771 -0.17456791296447274 0
-0.46711515198323622 -0.18439180681222089 0
-0.46315570930125349 -0.19413457716865815 0
-0.45899225007333838 -0.20379191358745094 0
-0.45462663242770046 -0.21335955096998557 0
-0.45006077462951471 -0.22283325241287216 0
-0.44530280953544593 -0.2322119612528537 0
-0.44035185868442894 -0.24149030528360185 0
-0.43520730140559466 -0.2506628043171682 0
-0.42987139401508684 -0.25972542775606772 0
-0.42433857912705802 -0.26866920627846369 0
-0.41862491059914286 -0.27749852314892776 0
-0.41272818523465693 -0.28620664091945436 0
-0.40664962399471921 -0.29478881196088375 0
-0.4003919157735964 -0.3032412398067254 0
-0.39395783239185839 -0.31156018826788423 0
-0.38735021612193182 -0.31974197440517754 0
-0.38057727118529155 -0.32778750847081295 0
-0.37363819786277558 -0.33569033070895277 0
-0.36652815926086985 -0.34343968391486657 0
-0.35925712181706493 -0.35103803743504269 0
-0.35183580073691745 -0.35848957534269343 0
-0.34425940575133701 -0.36578341327498159 0
-0.33653128616729022 -0.37291632429014171 0
-0.32865485925129978 -0.37988515346233848 0
-0.32063376286031647 -0.38668694379838658 0
-0.31247140187707612 -0.3933185311244885 0
-0.30417138685397221 -0.39977698214301893 0
-0.29573738970737362 -0.40605944074935635 0
-0.28717380932885683 -0.41216406917755233 0
-0.27848403021781942 -0.41808767869042229 0
-0.26967158696373039 -0.4238272215999534 0
-0.2607403785048556 -0.42938015983131456 0
-0.25169603210346952 -0.4347468741204959 0
-0.24254171281079911 -0.43992384858349703 0
-0.23328057154834056 -0.44490732464684929 0
-0.22391479490897415 -0.44969128763972621 0
-0.21444986609805469 -0.45427586792152175 0
-0.20489576253623806 -0.45867172933398331 0
-0.19525007677012249 -0.46286292057326667 0
-0.18551705961050396 -0.46684701236388204 0
-0.1757025457297286 -0.47062569250431935 0
-0.16581107541258711 -0.47419788161168425 0
-0.15584715145898279 -0.47756252309824926 0
-0.14581474400468408 -0.48071696729865848 0
-0.13571828192314922 -0.48365981448830347 0
-0.12556223000911357 -0.48638978433930041 0
-0.11535107098327327 -0.48890566064159063 0
-0.10509121342391824 -0.49121496590792746 0
-0.094785924649098213 -0.49331252144449417 0
-0.084438838334833274 -0.49519351081696622 0
-0.074054493391658593 -0.49685710551825141 0
-0.063636687803257999 -0.49829666135665895 0
-0.053191245272831429 -0.49951980701934023 0
-0.04272305700078765 -0.50053033010862857 0
-0.032235892515264125 -0.5013205515159711 0
-0.021734250924153257 -0.50188699815488869 0
-0.011223015194344724 -0.50223133312510826 0
-0.00070690766627850773 -0.50235460427414025 0
0.0098094246845461652 -0.50225675932394587 0
0.020321334836484326 -0.50193784377130557 0
0.030824177857892574 -0.50139800055106476 0
0.041313312844490004 -0.50063747047497797 0
0.051784104989942639 -0.4996565908135468 0
0.062232806206546643 -0.49846325868447672 0
0.072654999816223587 -0.4970567309490127 0
0.083045490174516221 -0.49543192140137565 0
0.093398505746260102 -0.49358311597895632 0
0.10370952021764432 -0.4915131082102186 0
0.11397500909832019 -0.48922837522733792 0
0.12419336796375116 -0.48674130703244517 0
0.13435723356784304 -0.48403998887444605 0
0.14446211388707578 -0.48112560256494291 0
0.15450354588405843 -0.47799943564239838 0
0.16447709322674001 -0.47466286494210758 0
0.17437813675686631 -0.47111678613341901 0
0.18420085380002016 -0.46735922578603972 0
0.19394239324564425 -0.46339617358560448 0
0.20359845805882154 -0.45922937041953216 0
0.21316479242420053 -0.45486065660028019 0
0.22264004034113746 -0.45029785151795354 0
0.2320190709993423 -0.44554037490871229 0
0.24129605526345507 -0.44058677553334236 0
0.25046689461830007 -0.43543924016287761 0
0.25952753728720651 -0.43010004103000588 0
0.2684739800960913 -0.42457153497993927 0
0.27730226547499737 -0.41885618123257046 0
0.28600844949933846 -0.41295645557742777 0
0.29458825847310538 -0.40687437824815353 0
0.3030381330169814 -0.40061302047108283 0
0.31135592283713331 -0.39417720904519449 0
0.31953572363293542 -0.38756689915503945 0
0.32757456528082568 -0.38078589033908417 0
0.33546900842533117 -0.37383732910595774 0
0.34321556190090147 -0.36672428976118648 0
0.35081079976813528 -0.35944991914637914 0
0.3582513628953809 -0.35201743522066375 0
0.36553399841237516 -0.34443018112902613 0
0.37265587412386447 -0.33669196036848764 0
0.37961365752181458 -0.32880597921599525 0
0.38640827039572845 -0.32077905338274171 0
0.39303447772212291 -0.3126125700612396 0
0.39948746639492794 -0.30430853348967557 0
0.40576438416711019 -0.29587061890568672 0
0.41186245149442596 -0.28730255684354383 0
0.41777902755008617 -0.27860817594236542 0
0.42351922313897172 -0.26979630747277872 0
0.42907336554001102 -0.2608659124602638 0
0.43443901411139774 -0.25182090907956545 0
0.43960862299656694 -0.24266240467060646 0
0.44458061494247897 -0.23339518319555227 0
0.44936939573996754 -0.22403195839589268 0
0.45396027879944506 -0.21457008611506662 0
0.45835132491916086 -0.20501378662445535 0
0.46254041596203321 -0.19536724969882369 0
0.46652569917467845 -0.1856347429058004 0
0.47030541086493938 -0.17582057138801258 0
0.47388210745798481 -0.16593055637033471 0
0.47724646776938362 -0.15596629936853199 0
0.48040032547055839 -0.14593356034321317 0
0.48334309518339702 -0.13583701412212157 0
0.48608979149987319 -0.12568542213918663 0
0.48862364633692557 -0.11547856401962717 0
0.49094265188478853 -0.10522068698421937 0
0.49304578494170315 -0.094916306090411184 0
0.49492788887297345 -0.08456923102322815 0
0.49659650329668076 -0.074185581825420316 0
0.49804683721286797 -0.063769193861856199 0
0.49927779478757012 -0.053324600986889542 0
0.50029057870161353 -0.042856573157048036 0
0.5010804497251059 -0.032369378148935118 0
0.50164964337989659 -0.021867932553537004 0
0.5019979074110118 -0.011356878036872081 0
0.50212508934932443 -0.0008408606970719372 0
0.50203113455524684 0.0096754712021202699 0
0.50171629135393736 0.020187475840138774 0
0.50118084815296116 0.030690525405184528 0
0.50042566315301151 0.041180041983080076 0
0.49945416580428958 0.051651735074108085 0
0.49826419013686241 0.06210088143230176 0
0.49685480136259741 0.072522737912345411 0
0.49522662073864809 0.082912699587660177 0
0.4933803675503165 0.093266175854888639 0
0.49131685619592502 0.10357859206581455 0
0.48903526226143912 0.11384498730755564 0
0.48654160150932801 0.12406198078089783 0
0.48383219430148922 0.1342238925343526 0
0.48090981750730982 0.14432652529293169 0
0.47777593352674391 0.15436547395764094 0
0.47443192707269111 0.1643363179902653 0
0.47088234341281626 0.17423577885600405 0
0.46712698288000098 0.18405899429459491 0
0.46316589791955814 0.1938010544945119 0
0.45900083804030872 0.20345765094226512 0
0.4546336387893285 0.21302451096882799 0
0.4500663120410206 0.22249744340296884 0
0.44530946028555263 0.23187667243648241 0
0.44035678859045624 0.24115405591281161 0
0.43521047269693075 0.25032551428208899 0
0.42987277269255519 0.25938701408283449 0
0.42434499835442663 0.26833391563403436 0
0.41863162915131802 0.2771635517461315 0
0.41273483362156987 0.28587177431926508 0
0.40665517678940638 0.29445332384894823 0
0.40039640407601845 0.30290510401211085 0
0.3939612842197836 0.31122337709208031 0
0.38735266372038307 0.31940446424623131 0
0.3805734661198959 0.32744474754884872 0
0.373626845916186 0.33534076769507015 0
0.36651608305673838 0.34308919205887911 0
0.35924417592994617 0.35068649146107628 0
0.35182240234166351 0.35813742258326892 0
0.34424660593083684 0.36543175999903976 0
0.33651920452202705 0.37256537786863625 0
0.32864360400813053 0.37953512997777933 0
0.32062327435482196 0.38633794090299817 0
0.31246181592849875 0.39297076075115756 0
0.30416275813072791 0.39943053779124371 0
0.29572972031122086 0.40571435669554867 0
0.28716643569376782 0.41181944522914377 0
0.27847668760157263 0.41774310002938153 0
0.26966431934382912 0.42348270348580735 0
0.26073322772064206 0.42903571845838273 0
0.25168736181008378 0.43439968993045819 0
0.24253119686732932 0.43957309370216119 0
0.23327233472352094 0.44456039775985112 0
0.2239107200000513 0.44935218053905446 0
0.21445047531340777 0.45394632845677052 0
0.204895197150228 0.45833954048745978 0
0.19525062327393167 0.46253327758297347 0
0.18551977444740872 0.4665227536160193 0
0.17570710501646294 0.47030636384282942 0
0.16581713103406093 0.4738828718499325 0
0.15585422266348403 0.47725070839948036 0
0.14582319473376565 0.48040971777812369 0
0.13572855796095828 0.48335904777498434 0
0.12557414243947718 0.48609542937143141 0
0.11536443961654727 0.48861765323822787 0
0.1051039651069858 0.49092460368523916 0
0.094798178145526629 0.49301986915632323 0
0.08445111996491067 0.4949009643284662 0
0.07406677199002526 0.49656427529831271 0
0.063649713057659152 0.49800906674017575 0
0.053204534574298551 0.49923468211557126 0
0.042735246334666854 0.50023362494484958 0
0.032247883891487188 0.50102058184112008 0
0.021746295885647107 0.50158726750466109 0
0.011235092854205889 0.5019329807847519 0
