0.000786280873324732 50.3216356932785 0
-1.04918613842505 50.2430528518341 0
-2.09915855772343 50.1644700103898 0
-3.14913097702181 50.0858871689454 0
-4.19910339632018 50.0073043275011 0
-5.24907581561856 49.9287214860567 0
-6.29904823491694 49.8501386446124 0
-7.34902065421531 49.771555803168 0
-8.37888351123274 49.5595757717434 0
-9.40536040394604 49.3251348773107 0
-10.4318372966593 49.090693982878 0
-11.4583141893726 48.8562530884453 0
-12.4847910820859 48.6218121940126 0
-13.5112679747992 48.3873712995799 0
-14.5377448675125 48.1529304051472 0
-15.5312262526975 47.8115374250856 0
-16.5113726485589 47.4269202297644 0
-17.4915190444203 47.0423030344433 0
-18.4716654402816 46.6576858391221 0
-19.451811836143 46.2730686438009 0
-20.4319582320044 45.8884514484798 0
-21.4121046278658 45.5038342531586 0
-22.3533870536856 45.038502347636 0
-23.2652696703352 44.512111392443 0
-24.1771522869849 43.98572043725 0
-25.0890349036345 43.4593294820571 0
-26.0009175202842 42.9329385268641 0
-26.9128001369338 42.4065475716711 0
-27.8246827535834 41.8801566164782 0
-28.6987431359168 41.2982888859883 0
-29.5219140252192 40.6417776284596 0
-30.3450849145215 39.9852663709309 0
-31.1682558038239 39.3287551134023 0
-31.9914266931263 38.6722438558736 0
-32.8145975824287 38.0157325983449 0
-33.6377684717311 37.3592213408162 0
-34.4306015628564 36.6700155021696 0
-35.1467505996028 35.8981684309022 0
-35.8628996363492 35.1263213596349 0
-36.5790486730955 34.3544742883675 0
-37.2951977098419 33.5826272171001 0
-38.0113467465882 32.8107801458328 0
-38.7274957833346 32.0389330745654 0
-39.4263698084016 31.2533108864181 0
-40.0194302428662 30.3833128028976 0
-40.6124906773309 29.5133147193771 0
-41.2055511117955 28.6433166358566 0
-41.7986115462602 27.7733185523361 0
-42.3916719807248 26.9033204688156 0
-42.9847324151894 26.0333223852951 0
-43.5777928496541 25.1633243017745 0
-44.0350333099601 24.2149190053537 0
-44.491854629724 23.266271744215 0
-44.9486759494879 22.3176244830763 0
-45.4054972692518 21.3689772219376 0
-45.8623185890158 20.420329960799 0
-46.3191399087797 19.4716826996603 0
-46.7759612285436 18.5230354385216 0
-47.1077633163698 17.5253182469692 0
-47.4181823782391 16.5192082379319 0
-47.7286014401083 15.5130982288946 0
-48.0390205019776 14.5069882198574 0
-48.3494395638469 13.5008782108201 0
-48.6598586257161 12.4947682017829 0
-48.9702776875854 11.4886581927456 0
-49.171577960484 10.4576378157747 0
-49.3285203681378 9.41649112825338 0
-49.4854627757917 8.37534444073208 0
-49.6424051834455 7.33419775321079 0
-49.7993475910994 6.29305106568949 0
-49.9562899987532 5.25190437816819 0
-50.113232406407 4.2107576906469 0
-50.1812316164577 3.16294501056556 0
-50.1812316164577 2.11003601912482 0
-50.1812316164577 1.05712702768408 0
-50.1812316164577 0.00421803624334153 0
-50.1812316164577 -1.0486909551974 0
-50.1812316164577 -2.10159994663814 0
-50.1812316164577 -3.15450893807887 0
-50.1145912712258 -4.20242346049348 0
-49.9576488635719 -5.24357014801477 0
-49.8007064559181 -6.28471683553607 0
-49.6437640482642 -7.32586352305737 0
-49.4868216406104 -8.36701021057866 0
-49.3298792329566 -9.40815689809996 0
-49.1729368253027 -10.4493035856213 0
-48.9729654094608 -11.4806273229807 0
-48.6625463475916 -12.4867373320179 0
-48.3521272857223 -13.4928473410552 0
-48.041708223853 -14.4989573500925 0
-47.7312891619838 -15.5050673591297 0
-47.4208701001145 -16.511177368167 0
-47.1104510382453 -17.5172873772042 0
-46.7799165547627 -18.5155021022639 0
-46.3230952349987 -19.4641493634026 0
-45.8662739152348 -20.4127966245412 0
-45.4094525954709 -21.3614438856799 0
-44.952631275707 -22.3100911468186 0
-44.495809955943 -23.2587384079573 0
-44.0389886361791 -24.2073856690959 0
-43.5821673164152 -25.1560329302346 0
-42.9898673495378 -26.0264700224089 0
-42.3968069150732 -26.8964681059294 0
-41.8037464806085 -27.76646618945 0
-41.2106860461439 -28.6364642729705 0
-40.6176256116792 -29.506462356491 0
-40.0245651772146 -30.3764604400115 0
-39.43150474275 -31.246458523532 0
-38.7336964638616 -32.0329305390743 0
-38.0175474271153 -32.8047776103417 0
-37.3013983903689 -33.5766246816091 0
-36.5852493536226 -34.3484717528765 0
-35.8691003168762 -35.1203188241438 0
-35.1529512801298 -35.8921658954112 0
-34.4368022433835 -36.6640129666786 0
-33.6448957866359 -37.3542174250225 0
-32.8217248973336 -38.0107286825512 0
-31.9985540080312 -38.6672399400799 0
-31.1753831187288 -39.3237511976085 0
-30.3522122294264 -39.9802624551372 0
-29.529041340124 -40.6367737126659 0
-28.7058704508217 -41.2932849701945 0
-27.8325781670991 -41.8762793298963 0
-26.9206955504495 -42.4026702850893 0
-26.0088129337999 -42.9290612402823 0
-25.0969303171502 -43.4554521954752 0
-24.1850477005006 -43.9818431506682 0
-23.273165083851 -44.5082341058612 0
-22.3612824672013 -45.0346250610542 0
-21.4205910941718 -45.5011844956901 0
-20.4404446983104 -45.8858016910113 0
-19.4602983024491 -46.2704188863324 0
-18.4801519065877 -46.6550360816536 0
-17.5000055107263 -47.0396532769747 0
-16.519859114865 -47.4242704722959 0
-15.5397127190036 -47.8088876676171 0
-14.5466324802209 -48.1515809290681 0
-13.5201555875076 -48.3860218235008 0
-12.4936786947943 -48.6204627179335 0
-11.467201802081 -48.8549036123662 0
-10.4407249093677 -49.0893445067989 0
-9.41424801665444 -49.3237854012316 0
-8.38777112394114 -49.5582262956643 0
-7.3581116997941 -49.771555803168 0
-6.30813928049572 -49.8501386446124 0
-5.25816686119734 -49.9287214860567 0
-4.20819444189897 -50.0073043275011 0
-3.15822202260059 -50.0858871689454 0
-2.10824960330221 -50.1644700103898 0
-1.05827718400383 -50.2430528518341 0
-0.00830476470545747 -50.3216356932785 0
1.041666438708 -50.2443974056973 0
2.09163763150193 -50.1657981782225 0
3.14160882429587 -50.0871989507477 0
4.1915800170898 -50.0085997232729 0
5.24155120988373 -49.930000495798 0
6.29152240267766 -49.8514012683232 0
7.3414935954716 -49.7728020408484 0
8.37152470619483 -49.5619368757415 0
9.39800159890813 -49.3274959813088 0
10.4244784916214 -49.0930550868761 0
11.4509553843347 -48.8586141924434 0
12.477432277048 -48.6241732980107 0
13.5039091697613 -48.389732403578 0
14.5303860624746 -48.1552915091453 0
15.5241995906392 -47.8149751418427 0
16.5043459865006 -47.4303579465215 0
17.484492382362 -47.0457407512004 0
18.4646387782233 -46.6611235558792 0
19.4447851740847 -46.2765063605581 0
20.4249315699461 -45.8918891652369 0
21.4050779658075 -45.5072719699157 0
22.3468497741414 -45.0429564393995 0
23.258732390791 -44.5165654842065 0
24.1706150074406 -43.9901745290136 0
25.0824976240903 -43.4637835738206 0
25.9943802407399 -42.9373926186276 0
26.9062628573895 -42.4110016634346 0
27.8181454740392 -41.8846107082417 0
28.6928418300713 -41.3036758092097 0
29.5160127193736 -40.647164551681 0
30.339183608676 -39.9906532941524 0
31.1623544979784 -39.3341420366237 0
31.9855253872808 -38.677630779095 0
32.8086962765832 -38.0211195215663 0
33.6318671658856 -37.3646082640377 0
34.425467495858 -36.6762292669627 0
35.1416165326044 -35.9043821956953 0
35.8577655693508 -35.1325351244279 0
36.5739146060971 -34.3606880531606 0
37.2900636428435 -33.5888409818932 0
38.0062126795898 -32.8169939106258 0
38.7223617163362 -32.0451468393585 0
39.4221181626569 -31.2602282950716 0
40.0151785971216 -30.3902302115511 0
40.6082390315862 -29.5202321280306 0
41.2012994660508 -28.6502340445101 0
41.7943599005155 -27.7802359609896 0
42.3874203349801 -26.9102378774691 0
42.9804807694448 -26.0402397939485 0
43.5735412039094 -25.170241710428 0
44.0317583613926 -24.2224002493634 0
44.4885796811566 -23.2737529882247 0
44.9454010009205 -22.3251057270861 0
45.4022223206844 -21.3764584659474 0
45.8590436404483 -20.4278112048087 0
46.3158649602122 -19.47916394367 0
46.7726862799762 -18.5305166825314 0
47.1055379244759 -17.5332114409816 0
47.4159569863451 -16.5271014319443 0
47.7263760482144 -15.5209914229071 0
48.0367951100837 -14.5148814138698 0
48.3472141719529 -13.5087714048326 0
48.6576332338222 -12.5026613957953 0
48.9680522956915 -11.496551386758 0
49.170452841557 -10.4657821874687 0
49.3273952492108 -9.42463549994743 0
49.4843376568647 -8.38348881242614 0
49.6412800645185 -7.34234212490484 0
49.7982224721724 -6.30119543738355 0
49.9551648798262 -5.26004874986225 0
50.1121072874801 -4.21890206234095 0
50.1812316164577 -3.17117370612696 0
50.1812316164577 -2.11826471468622 0
50.1812316164577 -1.06535572324549 0
50.1812316164577 -0.0124467318047468 0
50.1812316164577 1.04046225963599 0
50.1812316164577 2.09337125107673 0
50.1812316164577 3.14628024251747 0
50.1157163901528 4.19427908879942 0
49.9587739824989 5.23542577632072 0
49.8018315748451 6.27657246384202 0
49.6448891671912 7.31771915136331 0
49.4879467595374 8.35886583888461 0
49.3310043518835 9.40001252640591 0
49.1740619442297 10.4411592139272 0
48.9751908013548 11.4727341289682 0
48.6647717394855 12.4788441380055 0
48.3543526776162 13.4849541470427 0
48.043933615747 14.49106415608 0
47.7335145538777 15.4971741651173 0
47.4230954920084 16.5032841741545 0
47.1126764301392 17.5093941831918 0
46.7831915033301 18.5080208582542 0
46.3263701835662 19.4566681193928 0
45.8695488638023 20.4053153805315 0
45.4127275440383 21.3539626416702 0
44.9559062242744 22.3026099028088 0
44.4990849045105 23.2512571639475 0
44.0422635847466 24.1999044250862 0
43.5854422649826 25.1485516862249 0
42.9941189952825 26.0195526137554 0
42.4010585608179 26.889550697276 0
41.8079981263532 27.7595487807965 0
41.2149376918886 28.629546864317 0
40.6218772574239 29.4995449478375 0
40.0288168229593 30.369543031358 0
39.4357563884946 31.2395411148785 0
38.73883053086 32.0267167742813 0
38.0226814941137 32.7985638455487 0
37.3065324573673 33.570410916816 0
36.590383420621 34.3422579880834 0
35.8742343838746 35.1141050593508 0
35.1580853471282 35.8859521306181 0
34.4419363103819 36.6577992018855 0
33.6507970924815 37.3488305018011 0
32.8276262031791 38.0053417593297 0
32.0044553138767 38.6618530168584 0
31.1812844245743 39.3183642743871 0
30.3581135352719 39.9748755319158 0
29.5349426459696 40.6313867894444 0
28.7117717566672 41.2878980469731 0
27.8391154466434 41.8718252381328 0
26.9272328299938 42.3982161933258 0
26.0153502133441 42.9246071485188 0
25.1034675966945 43.4509981037117 0
24.1915849800449 43.9773890589047 0
23.2797023633952 44.5037800140977 0
22.3678197467456 45.0301709692906 0
21.4276177562301 45.497746778933 0
20.4474713603687 45.8823639742541 0
19.4673249645074 46.2669811695753 0
18.487178568646 46.6515983648965 0
17.5070321727846 47.0362155602176 0
16.5268857769233 47.4208327555388 0
15.5467393810619 47.8054499508599 0
14.5539912852588 48.14921982507 0
13.5275143925455 48.3836607195027 0
12.5010374998322 48.6181016139354 0
11.4745606071189 48.8525425083681 0
10.4480837144056 49.0869834028008 0
9.42160682169235 49.3214242972335 0
8.39512992897905 49.5558651916662 0
7.3656391014239 49.7703141464266 0
6.31566790862997 49.8489133739014 0
5.26569671583604 49.9275126013762 0
4.2157255230421 50.0061118288511 0
3.16575433024817 50.0847110563259 0
2.11578313745424 50.1633102838007 0
1.0658119446603 50.2419095112755 0
