0.00071892358397510352 0.50205756723150918 0
-0.0099419808670359721 0.50195766955628374 0
-0.020628134194382738 0.50162958601582253 0
-0.031305119734406847 0.50107309298187186 0
-0.041967778492368338 0.50028844557114094 0
-0.052611060496047073 0.49927602227306939 0
-0.063230138283804721 0.49803629105320329 0
-0.073238698739239536 0.49666235141718162 0
-0.083217475436946201 0.49508648843683462 0
-0.093162335130398538 0.49330935530042791 0
-0.1030692226070492 0.49133167937994032 0
-0.11314276263815989 0.48910821213636618 0
-0.12349165087656799 0.48659899908964238 0
-0.1337851471853177 0.48386987075026522 0
-0.1440184999147299 0.48092206278601751 0
-0.15418687572341289 0.47775695041808258 0
-0.16428570126205591 0.47437594658543691 0
-0.174483649472571 0.47071843619594028 0
-0.18459995978261171 0.46684084402272502 0
-0.19462997126609929 0.46274495065398508 0
-0.2045688967510241 0.45843270825190041 0
-0.21424406941772359 0.45398777414646863 0
-0.22342453098072421 0.44954112272318109 0
-0.23251237391236809 0.44490812249518819 0
-0.24150381646447941 0.44009070139342671 0
-0.25058569290050209 0.4349836974636776 0
-0.25968662564458173 0.42961336771868358 0
-0.26867207798177578 0.42405188984076991 0
-0.27753799278852881 0.41830177336579261 0
-0.2862865849661132 0.41236139273412559 0
-0.29492898977691939 0.40622213639682131 0
-0.30343924929902849 0.39990108396740259 0
-0.31181351648248617 0.39340109902733339 0
-0.32004822162627 0.38672495209239421 0
-0.32813959408576832 0.37987568925125931 0
-0.3358220761239436 0.37309753491622011 0
-0.34336410622243851 0.36616337126493348 0
-0.35076254481130881 0.35907608035392641 0
-0.35815912126176153 0.35169408065232599 0
-0.36579299293622808 0.34374996312032918 0
-0.37324999156480471 0.33563957345606699 0
-0.38052648704013492 0.3273668915535084 0
-0.3873316047089968 0.3192924911364966 0
-0.39394816576481118 0.31109757096472568 0
-0.40039063689610382 0.30276512349187129 0
-0.40665597821275662 0.29429910240612828 0
-0.4127417788876328 0.28570276731145661 0
-0.4186452473664819 0.27698003633081469 0
-0.42427391433504369 0.26828025956559381 0
-0.42952556573629458 0.25979671509616648 0
-0.43460676882542792 0.25121030428634178 0
-0.43951550508951071 0.24252446982669359 0
-0.44424996530462019 0.2337424256028669 0
-0.449038738418997 0.22441894594856621 0
-0.45367692051800812 0.21490299551269121 0
-0.45811261224560451 0.2052909841946064 0
-0.46234383411803492 0.19558719925872331 0
-0.46636876985042702 0.18579579142856589 0
-0.47018547024975837 0.17592148891863951 0
-0.47379805617056719 0.16595264009133681 0
-0.47733813783454998 0.1554968504587651 0
-0.48064664000227569 0.1449654871549361 0
-0.48372183866153812 0.13436371887018009 0
-0.48647275572670562 0.12406408751498051 0
-0.48890797664658697 0.1141367166122509 0
-0.49113976234323542 0.1041616336760052 0
-0.49316717555082701 0.094143028065456436 0
-0.49498936812592548 0.084085096789465019 0
-0.49662063255440719 0.073898037243923048 0
-0.49805731761725852 0.063564824844534643 0
-0.4992873637582429 0.053125329253302871 0
-0.50031456993422807 0.042487443519117249 0
-0.50111436280068555 0.031827654076834209 0
-0.50168609516032281 0.021153251507255399 0
-0.50202950817658398 0.010469114500848619 0
-0.50214449542440498 -0.0002196842255331859 0
-0.50203099387603578 -0.010908604191271249 0
-0.50168902349469646 -0.0215926595110317 0
-0.50111876427100244 -0.032266654608614588 0
-0.50032046954753584 -0.042925993080967131 0
-0.49931109077409458 -0.053424973289935777 0
-0.49810138789708103 -0.063749533364490921 0
-0.49670283473804799 -0.073886439424917183 0
-0.49509716302944828 -0.083992444725746254 0
-0.49328501325494128 -0.0940635316688294 0
-0.49126714273517669 -0.10409547387372101 0
-0.48904439686084328 -0.1140840562207296 0
-0.48661774250999967 -0.1240249515760387 0
-0.48379327075351919 -0.13464707935980119 0
-0.48073607466290319 -0.14520434846614139 0
-0.4774475961737189 -0.15569186279345479 0
-0.47392945024233779 -0.16610458218698329 0
-0.47032917859346712 -0.17606017415859801 0
-0.46651908489701271 -0.1859369751015939 0
-0.46250082345554511 -0.19573073953876011 0
-0.45827431615284681 -0.20544141315838529 0
-0.45384310397422478 -0.21506037997310359 0
-0.44920923516181599 -0.22458320781247471 0
-0.44456501103669671 -0.23365278807869799 0
-0.43983236194025249 -0.24245669916873699 0
-0.43492467326053341 -0.25116426289460719 0
-0.42984387151213688 -0.25977205583136498 0
-0.4245919885846875 -0.26827662722819701 0
-0.41894925262446642 -0.27701828961480113 0
-0.41307930330508941 -0.28570956699082573 0
-0.40702836073572007 -0.29427581876806419 0
-0.40079908521080287 -0.30271327833967948 0
-0.39439405829982999 -0.31101843853929162 0
-0.38781624745251769 -0.31918743349384388 0
-0.38084653519845718 -0.32748084711528708 0
-0.37361019418862462 -0.33572222373681743 0
-0.36619481711695262 -0.34380293469625778 0
-0.35860410532006393 -0.35171904766130618 0
-0.35124511661751451 -0.35908045347653689 0
-0.34373449265550049 -0.36628708018110911 0
-0.3360754673784116 -0.37333582274904409 0
-0.32814413034386919 -0.38033591604975792 0
-0.32006639200246012 -0.38716673231338272 0
-0.31184594030966423 -0.39382514320209172 0
-0.30348645937763458 -0.40030816327934338 0
-0.29499160315622081 -0.40661295563199379 0
-0.28641502368178889 -0.41270285356821651 0
-0.27773537870978732 -0.41859598291063671 0
-0.2689339568194043 -0.42430574578199121 0
-0.26001473247830009 -0.42982956401720618 0
-0.25113026690302559 -0.43508130652109661 0
-0.24222031485185311 -0.4401050645504983 0
-0.23320969184751661 -0.44494539987421899 0
-0.2241021947116803 -0.44960029195128542 0
-0.21490140232952029 -0.4540679190508084 0
-0.20505528457173211 -0.45860241468141771 0
-0.1951131444566632 -0.4629224196619226 0
-0.1850795181377474 -0.46702595743349262 0
-0.17495892800448451 -0.47091116063714228 0
-0.16478563233827301 -0.47456631182267522 0
-0.15459306576141979 -0.47798289718175602 0
-0.1443297008290228 -0.48117949445150182 0
-0.1339999731597272 -0.48415473358374089 0
-0.1236085054781996 -0.48690730109834718 0
-0.113160730233255 -0.48943573912340521 0
-0.103186572957514 -0.49163491513323798 0
-0.09342486737266284 -0.49358432407127972 0
-0.083626289718440078 -0.49533901918982159 0
-0.073794674413448086 -0.4968983127927506 0
-0.063933940156545077 -0.49826158079514071 0
-0.053648681660973183 -0.49947540682341302 0
-0.042980117913812302 -0.50051093074087027 0
-0.03229178981736916 -0.50131753647888122 0
-0.021588678316338639 -0.50189485017627977 0
-0.01087554527618515 -0.50224261245198931 0
-0.0001571667737489271 -0.50236065882015002 0
0.01056162070319335 -0.50224891784797976 0
0.021275596818466691 -0.5019074283143673 0
0.031980053422418032 -0.50133633326237959 0
0.042669857388636247 -0.5005358941168716 0
0.053340103720888918 -0.49950647476623927 0
0.063570140596405464 -0.49830637400915501 0
0.073435924177657971 -0.49694931302594419 0
0.083272708012709085 -0.49539604273164811 0
0.093076603992860163 -0.49364717803190589 0
0.10284372519831581 -0.49170341155899883 0
0.11263133768669099 -0.48955207620649732 0
0.1230834453629648 -0.4870340815094254 0
0.1334796447174284 -0.4842917805359801 0
0.14381464591683821 -0.48132653419912652 0
0.1540837603690223 -0.47813967393214107 0
0.16428213052896989 -0.47473269122748279 0
0.17443774112150531 -0.47109543870941178 0
0.1845853671761814 -0.46721207764870598 0
0.19464620805601399 -0.46310914971983519 0
0.204615542982301 -0.45878858011189683 0
0.21448864007433821 -0.45425241931043231 0
0.2239390637894636 -0.44966764368588957 0
0.23309487015208999 -0.44499085655578052 0
0.24215258932355191 -0.4401268120831921 0
0.25110838271670688 -0.43507757175033962 0
0.25995846603384659 -0.42984526947821711 0
0.26875594248065843 -0.42439691313751859 0
0.27747835402617282 -0.41874201991965959 0
0.28608144886621678 -0.41290694352503099 0
0.29456145814898732 -0.40689423084790899 0
0.30297648835107172 -0.40066071569354461 0
0.31134903630255151 -0.3941827742330018 0
0.31958257228685177 -0.38752903953864359 0
0.32767341125010102 -0.38070249022610841 0
0.33561804150035801 -0.37370608373125552 0
0.3434129935850907 -0.36654285854817198 0
0.35105457400715301 -0.35921619094881779 0
0.35858237516672581 -0.35168633248561881 0
0.36615857943614077 -0.34377823923247192 0
0.37355976993790901 -0.33570612578499398 0
0.38078236946444982 -0.32747389572594809 0
0.38763666974976058 -0.31931725373319247 0
0.39422916408031289 -0.3111286354418768 0
0.40064805364253048 -0.30280323332253339 0
0.4068903911042614 -0.29434488246460627 0
0.41295353593765088 -0.28575716693949821 0
0.41883265386173069 -0.27704722306517499 0
0.42424562380970537 -0.26867244273544783 0
0.42949051529928722 -0.26019137508709961 0
0.43456523510898171 -0.2516074042147915 0
0.43946777613661858 -0.24292392383025249 0
0.4441961953654549 -0.23414437259543899 0
0.44908558639874141 -0.224615513627338 0
0.45376977968317089 -0.21498409880349759 0
0.45824659470931239 -0.20525461416949259 0
0.46244184162978141 -0.1956076267515979 0
0.46643320702712671 -0.18587453874742901 0
0.47021892708659119 -0.17605965227480599 0
0.4738700273605832 -0.16596633410636041 0
0.47742013841475972 -0.1554519374143937 0
0.4807360488125158 -0.1448612983339779 0
0.48381612390126422 -0.13419962644920461 0
0.48643244256107088 -0.12440229652141099 0
0.48883749798920839 -0.1146076477857903 0
0.49104451992047621 -0.1047664535621685 0
0.49305259760541897 -0.094882774428405134 0
0.49489468989792779 -0.084775311535425071 0
0.49656953718058028 -0.0743788042521146 0
0.49802825084478969 -0.063926568824494642 0
0.49926612981448798 -0.053445168919658698 0
0.50029425832267149 -0.042818540981473252 0
0.50109632845169194 -0.032158336156925413 0
0.50167031539543561 -0.021483479916622951 0
0.50201596332350462 -0.01079872939863696 0
0.50213311019703233 -0.00010894960848534091 0
0.50202169790369977 0.010580904775896811 0
0.50168234498807618 0.02125525967212237 0
0.50111651239601751 0.031900951713780677 0
0.50032896260262372 0.042478868239638118 0
0.49934324040924649 0.052814866762780008 0
0.49815418700583419 0.063047538612753737 0
0.49675457192934208 0.073253617047975922 0
0.49514499269649281 0.083428718686655509 0
0.49332615113196082 0.0935684223090687 0
0.49129882724783869 0.1036684110503963 0
0.48905565910377119 0.11376141170094051 0
0.486543694056422 0.1240541324667546 0
0.48373269423062548 0.13459707783357761 0
0.48069231853819733 0.14507616652769251 0
0.47742391239720472 0.15548673623312401 0
0.47392901927989739 0.16582379976103731 0
0.47027523601696419 0.17591202370288361 0
0.46644188458178137 0.18583187450632099 0
0.46239843655504859 0.19566798448488279 0
0.45814681181324801 0.20541567494827959 0
0.45368884172796092 0.21507075402708231 0
0.44902903131367888 0.224624013072041 0
0.44445127136230073 0.23355002452026249 0
0.43969535463390857 0.2423824319617407 0
0.43476315907091961 0.25111774226140882 0
0.42965673430041101 0.25975231859055348 0
0.42437811666319297 0.26828272005908521 0
0.41866511990217942 0.27711409354274441 0
0.41272076106255429 0.2858925562804952 0
0.40659164700935863 0.29454298770591109 0
0.40028051874473097 0.30306152186833302 0
0.39379021758689092 0.31144432491191071 0
0.38712364709644131 0.31968764700077668 0
0.38019709220791542 0.32789047115394571 0
0.37299795028118121 0.33605390062284218 0
0.36562272901797138 0.34405882099459478 0
0.35807506689814672 0.35190126059370302 0
0.35082708145367758 0.35913011653526461 0
0.34348883209542741 0.36615742496357812 0
0.33600924954967037 0.37303423612715109 0
0.32839146305479322 0.37975766873066902 0
0.32034689867803617 0.38657205302942849 0
0.31207616632499607 0.39328371359822301 0
0.30366434271870413 0.3998176872769762 0
0.29511504639817798 0.4061711558574112 0
0.28643234142410617 0.41234109322718687 0
0.27761994506141591 0.41832484090610839 0
0.26868207413331052 0.42411952150556698 0
0.25962278162602909 0.42972250637994852 0
0.25044615696967198 0.43513126343218039 0
0.24120356946229571 0.44031815059678647 0
0.23228075005887749 0.44509077510575878 0
0.22326320998242091 0.44968184515051352 0
0.21415460630568051 0.45408949950318001 0
0.20495845660332079 0.45831203018023781 0
0.19527073393366989 0.46252503256792238 0
0.18529693245065321 0.46661411489611537 0
0.17523725304020671 0.4704872649566762 0
0.16509637106130221 0.47414267926328513 0
0.15487875764101011 0.47757874616523449 0
0.1446584153695738 0.48077385387314969 0
0.13447605443105429 0.48372164757242458 0
0.1242334944923959 0.48645292624386383 0
0.1139353813221721 0.48896645264353739 0
0.10358631076913979 0.49126110650089022 0
0.093449070417766358 0.49328986511466433 0
0.083435228854499902 0.49508286145913682 0
0.073387223468934379 0.49667173083747979 0
0.063309214043439963 0.49805583039303108 0
0.053205444793607073 0.49923459465154463 0
0.043079886429499302 0.50020757127141779 0
0.032523181693789142 0.50100562391190706 0
0.021929931106106339 0.50158119368072296 0
0.01132694433954678 0.50193189260806947 0
