-25.1926214758898 -11.1836003500021 -2.35657485436972
-25.0294571196421 -12.1032726523238 -1.82993367433014
-24.8662927633945 -13.0229449546454 -1.30329249429056
-24.7031284071468 -13.9426172569671 -0.776651314250979
-24.5399640508992 -14.8622895592887 -0.250010134211399
-24.2389053441585 -15.7377934862489 0.285383226478081
-23.898650899416 -16.6007427866965 0.823264348112596
-23.5583964546736 -17.4636920871441 1.36114546974711
-23.2181420099311 -18.3266413875917 1.89902659138163
-22.7766651016033 -19.1390070274835 2.43262811752856
-22.2546688994847 -19.9111349525339 2.9628253597432
-21.7326726973662 -20.6832628775843 3.49302260195784
-21.2106764952477 -21.4553908026347 4.02321984417248
-20.6285082480505 -22.1840131357973 4.54142792991721
-19.924864319922 -22.8248061224258 5.03543223558319
-19.2212203917936 -23.4655991090543 5.52943654124916
-18.5175764636651 -24.1063920956827 6.02344084691514
-17.7973051565123 -24.7297477695639 6.50988496242746
-16.9263293594467 -25.1950580101162 6.927806275935
-16.0553535623811 -25.6603682506686 7.34572758944254
-15.1843777653155 -26.125678491221 7.76364890295009
-14.31340196825 -26.5909887317734 8.18157021645763
-13.3310074114888 -26.870417967396 8.49290242708513
-12.3301538790134 -27.1190519135618 8.78657580120386
-11.329300346538 -27.3676858597276 9.0802491753226
-10.3284468140625 -27.6163198058933 9.37392254944133
-9.28829992848352 -27.7149661773361 9.56178990012891
-8.22268257356903 -27.7163886261317 9.68107239199291
-7.15706521865455 -27.7178110749274 9.8003548838569
-6.09144786374006 -27.719233523723 9.9196373757209
-5.03568081452056 -27.6325226366434 9.96478649796376
-3.9987656603207 -27.377138771577 9.86805631769297
-2.96185050612083 -27.1217549065106 9.77132613742218
-1.92493535192097 -26.8663710414442 9.67459595715138
-0.896931020221184 -26.5963458913337 9.56328295417094
-0.00394704795032767 -26.1044701130533 9.23100516777942
0.889036924320529 -25.612594334773 8.8987273813879
1.78202089659139 -25.1207185564926 8.56644959499637
2.67500486886224 -24.6288427782122 8.23417180860485
3.37035385980197 -24.0025458979106 7.73719840238481
4.00229763672729 -23.333124067338 7.18738738132487
4.6342414136526 -22.6637022367654 6.63757636026493
5.26618519057791 -21.9942804061927 6.08776533920498
5.75740721781365 -21.2901194462744 5.4740222713673
6.04706028414607 -20.5361983730804 4.76870333650238
6.33671335047848 -19.7822772998863 4.06338440163746
6.62636641681089 -19.0283562266923 3.35806546677255
6.9160194831433 -18.2744351534982 2.65274653190763
6.85569673280593 -17.5246413121355 1.88939448832096
6.79194089335148 -16.7748879568693 1.12547316873151
6.72818505389702 -16.025134601603 0.361551849142066
6.66442921444256 -15.2753812463368 -0.402369470447382
6.44398704351666 -14.5371908734179 -1.12773714024884
6.0433774284116 -13.8122963186923 -1.80877348592745
5.64276781330654 -13.0874017639666 -2.48980983160605
5.24215819820147 -12.362507209241 -3.17084617728466
4.84154858309641 -11.6376126545153 -3.85188252296327
4.18441457009079 -10.911598662101 -4.27174051807202
3.49939534314594 -10.1854629823943 -4.66320739622839
2.81437611620109 -9.45932730268753 -5.05467427438476
2.12935688925625 -8.73319162298077 -5.44614115254113
1.40083584412407 -8.01291690363013 -5.67627462569068
0.598755721833252 -7.30255273176978 -5.63360257296409
-0.203324400457565 -6.59218855990942 -5.5909305202375
-1.00540452274838 -5.88182438804907 -5.5482584675109
-1.8074846450392 -5.17146021618871 -5.50558641478431
-2.54621324361105 -4.52129564255912 -5.10148122800747
-3.27667842725622 -3.8789833545479 -4.65023160366101
-4.00714361090139 -3.23667106653667 -4.19898197931455
-4.73760879454656 -2.59435877852545 -3.7477323549681
-5.40008346897906 -1.97432607909251 -3.19508506817177
-5.96967767256655 -1.38472907872033 -2.50392046859186
-6.53927187615404 -0.795132078348142 -1.81275586901196
-7.10886607974153 -0.205535077975957 -1.12159126943205
-7.67846028332902 0.384061922396228 -0.430426669852135
-8.11098670447187 1.03615645237577 0.302024762221642
-8.53801200352262 1.6907592781393 1.03613321319727
-8.96503730257337 2.34536210390282 1.77024166417289
-9.39206260162412 2.99996492966634 2.50435011514852
-9.74685754502651 3.74035448487425 3.18384291698205
-10.0366425708818 4.55795518154421 3.81417967056356
-10.326427596737 5.37555587821417 4.44451642414506
-10.6162126225922 6.19315657488413 5.07485317772657
-10.8805882755598 7.03293236385062 5.67727936448115
-10.9893614753232 8.00850445037335 6.10878623387225
-11.0981346750866 8.98407653689608 6.54029310326336
-11.2069078748501 9.95964862341881 6.97179997265446
-11.3156810746135 10.9352207099415 7.40330684204557
-11.2480115826965 11.9698671559711 7.63879468701168
-11.1338583707186 13.0200767061674 7.82264143893392
-11.0197051587408 14.0702862563638 8.00648819085616
-10.9055519467629 15.1204958065601 8.1903349427784
-10.6824879592733 16.15271282596 8.25467734911678
-10.3343220170903 17.1642624617888 8.18174934160816
-9.98615607490729 18.1758120976176 8.10882133409955
-9.6379901327243 19.1873617334465 8.03589332659094
-9.25724767549233 20.1758874182409 7.92733512570929
-8.69615788524036 21.0369498627718 7.621524077488
-8.13506809498838 21.8980123073028 7.3157130292667
-7.5739783047364 22.7590747518337 7.0099019810454
-7.01288851448442 23.6201371963646 6.70409093282411
-6.31140170329087 24.2744014866775 6.24127321640464
-5.58505930243944 24.8920546720767 5.7506593737418
-4.85871690158801 25.5097078574759 5.26004553107897
-4.13237450073657 26.1273610428751 4.76943168841613
-3.3508872703577 26.5740531150774 4.21272952508969
-2.52485033443387 26.8826312912385 3.60263676738195
-1.69881339851003 27.1912094673997 2.99254400967422
-0.872776462586198 27.4997876435608 2.38245125196649
-0.0406393313785595 27.719233523723 1.76107249972356
0.808837728948657 27.6853190403259 1.10761307855455
1.65831478927587 27.6514045569288 0.45415365738554
2.50779184960309 27.6174900735317 -0.199305763783472
3.35726890993031 27.5835755901346 -0.852765184952484
4.15288175570995 27.2190869921688 -1.4693921918164
4.94674395783368 26.8438543876054 -2.08482210645542
5.74060615995741 26.468621783042 -2.70025202109444
6.53446836208115 26.0933891784785 -3.31568193573346
7.24010388348002 25.5126458306852 -3.85200782811902
7.90350286921065 24.833518844685 -4.35046445204793
8.56690185494128 24.1543918586847 -4.84892107597684
9.23030084067191 23.4752648726845 -5.34737769990575
9.82050130042994 22.7077505864524 -5.7746341197096
10.291079210608 21.7957919406689 -6.08553368895002
10.761657120786 20.8838332948853 -6.39643325819043
11.232235030964 19.9718746491017 -6.70733282743085
11.6849057675965 19.0498131076126 -6.99967873249126
11.9228634951184 18.0066144624846 -7.06955998918125
12.1608212226404 16.9634158173567 -7.13944124587125
12.3987789501624 15.9202171722287 -7.20932250256124
12.6367366776843 14.8770185271007 -7.27920375925124
12.6906544213961 13.8256492415355 -7.14516543920946
12.6872553440482 12.7717353179725 -6.94761906158089
12.6838562667004 11.7178213944096 -6.75007268395232
12.6804571893525 10.6639074708467 -6.55252630632376
12.5861053144269 9.65586637256001 -6.2446764663322
12.3709190997493 8.70876911220295 -5.79028417353042
12.1557328850716 7.76167185184589 -5.33589188072864
11.940546670394 6.81457459148883 -4.88149958792685
11.715569693013 5.87923506578265 -4.41406983250048
11.3499278978009 5.1128200307299 -3.75932961305465
10.9842861025888 4.34640499567716 -3.10458939360882
10.6186443073767 3.57998996062441 -2.44984917416299
10.2530025121646 2.81357492557167 -1.79510895471716
9.81949793765702 2.1498821696031 -1.0800770986704
9.34957138174233 1.5413205028376 -0.332686696597589
8.87964482582764 0.932758836072098 0.414703705475219
8.40971826991295 0.324197169306596 1.16209410754803
7.91748771608243 -0.279621404384342 1.89673126610741
7.32098804502494 -0.861266458795184 2.57174819658288
6.72448837396746 -1.44291151320603 3.24676512705835
6.12798870290997 -2.02455656761687 3.92178205753381
5.53148903185248 -2.60620162202771 4.59679898800928
4.8390749512757 -3.24957732802711 5.08005686690786
4.10261089734762 -3.92130366008011 5.47524684074226
3.36614684341954 -4.59302999213312 5.87043681457667
2.62968278949146 -5.26475632418612 6.26562678841107
1.88761263606641 -5.95256012704971 6.57379066120463
1.12339633849412 -6.70387582196709 6.53816959417241
0.35918004092183 -7.45519151688447 6.50254852714019
-0.405036256650462 -8.20650721180185 6.46692746010797
-1.16925255422275 -8.95782290671923 6.43130639307576
-1.81639790661059 -9.71584557497252 6.09592337311515
-2.41394616618645 -10.4767096517282 5.63354623537863
-3.0114944257623 -11.2375737284839 5.17116909764211
-3.60904268533815 -11.9984378052395 4.70879195990559
-4.14954148701617 -12.7542065132487 4.19838064774073
-4.42535231415342 -13.4863346314479 3.46510887718302
-4.70116314129067 -14.218462749647 2.73183710662532
-4.97697396842792 -14.9505908678462 1.99856533606761
-5.25278479556517 -15.6827189860453 1.26529356550991
-5.29813826340727 -16.3965951946469 0.486966970358527
-5.20929681858628 -17.0998433485754 -0.317594969456571
-5.1204553737653 -17.8030915025039 -1.12215690927167
-5.03161392894431 -18.5063396564325 -1.92671884908677
-4.90009804766592 -19.2018242360171 -2.72298066993896
-4.44599607936421 -19.8386221339067 -3.45649994231617
-3.9918941110625 -20.4754200317962 -4.19001921469337
-3.53779214276079 -21.1122179296857 -4.92353848707057
-3.08369017445908 -21.7490158275753 -5.65705775944778
-2.40965982088325 -22.2820686010103 -6.27125464463288
-1.63350085879706 -22.7669450320098 -6.83004154100333
-0.857341896710878 -23.2518214630093 -7.38882843737378
-0.0811829346246912 -23.7366978940087 -7.94761533374423
0.761220953825103 -24.1525237609825 -8.43195857273695
1.75067406328729 -24.4150725061023 -8.75105320436278
2.74012717274947 -24.6776212512221 -9.07014783598861
3.72958028221166 -24.9401699963419 -9.38924246761444
4.71903339167385 -25.2027187414618 -9.70833709924027
5.78735474341866 -25.2213455154629 -9.77734917165082
6.85773638821537 -25.23360026027 -9.8398282804218
7.92811803301207 -25.2458550050772 -9.90230738919278
8.99849967780878 -25.2581097498844 -9.96478649796376
10.0442210460663 -25.1100887556977 -9.87204903245437
11.0773515533396 -24.8802353641497 -9.70006224035753
12.110482060613 -24.6503819726018 -9.52807544826069
13.1436125678864 -24.4205285810539 -9.35608865616386
14.1314482360037 -24.1142000231774 -9.1150792623477
15.0404960386202 -23.6748471466124 -8.75400887345796
15.9495438412367 -23.2354942700474 -8.39293848456823
16.8585916438532 -22.7961413934824 -8.0318680956785
17.7532337263638 -22.3431826934598 -7.65977112262877
18.4865562810996 -21.7378619456502 -7.16419518868144
19.2198788358354 -21.1325411978406 -6.66861925473411
19.9532013905713 -20.527220450031 -6.17304332078678
20.6865239453071 -19.9218997022214 -5.67746738683945
21.2606851926038 -19.2179258772198 -5.1159089269845
21.7977699405065 -18.4909708967126 -4.53897989044106
22.3348546884092 -17.7640159162055 -3.96205085389761
22.8719394363118 -17.0370609356983 -3.38512181735417
23.3007123775475 -16.2640066259753 -2.7879598633297
23.6405861940274 -15.453115351426 -2.17419132955485
23.9804600105072 -14.6422240768768 -1.56042279578
24.320333826987 -13.8313328023275 -0.946654262005154
24.6039866209475 -13.0041901055358 -0.332690557544592
24.7531123777084 -12.1381606082806 0.281740156104363
24.9022381344694 -11.2721311110253 0.896170869753319
25.0513638912303 -10.4061016137701 1.51060158340227
25.1926214758898 -9.53870412039869 2.12374680948317
25.1545270428785 -8.64012367113246 2.70758983092887
25.1164326098672 -7.74154322186623 3.29143285237458
25.0783381768559 -6.8429627726 3.87527587382029
25.0402437438446 -5.94438232333377 4.45911889526599
24.8513492956625 -5.03752911761731 4.99291793631385
24.622151223176 -4.12846489045265 5.51334195361013
24.3929531506895 -3.21940066328798 6.03376597090641
24.1637550782031 -2.31033643612332 6.55418998820269
23.830324441106 -1.41070916043398 7.01985362340275
23.4040865218567 -0.519484420185448 7.43675934641908
22.9778486026074 0.371740320063083 7.8536650694354
22.5516106833581 1.26296506031162 8.27057079245173
22.074826499581 2.13901352817412 8.64813579275889
21.4530241156097 2.97152098014478 8.91283150678114
20.8312217316384 3.80402843211544 9.17752722080338
20.2094193476671 4.6365358840861 9.44222293482563
19.5876169636958 5.46904333605676 9.70691864884788
18.7996169281545 6.19174164645937 9.77342239558783
18.007173510293 6.91150415124969 9.83462737501615
17.2147300924316 7.63126665604001 9.89583235444447
16.4222866745701 8.35102916083033 9.95703733387279
15.5559866700769 8.95651251887575 9.85471903839623
14.653429684102 9.50589503207789 9.67212543342525
13.750872698127 10.05527754528 9.48953182845427
12.8483157121521 10.6046600584822 9.3069382234833
11.9403554858203 11.0825904447729 9.03735135209059
11.0220653998866 11.4239193862774 8.60145164448811
10.1037753139528 11.765248327782 8.16555193688563
9.18548522801904 12.1065772692866 7.72965222928315
8.26719514208528 12.4479062107912 7.29375252168066
7.42696291381329 12.601955588005 6.64680442063133
6.58810356346081 12.7527111010737 5.99614441039065
5.74924421310833 12.9034666141424 5.34548440014997
4.91038486275585 13.0542221272111 4.69482438990928
4.13032784182435 13.1463593877191 3.97139868934002
3.39584985086381 13.1930603004391 3.19157063850671
2.66137185990326 13.2397612131592 2.4117425876734
1.92689386894271 13.2864621258792 1.6319145368401
1.19383654566131 13.3310519270722 0.850695041293387
0.47859726248563 13.3491641287474 0.0520240206136479
-0.23664202069005 13.3672763304227 -0.746647000066092
-0.95188130386573 13.3853885320979 -1.54531802074583
-1.66712058704141 13.4035007337732 -2.34398904142557
-2.43286564893911 13.3814063226157 -3.090921939761
-3.2355682716803 13.3298907565393 -3.7999955108501
-4.03827089442149 13.2783751904629 -4.50906908193919
-4.84097351716269 13.2268596243866 -5.21814265302829
-5.65970715358042 13.1501374146032 -5.8997030263192
-6.56625836909535 12.9353337040381 -6.43054664066964
-7.47280958461027 12.7205299934729 -6.96139025502009
-8.37936080012519 12.5057262829077 -7.49223386937054
-9.28591201564012 12.2909225723425 -8.02307748372098
-10.2169044676205 11.9096648513976 -8.37267724090532
-11.1540703308391 11.4863638786818 -8.67649810035458
-12.0912361940576 11.063062905966 -8.98031895980383
-13.0284020572762 10.6397619332502 -9.28413981925308
-13.9344071245675 10.1219845109593 -9.47664109875174
-14.8071732640909 9.50342994900485 -9.55039882992239
-15.6799394036144 8.88487538705039 -9.62415656109305
-16.5527055431379 8.26632082509593 -9.69791429226371
-17.398508688271 7.61800204470427 -9.73248984270062
-18.1340412445148 6.84795650624636 -9.60682198393303
-18.8695738007587 6.07791096778845 -9.48115412516545
-19.6051063570026 5.30786542933054 -9.35548626639787
-20.3406389132464 4.53781989087264 -9.22981840763028
-20.9129914231707 3.67408852993828 -8.96169058126832
-21.4728668911198 2.80319378128656 -8.68267000768906
-22.0327423590688 1.93229903263484 -8.40364943410979
-22.5926178270179 1.06140428398313 -8.12462886053052
-23.0252609894087 0.151455995800084 -7.77295862988294
-23.3975135556151 -0.777028988114952 -7.3868053637853
-23.7697661218214 -1.70551397202999 -7.00065209768765
-24.1420186880278 -2.63399895594502 -6.61449883159001
-24.4332514248076 -3.57280135471728 -6.19748567180213
-24.6213439574794 -4.52473807235658 -5.7411871203207
-24.8094364901511 -5.47667478999588 -5.28488856883927
-24.9975290228228 -6.42861150763518 -4.82859001735784
-25.1481806364309 -7.37979368372129 -4.36299645808946
-25.1592606771349 -8.3281630936138 -3.86275313889475
-25.170340717839 -9.2765325035063 -3.36250981970005
-25.1814207585431 -10.2249019133988 -2.86226650050534
