-1.475794522926555 -0.81033368423173724 -0.016004936549091749
-1.4801901579191756 -0.87115883948026862 0.027296974847226436
-1.484613004561318 -0.93197578561830152 0.070607643559521843
-1.4890694182236812 -0.992782926269698 0.11392863677789845
-1.4926131575719654 -1.0536776969350936 0.15720048742866324
-1.4926446505135695 -1.1148350543928645 0.20019549806193371
-1.4872999405155316 -1.1761751000525837 0.2426080401865798
-1.4763515294826051 -1.2373644046139258 0.28416579654046381
-1.4595891346930037 -1.298004333985965 0.32457240178322111
-1.4375495943575007 -1.3577840890403676 0.36368676990748583
-1.4103457962066095 -1.4163694216665286 0.40131673639873278
-1.3781235582175722 -1.4734372521497323 0.43727385348263964
-1.3410526106412166 -1.5286634539317221 0.47139092211932809
-1.299340665152974 -1.5817789312367221 0.50345110969321016
-1.2532157995361568 -1.6325557361425278 0.53319555777096783
-1.2027180989057205 -1.6805268542305967 0.56039685686175
-1.1481425846439033 -1.7253737263501772 0.58490681547226642
-1.0900222312694696 -1.7670595986841136 0.60666247266751072
-1.0286692912625683 -1.8053561890372485 0.62557082486475935
-0.96441145722867705 -1.8400578009788946 0.64154857031702417
-0.89759237207885345 -1.870991085963958 0.6545133001764919
-0.82849059569176653 -1.8978323090161382 0.66426978322458341
-0.75744023318335518 -1.9202697344414379 0.67050632650548192
-0.68504059145728047 -1.9386845887986566 0.6733527955194033
-0.61166642276486016 -1.9529873849307571 0.67277023321994356
-0.53767417436671705 -1.9629922841993286 0.66893711222065366
-0.46339058023364144 -1.9682992526684817 0.66227726135827258
-0.38923070935970067 -1.9682966775796882 0.65274763540998193
-0.3156393011441474 -1.9636928229463813 0.64041690254231631
-0.24302760357704634 -1.9545942410861872 0.62514195869368716
-0.17171005359462818 -1.9412195239842611 0.60712168978933079
-0.1020437914927704 -1.9233104552758087 0.58670485362572711
-0.034751507396555602 -1.9004775192972383 0.56344031648213189
0.029991722696806271 -1.8733823313017333 0.53768695599271477
0.09192846589959304 -1.8419082348087297 0.51009533867131807
0.15070696975513892 -1.8061968193225733 0.48081702766303014
0.20578351399281375 -1.7667920625043567 0.44917844230177073
0.25711596888583416 -1.724156961277328 0.41549785318480392
0.30431805658721311 -1.6779328343895141 0.38053977916582482
0.34693274930922446 -1.628635540581888 0.34393316962692799
0.38505142734632064 -1.5770823922719748 0.30552766640784323
0.41812344835944298 -1.5229881380563648 0.26596873681952193
0.44585929263620105 -1.4667584832574445 0.22531645363144739
0.46881933934794739 -1.409270682713289 0.183446333072222
0.48594572823417354 -1.3505272219272328 0.14048663262146519
0.49707687615605423 -1.290946333477915 0.096665496163247155
0.50112892379616847 -1.2315170038402268 0.051451749082939285
0.49862455784797016 -1.1735005500413205 0.0044240476110842461
0.49161546778079646 -1.1178126606060199 -0.044848152321358109
0.47990973919977026 -1.0677417632967781 -0.098968620245665093
0.46245050912031532 -1.0239973079737563 -0.15696727839607655
0.44217486086377117 -0.98243316079922915 -0.21569435440941465
0.41861809201350375 -0.94338473685644364 -0.2749765267032685
0.38702229973731772 -0.90247566245008015 -0.32891660148704521
0.34917421334919613 -0.8586816176233989 -0.37609860149548879
0.3066987208488593 -0.81233276716398073 -0.41629355376953958
0.26056992360994002 -0.76347620426586715 -0.44874868639999516
0.21196776973146006 -0.71268475380505303 -0.47383045520825456
0.1611705460829472 -0.66036947451923855 -0.4901136085112654
0.10910107488379318 -0.60718742046261776 -0.49745154400138453
0.056977872972744599 -0.55362112256975826 -0.49464080111878067
0.0056748643943193497 -0.50048607074916063 -0.4832872090408657
-0.044160972722315048 -0.4484416694078544 -0.46368176596478172
-0.092558324557598826 -0.39900205751774742 -0.43559734985942322
-0.14079815134026635 -0.35192636763836055 -0.40330135081787677
-0.18949777367079423 -0.30726184022029562 -0.36826560480978543
-0.23904506315904167 -0.26667324248877589 -0.32969742562895421
-0.28833333859767174 -0.22972896715321292 -0.28734549539622817
-0.33714336300157405 -0.195208993104283 -0.24246442873248447
-0.38541009263515086 -0.16400759451551791 -0.19467038571996381
-0.43295623111717907 -0.13649535053931966 -0.14395573312889376
-0.47875957798726532 -0.11097178732580597 -0.090640897446409019
-0.51918261085235484 -0.082069365515122589 -0.034741835285905506
-0.55621772609055686 -0.049871045416234439 0.021690847480209517
-0.59446904231546505 -0.013744415518600697 0.074495359788217003
-0.63481435123333718 0.02882159805244339 0.12070123768189724
-0.67615305021279903 0.076223188188440663 0.16117688396732394
-0.71407589753505607 0.12995052446660904 0.19672756118316995
-0.74999645021865746 0.18662354863317018 0.22949834195385485
-0.78339137357457711 0.24666864759178456 0.25896194107804155
-0.81247010675351061 0.31077296014411521 0.28424318139294902
-0.83754368677819624 0.37761477118938586 0.30631645225530574
-0.85875260501723627 0.44662691909319463 0.32550510887878464
-0.87575936146466637 0.51756308550512764 0.34175813429943586
-0.88832650184246642 0.5900581414395154 0.35511992531766862
-0.89554760807870515 0.66384721395996049 0.36497411854979356
-0.89792338436438268 0.73822320907928551 0.37214011734156777
-0.89568050375716812 0.81279792398192474 0.37654352762580612
-0.88868814306309796 0.88718848359164004 0.37817303612407421
-0.87682772865253722 0.96097048342021862 0.37717381272200462
-0.86008511932874865 1.0337285526035807 0.37368735671944364
-0.83856408609237032 1.1050509853375423 0.36764416518814624
-0.81241864031862132 1.1745303328879857 0.35892681885233413
-0.78160480893621576 1.2417780383275352 0.34815753636422192
-0.7463041227446886 1.3064462203973051 0.33548165124091922
-0.70691523311803806 1.3681988991836198 0.32046036458416749
-0.66319258965985595 1.4263504158507161 0.30321170802819192
-0.61548671751665762 1.4807939084563901 0.28450695012352156
-0.56418440644843737 1.5313937079454147 0.26458503718355147
-0.50971820725111094 1.5779457877197931 0.24322150436443501
-0.45207343445132281 1.6196206806576097 0.22019639101149355
-0.39185977040248604 1.6565994512272502 0.19576605249658963
-0.32963211522094205 1.6890407240498277 0.16996167029782838
-0.2649812903689141 1.7158475085543703 0.14365300887416482
-0.19859259938153173 1.7377600196730045 0.11714527457929433
-0.13084762591646606 1.7541342810366611 0.090092022877555009
-0.062154197901216457 1.7649493111142689 0.062621370473115584
0.0071006503278460628 1.7702586703283831 0.034962449830605757
0.076574154789835577 1.7697770377191555 0.0073267618390924754
0.14589157419115453 1.7638489854891128 -0.020049710733671178
0.21459298842013769 1.7523398096374929 -0.047225777903326362
0.28232687982265126 1.7356345506226281 -0.074109774283931201
0.34871963778127174 1.713208004946605 -0.10017823060512547
0.41359932726980858 1.6858496748954308 -0.12532405683298867
0.47626460314510022 1.6528901069765281 -0.14935139042080997
0.53658034724904513 1.6154288630413587 -0.17278326029550545
0.59393514367377653 1.5729511618339054 -0.19504858758069279
0.64835132899356718 1.5260291565822224 -0.21571123491726493
0.69975377469860067 1.4751322529925417 -0.23462321306363651
0.74719075738771612 1.4199777400191249 -0.2518822511903378
0.79065665952112119 1.361247959975542 -0.26771945138652464
0.83026549016715567 1.2993378854997557 -0.28139251252916764
0.8659380130485802 1.234570440170919 -0.29244316724140956
0.8972543110881851 1.1672461526005784 -0.30127947386891235
0.92376034770612847 1.0976077930357044 -0.30758707915758043
0.94572355557291665 1.0262266741454642 -0.31123427522971703
0.9628744372120005 0.95346641168970259 -0.31250107340274913
0.97530395457929919 0.8797636031989422 -0.3107888588052356
0.98290335316316935 0.8055180278394698 -0.30635430564637123
0.98556728039459618 0.73113826892427825 -0.29917137132448446
0.98361502919329036 0.65708772286535677 -0.28887022041033267
0.97650288053064127 0.58390256206703139 -0.27517984776083015
0.96455907538924757 0.5120283093766087 -0.25843093909670822
0.94826737147641138 0.44184337227224812 -0.23863213344746487
0.9279299238633365 0.37370778368657054 -0.21571038438401177
0.90389552907851234 0.30791107374197912 -0.18966715481013594
0.8760546226954975 0.24510605674661773 -0.16009536935603838
0.84436251613100599 0.18640942059553461 -0.12635913772399074
0.81020435211146347 0.13113636194754189 -0.089553345693705488
0.77380648868555468 0.079543268311546012 -0.049586458095940249
0.73509947384116803 0.03363211593955006 -0.004999354437254265
0.69904079468569469 -0.0052926237694026629 0.047680300353778793
0.66698661682742721 -0.037207247258787303 0.10724592141425274
0.63447175645263376 -0.06868122530354423 0.16676710893378804
0.59685988004866619 -0.095857487223620516 0.22533852531276422
0.55307331327471065 -0.12042244366516049 0.28076073834689236
0.50671741446282947 -0.14800742529136071 0.33257073889681932
0.4598388593706817 -0.17933066865573638 0.38163039577384972
0.41214469142022786 -0.21393533054375333 0.42760405638825594
0.36372445493109151 -0.25070353500629844 0.47114304141335611
0.31420651552395373 -0.29069600400875995 0.51041966070418598
0.264828313834164 -0.33417786387363413 0.54585568916076499
0.21547472441392948 -0.37988682716931721 0.57842743544345365
0.16606073766086038 -0.42804985658947292 0.60728323612891955
0.11584408268058448 -0.47917257910855443 0.62857586037121405
0.064020220900267141 -0.53101908109158147 0.64287344216669573
0.010965979257106975 -0.58295019513778756 0.65064643667777167
-0.042914270015330998 -0.63467010760400977 0.65144222394793327
-0.09683762121514522 -0.68594308378971036 0.64386391071867977
-0.15023666269738259 -0.7355397784021781 0.62736948203514187
-0.2021708040771891 -0.78369814556042627 0.60384273309688097
-0.25229554102868906 -0.83005435382115533 0.57367753247835118
-0.30038477418149473 -0.87414261360301793 0.53710257209367407
-0.34418301047046507 -0.9144773249667979 0.49187385119881821
-0.38418754892843665 -0.95252747919556324 0.44170769149332656
-0.42011391553488658 -0.9882810265736407 0.386878172257413
-0.44910244886203499 -1.0206300447771921 0.32602973424404308
-0.4682091928765062 -1.0509185114263571 0.26036682352447094
-0.48257181953196127 -1.0839616017691147 0.19491054403405644
-0.49332164569783049 -1.1207659751318737 0.13078427986817331
-0.50175685524932456 -1.1624508240684024 0.069392595109504962
-0.50859453676467381 -1.2091070397866741 0.011373349638729623
-0.50817728298669718 -1.2597028130468089 -0.043708138635030813
-0.49946604403801131 -1.3108334468117935 -0.097487663161278201
-0.48572885657987863 -1.3617642624045678 -0.15030292586406008
-0.46627329907270859 -1.4122463913189685 -0.2019470219962769
-0.43973324701684058 -1.4610623035777228 -0.25193443513982761
-0.40826598022655081 -1.5082214761992223 -0.30056649117243328
-0.37236826520200139 -1.5536733724396592 -0.3477959012713619
-0.3313939736138769 -1.596890940767236 -0.39304439229218141
-0.28510259540689936 -1.6362649390391322 -0.43662807773100532
-0.23473991558634741 -1.6729800642980079 -0.47789163819377045
-0.18064631616255569 -1.7067389839547269 -0.51686052906342383
-0.1229214125705942 -1.7369162700358936 -0.55349112535592626
-0.061917971894698727 -1.7632301464123878 -0.58771774016990075
0.0020183863429065786 -1.7855161329562137 -0.61936483142532328
0.068540904497141342 -1.8036587696746154 -0.64821220031492621
0.13725799080041584 -1.8175784007027549 -0.67412468499423672
0.20771395174100607 -1.8270601054612801 -0.69721466729039339
0.27963149400799669 -1.8325593112963348 -0.71683567163907991
0.35263678984784386 -1.8343564477712442 -0.73280287559461688
0.42626300554960589 -1.8318071270668566 -0.745474359582454
0.5001244535380539 -1.8249533637121189 -0.75475903131197686
0.57388850035745165 -1.8140839909154218 -0.76029828507028641
0.64715986997320329 -1.7992545434540479 -0.76197674633655332
0.71944701560161839 -1.7802954602760503 -0.75945414657048005
0.79039434766020156 -1.7575205189016696 -0.753340532560414
0.85969449174383028 -1.7311642467017572 -0.74377072106791242
0.92694842016791645 -1.7013454553908942 -0.73050030412841804
0.99180326125309104 -1.6682643321165347 -0.71351753115877692
1.0539203485987187 -1.6320617255477712 -0.69299148105407959
1.1127523028655302 -1.5927279693162699 -0.66885455044071584
1.1679456590729538 -1.5505284219226678 -0.64122880967258544
1.2193725775268729 -1.5057456066136399 -0.61059210010275666
1.2667379393806173 -1.4585504998335794 -0.57716608151048421
1.3097916028813956 -1.4092077565282839 -0.54111174980266474
1.3482941008491824 -1.3579902224931095 -0.50259858701805216
1.3820366591478677 -1.3051864323122175 -0.46181179893329954
1.4106604180238116 -1.2510608522605928 -0.41888790808302251
1.4338277190397519 -1.1959259455079525 -0.37400625785372427
1.4517469860715231 -1.1401743012134107 -0.32752869743693908
1.4644373746830388 -1.0841074826973021 -0.27972176128312315
1.4746449300186091 -1.027953176351734 -0.23138593391812998
1.4844354823770016 -0.97175846404745558 -0.18300851534090817
1.494175172520211 -0.9155191484206624 -0.13467267527512197
1.5038726728771645 -0.8592399947709759 -0.086374731588090975
1.5135369840748347 -0.80292578662421443 -0.038111003967239356
1.5231764514588841 -0.74658035106211085 0.010121237456363076
1.5328009023926457 -0.69020867869765379 0.058325813160551222
1.5424206596017171 -0.63381727968880264 0.10650824784835757
1.5520448457326674 -0.577411048702279 0.15467243347879073
1.5616824908098466 -0.52099483801509416 0.20282223701508773
1.5713427234796795 -0.46457355478350743 0.25096156870694841
1.5810350103387421 -0.40815228323470565 0.2990944696524177
1.5892648135125891 -0.35106558803024285 0.34669143495065941
1.5935151448360465 -0.29234027838834947 0.39274417949625273
1.5929472491048644 -0.23189741533366259 0.4367359461551093
1.5875564808810649 -0.17006244189839489 0.47842172710178565
1.5772960370657718 -0.10724055934730298 0.51766704450165335
1.5623535240676707 -0.043844986508160232 0.55440597195779739
1.5427456046312049 0.019908068417619718 0.58823045261924622
1.5183175961516318 0.083548540429889656 0.61899388462419436
1.4892191392714258 0.14654031321889691 0.6468847798688182
1.4556011940958506 0.20852066135709788 0.67179094953401008
1.4176305720171347 0.26914095308194336 0.69358646994584294
1.3756058610452513 0.32819821381415093 0.711956828931404
1.3298376948362307 0.38548410773197145 0.72660847304417564
1.2804586154179947 0.44052165826243 0.73772275647891306
1.2276108771795278 0.49284839331112656 0.74546775342915061
1.1716893398239374 0.54231472702203898 0.74957415852736575
1.1131069416245767 0.58878201154365861 0.74976420522035248
1.0520658263089684 0.63182323944207786 0.7462386150284317
0.98908531512709486 0.67146049904472382 0.73891933451846192
0.9244598717171163 0.70738023158940488 0.72775608803344161
0.85854667317945899 0.7394055976392977 0.71288824002534634
0.79170940492629549 0.767326275831685 0.69431846682012943
0.72433226166972697 0.79093450571981594 0.67207726112110533
0.65700199991257724 0.81037708529176899 0.64599023350204976
0.59002181428652778 0.82553614326234503 0.61636134158509825
0.52401393616262826 0.83585596107534355 0.58273786602343802
0.45942531971397965 0.84177873707931872 0.54556297282919541
0.39679554143906115 0.84342698461180665 0.50484397059466035
0.33666080200821019 0.84086826199306786 0.46060768741516905
0.27983174176813541 0.83435706073197036 0.41257630939207229
0.22639411459160275 0.82494628902386236 0.36109879876307649
0.17862201928721327 0.81287335237769975 0.30492235532292605
0.1359275633273771 0.79919571092028063 0.24527405272933295
0.10025044045891041 0.78521749061670032 0.1812390216723915
0.071163974183175938 0.77373210476927057 0.11333121164438684
0.04610438450018 0.76910027959158189 0.043013078254756656
0.020009255623666383 0.77124268564574494 -0.026856557519216024
-0.0082118040846005953 0.77848491955999699 -0.09563685096028543
-0.042244389985626622 0.78958530211471256 -0.16121266500978981
-0.085346331458015692 0.80017089412731868 -0.22141436437128625
-0.13294619734910837 0.80881454679816933 -0.2782669894076627
-0.18472048826901633 0.81491994867819872 -0.33175508100551626
-0.24041748965711179 0.81730015234135478 -0.38160755960442755
-0.29971391994319346 0.81456004720558572 -0.42711032767551743
-0.36117657611021814 0.80775966444047564 -0.46911497385537793
-0.42431614451467431 0.79671203527713119 -0.50757620933756709
-0.48872462304882835 0.78145431119773334 -0.54231921795117388
-0.55383687348898258 0.76194429957048593 -0.57343429741065499
-0.61909477604404262 0.73803767399250564 -0.60097719548538864
-0.68430170913032917 0.71012824657279638 -0.62462375966553341
-0.74885344410684196 0.67805958207267669 -0.64452270179152094
-0.81242125262837439 0.64207390771080519 -0.66053693018786774
-0.87460757816100732 0.60226033236335264 -0.67236276911696169
-0.93499815892998239 0.55891605398485966 -0.680419192419772
-0.993351301753578 0.51235432623711963 -0.68450055882419103
-1.0491525786131624 0.46260675135386303 -0.68490140623092377
-1.1021665593798218 0.4100169798108243 -0.68146002754236035
-1.1523219399647751 0.35511569307841667 -0.67385039786192069
-1.1992463688172876 0.29808421304988503 -0.66230680092494298
-1.2425265350534835 0.23903306896861765 -0.64720612028772473
-1.2819099378712839 0.17825476304475898 -0.62865546031222908
-1.317299360297971 0.11620120877923207 -0.60657556500946175
-1.34839451162336 0.053224430937756931 -0.58091406158733083
-1.3747992144192063 -0.010422825321211223 -0.55188260008520096
-1.3966774410552161 -0.074297968433400086 -0.51977582079271534
-1.4142460419521821 -0.13791947160809903 -0.48467436033041128
-1.4273087489364213 -0.20085205592638131 -0.44650461567153177
-1.4358814273412961 -0.26279545596363146 -0.40552629612886543
-1.4405923713607165 -0.32366963076108107 -0.36232791163206685
-1.4451014890487444 -0.38449732456813057 -0.31904133665512102
-1.4495367289085577 -0.44532252956691609 -0.27574353441158783
-1.4539400572655454 -0.50615433995038694 -0.23245175450695821
-1.4583222152929487 -0.56699016389772483 -0.18916346630959507
-1.4626909782513731 -0.62782798181875266 -0.14587662618332453
-1.4670541597965387 -0.68866581852788877 -0.10258924935192998
-1.4714194671697458 -0.74950170414333828 -0.059299344873505522
