-1.475794522926555 -0.81033368423173724 -0.016004936549091749
-1.4795541896166531 -0.86239765300848525 0.021058313264006871
-1.483337176894465 -0.91451260406788848 0.058168303347289257
-1.48715065121012 -0.9667104016563276 0.095349739081517698
-1.491324827905212 -1.023429807323698 0.13576715361732361
-1.493761927859625 -1.0806489588307759 0.17631203758803149
-1.492113888882417 -1.131075129345898 0.2115413151801695
-1.486650254262418 -1.1822617525778809 0.24680077816955481
-1.4769373564631669 -1.235143752029519 0.28268240384460969
-1.4627967738488621 -1.2887454507723091 0.31848826062687019
-1.444287208559756 -1.342173500194378 0.35359657627264102
-1.4216043193976049 -1.3947281947672689 0.38756627785739772
-1.3948153188473 -1.4462222343920419 0.42028469351295972
-1.3641163073815561 -1.4962753211045241 0.45153067338722691
-1.329633525411142 -1.5446991681262241 0.48122394565911852
-1.291698034301157 -1.5911338399218451 0.50905883402652197
-1.2503583831746701 -1.635631430802871 0.53498777877271664
-1.205992601408634 -1.677774749501058 0.55888228971541021
-1.158886629333745 -1.717365670082571 0.58067038046737873
-1.1092047889689109 -1.7543959491446059 0.60026019917204421
-1.0572772893096609 -1.788676657038256 0.61759125897977496
-1.003324009032887 -1.820133435780539 0.63264032861305886
-0.94759964701653387 -1.8486659397614029 0.64539729423532455
-0.89030582006221592 -1.8742440794391411 0.65584159194118152
-0.83178284257782842 -1.896755585209049 0.66395167416437928
-0.77241654281753191 -1.916171233701671 0.66968786542770553
-0.71193597022457844 -1.9327226857995941 0.67299315196611942
-0.65076800759675901 -1.9462817980542519 0.67381108666103273
-0.58982436303857533 -1.9567331110870261 0.67218881476531278
-0.52732182312296816 -1.964234794729093 0.66829161567040496
-0.466117628212048 -1.968268361752421 0.66260857963612718
-0.40509262668838952 -1.9689596287248401 0.65519444590214437
-0.34399374315102232 -1.9664059919879151 0.64576952039025504
-0.28301482147115431 -1.960571064167864 0.63425820712044767
-0.22124332352166171 -1.951338180907219 0.62017559896071173
-0.16150846726556151 -1.9391355438172779 0.60443318201385365
-0.1031644146775046 -1.923678899730918 0.58708419996091776
-0.04509093605232848 -1.9045851923368271 0.56742553004552043
0.01220779230398261 -1.8818214159708551 0.54534039584586691
0.068365004843216143 -1.855172893347774 0.52117274342055475
0.12286570701532901 -1.824492629411947 0.49555145053689698
0.174555118199066 -1.7905250734326359 0.46819587943367469
0.22792884296149149 -1.749962016609742 0.43569240208988519
0.27614279156458382 -1.707334879743919 0.40233320990713689
0.32091721857096062 -1.660610927635513 0.36770040793839981
0.3650641225248365 -1.6063504800841519 0.32736873077441331
0.40189681868653371 -1.5524151148486629 0.28711991809821719
0.4342701585239318 -1.4937060952131951 0.2449217294847929
0.46455947360377459 -1.42327592318568 0.1936814580549768
0.48476567078391652 -1.3568436298845239 0.14513228632395531
0.49739447319266422 -1.2892463548465201 0.095415179198843639
0.50183889308231022 -1.2205418777842261 0.043093709732667962
0.49670005212033658 -1.1453356891675921 -0.018728480303112211
0.4872210927780713 -1.0940257587407629 -0.067422196949505894
0.47640553814080427 -1.0551443141811969 -0.11408825695001901
0.44860014508264789 -0.99308390936862556 -0.1995247002212043
0.41588185396516197 -0.93884906458325679 -0.28186245135829407
0.38052778044739111 -0.89429023588634426 -0.33950561070283669
0.33478349815247438 -0.84233791158299964 -0.39289411656540357
0.28436306938504691 -0.7884698594891425 -0.43490298293434448
0.2255907153682597 -0.72673208143994028 -0.46910378149146692
0.16772259281711691 -0.66706125115373227 -0.48918194528913078
0.1094378227654321 -0.60753349163018422 -0.4974697031258597
0.050848450119929167 -0.54732199898549483 -0.49431027208321948
-0.0069265785363208038 -0.48742090739554339 -0.48021225942998452
-0.05891978825928805 -0.43299123988405491 -0.45712947717046493
-0.1229275176780904 -0.36831629776482278 -0.4161579388575577
-0.19551703678109539 -0.30174131399522752 -0.36393519394834051
-0.25060618761937492 -0.25735909771800891 -0.32060381092316481
-0.31530199801413678 -0.20997800368228711 -0.26357131258747968
-0.36912504168860538 -0.1735831583131528 -0.2115582295126458
-0.42101607725702012 -0.14307137648074161 -0.15774644189243039
-0.47694878437736482 -0.1122665026654517 -0.093144956577684374
-0.52105262853293655 -0.0807323050333425 -0.032155878044227197
-0.57685813632848149 -0.03175680421691858 0.053296575374812097
-0.62431161076337849 0.016778485633518959 0.11041776919391
-0.67892455222004477 0.079401169243766681 0.16389052367282991
-0.7345353806073901 0.1593722626171965 0.2158400249329285
-0.78071210284306558 0.2407621726663379 0.25663256562639319
-0.8192755299366522 0.32577557295047488 0.29015986070215249
-0.84993003450157867 0.41276327252195022 0.31727109659834751
-0.87262979533108054 0.49989169803215822 0.33845654466038239
-0.88799108055248444 0.58663062977001956 0.3546621968066182
-0.89659921416617827 0.67459307966431403 0.36640917977878279
-0.89838148759179426 0.7602363669687644 0.37412276352796148
-0.89417694878001941 0.84205733295753005 0.37789109285783617
-0.88458765699407238 0.92090431614219637 0.37838366562985182
-0.86995523910555739 0.99645461467590524 0.37610232068024713
-0.85106184846186217 1.06780441447784 0.37147959486397969
-0.82834326531669455 1.135511680141184 0.36450750454799069
-0.80197222139350188 1.200126238131354 0.35526593637169152
-0.77212649656602683 1.261161392686762 0.34484952481074899
-0.73986059251581182 1.317746271983625 0.3331440591610767
-0.70541549531054648 1.3704956023880239 0.31988297776419089
-0.66860522779713938 1.4199503458013429 0.30534263032981462
-0.6297225870010128 1.4659263779113929 0.29003477410204981
-0.58954367085308645 1.5078880764048119 0.27443319975789982
-0.54816574265102702 1.546241489134434 0.25836425716471928
-0.5058820350989881 1.581109141263022 0.24171060890664561
-0.46252068760046577 1.6128587978823139 0.22439449255069441
-0.41824911511443452 1.641513141675363 0.2066044999140465
-0.37322810220135583 1.667250837876614 0.18811378381384281
-0.32805938177949812 1.6898267982975621 0.16930682938386199
-0.2817779050658763 1.70972796719264 0.1503791066406929
-0.2352717307612964 1.7266716467594629 0.1317560042618324
-0.18874399239636419 1.740737326463609 0.11322219000785259
-0.1421064682551724 1.752054258640902 0.094595508149556112
-0.095328801931498369 1.760696230048574 0.075884656268895234
-0.048488080638947287 1.766701347235534 0.057157624204956327
-0.001616554187250759 1.770104214636661 0.038434832961021639
0.045113915339090788 1.770932207943769 0.019820368452512921
0.091565656186267746 1.769226573503442 0.0013732813741771761
0.13780638296516201 1.7650243797111029 -0.016868356511540918
0.18618925712528711 1.75799066224648 -0.035906009015451303
0.23099476915611031 1.7490767156269991 -0.053762396819816073
0.27615055570721092 1.73756736003148 -0.071680758263998209
0.3214381604609467 1.7233951263636309 -0.089491403462525876
0.36634110626398508 1.706628007944538 -0.10708099417113021
0.41090611979142488 1.68720173040196 -0.1242938738907044
0.45514506978598551 1.6649927040186281 -0.14121578281705069
0.49878371446485881 1.639985478573287 -0.158026139534235
0.54153344882179444 1.6122108141821629 -0.17471712351737639
0.58322937246200024 1.5817219515616869 -0.19094373872080561
0.62400950642186526 1.548312496702489 -0.2065798179046259
0.66370009129724905 1.511978372593858 -0.22146905969845981
0.70224381688010318 1.4725874813249531 -0.23553170267277351
0.73961042699147972 1.4297726179748911 -0.2490998486119243
0.77544497907833354 1.383469218790002 -0.26225312095111669
0.80912970365331627 1.334262493360177 -0.27435775566554532
0.84095591684201398 1.2816731083108139 -0.2849506745297522
0.87060986067419721 1.2257618723673991 -0.29384432205225802
0.89775284612893291 1.166151285328592 -0.30141859040748942
0.922151652842362 1.1026870459321521 -0.30730730428431391
0.9434582681782463 1.0354140719854941 -0.31101282715232292
0.96073323420040757 0.96535144510115012 -0.31270157888495348
0.97390072002612293 0.89226355565952176 -0.31146855563558867
0.98246430916489369 0.81597947550750871 -0.3073205360611751
0.98573880392430935 0.73795550592942816 -0.30011415938346209
0.98373528259430665 0.65832514982412382 -0.28910169952450371
0.9756026116046993 0.5746386491158284 -0.27344689508147468
0.96045521003808587 0.48876181222683368 -0.25285089115932469
0.93843410297776364 0.40398911162738682 -0.22716029932442369
0.9094612914153537 0.3204666203663778 -0.19557894257484679
0.87290434840464748 0.23799949822962951 -0.1567492413899097
0.82881615544882969 0.1583089837759335 -0.1098060479212937
0.77945412868592601 0.086242045306921297 -0.056092046582571269
0.73486557106407835 0.033354679250557899 -0.0047299188476052157
0.69983606834107703 -0.0045008124992843264 0.046202459636561208
0.63830103580315767 -0.065767939784166507 0.1605517480913968
0.60398205627315549 -0.091877548656367644 0.21625539935215371
0.55573778354797454 -0.1188368986662422 0.27778277416409708
0.4937380043769668 -0.15573107638893521 0.34707726904555442
0.4355630753763437 -0.1962307587352087 0.40637450777518669
0.36686135247662421 -0.24817006371577999 0.46865491827807743
0.30131341628682451 -0.30110893471145039 0.52064620397877592
0.22976782209131849 -0.36595557148292007 0.57008083552595123
0.1623196638821584 -0.43169622188614482 0.60946787425268201
0.1023392661311046 -0.49296819990876301 0.63412823519879435
0.035132939767230462 -0.55970420347566618 0.64946612344898036
-0.033220873390105453 -0.62545314902734306 0.65280452050864113
-0.1030335955279341 -0.69183452110430987 0.64299313705461858
-0.17099343815549589 -0.7547584492740167 0.62049923570326371
-0.23733376577039891 -0.816337382450676 0.58505692660629594
-0.3018037457367459 -0.87544352822463811 0.53602335279617797
-0.36263512337377801 -0.93147280681521771 0.47265096960287362
-0.41495860071486218 -0.98258787367500489 0.39752903463004707
-0.44840333714979652 -1.019521796204639 0.32843232622459989
-0.47346019613677082 -1.0592425271248309 0.2423210404226617
-0.48873224503741008 -1.100674322576926 0.16285601121254831
-0.4994176505369694 -1.147453296693822 0.088184070398346262
-0.50861660335479775 -1.206431267272529 0.01428635052525341
-0.50811847043547542 -1.2668343638284369 -0.051471957733759503
-0.4933280024984113 -1.3420464484196779 -0.13013125912077539
-0.4638389772922214 -1.41856282537111 -0.20840884392052139
-0.42750681935649382 -1.482618041153793 -0.27401061728976939
-0.38076355415847302 -1.544818454879322 -0.33852486467156889
-0.33023330790054961 -1.598115151066597 -0.39432613189211352
-0.27554058508364182 -1.6443478751654961 -0.44559074684158662
-0.21498203159830129 -1.6868453140150861 -0.49353347132813241
-0.15350922993257091 -1.7224618611317919 -0.53529696963909967
-0.089534233677728586 -1.752693529660563 -0.57335038907957658
-0.02366011566825094 -1.7778269217461229 -0.60762137726195242
0.043262436443905768 -1.7978663164773689 -0.63822682001260156
0.1107311594371857 -1.8133264867453429 -0.66487799429188577
0.1783463177947533 -1.8241643373584271 -0.68844720418212346
0.24693383229640831 -1.8309273451346531 -0.70892343676462333
0.31611092058395601 -1.8343800283339819 -0.72566302430118756
0.38231607174805038 -1.8343372872643771 -0.73860439828343483
0.44930489372048221 -1.830480534668194 -0.74907636013851198
0.51566090389303298 -1.8232636084786851 -0.75649632574914116
0.58134234590002132 -1.8129088874316599 -0.76078498243132664
0.6460127340829297 -1.799546999329134 -0.76200939087297459
0.70916778989496287 -1.7834459713077611 -0.76021216045143269
0.771082359335306 -1.7644695873259291 -0.75564643688349875
0.83354728088627139 -1.741992719244247 -0.74818795408916938
0.89181473552821999 -1.717862132767995 -0.73834442140374723
0.94877086717168013 -1.6910865166989699 -0.72562811849552344
1.004210395460329 -1.6616842216425289 -0.71002579695195533
1.0577492860263149 -1.629780035929592 -0.69167940317878374
1.1087544977195529 -1.595715040228634 -0.67079249963847953
1.1573375157847301 -1.5594148918226081 -0.64724172178751538
1.203241071738739 -1.520961360681266 -0.62122264943763161
1.246172225307508 -1.480467318579977 -0.59293131991081194
1.285922125345776 -1.4381059713770969 -0.56245989313395672
1.3223415044873701 -1.394013885929327 -0.529887494982753
1.355266149596271 -1.34831262669404 -0.4952675441454143
1.3844535981646089 -1.301292842552781 -0.45879129251441841
1.4097401930121869 -1.2531819579423591 -0.42060882921224962
1.430884220030094 -1.2044452736786739 -0.38106719277289552
1.4475179267465219 -1.1563025680933059 -0.34116586438653812
1.4589571002928441 -1.1126772534163909 -0.30427872059680489
1.468861106175354 -1.061045682236291 -0.25989914173221079
1.479209821341912 -1.0018348682786189 -0.20888184346215621
1.4880351735034441 -0.95104036451914253 -0.16518570038521271
1.496787279997938 -0.90040754434134329 -0.1216916795387248
1.50548160425569 -0.84989178170646651 -0.078355056925007424
1.5141345303095839 -0.79944185983829841 -0.035125709312503632
1.522763033696511 -0.74900145316343392 0.0080506700572893965
1.5313846102332149 -0.69851083817409854 0.05123109656593032
1.5400169997997719 -0.6479086553072827 0.094473839315914021
1.548677906867493 -0.59713437577353368 0.13783642075532149
1.5573845414032801 -0.54613142991805252 0.18137300270496451
1.566152792656553 -0.49485024147051382 0.2251316089217201
1.5749979255823141 -0.44325007040371278 0.26915328002942329
1.5849749716297741 -0.38524653842144468 0.31863488243135729
1.5918539168581181 -0.33043592021760348 0.36362476628921853
1.5942467557848921 -0.27556281675401573 0.4055684768288722
1.5926175646509191 -0.2208195161240453 0.44464312375073212
1.5870234186973531 -0.1647164175968979 0.48197948209732677
1.576460562773508 -0.1023040200182166 0.52073221065546926
1.561753834913866 -0.041359897392796607 0.55583744101674748
1.5427322711151581 0.01995104545404763 0.58825317502599228
1.5191688623592641 0.081688866635576979 0.61816650506917115
1.4910196270782401 0.14318360789596829 0.64552586874676365
1.4583935073799961 0.2040094958820588 0.67015030483548943
1.421372744696876 0.26381896906114588 0.69190213274681989
1.3802063604833561 0.32236432699302892 0.71043096030613617
1.3352901876223331 0.37932246217695659 0.72532851216063077
1.2864699775438491 0.43449224272058451 0.7367889508403801
1.233905870395414 0.48721421121103953 0.74495426489267258
1.178037818217526 0.53721756606025883 0.7495114746250523
1.119512621014235 0.58420714875559776 0.7500893434491902
1.0592382857414131 0.62725438804764155 0.74702995046011567
0.99559440126767929 0.66779549574771757 0.74000813858813164
0.93111687928980391 0.7041001820781535 0.7292226939319284
0.86505688171537831 0.73664935081370642 0.7146690103077471
0.7972366214387604 0.76536262106716124 0.69611779134464702
0.72962255090092398 0.7893838786859001 0.6741067745793673
0.66138827659996957 0.8093839024552516 0.6479300625024752
0.59012508635736516 0.82551999747813709 0.6164139469111396
0.51505181369495334 0.83725711914484824 0.5781726881335072
0.43984169671016438 0.84337059834287864 0.53408253742731981
0.36625849207655509 0.84346698517089902 0.48410205873204087
0.29706183774661771 0.83739141140077211 0.42917439758825732
0.21866798167317339 0.8235856583798099 0.35365606392540122
0.15485999807315551 0.80651700513798741 0.27600529730616791
0.1091999094819598 0.78885995536750075 0.2018895605434215
0.072752418267831229 0.77402570076975297 0.1177884443620698
0.037031846311668087 0.76742338019543554 0.017555201306548609
-0.00019530139889413091 0.77577591893389197 -0.079570032812952496
-0.037910318301556972 0.78852087872602739 -0.1551591446433655
-0.10163543201660021 0.80417140470468906 -0.24416581131771389
-0.1695945603064416 0.81424921295523267 -0.31818145137118292
-0.23942809765047199 0.81734587243117474 -0.38084832207879038
-0.30846219380421402 0.81415578694877022 -0.43382355939283779
-0.3742801554107244 0.80616973594588259 -0.4778876053044665
-0.43847812218388937 0.79403516712539512 -0.51597914799984579
-0.50363497163399973 0.77772101745285194 -0.55013547615764624
-0.56812023475553097 0.75745553414950251 -0.58006323911893465
-0.63048458005694519 0.73369892731725139 -0.60565023143876939
-0.69153829256741317 0.70695878731673822 -0.62717505741167701
-0.75246016821579098 0.67624101477443765 -0.64561435322290928
-0.81172950344769179 0.64251277710974841 -0.66040250299933323
-0.8696502416503803 0.60576587480582644 -0.67165820407114396
-0.92630396697189787 0.56570362803014496 -0.67971015585842609
-0.9815684084830032 0.52255856168741754 -0.68421713129244521
-1.0339923696434281 0.47715829957572031 -0.68547814533838769
-1.0835301593851221 0.42960938137349802 -0.68359358156368
-1.1304611213803339 0.38027097624191242 -0.67822077658429758
-1.174779347381431 0.32927391407540912 -0.66936075008618012
-1.2160633482062351 0.27664651738804252 -0.65745839230413061
-1.25388109908861 0.22289426032378151 -0.6428071762078692
-1.288430354119849 0.1678701693181778 -0.62536331257159394
-1.31960812650877 0.1120690419320812 -0.605073036086892
-1.3473253213261751 0.055741558676766612 -0.58204666269355043
-1.371327551377961 -0.00076538795425843971 -0.55662092474964742
-1.3913424340407441 -0.056442587448078868 -0.52930346592649802
-1.4085711314596929 -0.1141041716712433 -0.49853519989052408
-1.421800196666315 -0.16962119809781021 -0.4662235095824665
-1.4310238400138511 -0.22191484621504659 -0.43320575178984572
-1.4359708697628319 -0.26354818782068229 -0.40501663621454459
-1.44152110380354 -0.33575157715566201 -0.35374922727530872
-1.4454749843844019 -0.38958233862243841 -0.31542071083712631
-1.449371702708893 -0.44304444843814578 -0.27736480060561602
-1.4532203488814739 -0.49617254709697828 -0.23955456232184821
-1.457029608726051 -0.5490040043022868 -0.20196094636319339
-1.4608081470562559 -0.60158101820966681 -0.16455144361819851
-1.4645648810231471 -0.65395048179924542 -0.12729036510780231
-1.4683088274042211 -0.70616333987776325 -0.090139181427124668
-1.472049035620469 -0.75827304023630226 -0.053057610187668733
