-3.377014387171152 3.8031388919183091 -0.69173181356235713
-3.3517936121263658 3.8418340023647186 -0.64939734522074599
-3.3257248998453837 3.879695160083906 -0.60682311591482951
-3.2988187948205074 3.9167089288152757 -0.56402527453356666
-3.271092754035283 3.9528690946114198 -0.52102168903532664
-3.2425622374490781 3.9881679988276124 -0.47782937463854541
-3.2132355003656579 4.0225905175714995 -0.43446351866917005
-3.1831197576262178 4.0561201378987768 -0.39093921607595467
-3.1522258636787299 4.0887442370516291 -0.34727241863264546
-3.1205686171818559 4.1204548814916482 -0.30347974479257678
-3.0881637713132823 4.1512456501467989 -0.25957776508924746
-3.0550248155497259 4.1811076819659894 -0.21558252769682601
-3.0211617349824809 4.2100277285652057 -0.17150960989893094
-2.9865827838383616 4.2379899897278177 -0.12737456924437202
-2.9512975478316958 4.2649800245738279 -0.083193312184908524
-2.9153190391847823 4.2909878762680043 -0.03898209792881481
-2.8786638991062983 4.316008881185958 0.0052427416929881968
-2.8413499607671495 4.3400405981355217 0.049465118645034875
-2.8033921858922621 4.3630767239578629 0.093669182942057505
-2.7648008702114049 4.3851036979789324 0.13783892822066252
-2.7255848639426596 4.4061050697211686 0.18195794466523779
-2.6857564012829807 4.426069328233619 0.22600975617432603
-2.6453339135820673 4.44499546236817 0.26997856969782336
-2.6043364246596843 4.4628841491444788 0.31384903575034873
-2.5627769222111119 4.4797255073528719 0.35760495578007401
-2.5206644580161135 4.4955016651902051 0.40122896559108423
-2.4780122611412807 4.5102018791369787 0.44470418882129897
-2.4348357851656099 4.5238194853016562 0.48801416546441234
-2.3911525439091648 4.5363521145439885 0.53114310668998943
-2.3469830831357035 4.5478044764690466 0.57407663117899843
-2.3023435838169628 4.5581722248610275 0.61679895757206971
-2.2572459540214349 4.5674406425794869 0.65929210090070689
-2.2117036684662348 4.5755975657847374 0.70153819189260069
-2.1657349782918631 4.5826422401912517 0.74352172110005954
-2.1193597706635647 4.5885787141383965 0.78522848170736859
-2.0725962686308868 4.5934071766609463 0.82664350758245053
-2.0254598821463268 4.5971196392502733 0.86774963488506418
-1.9779652386115383 4.5997046216740323 0.9085284142720097
-1.9301285393305094 4.6011542355710198 0.94896208029903728
-1.8819681683410161 4.6014671223050829 0.9890346726770044
-1.8335037474972919 4.6006464248221128 1.0287316965343838
-1.7847547553053817 4.5986953283872003 1.0680387973834222
-1.735739571818202 4.5956128448631768 1.106940220154085
-1.6864757311382186 4.5913935994109689 1.1454184803819563
-1.6369809987694517 4.5860316712486284 1.183455600220279
-1.5872742646928826 4.5795252051346989 1.2210349167351058
-1.5373755146781389 4.5718777347750974 1.2581418439081149
-1.4873048165816025 4.5630936446339483 1.2947621917773118
-1.4370814422433775 4.5531715889459061 1.3308792649971979
-1.3867242236720647 4.5421040050677011 1.3664732792956265
-1.3362526267515071 4.5298833687586075 1.4015239618323068
-1.2856874324262344 4.516511012627066 1.4360148263242503
-1.2350501983226301 4.5019975771776544 1.4699339262488023
-1.1843621949184031 4.4863538853543297 1.5032696046305727
-1.1336442627665395 4.469580523063466 1.5360049611959739
-1.0829175146339538 4.451671799581959 1.5681193008109482
-1.0322038534473073 4.432623976908177 1.5995924847985632
-0.98152524424569587 4.412447047175184 1.630411736578284
-0.93090364526479474 4.3911522515380765 1.6605652255169538
-0.88036083466295756 4.3687486644380087 1.6900397270707344
-0.82992023460629161 4.3452317086319523 1.7188135656313288
-0.77960515616560788 4.3206022296488307 1.7468675217862351
-0.72944034443243977 4.294859115974619 1.7741809565338851
-0.67944747075188727 4.2680209890219052 1.800745566820531
-0.62965094159030743 4.2400941339236482 1.8265454309509546
-0.58007090146772267 4.2111017941952058 1.8515756231735356
-0.53073520410184405 4.1810374395324335 1.8758108462804577
-0.48166344358254032 4.1499247808342279 1.8992461345976859
-0.43288799873696865 4.1177487595161475 1.9218486790927236
-0.38442283741305283 4.0845508825602703 1.943626822303876
-0.3363049680436781 4.0503102250121632 1.9645421485482826
-0.28853977752144566 4.015086745658091 1.9846184867824832
-0.24117680530782418 3.9788355789719292 2.0037960820233538
-0.19421075639256993 3.9416347123660112 2.0221147214733479
-0.14771076597793353 3.9034093316711793 2.0394853062630616
-0.1016488286148224 3.8642759513002267 2.0559837568787254
-0.056114548501702388 3.8241365538522856 2.0714956002690852
-0.011047217061672221 3.7831521609259484 2.08614359994466
0.033428338988636307 3.7411823246612257 2.0997662611372037
0.077410779018113968 3.6984279479481721 2.1125330090735619
0.12071780265216273 3.6546871834260348 2.1242090081151752
0.16351326192568486 3.6102289084345682 2.1350458573079449
0.20554986455264623 3.5647965967502513 2.1447349017203257
0.24707430702876254 3.5187296435805835 2.1536242587846579
0.28774216884272685 3.4716948098732696 2.161294854784197
0.32790341839243281 3.4241048299065913 2.1682067799996934
0.3670962045663913 3.3755516796635301 2.1738176045116608
0.40580023882194322 3.3265264184564072 2.1787227606575894
0.44342857899660404 3.2765606521011259 2.1822577324078436
0.48059033884299646 3.2261994400042941 2.1851407567944747
0.51656987523312248 3.17493219819174 2.1865913851674552
0.55211093202344819 3.1233407165180651 2.187445289935241
0.58635227387706734 3.0708803081437761 2.1867974917198887
0.62018796411467325 3.0181610268450161 2.1856089808159562
0.65261590075476938 2.9646265866438002 2.1828656001251083
0.68467006201865277 2.9108894829031544 2.1796328402140173
0.715214266127701 2.8564026585968563 2.1748024202310186
0.74541111854270359 2.8017592944390368 2.1695247239431747
0.77400791981951422 2.7464441092372227 2.1626220974321986
0.80227077609167186 2.6910076829982361 2.1552997108964842
0.82887009776790088 2.6349921868014818 2.146352698132711
0.85512709291523026 2.5788801536086172 2.1369924080365612
0.87968678609276585 2.5222923092288076 2.1260355676417935
0.90387948400262164 2.4656278025808418 2.1146577980844903
0.92635541382196562 2.4085923615668854 2.1017228999612443
0.94841991579419882 2.3514981331982545 2.0883435898442562
0.96877967728790293 2.2941404968292174 2.0734711179002199
0.98865226621176583 2.2367417142188186 2.0581089949355049
1.006884045053952 2.1791868157165877 2.0413568499285777
1.0245280898145477 2.1216129635929897 2.0240535296237594
1.0406030176480741 2.0639797735585135 2.0054633910538926
1.0559869030993891 2.006359194874761 1.9862639171002994
1.069886548126574 1.9487651699858368 1.9658853679667627
1.0829979050601692 1.8912241455822294 1.9448491538070156
1.0947102294939413 1.8337839168664454 1.9227363389255752
1.1055472844631586 1.7764448858479862 1.8999287183515849
1.1150504200240383 1.7192723808706087 1.8761274294429797
1.1236103001910054 1.6622542438540651 1.8516111895043512
1.1309028827499192 1.6054594516764238 1.8261818308571411
1.1372062452546055 1.5488732408546859 1.8000347988989098
1.1422901434838617 1.4925629559592468 1.7730389736162124
1.1463451497782011 1.4365180126617587 1.745327659014521
1.1492082975707179 1.380801340577386 1.7168163654676334
1.1510183900317765 1.3254056397320162 1.6876031020329596
1.151677632981061 1.2703824978132683 1.6576459251537274
1.1512849551911473 1.2157283900136069 1.6270165660103637
1.1497812213826422 1.1614863379082117 1.5956963701730047
1.1472213971557896 1.107662901046498 1.5637294648545781
1.143566891515867 1.0542965371991246 1.5311091377774309
1.1388582601524084 1.0013962027052301 1.4978709202766809
1.1330854702536304 0.94898936442155246 1.4640240837788649
1.1262787409839119 0.89708649588396638 1.4295977327095508
1.1184305827025256 0.84571420568017319 1.3946017545368967
1.1095552452434969 0.79488931165623089 1.3590562955389431
1.0996525482800488 0.74463506473397034 1.3229748690256653
1.0887397167148218 0.69496545062140391 1.2863789667832557
1.0768246041952545 0.6458987375351094 1.2492856689111305
1.0639217932209188 0.59744912303817621 1.2117146572511741
1.0500409058468476 0.5496330967516373 1.1736832970783635
1.0351957833276186 0.50246419285413613 1.1352104387878375
1.019396863294328 0.45595761793151962 1.0963133062196742
1.002655684649375 0.41012758239856495 1.057009296124279
0.98498267817575802 0.36498867233940568 1.017315228063981
0.96638882244083424 0.32055483124867246 0.97724792867936827
0.94688316170890241 0.27684122831181612 0.93682336414336986
0.92647545083306826 0.23386233311517526 0.89605765957272543
0.90517878240057514 0.19162954342069233 0.85496803737385474
0.88300739531245076 0.15015284690651018 0.81357186963844941
0.85997014652659121 0.10944665908882127 0.77188453274988944
0.83607245484789139 0.069528592195179914 0.72992031504398625
0.81132333084678965 0.03041303115599376 0.68769470249759745
0.78573425995509694 -0.0078881074648503909 0.64522386228734652
0.75932106496119944 -0.045367541811547105 0.60252499304610507
0.73210395438249476 -0.082023153197348236 0.55961606680131548
0.70409527518001236 -0.11784524847468446 0.51651273587637403
0.67529626825076927 -0.15281202213767769 0.47322815744831309
0.64571791575716342 -0.18691191433744872 0.4297778885875117
0.61536992703098015 -0.22013209215867896 0.38617713651112101
0.58426636296688816 -0.25246475691269787 0.34244192664728051
0.55242634769814492 -0.28390853873693794 0.29858891844795887
0.51986743854055473 -0.31446093912209305 0.25463409745583099
0.48660006611601747 -0.34411104770616169 0.21059220390683245
0.45262955046662201 -0.37284118917397407 0.16647749243368132
0.41796242425796271 -0.40063466308251644 0.1223046834261764
0.38261054453461341 -0.42748155203539689 0.078089150686639686
0.34659114520318562 -0.45337956286762043 0.033846497351173531
0.30992326071264642 -0.47832963162026976 -0.010407972468571176
0.2726223718986312 -0.50232817451097178 -0.05465939465647187
0.23469778535521019 -0.52536243585950226 -0.098892936369388756
0.19615624013767766 -0.54741512155867811 -0.14309337527380175
0.1570072382966686 -0.56847260875903494 -0.18724523470147258
0.11726640393832616 -0.58853108347261418 -0.23133340497945049
0.076952682343012141 -0.60759284564080074 -0.27534341637511373
0.036081899384813182 -0.6256554286679531 -0.31926074139575439
-0.005337180210558852 -0.64270359569036484 -0.36306961998571374
-0.047295574005774332 -0.65872160741032892 -0.40675383272206439
-0.089780434112423729 -0.67370038755408057 -0.45029765360685303
-0.13277705048619676 -0.68763430774992884 -0.49368572753291146
-0.17626903803564936 -0.70052124803327254 -0.536903258504559
-0.22023874307910379 -0.71236217158672333 -0.57993611228604858
-0.26467225841886505 -0.72315006386683978 -0.62276883133946648
-0.30955762909686912 -0.73287290297458185 -0.66538479913563608
-0.35488077773758786 -0.74152290450204472 -0.7077679897398873
-0.40062558677643029 -0.74909696800093717 -0.74990329227921659
-0.44677604175978725 -0.75559170208772741 -0.79177551359486531
-0.49331684385892199 -0.76100156270202968 -0.83336887033662854
-0.54023272569292546 -0.76532045958423722 -0.87466728655494519
-0.5875083261334717 -0.7685418946045155 -0.91565440728612335
-0.63512825676801254 -0.77065872788323542 -0.95631346386436966
-0.68307712387941555 -0.7716626899218435 -0.99662710895390738
-0.73133871605695044 -0.77154731047817882 -1.0365782423961631
-0.77989652482531113 -0.7703057957086239 -1.0761494472011863
-0.82873329436945864 -0.76793343455310448 -1.1153236916087057
-0.8778314402918963 -0.76442514744668932 -1.1540836839452304
-0.92717184458307 -0.7597827004975618 -1.1924143637283351
-0.97673621453463866 -0.75400213847805797 -1.2302985970419049
-1.0265062376642446 -0.74708010874506503 -1.2677189896635779
-1.0764647517028236 -0.73900063577979935 -1.3046528882552209
-1.1265919700306517 -0.72976472257016678 -1.3410838072381992
-1.1768678609569407 -0.71936618023596077 -1.3769925389407627
-1.2272708376064563 -0.70782122876320497 -1.4123690572232155
-1.2777814053883323 -0.69510853499191882 -1.4471868572492845
-1.328378833322472 -0.68123869786712887 -1.4814326222572909
-1.3790419006622092 -0.66617411958685691 -1.5150705188737685
-1.429748684750376 -0.6499529326564093 -1.5481001239868273
-1.4804747079851139 -0.63253569018963718 -1.5804836129426032
-1.5312002077197939 -0.61399043338089943 -1.612236851715984
-1.5818967639114616 -0.59424549081267664 -1.6433035085508458
-1.632549524920845 -0.57339350948664647 -1.6737138028119527
-1.6831208497533223 -0.55131490554101348 -1.7033814246244752
-1.7336060285094432 -0.52816075844923471 -1.732372205757962
-1.7839524311211061 -0.50375830321894011 -1.7605641868997968
-1.8341748669896705 -0.47833800880739591 -1.7880759383638465
-1.8841942070541282 -0.45163698984530443 -1.8147225902712707
-1.9340572678755956 -0.42398474352277077 -1.8406932061004
-1.9836405144099623 -0.39499451653500145 -1.8657104546317982
-2.0330441184503441 -0.36514049373651641 -1.8900729013044824
-2.0820808799510027 -0.33389109909057613 -1.9133867377690963
-2.1309261690858059 -0.30188388244318737 -1.9360854542913837
-2.1793066260821048 -0.26842434704112328 -1.9576330147907162
-2.2275002819570173 -0.23433378451660827 -1.9786282110698523
-2.27510912395979 -0.19870976000651375 -1.9983411674604223
-2.3225554613841393 -0.16259767077554479 -2.0175862559037783
-2.3692742307662016 -0.12485831874957026 -2.0353949127295654
-2.4158771631512077 -0.086789472528550293 -2.0528457187001665
-2.4615934797645496 -0.047008919338231606 -2.0686990554505678
-2.5072630130641267 -0.007062408359010286 -2.0843237771979291
-2.5518601136911343 0.034687691404416271 -2.0981659242733648
-2.5964994152911358 0.076444285560266972 -2.1119219136785632
-2.6398726421283634 0.12006838156457772 -2.1237185572404313
-2.6833827189476307 0.16356588082684778 -2.1355635137553635
-2.7254359858820423 0.20895641818142932 -2.145293507977557
-2.76771942167318 0.25411825042701452 -2.1551906610079117
-2.808359964722297 0.3011648253422381 -2.1628375546417486
-2.8493208385694628 0.34790828699503307 -2.1707545434670563
-2.8884629357960314 0.39649556889791265 -2.1763097781855083
-2.9279986279295764 0.44474050968133244 -2.1822086229316162
-2.9655704955090281 0.49474290452059549 -2.1856801396604419
-3.0035856653455588 0.54439625369054034 -2.1895355573239992
-3.0395152397556142 0.59569294244006066 -2.190929232824018
-3.0759106447532827 0.64666063465850876 -2.1927136209882025
-3.1101432665975741 0.69912283426495248 -2.1920525431797042
-3.144810241391971 0.75131153505741999 -2.1917318259933074
-3.1773092057550092 0.80480564508274266 -2.1890556013849261
-3.2101486232767487 0.85810845721031503 -2.1866107143763225
-3.2408699898930422 0.91251132210565289 -2.1819499464670273
-3.2718145617952406 0.96680039725760258 -2.1773960366029748
-3.3006999681995555 1.0220009031134352 -2.1707636698042072
-3.3296614641048321 1.077158659347083 -2.1640953608313791
-3.356684727809335 1.1330340626043776 -2.1555360228588003
-3.3836168458067553 1.1889245509834474 -2.1467900644925284
-3.4087148712393818 1.2453683974202276 -2.1363119063509295
-3.4335446566616472 1.3018661208969997 -2.1254982608641959
-3.4566932599588256 1.3587618112264441 -2.1131442733267587
-3.4793807658814893 1.41573402657223 -2.1003043944822193
-3.5005550515953234 1.4729699880084672 -2.0861171969386749
-3.521098765803127 1.5302807362120356 -2.0713227182853511
-3.5402429132869702 1.5877515829553548 -2.0553175243532178
-3.5586231893879625 1.6452738527488466 -2.0386205572052893
-3.5756959208896091 1.7028706130221334 -2.0208252721003914
-3.5919085786638472 1.7604814832362339 -2.0022892762485602
-3.606889251955574 1.8180947295173771 -1.9827491182167483
-3.6209364240648547 1.8756765170487342 -1.962439637564438
-3.6337889720478933 1.9331972007704714 -1.9411866800304303
-3.6456492364035937 1.9906350506950845 -1.9191488221939266
-3.6563466923814443 2.0479535199972583 -1.8962222163475102
-3.6660232026907704 2.1051371887727748 -1.8725193533246411
-3.6745793135800886 2.1621502416046878 -1.8479882902585523
-3.6820972746954173 2.2189773004020434 -1.8226975590649639
-3.6885074069890198 2.2755822490957365 -1.7966157695279594
-3.6938539516022462 2.3319468154049776 -1.7697848569156305
-3.6981038352186539 2.388039514316405 -1.7421986183553844
-3.7012971550547875 2.4438447442415243 -1.7138961094966065
-3.7034194232995379 2.4993351368175758 -1.6848826013333813
-3.7044829330394062 2.5544895142389157 -1.6551784679386941
-3.7044685233009216 2.60927771545993 -1.6247857445990559
-3.7033854689570518 2.6636780556514674 -1.5937232576461762
-3.7012393460427222 2.7176688172685162 -1.5620083155481532
-3.6980501549317446 2.7712341386235244 -1.5296657960013889
-3.6938235381013098 2.8243534248045434 -1.4967121211559722
-3.688562849077242 2.8770049319279245 -1.4631618839021427
-3.6822663688144179 2.9291647315325529 -1.429027091711065
-3.6749416642263508 2.9808132460694678 -1.3943247388754294
-3.6665996218157222 3.0319331282947535 -1.3590735288955489
-3.6572524588843405 3.0825082072927654 -1.3232924745566936
-3.6469071944921407 3.1325199091141256 -1.2869977122974252
-3.6355673461613813 3.1819476912970468 -1.2502035057611254
-3.6232354902086135 3.2307703826612491 -1.2129237307908292
-3.6099176221409723 3.2789688742050971 -1.1751739184625045
-3.595623998481682 3.3265270129711166 -1.1369715068702679
-3.5803682233551379 3.3734313139990242 -1.0983352109435409
-3.5641636859198784 3.4196686898523585 -1.0592833553317189
-3.5470201792892886 3.4652238704475957 -1.0198324912306695
-3.5289432335466966 3.5100785286465728 -0.97999733860532579
-3.5099375268587552 3.5542135586289501 -0.93979234020466651
-3.490011463916721 3.5976127358662846 -0.89923342663732231
-3.4691792544178557 3.6402648273751983 -0.85833856481465265
-3.4474561414932765 3.6821599930617674 -0.81712580495705811
-3.4248519965313258 3.7232841095340725 -0.77561112364855334
-3.4013677872989767 3.7636149098776861 -0.73380763993511877

1.404613428062778 0.65542733965684929 -1.5298094448397099
1.4552962992954743 0.63872567290459548 -1.5625622489713242
1.5059986041197087 0.62073826794299902 -1.5945962177688742
1.5566791573583085 0.60174168786909499 -1.6260770951631847
1.607330980884053 0.58140736637057944 -1.6567586934073748
1.6579191228951704 0.5601537548955795 -1.6869176686419791
1.7084223549626885 0.53745401785390445 -1.716151161365068
1.7588258367729419 0.51395978510306151 -1.7449244915495838
1.8090760339071361 0.48889251193210803 -1.772619256975938
1.8592043865162995 0.46320348845749193 -1.7999610726094588
1.9090929244269101 0.43577705623534058 -1.8260260268337962
1.9588568843516776 0.40795151613552688 -1.8519017212096538
2.0082647471504398 0.3781622491084986 -1.876231182603086
2.0575692161376073 0.34822066422673215 -1.9005743894386404
2.1063807445551261 0.31612298730937322 -1.9231048680882787
2.1551293803669456 0.28409102967450478 -1.9458474421066909
2.2032311098013246 0.24975207155817292 -1.9665227310828814
2.2513356371458997 0.21569876666786902 -1.9876333159287909
2.2986027915548699 0.17915899706579369 -2.0063673119730061
2.345968665475159 0.14313769329963025 -2.0257995948325132
2.3922851618748573 0.10447904195090185 -2.0425444162075261
2.4388095931149869 0.066522453789605654 -2.0602262547023682
2.4840706707439346 0.025850511166833911 -2.0749585445218663
2.5296511432868263 -0.013993290951908918 -2.0908277904803376
2.5737559223674449 -0.056571544324971086 -2.1035282777788931
2.618283716735454 -0.098255916072739313 -2.1175147778867496
2.6611430433677268 -0.14262173712071025 -2.128182230664887
2.7045075790308135 -0.18609130041385455 -2.1402187307977298
2.7460394062567524 -0.23212539167489415 -2.1488578745302291
2.7881299056205466 -0.2773137478704169 -2.1588834781639932
2.8282583485483106 -0.32489784812317252 -2.1655030362415095
2.8689648920395237 -0.37172774431162076 -2.1734641257938856
2.9076201676823921 -0.42074464428177916 -2.1780769308041328
2.9468345453312561 -0.46912893627306962 -2.1839271773054456
2.9839521205661339 -0.51946318228993593 -2.1865487440831335
3.0215709141396245 -0.56930314097134016 -2.1902532691965839
3.057088956408843 -0.62084230722904066 -2.1908985455628796
3.0930140232851597 -0.67202955320964519 -2.1924331389595144
3.1268739792780229 -0.72466283076494609 -2.1911180818490696
3.1610138734370929 -0.77708053895448637 -2.1904696349691886
3.1931595462686779 -0.8306985493006116 -2.1872104212726926
3.2254317378977437 -0.88422212822588353 -2.1843785807721527
3.2558079120036867 -0.93871658645347222 -2.1791900628266165
3.2861431466770936 -0.99321344802663436 -2.1741917989364863
3.3146919966526962 -1.0484776317019107 -2.1670845652155362
3.3430255042808086 -1.103814874999745 -2.1599407556110397
3.36969743506996 -1.1597391434230748 -2.1509337557384551
3.395987358945562 -1.2157776215084521 -2.1416894233493418
3.4207278254839677 -1.2722530603216144 -2.1307943426646383
3.4449344374877011 -1.3288568758326273 -2.1194957165760315
3.4676885604876655 -1.3857741197678 -2.1067254119756198
3.4897743344699657 -1.4428121973127979 -2.0934160792612992
3.5105020269768228 -1.5000584708257532 -2.0787981851209096
3.5304490153996171 -1.5574004335856713 -2.0635380072969505
3.549125215370863 -1.6148618445208875 -2.04711217846969
3.5669279306507122 -1.6723811180097694 -2.0299701347652004
3.5835102390359133 -1.7299465009966135 -2.0117601418182769
3.5991477042855151 -1.7875229479703134 -1.9927878957627334
3.6136140371193024 -1.8450806574524483 -1.9728355591575804
3.6270951396976221 -1.9025983847733439 -1.9521066251158132
3.6394387120023266 -1.9600394313145975 -1.9304651906514825
3.6507561253471708 -2.0173867650732902 -1.9080369694708561
3.6609451481572823 -2.0746017791728413 -1.884739689589817
3.6700796326564729 -2.1316680454763572 -1.8606586212058303
3.6781055312304334 -2.1885502338349405 -1.8357569249318781
3.6850766188310171 -2.2452328102925909 -1.8100968103656132
3.6909617904056566 -2.301683700738224 -1.7836633415446932
3.6957868028510874 -2.357884307249591 -1.7564935117142393
3.6995266058356258 -2.413803047946836 -1.7285800427416191
3.7021967898904267 -2.4694196663011043 -1.6999501490801348
3.7037929845666286 -2.5247079746699472 -1.6706124355928806
3.7043345437754289 -2.5796502565365551 -1.6405944732266462
3.7038199498968458 -2.6342220465887545 -1.6099072940581862
3.7022510715782371 -2.6884004916380615 -1.5785660623264597
3.699619727095194 -2.7421584118097067 -1.5465783901681072
3.69593077039772 -2.7954738672200774 -1.5139609563789627
3.6911952001410824 -2.8483277611552293 -1.4807330922952586
3.6854303405599911 -2.9007047568890272 -1.4469178933349118
3.6786452876872047 -2.952586331588567 -1.4125329678452752
3.6708420884297839 -3.0039508091085829 -1.377592153739132
3.6620199674350844 -3.0547748526365366 -1.342107647665862
3.6521857088071643 -3.105039159738177 -1.3060958222595891
3.6413523403764967 -3.1547282680923798 -1.2695759771428721
3.6295332222910703 -3.2038275441543997 -1.2325673027454114
3.6167358891021761 -3.2523192459899661 -1.195085837109763
3.6029628124062971 -3.3001824957390165 -1.1571452014554653
3.5882163495152901 -3.3473961305544582 -1.1187590542422967
3.5725035034539077 -3.3939420308938848 -1.0799432272679548
3.5558364440973262 -3.4398059019619156 -1.0407156961380315
3.5382298987040506 -3.4849757902717351 -1.0010952617428743
3.5196968688848882 -3.5294389828795167 -0.96109971176970788
3.5002458063914208 -3.5731795628074647 -0.92074484632707754
3.4798818549662722 -3.616178962216015 -0.88004519355167798
3.4586110555501488 -3.6584191885115405 -0.83901570561548744
3.4364441514308761 -3.6998862279536433 -0.79767301970686832
3.4133965429816318 -3.7405704703979152 -0.75603518701627115
3.3894825573630842 -3.7804618482165213 -0.71411962295329301
3.3647097345311519 -3.8195442290351846 -0.67194148537411902
3.3390813814462299 -3.8577971691801918 -0.62951481628699157
3.3126043609013385 -3.8952033128415997 -0.5868548889995302
3.2852916128406884 -3.9317513935384674 -0.54397863220604259
3.257162283309758 -3.9674370605934124 -0.50090427942568139
3.2282353218007707 -4.0022565414759921 -0.45764958096179642
3.1985198423879755 -4.0361956629548397 -0.41422990766760076
3.1680197667183152 -4.0692340259679973 -0.37065978060519034
3.1367439686683163 -4.1013564868576289 -0.3269549079812647
3.1047111334283324 -4.1325597798018636 -0.28313253947763584
3.0719402983115693 -4.1628418155797169 -0.23920956456031242
3.038443962429505 -4.1921927273461215 -0.19520176844322712
3.0042288773005406 -4.2205949734312984 -0.15112442902092504
2.9693031217498365 -4.2480322228098784 -0.10699325186974941
2.933680639047763 -4.2744959665522577 -0.062824464796669338
2.8973784245552272 -4.2999822998449293 -0.018634272434289369
2.8604129782482457 -4.3244870678327567 0.025561391997038954
2.8227982908504252 -4.3480026470431596 0.069746751551721387
2.7845464315933199 -4.3705184176752407 0.11390596072065264
2.7456694788439928 -4.3920235520262425 0.15802305128383809
2.7061808438206048 -4.4125092210954939 0.20208205817394384
2.6660953672813053 -4.4319689938318385 0.24606716028822812
2.6254283901424404 -4.4503974263401389 0.28996266862145303
2.5841944243549175 -4.467787655461243 0.33375279427673099
2.5424064600200005 -4.4841298165559609 0.37742134623262008
2.5000767047382344 -4.4994120730953808 0.42095168933605831
2.4572183000887695 -4.5136238782853875 0.4643271287908815
2.4138470434580834 -4.5267598557049542 0.50753163261335243
2.369981247132416 -4.5388202339768942 0.5505501885676658
2.3256384816930109 -4.5498040875154331 0.59336775875305503
2.2808329290133025 -4.55970267009842 0.63596778134565046
2.2355768836026462 -4.5685018381007092 0.67833226913522304
2.1898847475793239 -4.5761916036754382 0.72044378940187315
2.1437756352348982 -4.582774040624952 0.76228768275787306
2.0972691058350823 -4.5882531930820241 0.80385001073842643
2.0503811856578897 -4.5926233199815583 0.84511434361569182
2.0031249398716549 -4.5958685905909631 0.88606111858455538
1.9555146052791279 -4.5979747219006208 0.92667065857165642
1.9075688838341125 -4.5989410474995323 0.96692712359077582
1.8593087696997559 -4.5987755964544696 1.0068175868278599
1.8107543018420296 -4.5974841700986602 1.0463286777657652
1.7619228754823251 -4.5950622613201544 1.0854435100706545
1.7128308716546627 -4.5914993753461326 1.1241427213062387
1.6634960574861546 -4.5867890874949611 1.1624080543459037
1.6139381990834174 -4.5809338461796072 1.2002245023679929
1.564177577497101 -4.5739393754376154 1.2375784480859797
1.5142338551747818 -4.5658082624520935 1.2744550420866045
1.4641258238892143 -4.5565360967770578 1.3108362933065258
1.413872380783908 -4.5461157005238784 1.346702573849994
1.3634931961695256 -4.5345418308018388 1.3820347097798631
1.3130090230777205 -4.52181680694828 1.4168167771425075
1.2624410041585126 -4.5079471013889041 1.4510348774836757
1.2118103538641571 -4.4929426018131995 1.4846768687512528
1.1611379350814548 -4.4768055541813538 1.5177267726543178
1.110444834396382 -4.4595366143707338 1.5501673959997184
1.0597526811819138 -4.4411283210014014 1.5819768163101136
1.009083414103529 -4.4215872385969961 1.6131403104570263
0.95845939559059123 -4.4009150390570468 1.6436405187655716
0.90790183032574634 -4.3791328590847849 1.6734712288225568
0.85743423993028201 -4.356231969111886 1.7026085805009372
0.80707822214866831 -4.3322285000591814 1.7310429531462954
0.75686118461819352 -4.3070961701804 1.7587379664593914
0.70680216391620621 -4.2808735557361874 1.7856980220593641
0.65693156834279764 -4.2535298613318462 1.8118823557683073
0.60726162606293765 -4.2251337690058026 1.8373169662143718
0.55782887224521049 -4.1956345195972728 1.8619458370402613
0.50863799436283375 -4.1651211582075067 1.8858112988497486
0.45974327089195127 -4.1334902095943828 1.9088150578360517
0.41113095720694348 -4.1008848145103096 1.9310426193327732
0.36287674145533139 -4.0671548994759803 1.9523545554129833
0.31493352365499094 -4.0325215680888702 1.9729043626664864
0.26741725683667406 -3.996750969971326 1.9924763240847616
0.2202315332079649 -3.9601587308013175 2.0113126392527292
0.1735667712226876 -3.9223750251913483 2.0290662528804275
0.12724176266128959 -3.8838628534581683 2.0461247495725647
0.081536431360301809 -3.8441216267283984 2.0620011402920482
0.036166794478954573 -3.803755036736725 2.0772396711523666
-0.0084831079266741247 -3.7621407867422429 2.0912061894278615
-0.052822150998729472 -3.7200197204072065 2.1046167821075117
-0.096298596466966799 -3.676585843054577 2.1166061744007583
-0.13951799658668712 -3.6327859103092703 2.1281559342681264
-0.18170754530583397 -3.5876047855180828 2.1381142744154564
-0.22371464396601001 -3.5421990253687397 2.1477668693593301
-0.26451887477884584 -3.495369019145163 2.155667092012556
-0.30523794154571021 -3.4484539681724398 2.1634124144176137
-0.34454439425440453 -3.4000620026203641 2.1692096476404981
-0.38387234933437286 -3.3517064795741196 2.1750007443087749
-0.42160314152028905 -3.301876713028201 2.1786978287267296
-0.45943199382914879 -3.2521519711853082 2.1824858221597276
-0.49552045589035598 -3.2010129617582228 2.1840973731089854
-0.53175881382052825 -3.1500120180219517 2.1858585550020444
-0.56612716064423763 -3.097680215107796 2.1853842237929717
-0.60068720723210323 -3.0455041509966727 2.1851018398229205
-0.63326654419690531 -2.9921005200934738 2.1825506057152535
-0.66604913592019843 -2.9388455454727933 2.1801966720970372
-0.69678906812401797 -2.8844980207754607 2.1755965368409282
-0.72771153918956033 -2.8302751705808609 2.1711644345137864
-0.75655494117067434 -2.7751047653795355 2.1645344291950175
-0.78553221239277926 -2.7200271234014384 2.1580167543217472
-0.81243582883837662 -2.664157490837447 2.1493885844623417
-0.83938825879751033 -2.6083431386389706 2.140785293382367
-0.86431341671128648 -2.5518958567317958 2.1301934730944061
-0.88917277025510799 -2.4954695146523926 2.1195174168818669
-0.91208115815363067 -2.4385635344839818 2.1069956591246064
-0.9347933694944095 -2.3816553599010932 2.0942740821456698
-0.95564396159437237 -2.3244075197415057 2.0798528889408958
-0.97615865059968432 -2.2671479674826971 2.06511628266025
-0.99491965133401572 -2.2096752756954352 2.0488339254311696
-1.0132048990544682 -2.1521966292043113 2.0321288845539338
-1.0298424841060607 -2.0946149567687642 2.0140216811633405
-1.0458715052781149 -2.0370482056339974 1.9953981686383424
-1.0603538131764247 -1.9794730660208575 1.9755038299377405
-1.0741064108293628 -1.9219464160402226 1.9550158355585716
-1.0864105893943683 -1.864492739537404 1.9333792465589645
-1.0978808574351955 -1.8071310832156398 1.9110906985822793
-1.1079954791127171 -1.7499116967543686 1.8877652194207883
-1.1171922783955339 -1.692834998533066 1.8637494356211963
-1.1250981385761467 -1.6359623188003252 1.8387818063739783
-1.1320208931349931 -1.579287507704511 1.8131026836302957
-1.1377123456209568 -1.5228709693780964 1.7865491485077329
-1.1423842488794593 -1.466706316531645 1.7592855868683954
-1.1458701693793301 -1.4108500090705844 1.7312114575039483
-1.1483040126677366 -1.3553018526153235 1.7024327234568011
-1.1495811743206326 -1.3001112266734249 1.6728939602298525
-1.1497914630101755 -1.2452821316689029 1.6426687371782918
-1.1488740289825827 -1.1908560161251429 1.611732023383714
-1.1468912423330444 -1.1368396965526737 1.5801374056147044
-1.1438134139138871 -1.0832664729421935 1.5478802310541775
-1.1396775955284624 -1.0301483532096798 1.5149967233622446
-1.1344618189262154 -0.97751761232216094 1.4814874592467544
-1.128190961594415 -0.92538898790583968 1.4473805640209854
-1.1208619273000162 -0.8737871496379801 1.4126876823820478
-1.1124996012446384 -0.82272439720569646 1.3774358910255957
-1.103105821098372 -0.7722227565690728 1.341639243461564
-1.0926921504291141 -0.72229995734130314 1.3053169464675256
-1.0812630531928014 -0.67297659467664717 1.2684843084431154
-1.0688329781512671 -0.62426769126145853 1.2311615368810498
-1.0554102260058631 -0.57619110153975484 1.1933655297390779
-1.0410081749740767 -0.52876141412809252 1.1551154264137158
-1.0256410206594144 -0.48199183945713153 1.1164304021707647
-1.0093239028936312 -0.43589450781544187 1.0773297294172015
-0.99206535295058995 -0.39048569340777528 1.0378295603429806
-0.9738750498399642 -0.34578073759138767 0.99794643608138911
-0.95476499520996971 -0.30179286694841395 0.95769768821049794
-0.93475004460574573 -0.25853266210498005 0.9171015257291486
-0.91384460086254282 -0.21601049513866363 0.87617568485050246
-0.89206161875191015 -0.17423750316491635 0.83493711268903081
-0.86941162484397316 -0.13322658573070298 0.79340172857194002
-0.84590380901782469 -0.092991691886874964 0.7515849194894908
-0.82154713637251708 -0.053546910711162542 0.70950196883683825
-0.79635193047557407 -0.014904988081917252 0.66716854027503791
-0.77033056220513318 0.022923496663688332 0.62460079729542872
-0.74349758979327818 0.059930479511503321 0.58181532239537259
-0.71586877788375247 0.096109615358870068 0.53882874684214865
-0.68745867032288033 0.13145377474765266 0.49565712380316024
-0.65827816368867886 0.1659521907356967 0.45231549899444401
-0.62833507629679031 0.19959065995427244 0.40881827097554752
-0.59763769149482004 0.23235531280058042 0.36518003983016917
-0.56619855784565998 0.26423723977883889 0.3214161926839742
-0.53403400198740691 0.29523241713627624 0.27754254038388165
-0.50115931918545287 0.32533606069357163 0.23357445988832629
-0.46758484787317428 0.35453733053098663 0.18952657635374257
-0.43331691848913834 0.38281989181926246 0.14541323964461073
-0.39836250457241651 0.41016773521933381 0.10124915310094806
-0.36273291651472278 0.4365704844450965 0.057049491862542004
-0.32644383473951238 0.46202408153151869 0.012829549416701475
-0.28951252955877815 0.48652728983639615 -0.031395628271410105
-0.2519542444082386 0.51007635605592749 -0.075611280200486589
-0.21378008730451981 0.53266128770507248 -0.11980261272980329
-0.174998469558137 0.55426743612649276 -0.16395448436382573
-0.13561857058310961 0.57488079203619369 -0.20805147130193802
-0.095652847538896135 0.5944924483303291 -0.25207826358000052
-0.055117281075362026 0.61309967343586735 -0.29602005778682117
-0.014028657157381628 0.63070160968165889 -0.33986242367368402
0.027599804123127937 0.64729105469076109 -0.3835903666873543
0.069759236468789981 0.66285198809201129 -0.42718760713755899
0.11243891951398799 0.67737110935861244 -0.47063783853063806
0.15562556796138685 0.69083972605491439 -0.51392518552583921
0.19930470339953024 0.70325136446011149 -0.55703401744483239
0.24345922630326741 0.71460535654587443 -0.59994975250776506
0.28807067795181024 0.72490468828146393 -0.64265871593300716
0.33312602550324227 0.73413970066213419 -0.68514470465321287
0.37861483254820033 0.74229320016433964 -0.72738949532296449
0.42452385691851441 0.74935374108477015 -0.76937571336998212
0.47083475237743355 0.75532306388925241 -0.81108910424510317
0.51752873433725777 0.76020487543003989 -0.85251610020275759
0.56458970050058643 0.76399526624910963 -0.89364119674968234
0.61200441548785345 0.76668075112421719 -0.9344458394081584
0.65975856050657533 0.76824917720457642 -0.97491148958871487
0.70783593353464846 0.76869381160435857 -1.0150207914424245
0.75621808702129656 0.76801460838859881 -1.0547586439807548
0.80488766789933897 0.76620827298775063 -1.0941084610955667
0.85382578459758995 0.76327547670291584 -1.133055447475475
0.90301607056443323 0.75920786375932703 -1.1715806254713574
0.95243868308720792 0.75400767963496884 -1.2096698765200038
1.0020781021818337 0.74766043902374602 -1.2473006704578697
1.0519121053141844 0.74017622984951248 -1.2844624871231973
1.1019263058635709 0.73153194697209789 -1.3211272553003499
1.1520950245164854 0.72175328154375706 -1.3572926037901878
1.2024063347108183 0.71079792080593518 -1.3929186192912548
1.2528303309788358 0.6987150643341451 -1.4280168404350624
1.3033579586187123 0.68543337413933725 -1.4625278353803801
1.3539539198836943 0.67104927115174817 -1.4964924831983499
