-3.377014387171152 3.8031388919183091 -0.69173181356235713
-3.351908894404108 3.8416665538070318 -0.64958562848936297
-3.325775445099481 3.8796256267811891 -0.60690351505715923
-3.298569517279073 3.917051851035346 -0.56362876449733645
-3.2704389148196009 3.9537214045520011 -0.52000780772203592
-3.2415917231240479 3.9893672419349828 -0.47636095094619613
-3.2120951722835969 4.0239265711957488 -0.43277863916322079
-3.1818426941363369 4.0575390383401206 -0.38909518380603819
-3.1506972698794131 4.0903548102466623 -0.34511384803185718
-3.1186258630042141 4.1223957926815888 -0.30079509676624649
-3.0857303720059459 4.1535502595572389 -0.25628520634539342
-3.0521827081965749 4.1836583979243036 -0.21181508637248539
-3.0180938313219161 4.2126355953604069 -0.16752348999351671
-2.9834377782106891 4.2405205216948474 -0.1233674481936694
-2.9480756866162809 4.2674319399068814 -0.079166101143072487
-2.911836692874588 4.2934920986015586 -0.034710152345413907
-2.874659318948094 4.3187270803642948 0.010065807481374169
-2.8367060390232361 4.3430120846492937 0.054958089023335488
-2.7982687895184362 4.3661625003125666 0.09962263051926401
-2.7594804863075759 4.3881147738172261 0.14391416024477391
-2.7201798978335838 4.4089737864718517 0.18802437304468619
-2.6799916508322261 4.4289322428690383 0.2323709999891945
-2.638873918418382 4.4479895505144507 0.27698839600824082
-2.5972590170559511 4.4659363435606467 0.32140250137851317
-2.5554858473358188 4.4826411604223617 0.36525979249747431
-2.513305509322254 4.498219529026561 0.40883048019253188
-2.470586526515735 4.5127229775537101 0.45225205290412351
-2.427187366404556 4.5261934427312491 0.49566501695200182
-2.3828532205812709 4.5386917986638888 0.53931420668165009
-2.3379748038292298 4.5500929970252706 0.58280672399555133
-2.293001218667142 4.5602905664879563 0.62571158695216111
-2.2478614168920341 4.5693172936188207 0.66810584016671792
-2.2021208348710628 4.5772620168559062 0.71039871770608853
-2.155610646039142 4.5841392825522664 0.75273816735407684
-2.108517979174366 4.589906444602522 0.79494557708747704
-2.061211740778035 4.5945166500412924 0.83668940927081781
-2.0138698962547079 4.5979634725323111 0.87781869396162737
-1.9663750818910259 4.6002666710779536 0.91844162594437162
-1.9184844940885279 4.6014393618308604 0.95876664443693327
-1.870037649799243 4.6014761921346912 0.99892376378211611
-1.8210619776677559 4.6003638441705892 1.0388829099288039
-1.7717647724409411 4.5980983675065534 1.0784701786290869
-1.7223659131714071 4.5946901426764626 1.1175091721774939
-1.672921238063257 4.5901486078747844 1.155958870632263
-1.6232898950053629 4.5844633620874653 1.1939302265822549
-1.573269102990374 4.5776049364614639 1.2315749396416471
-1.522856375320677 4.5695610525117001 1.268888292047704
-1.472331365720569 4.5603697299171131 1.3056596483143941
-1.4220092999352061 4.5500938119078222 1.3416626544092829
-1.3719209126369929 4.5387520044971934 1.3768821953605379
-1.3217288669163321 4.5262721513329538 1.411557836162558
-1.271042900914148 4.5125448191224349 1.445952309895058
-1.219914833310463 4.4975623348865259 1.480018484810993
-1.1688054308673821 4.4814494053315723 1.513443594559714
-1.118086250334926 4.464328814208204 1.5459878497505981
-1.0676528028898009 4.4461781224292194 1.577725282208418
-1.0170251660232641 4.4268203031350621 1.6089556799897911
-0.96606619876504163 4.4061879680994309 1.6397551418036611
-0.91508436362919354 4.3843878328255537 1.6699274743399439
-0.8645202172823323 4.3616141913601387 1.699214788179318
-0.81448947980049458 4.3379255178614029 1.727554146000601
-0.76472733387644665 4.3132140169321929 1.7551044873570709
-0.71492162853835839 4.2873070522688188 1.7820299071132439
-0.6649869607927873 4.2601593137333049 1.8083747256357281
-0.61509244606352931 4.2318272482614852 1.834031790139699
-0.56550280813212217 4.202480519698466 1.8588734222869341
-0.51637201426500245 4.1721788759442404 1.8828080335457691
-0.46763633465741627 4.1409310190629904 1.9058894226802441
-0.4191585869333907 4.1085892190827664 1.928154339423263
-0.3708314892637759 4.0751452009464213 1.9496808704953801
-0.32276576773278282 4.0405714589271966 1.970369837331392
-0.2751483222009326 4.0051154520010774 1.9901934942935511
-0.22821795209213949 3.9688107979713299 2.0089849565236779
-0.1819153275759067 3.9318090969572119 2.026861837105709
-0.1361388209408422 3.8938012411825782 2.0437560258525491
-0.090554744124804271 3.8547788178288469 2.05991694073807
-0.045240727086226923 3.8144618554303209 2.075151336646099
-0.00027902706532272601 3.7732921395678418 2.0896052738004238
0.043847602472136538 3.731256879244254 2.1029071177720691
0.087290177478583503 3.6887646762712172 2.1153664123890779
0.12998873307831779 3.6452360165057121 2.1266614434687958
0.1724474311883914 3.6008996370127559 2.1372802741657799
0.21418768882231529 3.5553757872902119 2.1466801291935882
0.25536143614400753 3.509495148182149 2.1553741163757589
0.29540684342795182 3.4627472886715509 2.1626963219352699
0.33504726099462068 3.415609914873849 2.169418164433937
0.37362829118439161 3.367387171477104 2.1747142806717981
0.41189827587629591 3.3187814603706829 2.1794825486493008
0.44905627328357972 3.269024860244528 2.1827530617969608
0.48592314822620081 3.2189571197120861 2.185544546222228
0.52141421886049111 3.167973156596064 2.186756859528618
0.55656861500498123 3.116859329813769 2.187545261697406
0.59029895488771433 3.0647875533048752 2.1866984035056678
0.62381590212038751 3.012501483360865 2.1854767463229932
0.65582129782022702 2.959298181757601 2.1825749834321551
0.68756830391723744 2.9060261855254601 2.1793372628129268
0.7176676528064766 2.8519989160541419 2.174399984522827
0.74754979011645473 2.7978864527527891 2.169148902792513
0.77574657513368195 2.743063654725495 2.1621931984528828
0.80371850475616424 2.688166393922387 2.1549234545278368
0.82998654204855926 2.6326318576012211 2.1459722541602839
0.85602704297238263 2.5769560172069639 2.136670958714503
0.88032772730286302 2.520811472223873 2.125747455451001
0.90428204601894957 2.4646845672373781 2.114468246413812
0.92650505046121767 2.408212109254702 2.101636498519186
0.94837456672113474 2.3516258630359919 2.0883766998566728
0.96859480330487191 2.294673705839791 2.0736136134445071
0.98834600752317914 2.237707766737834 2.0583899537966031
1.006423415024843 2.1806849761850402 2.0418059089595002
1.023951953480589 2.1236748775708678 2.024717686318763
1.03989743540518 2.0666081554663709 2.0063361020459789
1.055211717492951 2.0095605435448669 1.9873943805833061
1.0690398265191099 1.9524534480656639 1.9672286652200759
1.0821788395768019 1.895220547164048 1.9463840334118661
1.093893897824358 1.838060187873656 1.92443071668817
1.1047644074870979 1.7811161208523389 1.9018678901718109
1.1142686832342921 1.724406437314687 1.8783259745654071
1.122896533081607 1.667743032587975 1.854061135750531
1.1302622694251361 1.611101349149531 1.82877885828556
1.136683991476731 1.5545450834362671 1.8027453874530239
1.1418561498600051 1.498373793921947 1.7759009797958381
1.1460124692942191 1.442723900868629 1.7484917939199871
1.148966820897126 1.3876128358852751 1.7203928597177569
1.1509106391092421 1.332782245276793 1.691603103111011
1.151710714954143 1.278009220833753 1.6619021579418021
1.151473085988109 1.223226203475748 1.6313294894336461
1.150106033430206 1.168743337099633 1.599989628586534
1.147695060602919 1.11487702275144 1.568122185697113
1.14420370033816 1.061701929721963 1.535743560965249
1.139664545351605 1.008916504613683 1.5027095256529801
1.134024883744136 0.95631482224132414 1.468865301547668
1.1273203685966871 0.90403364530376884 1.434313937115415
1.1195798354306641 0.85240805489720473 1.3992669239855751
1.110852813948852 0.80157731551086953 1.3638412660792829
1.101118363524259 0.75140344672552051 1.327944085208753
1.0903581344611779 0.70171823509794617 1.2914661562165499
1.0785680896093459 0.65252473605702099 1.254406384891535
1.0657672088118491 0.60387585344644468 1.2168094687755719
1.051957496506094 0.55578300192777963 1.178683703636396
1.037142749901597 0.50824583670854651 1.1400318633389761
1.021341299583854 0.46132240240752809 1.100901504593325
1.0045769729346321 0.41506889446646722 1.0613434811797331
0.98685665697479219 0.36949446830080562 1.0213686740670209
0.96819853991282079 0.32463287832524879 0.9810108695560642
0.94864224014080578 0.28056439120036381 0.9403475058276598
0.92819705021496213 0.2372912937644274 0.89938756637633666
0.90679150582362111 0.1946572348970364 0.85798509571250692
0.88440752054275307 0.15263403335297121 0.81610947805925915
0.86118845717303316 0.11148712442966691 0.77402689183402795
0.83725278924533664 0.071398908046520479 0.73193680933365524
0.81252526211458531 0.032216549168223141 0.68969207143164946
0.7869530167711537 -0.006155033571787415 0.6471961236254159
0.76041073373283619 -0.04389819708887463 0.60424389724941352
0.73275233960153807 -0.081193673028206223 0.56061400606914114
0.70424034851213979 -0.1176691053742817 0.51673077943731072
0.67518572373720565 -0.15294624152221969 0.4730620103072366
0.64557747595033399 -0.18707379039325281 0.42957160199513211
0.61512044631968832 -0.22040511691353601 0.38581874655555121
0.58361138664152212 -0.25314532502289278 0.34152111529843171
0.55110487485643023 -0.28521213664235628 0.29676965722221338
0.51791429461933891 -0.31628974223475781 0.25199954026642069
0.48430136843191568 -0.34615333881510668 0.20755259690567279
0.45025296468596948 -0.37484378863790663 0.16339530405618041
0.41554217961138012 -0.40256774394700118 0.1192248540617144
0.37990554774486729 -0.42952796639479218 0.074710273648978448
0.3432380982890027 -0.45578019190040858 0.029733616778100561
0.30572507517852471 -0.48117121028375559 -0.01546643444983665
0.26773214386429423 -0.50545367090051407 -0.060449330032159312
0.22945336184912549 -0.52852308433703576 -0.1049961138437808
0.19076796938135299 -0.55047230507654876 -0.14925842345539461
0.15131386400559879 -0.57150816109823788 -0.193651290719799
0.11086892595124601 -0.59172967070792248 -0.238413830244843
0.069639172720529052 -0.61101349221519241 -0.28330670637378808
0.02815304850553154 -0.62911499850714792 -0.32775589472200001
-0.01354572541660405 -0.64603419743724344 -0.37172510910400047
-0.055701783451262817 -0.6618817112333949 -0.41547857667353982
-0.098432279402099185 -0.67670089834519187 -0.45913747739423277
-0.14185810807297661 -0.69052519673507129 -0.50282058675976715
-0.1860850848963522 -0.70337271726329831 -0.54662566656931455
-0.23076320525938979 -0.71513227520321021 -0.59020073823851205
-0.27566410180096362 -0.72574908297972685 -0.63332599366823128
-0.32094090731931002 -0.73526546673166882 -0.67615187861156489
-0.36677149335742509 -0.74371517607289606 -0.71884458437030163
-0.41312127996679071 -0.75108341081938257 -0.76136719651423446
-0.45988578789067769 -0.75734784448373182 -0.80362065217129253
-0.50701491180978664 -0.76249864016422819 -0.84555792934311014
-0.55448322825790342 -0.76653102524711358 -0.88715525373639403
-0.60222596193867017 -0.76943803859069182 -0.9283550558741066
-0.65019855776256186 -0.77121784253328862 -0.96911930691960624
-0.69841911162450943 -0.77187026719754914 -1.0094629595261251
-0.74690231909132443 -0.77139462425171224 -1.0493977007714941
-0.79563852706706928 -0.76978630020979666 -1.088913083812489
-0.84469026462831098 -0.76704005700168254 -1.1280578280742011
-0.89417902390837223 -0.76313528817815579 -1.166921486060666
-0.9440324999523424 -0.75806939365316961 -1.20544224724771
-0.99396516407599733 -0.75185942976503117 -1.243393402994571
-1.043783640187399 -0.74454256944644914 -1.2806344502230631
-1.093660167700609 -0.73608470512715929 -1.317290372552077
-1.143955913197594 -0.726432386950152 -1.353629365586194
-1.1946524126372911 -0.71554783075961037 -1.3896172418899619
-1.2453465051211901 -0.70353949263285132 -1.4249770923968721
-1.295694577151647 -0.69045227919623675 -1.4594528833306759
-1.3457675143220129 -0.67633688747383636 -1.4931262849996989
-1.395928981875505 -0.66101641405009171 -1.526207435293691
-1.446430525774802 -0.64449578128908491 -1.5588988691362859
-1.497249173815989 -0.62664263808920906 -1.591118985095487
-1.548105722388005 -0.60769041810338031 -1.622752242938698
-1.598714948475549 -0.58755379803165286 -1.653532106501896
-1.649061596334257 -0.56648295465621434 -1.6835629466679201
-1.699271686721991 -0.54412224381768759 -1.712779311375108
-1.7495309761290561 -0.52075750546138433 -1.7414597781569059
-1.799758068146575 -0.49595261283110892 -1.769336545600092
-1.849841481814209 -0.47031979602170448 -1.7966061578596779
-1.899464727916647 -0.44333208304403598 -1.8227757318244819
-1.9488154700381159 -0.41573059542319218 -1.848337331334325
-1.99778659370739 -0.3865714341940869 -1.872767490286539
-2.0466583468391009 -0.35686521859731329 -1.8967551576363499
-2.0951370092470492 -0.325423238426992 -1.9195168487898051
-2.1436917653632239 -0.29348765530420151 -1.9419952920653321
-2.1917137216704559 -0.25969307994914048 -1.9630807047920731
-2.2395635108603908 -0.22578546405268859 -1.9838690927193781
-2.2865162321980939 -0.1900207697274795 -2.0029854683631041
-2.333509806134165 -0.15426225165537469 -2.0220242548275831
-2.379652989464828 -0.1163253609972852 -2.0392750487427769
-2.4259831932358402 -0.07854937904772577 -2.0566317429182859
-2.4710645109320541 -0.038620312953242163 -2.0719085183401491
-2.516338398869443 0.00084952563082919526 -2.0874364270969812
-2.5602196371860848 0.042651015901284332 -2.1006909567551921
-2.604501152401923 0.083897607329274246 -2.114398973062531
-2.647168820802448 0.12752943094762001 -2.1256409346086458
-2.6903733991181449 0.1705223066326666 -2.1374789545345698
-2.731787187947877 0.21591833489084841 -2.1467090284097741
-2.7738048768407291 0.26058775842300119 -2.1566271037105329
-2.8137778208290909 0.30752686124727302 -2.1638112847511599
-2.8544391715087052 0.35372336952539363 -2.171754399755311
-2.892956043803137 0.40214397716512362 -2.1769113520480379
-2.9322562506531429 0.44991592608703362 -2.182852233597012
-2.9692743584728318 0.49972674809614542 -2.1859945450020239
-3.0070117355874082 0.54885661611283909 -2.1898891363056259
-3.0423760420961319 0.59981525095439081 -2.191020777124558
-3.0784634878584352 0.65022676949600522 -2.1928424898115368
-3.1121748709847261 0.7022585083022318 -2.1920018843965079
-3.1465415484426709 0.75391379910466894 -2.1917174993896338
-3.1787057690810698 0.80711565799555596 -2.188934776159484
-3.2113682017829341 0.86008632224462578 -2.1865205706578119
-3.2417305860156458 0.91404061081993393 -2.181816616872164
-3.2723356170268092 0.96771419811096027 -2.1773194720394109
-3.3009308668188631 1.022442821391611 -2.1707103026153951
-3.3297828726528649 1.077389875230778 -2.1640674076889739
-3.3567318602349712 1.133131551997143 -2.1555210757535268
-3.3834841745293001 1.1886262310048741 -2.1468454180439638
-3.4082817239682548 1.2443851304381259 -2.13649930202949
-3.4328302228828509 1.3001115081666299 -2.1258787050215102
-3.4557541193495149 1.3564114225377759 -2.113671468000442
-3.478403798929063 1.4130968114539331 -2.100956875194433
-3.4995797473548902 1.47025896130372 -2.0868142290421021
-3.520145093165199 1.527423894432026 -2.0721165525083651
-3.5392205160314041 1.5845666317280389 -2.0562382281364302
-3.5575543705741302 1.641679884144738 -2.0397279635142849
-3.5746001259433831 1.6989972786718279 -2.0220668063628531
-3.590881209027208 1.7565464383808911 -2.003620360202313
-3.60593375875274 1.814200914671446 -1.984117927301662
-3.620038381214028 1.871679908946982 -1.9639120950602349
-3.6328736760409508 1.928801507595018 -1.942866967802366
-3.644707225551667 1.9856319235818689 -1.921143100997929
-3.6554016652930992 2.0424313132296379 -1.8985024971732509
-3.665166314944678 2.099490433602381 -1.8749411160814551
-3.6738572646440262 2.156762422114562 -1.850378484162388
-3.6815095736278471 2.213862789455785 -1.8250470954297291
-3.6880054372779218 2.2703935115813501 -1.7990776549971861
-3.693420802408145 2.3263708097809142 -1.7725182661936509
-3.6977617693996092 2.3822528400095671 -1.7451243806418819
-3.7010771590299498 2.4383387712043891 -1.716767142340256
-3.7033144238743509 2.4943321461723631 -1.6875699745598121
-3.704475215679393 2.549641311259025 -1.65786047079083
-3.7045618011715371 2.60403608360346 -1.627769541187805
-3.7036040396079648 2.6578562822143952 -1.597132417212207
-3.70158355839426 2.711673131873316 -1.565617925998922
-3.6984882231862519 2.7655894309746958 -1.533158444909583
-3.694323849682005 2.8192492676100369 -1.4999565535986681
-3.689133872692874 2.8721971892863349 -1.4663004673314219
-3.6829398391533381 2.924347955657876 -1.4322554812828749
-3.6757195665065021 2.975988589378495 -1.397643930377678
-3.6674376715084258 3.0273540386591198 -1.3623063356674829
-3.658094374976316 3.0784056561053612 -1.3262642339112549
-3.6477323814728919 3.1288983467149372 -1.289688913140933
-3.6364091135823422 3.178593654790467 -1.252760085118747
-3.624150735742993 3.227437368339849 -1.2155294737151541
-3.6109376608061319 3.2755549131297799 -1.177911287958429
-3.596720715212617 3.323137520068093 -1.139758780095576
-3.5814561295386071 3.3703139726107092 -1.10096428581599
-3.5651459155840142 3.4170500844055618 -1.061548411245308
-3.5478571449793148 3.4631416152632779 -1.0216799023550689
-3.529681820058399 3.5083593165313669 -0.98156201240019547
-3.5106598040528199 3.5526369737242289 -0.94126443114472291
-3.4907348992753442 3.5961290074729342 -0.90065499193572895
-3.469790378048589 3.6390851340415939 -0.85949857870158131
-3.447803028372685 3.6815288042448828 -0.81776294669829797
-3.4249102902945769 3.723183998259143 -0.77571489049710052
-3.401298660692293 3.7637336250255968 -0.73368458989123297

1.404613428062778 0.65542733965684929 -1.5298094448397099
1.454928840271694 0.6388559484610018 -1.5623300409487511
1.505405050167375 0.62096057536119176 -1.5942274230467179
1.5561233741029139 0.60196472906138154 -1.625740396906123
1.6069411678511449 0.58157105725324854 -1.656526251673538
1.65755941356482 0.56031536639495028 -1.686709421050123
1.707839765523379 0.53772522935014366 -1.715818374667891
1.757917134909923 0.51441282894834117 -1.7444235659690139
1.807968106866263 0.48945933680983711 -1.772014366874856
1.858073065686316 0.46382521460770021 -1.799369953016599
1.907905736760976 0.43643928311884173 -1.825407720072652
1.9573775811103431 0.40884332146542102 -1.8511734660664949
2.0063027128328619 0.37934856202951778 -1.8752591151822919
2.055119883695562 0.34983203418737802 -1.8994450231176581
2.103447762866129 0.31803802720801061 -1.9217285964549611
2.151857756330366 0.286429555418167 -1.944444490326328
2.1997178691219501 0.25221960201083332 -1.964968068127009
2.247659603712989 0.21854764473467669 -1.986183021957679
2.294527271392965 0.18222581226695711 -2.004673576278488
2.341549389182711 0.14684182693510889 -2.024215385953918
2.3873881534654751 0.1084208508855433 -2.040647528358019
2.4336924929921082 0.071148531951178554 -2.0585838134702219
2.4785015488444619 0.03063922204096875 -2.072966225214794
2.5239122508745409 -0.0084079969890399914 -2.0892116262017599
2.5674960751433402 -0.050825323030236833 -2.1014855311378851
2.6119438206962728 -0.091626092259190245 -2.115989955875123
2.6542518370740948 -0.1358688831113157 -2.126165547752731
2.6976390688854521 -0.1783850449862841 -2.1388626410149891
2.7385808738206929 -0.22432048073865191 -2.1469460189506151
2.780804978634015 -0.26850549706133409 -2.15776938012436
2.8203015542914081 -0.31600027006452008 -2.1637766833497758
2.8612439213656691 -0.36178352085464988 -2.172659780173821
2.899225267913903 -0.41070159258768718 -2.1766165533608599
2.9387813627989239 -0.45802364725209499 -2.183497734829027
2.9751993030690329 -0.50824376217242939 -2.1854397509689649
3.01325831998945 -0.5570280650818501 -2.1902618768399482
3.0480549729245392 -0.60841173036875573 -2.190225845106252
3.084500760895994 -0.65856039063584115 -2.1929397196947051
3.117637447215154 -0.71098722711605256 -2.1909679248468561
3.152362038897897 -0.76240043604452956 -2.191532437648271
3.183801996789259 -0.81574655763746406 -2.187670312069494
3.2167180791606711 -0.868341629700219 -2.1860526018577908
3.2464624742741002 -0.92255029646105302 -2.1803382692104059
3.27745912131026 -0.97617012672248682 -2.1765299352368879
3.3054011495286528 -1.0310093222221279 -2.169006664895718
3.3343828859187981 -1.085499718390029 -2.163010894488254
3.3606083427393578 -1.141075856165729 -2.153694760050175
3.387635189556911 -1.1965720253616321 -2.145484782873003
3.4120151447172482 -1.2526330977727429 -2.1344061408222381
3.436827799211871 -1.30850836337207 -2.1241201792234659
3.459270821944596 -1.3648427047094689 -2.111317471517554
3.48192148564027 -1.421165485553163 -2.0989610416020041
3.5024824970688639 -1.477842787960701 -2.0844427391959748
3.523066363187866 -1.5348641654085999 -2.0699547646243852
3.5418506070259772 -1.592204907529075 -2.0536281206445071
3.560222009356409 -1.649423067644108 -2.0371726649580779
3.5768883152854571 -1.7064809831990739 -2.019272131028508
3.5930170858957489 -1.763635062296127 -2.000975461455643
3.607752677681463 -1.8210521301250759 -1.9812957785755561
3.621815603009896 -1.878702814943273 -1.960997512414113
3.63451947575708 -1.936201473688915 -1.939603835747421
3.6463076926663058 -1.9933255883187051 -1.917704434036138
3.6567865033229112 -2.050004543239381 -1.8949315749244811
3.6663448531256528 -2.106539543124295 -1.8715062503156099
3.6747611551980648 -2.1631664643861841 -1.8470611866635269
3.6822517795726228 -2.220020203412759 -1.821742269877874
3.68861715263635 -2.2768332232057702 -1.7955008849658669
3.6939415455714442 -2.3332656959483029 -1.7686192346804139
3.6981271595335721 -2.389108317098021 -1.741114346387584
3.701268613443212 -2.4445426404148058 -1.7129775489017141
3.7033342393785418 -2.499905637416945 -1.68398550216091
3.7043590514073301 -2.555312722262765 -1.6541107921114
3.7043035493659802 -2.6104295462412268 -1.623500601266799
3.7031984452876481 -2.664799310572922 -1.5924376655254779
3.701051217191079 -2.7182915265715968 -1.560997595110281
3.6978765213894591 -2.771222455385546 -1.529019316305418
3.6936351286623359 -2.824086240224482 -1.496194757281357
3.688309031325848 -2.8770028314020561 -1.462443632204208
3.6819174164388859 -2.9296286922930568 -1.427971522568444
3.6745257769748521 -2.9814893021576778 -1.393096296371801
3.6661655353018081 -3.0324663660850102 -1.357909179503304
3.6567996233720832 -3.0828670173454049 -1.322209424897385
3.6463674139580999 -3.1329989453088638 -1.2857760504241491
3.6348671216312711 -3.182827439349535 -1.24862692879727
3.6223658751071022 -3.232046119803508 -1.210987421270926
3.608946773011116 -3.2803672257286132 -1.173085909409288
3.5946336356211428 -3.3277637078929381 -1.1349570582847059
3.5793793068786171 -3.3744313216397992 -1.096453292898538
3.5631102301964508 -3.4205962867168198 -1.057388254650603
3.5457845153116909 -3.466352418701856 -1.0176752370760209
3.5274336814133029 -3.5115902402957651 -0.97740100620767556
3.5081554323390112 -3.5560649518037342 -0.93678215790880115
3.488037862790685 -3.599594744418642 -0.89599239954964649
3.4670862716356319 -3.6421971742344739 -0.85502635987337761
3.4452107588643348 -3.684068068960328 -0.81370100979820814
3.4223050910479271 -3.725398252628088 -0.77182257283344824
3.3983994633839849 -3.766112113758163 -0.72945794008702691
3.3736917741394352 -3.8058735263947741 -0.68695728208005091
3.3483348062573821 -3.8444669397948119 -0.64456656778787325
3.322259570261124 -3.8820302079038389 -0.60215222060805829
3.2953005508053712 -3.9188118020750569 -0.55943941707496314
3.2672601888229962 -3.955062484197212 -0.51612553044824128
3.2381387495213598 -3.990749634857611 -0.47222882957623041
3.208295506762894 -4.0254248419980048 -0.42829534837032213
3.1779611844346758 -4.0588471795613152 -0.38464965887023173
3.1469857683826872 -4.0912104599398864 -0.34106007113334541
3.114988808201788 -4.1229082111491593 -0.29699336837514512
3.0819488818736458 -4.1539353767547436 -0.25243457704196631
3.0481564873661031 -4.1840065544158067 -0.20778242058292509
3.0139047221687481 -4.2128755534561622 -0.16341604356650011
2.9791752529030422 -4.2405828350865704 -0.1192978032060046
2.9437099293986191 -4.2673445283235161 -0.075094085999981117
2.90736209830271 -4.2932625404397919 -0.030626919978539759
2.8701603956595889 -4.3183020697299259 0.01406072899010216
2.832253120035884 -4.3423552540680941 0.058786299268027017
2.7937730509427818 -4.365339494990252 0.1033940814812533
2.7547494044824719 -4.3872435575997137 0.14785368727345649
2.7151274757787518 -4.4081019441011957 0.1922295810664611
2.6748362088094968 -4.42795017020633 0.23660033279773979
2.6338580807213758 -4.4467909041057512 0.28098197136677011
2.5922692254327369 -4.4645840994664452 0.32528928193987749
2.5502091858195 -4.4812707881843297 0.36937404151779529
2.5077791805937659 -4.4968177382971479 0.4131340287167557
2.464952780868845 -4.5112424533073989 0.4566008652087637
2.421548850086443 -4.5246064020774774 0.49995868317486658
2.3773670800168851 -4.5369597884471506 0.54340125801276928
2.3324781110025912 -4.5482670415415223 0.58685040277190448
2.287224362817907 -4.5584367581011938 0.62997186053684673
2.241854019758998 -4.5674229830003972 0.67253460817158017
2.1962274188412358 -4.5752648538606007 0.71467604918157757
2.149878586424292 -4.5820370433824316 0.75682359456994752
2.1027543785138749 -4.5877278002323756 0.79901479351909499
2.0552899935762099 -4.5922740552536876 0.84085421058998711
2.0079391523898358 -4.5956430969714672 0.88194787033172195
1.960673546924786 -4.5978569777284424 0.92233145713102038
1.9129575600783499 -4.5989460149296342 0.96246551816264314
1.8644565347644591 -4.5989013053493597 1.002622400484505
1.815296463422978 -4.5977008118996032 1.042685545818048
1.7659471035788441 -4.5953470571946013 1.0822671913063231
1.716701666621242 -4.5918619422994009 1.121136559968958
1.6674201355471401 -4.587245873835891 1.159409895197532
1.6177605432240629 -4.5814651979378054 1.197351892964631
1.5676078910856901 -4.5744933767434119 1.2350431564498461
1.5171406405446921 -4.5663428324921016 1.2723427195629311
1.4666830503818771 -4.5570634697048611 1.309009583685232
1.41641707072066 -4.5466971932178479 1.344916199283952
1.3662637495877199 -4.5352365475038328 1.3801238746790809
1.315980400090391 -4.5226279897699859 1.4148040178495449
1.2653509880373019 -4.5088062131474311 1.449099504141774
1.214359840697774 -4.4937521454670248 1.483012718559632
1.1632428236022481 -4.4775208567831486 1.516378803323414
1.1123128259050881 -4.4602133559334458 1.548994342930659
1.061687066349426 -4.4418725040208358 1.5807860841369019
1.011195412871075 -4.4224477111859812 1.611866779587356
0.9605331393081642 -4.4018068384892599 1.642416025307331
0.90964495167720805 -4.3799227182621117 1.672464218981311
0.85885899542929145 -4.3569101187158514 1.7018035175309181
0.80856818510311845 -4.3329728936063434 1.730220511993483
0.75875197424762586 -4.3080844453438178 1.757718445255757
0.70917771283129405 -4.2821730427531088 1.784449081959975
0.65964226179114605 -4.2550758631938193 1.8104922464481641
0.6099356327646307 -4.2267264601751187 1.8359830109330799
0.56022245839731821 -4.1971163123159618 1.8607829306397401
0.51092165658787403 -4.1665957609322497 1.8847353661618711
0.46226217056821989 -4.135175435333136 1.9076609682976859
0.41401194151662768 -4.1028944641358569 1.9297678767612569
0.3659236328724782 -4.0693501469609767 1.9510454012569149
0.31785878648816379 -4.0347200211389289 1.9716973657643131
0.2701705326192741 -3.9988803741912662 1.9913740847370749
0.2230522452124683 -3.9624387359527371 2.010237298768744
0.1768157887460565 -3.9250654207193829 2.0278640303864939
0.1310624699445658 -3.8871787293085478 2.0447939695572241
0.085844232336646079 -3.847935193762885 2.06054380917486
0.040626661202677279 -3.8079054338916678 2.0758409349750231
-0.0040476723229264447 -3.7663310465277191 2.089852027765891
-0.048464841084654833 -3.724369108022803 2.1034128214384631
-0.091723349767912479 -3.6811892503476829 2.1153655041907529
-0.1346586965475399 -3.6379896369720339 2.127008287456789
-0.17645833339164349 -3.593227246712702 2.136880330663165
-0.21842694175311311 -3.5482744279349658 2.1467459834366789
-0.25906889987264842 -3.5015781037634501 2.154592643714186
-0.29973761705564178 -3.455244770004565 2.1626103749379508
-0.33856653565208522 -3.4073058725776431 2.168272281926019
-0.37780287624466791 -3.3597599254818218 2.1744247861720791
-0.41503992708716442 -3.3103509289692461 2.1779583684291062
-0.45291002108899009 -3.2614542553119801 2.1822250934107368
-0.4885587907315479 -3.2106084457397568 2.1836502234261901
-0.5250734259084705 -3.1602791654685838 2.1859955685647869
-0.5589660383566204 -3.1082282667123429 2.185300957026421
-0.59379091597964728 -3.0569325910436151 2.1857058872648278
-0.62578888328808391 -3.003905994918016 2.1829031793177101
-0.65898948036269234 -2.951490029858451 2.1813377627714088
-0.68918399333409652 -2.8974089143295898 2.1764572587739832
-0.72064330119810915 -2.844001448086507 2.172896778827992
-0.74886326433049777 -2.789199240574145 2.165980388528371
-0.77845659109709908 -2.7349714800084448 2.1604171351660302
-0.80472709046217228 -2.6794857926956599 2.151504956177003
-0.83238747032467897 -2.6244850089936071 2.1439110228119151
-0.85669238737375597 -2.5684446327547099 2.1330593030666529
-0.88234787467328546 -2.512734715593282 2.1234117526900249
-0.90469400558462398 -2.4562048484604802 2.1106608854073681
-0.92823492000298147 -2.3999866157018239 2.098980772205373
-0.94854231431358826 -2.3432262426531958 2.084407112521764
-0.96990313142158369 -2.2866220095183909 2.070708609465568
-0.98822759692863427 -2.2295761590612151 2.0543268517360169
-1.007395750254624 -2.1725737558274409 2.038593379286211
-1.0236766010251079 -2.1154643635372432 2.0204758413010229
-1.040539209116121 -2.0584448951738161 2.0028248460535489
-1.054751998625175 -2.0014138084934578 1.983029658455697
-1.0693076274407971 -1.9444034772073071 1.9634747150645491
-1.0814680838885691 -1.887495696181394 1.942039316235235
-1.093724930738782 -1.830451001672373 1.920563336570736
-1.1038796818661021 -1.7734702160290909 1.8974175285912569
-1.11381122742068 -1.716622783233966 1.8741262091968871
-1.1218292438188739 -1.6602110789363811 1.8495181387155399
-1.1294234046706959 -1.6038773641476891 1.824575936284875
-1.1353592542995179 -1.547683971088476 1.798356954584992
-1.1406906795748459 -1.4914648761174469 1.7716038765412649
-1.1445049202785531 -1.435703883354958 1.743860741529121
-1.147545345985824 -1.380354014780435 1.7156906381342021
-1.149207551318906 -1.325465829298103 1.68664313017357
-1.1500124161284171 -1.270846527709508 1.657024442361132
-1.149543750915992 -1.2166217075474799 1.6265744551757439
-1.148137903417731 -1.162535629400602 1.595417948927381
-1.1455245599212791 -1.1086699077395461 1.563385739869958
-1.1419295526703941 -1.0552989318559289 1.5308096672375879
-1.1372169783928789 -1.0026673929220811 1.497718596732218
-1.131511763923909 -0.95058877681792842 1.464108157282028
-1.124700838053897 -0.89890431108029267 1.4298000635202299
-1.1168408120668469 -0.84747786375849998 1.394763104062277
-1.107913584975118 -0.79657505662139505 1.3591315782091911
-1.0980161352363069 -0.7464424644285701 1.323121177445443
-1.087102525742474 -0.69695286141607649 1.286624374530364
-1.075186901048059 -0.64802854614444383 1.2496090075449231
-1.062269747110048 -0.59972411670649295 1.2121063777203609
-1.0483657876034831 -0.55202368908537469 1.1741194705452409
-1.0334181614736779 -0.50476436646210254 1.1355111119729211
-1.01745865776831 -0.45803276704835988 1.0963555063253969
-1.000577319530815 -0.41209119316473558 1.056872992080486
-0.98279730723517 -0.36696107573396991 1.0170945874952591
-0.96407071178333115 -0.322506448798144 0.97690524198604156
-0.94436132272923456 -0.27863534653946731 0.93622388798656953
-0.92367260486498126 -0.2353633944394844 0.89506212442517763
-0.9020516442281179 -0.19278829232430331 0.85351320294394561
-0.87956303692989779 -0.15102849767001619 0.8116964528391547
-0.8562620984819248 -0.11016706372928251 0.76970384723268237
-0.83217171285938707 -0.070222116030331322 0.72756446138976072
-0.80727403105633699 -0.03114536256629713 0.68523673258961604
-0.78152022393255427 0.0071486880145397343 0.64263277225211135
-0.75484971280526403 0.044747877324881447 0.59965363664958571
-0.7272227800818708 0.081696801216296522 0.55624167685320547
-0.69868082263069187 0.11792807199033779 0.51246864433095463
-0.6693602813035423 0.1532671866090671 0.46854454947935459
-0.63939474552818276 0.1875668537103522 0.4246619442042166
-0.60879100411686049 0.22083850491166451 0.38082015577899181
-0.57739448193798038 0.25325826454430511 0.33679330349681941
-0.54504864064406067 0.28497732476459481 0.29236770880629481
-0.51179452188691388 0.31593830952530672 0.24760928080141251
-0.47786515788748329 0.34591984623079253 0.20283415419649051
-0.44347827461450628 0.37474469940399752 0.15832128198858109
-0.40864154263559382 0.40242932243836099 0.1140679356870247
-0.37316519947783228 0.42913713163479289 0.069826098358150818
-0.33683006029604512 0.45502714151132762 0.02532579320629574
-0.29954538152406229 0.4801448957541638 -0.019533470923429681
-0.26142261075734452 0.50439667853554249 -0.064607225319544478
-0.22271808274760291 0.5276139083689444 -0.1095892987476999
-0.18363035010634271 0.54968715905316523 -0.1542542674038033
-0.1441537845869495 0.57063434512373412 -0.1986167036349504
-0.1041071393313395 0.59055838604684896 -0.24288399367114291
-0.063264635735955976 0.60956375715328737 -0.28730131578735951
-0.021569443516955441 0.62765928818319827 -0.33192066019048189
0.020705999378829509 0.64471526651833555 -0.37644407626627141
0.063186146331609419 0.66058746832015869 -0.42048005908198988
0.10595771191711791 0.67532285972968831 -0.46412655191706031
0.14918491176122861 0.68898390895805839 -0.50755436740986049
0.192934635136215 0.70158999785627152 -0.55082969861595332
0.23742256882483501 0.71319281971765836 -0.59416005446657938
0.28277578179844531 0.72380516335849465 -0.63765786915176415
0.32844943347940581 0.73328963989809981 -0.6807950577538846
0.37410208121845029 0.74158788879803428 -0.72325608421763021
0.41995162686218668 0.74875385105021419 -0.76525153384255906
0.46651812889013722 0.75486351311151756 -0.80725480401082073
0.51387223866630094 0.75990486500162879 -0.84931774388577885
0.56165128873372361 0.76382507018432833 -0.89111033448452537
0.60945313911692212 0.76659380631458585 -0.93228220178502874
0.65726157109591044 0.76822306728550416 -0.97282666153511532
0.70535013759637055 0.76872590825642095 -1.0129775696924921
0.75387176143127144 0.76809939597769816 -1.052860343509473
0.80281682396860632 0.76633070118593549 -1.092459466357784
0.85210038536439037 0.76341705929710102 -1.1317035311541539
0.90164157466124728 0.75935181459042367 -1.170520948653452
0.95137790890227214 0.7541429328228586 -1.208865508488552
1.0012747067141139 0.74778088040361324 -1.2467014490700921
1.05132658133464 0.74027733191914757 -1.2840331928700759
1.1015491302444851 0.73160543492684038 -1.320855342563888
1.151924050065269 0.7217905114783939 -1.3571715348212861
1.2024351438392049 0.71079164757646052 -1.3929390193653239
1.2530440120418611 0.69866385831048683 -1.428165574203508
1.303685836556584 0.68534715582091432 -1.462751761907751
1.354224554544539 0.6709722938151933 -1.4966741374023449
