-48.8360180260384 53.238716425627 -10.9570533531929
-48.3428142027873 53.8201369381943 -10.2273680798056
-47.8496103795362 54.4015574507615 -9.49768280641834
-47.356406556285 54.9829779633288 -8.76799753303106
-46.8632027330339 55.564398475896 -8.03831225964379
-46.3699989097828 56.1458189884633 -7.30862698625652
-45.8767950865317 56.7272395010305 -6.57894171286924
-45.3835912632805 57.3086600135978 -5.84925643948197
-44.8903874400294 57.890080526165 -5.1195711660947
-44.3271308172392 58.3843084789 -4.38030956647843
-43.7321131901146 58.8390044887435 -3.63670618836268
-43.13709556299 59.293700498587 -2.89310281024693
-42.5420779358654 59.7483965084305 -2.14949943213118
-41.9470603087408 60.203092518274 -1.40589605401543
-41.3520426816162 60.6577885281175 -0.662292675899686
-40.7570250544916 61.112484537961 0.081310702216063
-40.162007427367 61.5671805478046 0.824914080331812
-39.5341865714947 61.970191752231 1.56715357947596
-38.8517359150165 62.2871281792015 2.30712170354171
-38.1692852585383 62.6040646061719 3.04708982760745
-37.48683460206 62.9210010331424 3.78705795167319
-36.8043839455818 63.2379374601129 4.52702607573893
-36.1219332891036 63.5548738870834 5.26699419980467
-35.4394826326254 63.8718103140539 6.00696232387041
-34.7570319761471 64.1887467410244 6.74693044793615
-34.0700601644058 64.4964667139162 7.48552882914798
-33.3160255184763 64.6674779263905 8.20380965156209
-32.5619908725469 64.8384891388647 8.92209047397621
-31.8079562266174 65.009500351339 9.64037129639032
-31.053921580688 65.1805115638133 10.3586521188044
-30.2998869347585 65.3515227762876 11.0769329412185
-29.5458522888291 65.5225339887618 11.7952137636327
-28.7918176428996 65.6935452012361 12.5134945860468
-28.0377829969702 65.8645564137104 13.2317754084609
-27.2433925332731 65.9209681890567 13.9204624072043
-26.4355509820085 65.9391825705883 14.5992854226197
-25.627709430744 65.9573969521199 15.2781084380351
-24.8198678794794 65.9756113336516 15.9569314534505
-24.0120263282149 65.9938257151832 16.6357544688659
-23.2041847769503 66.0120400967149 17.3145774842814
-22.3963432256858 66.0302544782465 17.9934004996968
-21.5885016744212 66.0484688597782 18.6722235151122
-20.7656161676028 65.9980013560161 19.3255575088436
-19.9233445488627 65.8590282254912 19.9460455515638
-19.0810729301226 65.7200550949662 20.5665335942841
-18.2388013113825 65.5810819644412 21.1870216370043
-17.3965296926424 65.4421088339162 21.8075096797245
-16.5542580739023 65.3031357033912 22.4279977224448
-15.7119864551622 65.1641625728662 23.048485765165
-14.8697148364221 65.0251894423412 23.6689738078852
-14.025928441645 64.8665641183388 24.2798865806509
-13.171452782071 64.5692598775989 24.8232298952646
-12.3169771224969 64.271955636859 25.3665732098783
-11.4625014629229 63.9746513961192 25.9099165244919
-10.6080258033489 63.6773471553793 26.4532598391056
-9.75355014377486 63.3800429146394 26.9966031537193
-8.89907448420084 63.0827386738995 27.539946468333
-8.04459882462682 62.7854344331596 28.0832897829466
-7.1901231650528 62.4881301924197 28.6266330975603
-6.34597594850143 62.0644803701547 29.0919139602573
-5.50424752452754 61.6112419880149 29.5389135700239
-4.66251910055364 61.1580036058751 29.9859131797905
-3.82079067657974 60.7047652237353 30.4329127895571
-2.97906225260585 60.2515268415955 30.8799123993237
-2.13733382863195 59.7982884594557 31.3269120090903
-1.29560540465805 59.3450500773159 31.7739116188568
-0.453876980684155 58.8918116951761 32.2209112286234
0.367970278652674 58.3655466198801 32.6110746703134
1.16956674651225 57.7648971530065 32.9433452566754
1.97116321437183 57.164247686133 33.2756158430374
2.77275968223141 56.5635982192595 33.6078864293993
3.57435615009099 55.9629487523859 33.9401570157613
4.37595261795057 55.3622992855124 34.2724276021233
5.17754908581015 54.7616498186388 34.6046981884853
5.97914555366973 54.1610003517653 34.9369687748473
6.76826826300947 53.536659137033 35.2458750633463
7.5000915200053 52.8034875184398 35.4474551221596
8.23191477700112 52.0703158998465 35.6490351809728
8.96373803399695 51.3371442812533 35.850615239786
9.69556129099278 50.60397266266 36.0521952985992
10.4273845479886 49.8708010440668 36.2537753574125
11.1592078049844 49.1376294254735 36.4553554162257
11.8910310619803 48.4044578068803 36.6569354750389
12.6228543189761 47.6712861882871 36.8585155338521
13.2693626746309 46.8439493396174 36.9373868222259
13.9020349403112 46.0013410837806 36.9963576059777
14.5347072059916 45.1587328279438 37.0553283897296
15.1673794716719 44.3161245721069 37.1142991734814
15.8000517373522 43.4735163162701 37.1732699572332
16.4327240030325 42.6309080604333 37.2322407409851
17.0653962687128 41.7882998045965 37.2912115247369
17.6980685343932 40.9456915487596 37.3501823084887
18.2626214137625 40.0604856020499 37.329110191584
18.7689844940001 39.1388913199541 37.2396628211229
19.2753475742377 38.2172970378583 37.1502154506618
19.7817106544753 37.2957027557625 37.0607680802007
20.2880737347129 36.3741084736668 36.9713207097395
20.7944368149505 35.452514191571 36.8818733392784
21.3007998951881 34.5309199094752 36.7924259688173
21.8071629754257 33.6093256273794 36.7029785983561
22.2814897622645 32.6785161189008 36.5818198917567
22.6397583153996 31.7143225080902 36.345780177708
22.9980268685348 30.7501288972796 36.1097404636594
23.35629542167 29.7859352864689 35.8737007496108
23.7145639748051 28.8217416756583 35.6376610355622
24.0728325279403 27.8575480648477 35.4016213215135
24.4311010810754 26.8933544540371 35.1655816074649
24.7893696342106 25.9291608432264 34.9295418934163
25.1476381873457 24.9649672324158 34.6935021793676
25.3618477989418 23.9976993822233 34.3360039681292
25.5580367598581 23.0300469686472 33.9633122456338
25.7542257207744 22.062394555071 33.5906205231384
25.9504146816908 21.0947421414949 33.2179288006429
26.1466036426071 20.1270897279188 32.8452370781475
26.3427926035234 19.1594373143426 32.4725453556521
26.5389815644397 18.1917849007665 32.0998536331567
26.7351705253561 17.2241324871903 31.7271619106613
26.8385868830231 16.2757918317663 31.2878514605582
26.8680091443349 15.342853957373 30.7954068698035
26.8974314056466 14.4099160829797 30.3029622790488
26.9268536669583 13.4769782085864 29.8105176882941
26.9562759282701 12.5440403341932 29.3180730975393
26.9856981895818 11.6111024597999 28.8256285067846
27.0151204508935 10.6781645854066 28.3331839160299
27.0445427122053 9.74522671101328 27.8407393252752
27.0388168136779 8.82697899478025 27.327220193084
26.9064892986543 7.96164436925199 26.7377917949462
26.7741617836308 7.09630974372373 26.1483633968084
26.6418342686073 6.23097511819547 25.5589349986706
26.5095067535838 5.36564049266721 24.9695066005328
26.3771792385602 4.50030586713895 24.3800782023949
26.2448517235367 3.63497124161069 23.7906498042571
26.1125242085131 2.76963661608243 23.2012214061193
25.9801966934896 1.90430199055416 22.6117930079815
25.7197174497287 1.11905674760808 21.9596996635174
25.4398212685406 0.34594626511742 21.2981116258979
25.1599250873526 -0.427164217373243 20.6365235882785
24.8800289061645 -1.20027469986391 19.974935550659
24.6001327249765 -1.97338518235457 19.3133475130396
24.3202365437884 -2.74649566484523 18.6517594754201
24.0403403626004 -3.5196061473359 17.9901714378007
23.7604441814123 -4.29271662982656 17.3285834001812
23.415769974846 -5.01197336431452 16.6428841433359
23.0084386359906 -5.67913957283842 15.9338630911154
22.6011072971353 -6.34630578136233 15.2248420388949
22.1937759582799 -7.01347198988623 14.5158209866744
21.7864446194245 -7.68063819841014 13.8067999344539
21.3791132805691 -8.34780440693405 13.0977788822334
20.9717819417138 -9.01497061545795 12.3887578300129
20.5644506028584 -9.68213682398186 11.6797367777924
20.1430182247455 -10.3345289863526 10.9671748835945
19.6305045722981 -10.8914927958104 10.2317420226813
19.1179909198507 -11.4484566052682 9.49630916176803
18.6054772674033 -12.005420414726 8.76087630085479
18.092963614956 -12.5623842241839 8.02544343994154
17.5804499625086 -13.1193480336417 7.2900105790283
17.0679363100612 -13.6763118430995 6.55457771811505
16.5554226576138 -14.2332756525573 5.81914485720181
16.0429090051664 -14.7902394620151 5.08371199628856
15.4666780280094 -15.2654278136814 4.34062517259324
14.8685334633572 -15.7124920459277 3.59490600700546
14.2703888987051 -16.159556278174 2.84918684141768
13.672244334053 -16.6066205104202 2.1034676758299
13.0740997694009 -17.0536847426665 1.35774851024212
12.4759552047488 -17.5007489749128 0.612029344654335
11.8778106400966 -17.947813207159 -0.133689820933447
11.2796660754445 -18.3948774394053 -0.879408986521229
10.6560988793405 -18.8023566284637 -1.62417441884569
9.98442887987765 -19.1349359570568 -2.36713526836333
9.31275888041484 -19.4675152856498 -3.11009611788098
8.64108888095204 -19.8000946142429 -3.85305696739862
7.96941888148923 -20.132673942836 -4.59601781691626
7.29774888202643 -20.465253271429 -5.33897866643391
6.62607888256362 -20.7978326000221 -6.08193951595155
5.95440888310082 -21.1304119286152 -6.82490036546919
5.28273888363802 -21.4629912572082 -7.56786121498683
4.54829947942188 -21.6739807526445 -8.29504007048494
3.81044082555949 -21.8783468621231 -9.0213592304406
3.0725821716971 -22.0827129716018 -9.74767839039626
2.33472351783471 -22.2870790810805 -10.4739975503519
1.59686486397232 -22.4914451905591 -11.2003167103076
0.859006210109924 -22.6958113000378 -11.9266358702632
0.121147556247533 -22.9001774095164 -12.6529550302189
-0.616711097614858 -23.1045435189951 -13.3792741901746
-1.38697057600201 -23.2256217283714 -14.0859105039242
-2.18217051175019 -23.2825892753909 -14.7773959937751
-2.97737044749836 -23.3395568224104 -15.4688814836261
-3.77257038324654 -23.3965243694298 -16.1603669734771
-4.56777031899471 -23.4534919164493 -16.8518524633281
-5.36297025474289 -23.5104594634688 -17.543337953179
-6.15817019049106 -23.5674270104882 -18.23482344303
-6.95337012623924 -23.6243945575077 -18.926308932881
-7.75679456854509 -23.6487834309549 -19.6064100321064
-8.59365808405312 -23.540714430757 -20.2402246497269
-9.43052159956115 -23.432645430559 -20.8740392673475
-10.2673851150692 -23.3245764303611 -21.5078538849681
-11.1042486305772 -23.2165074301631 -22.1416685025887
-11.9411121460852 -23.1084384299652 -22.7754831202093
-12.7779756615933 -23.0003694297672 -23.4092977378298
-13.6148391771013 -22.8923004295693 -24.0431123554504
-14.4517026926093 -22.7842314293713 -24.676926973071
-15.3034163332405 -22.5289253571729 -25.2409681006309
-16.1579042660003 -22.2461125369498 -25.7919741835256
-17.0123921987602 -21.9632997167266 -26.3429802664203
-17.8668801315201 -21.6804868965034 -26.893986349315
-18.7213680642799 -21.3976740762802 -27.4449924322098
-19.5758559970398 -21.1148612560571 -27.9959985151045
-20.4303439297996 -20.8320484358339 -28.5470045979992
-21.2848318625595 -20.5492356156107 -29.0980106808939
-22.1330522546415 -20.1799748524055 -29.5955088931482
-22.9749875973758 -19.7240246498181 -30.0393497580055
-23.81692294011 -19.2680744472307 -30.4831906228628
-24.6588582828442 -18.8121242446433 -30.9270314877201
-25.5007936255784 -18.3561740420559 -31.3708723525774
-26.3427289683127 -17.9002238394685 -31.8147132174347
-27.1846643110469 -17.4442736368811 -32.258554082292
-28.0265996537811 -16.9883234342937 -32.7023949471492
-28.8610114378536 -16.5061306908032 -33.1254094336962
-29.6568403676819 -15.8893590630129 -33.4416205902086
-30.4526692975102 -15.2725874352225 -33.7578317467211
-31.2484982273385 -14.6558158074321 -34.0740429032335
-32.0443271571667 -14.0390441796417 -34.3902540597459
-32.840156086995 -13.4222725518514 -34.7064652162584
-33.6359850168233 -12.805500924061 -35.0226763727708
-34.4318139466516 -12.1887292962706 -35.3388875292833
-35.2276428764799 -11.5719576684803 -35.6550986857957
-35.9579283339524 -10.8406294591722 -35.8532243063625
-36.6749876682564 -10.0861846922201 -36.0275212558704
-37.3920470025604 -9.33173992526796 -36.2018182053784
-38.1091063368645 -8.57729515831585 -36.3761151548863
-38.8261656711685 -7.82285039136373 -36.5504121043942
-39.5432250054726 -7.06840562441161 -36.7247090539021
-40.2602843397766 -6.31396085745949 -36.89900600341
-40.9773436740807 -5.55951609050738 -37.0733029529179
-41.6398901433417 -4.75099437066174 -37.172423105297
-42.2493734790465 -3.88983383663101 -37.1983657348433
-42.8588568147513 -3.02867330260029 -37.2243083643896
-43.4683401504562 -2.16751276856957 -37.2502509939359
-44.077823486161 -1.30635223453885 -37.2761936234822
-44.6873068218659 -0.445191700508126 -37.3021362530286
-45.2967901575707 0.415968833522596 -37.3280788825749
-45.9062734932755 1.27712936755332 -37.3540215121212
-46.4918421584885 2.15138265987309 -37.3529370989535
-46.9714548308873 3.08364453749448 -37.2321070616696
-47.4510675032862 4.01590641511586 -37.1112770243857
-47.930680175685 4.94816829273725 -36.9904469871018
-48.4102928480839 5.88043017035864 -36.8696169498179
-48.8899055204827 6.81269204798003 -36.748786912534
-49.3695181928816 7.74495392560141 -36.6279568752501
-49.8491308652804 8.6772158032228 -36.5071268379662
-50.3287435376793 9.60947768084419 -36.3862968006823
-50.6837252987994 10.5713165157028 -36.1459040769873
-51.0191992290078 11.5377848784589 -35.886796825364
-51.3546731592162 12.504253241215 -35.6276895737408
-51.6901470894245 13.4707216039712 -35.3685823221175
-52.0256210196329 14.4371899667273 -35.1094750704942
-52.3610949498413 15.4036583294834 -34.850367818871
-52.6965688800497 16.3701266922396 -34.5912605672477
-53.0320428102581 17.3365950549957 -34.3321533156244
-53.2847358868215 18.3026965930501 -34.0049536011086
-53.469163211473 19.2684956268057 -33.6216010085514
-53.6535905361245 20.2342946605614 -33.2382484159941
-53.8380178607761 21.200093694317 -32.8548958234369
-54.0224451854276 22.1658927280726 -32.4715432308797
-54.2068725100791 23.1316917618282 -32.0881906383225
-54.3912998347307 24.0974907955839 -31.7048380457653
-54.5757271593822 25.0632898293395 -31.3214854532081
-54.7252311310667 26.0217012160771 -30.9133576476244
-54.7587889077756 26.9555854744381 -30.4229756643608
-54.7923466844845 27.8894697327992 -29.9325936810971
-54.8259044611934 28.8233539911602 -29.4422116978335
-54.8594622379023 29.7572382495213 -28.9518297145699
-54.8930200146112 30.6911225078823 -28.4614477313063
-54.9265777913201 31.6250067662433 -27.9710657480427
-54.960135568029 32.5588910246044 -27.4806837647791
-54.9936933447379 33.4927752829654 -26.9903017815154
-54.8931068836801 34.3730561253369 -26.4191074809242
-54.7804493101478 35.2485134070829 -25.8406411976669
-54.6677917366154 36.1239706888288 -25.2621749144096
-54.5551341630831 36.9994279705748 -24.6837086311523
-54.4424765895508 37.8748852523208 -24.105242347895
-54.3298190160184 38.7503425340668 -23.5267760646377
-54.2171614424861 39.6257998158127 -22.9483097813804
-54.1045038689538 40.5012570975587 -22.3698434981231
-53.908504356282 41.327951186682 -21.7496388301322
-53.6579192378201 42.1227073531093 -21.1020972050355
-53.4073341193582 42.9174635195367 -20.4545555799388
-53.1567490008963 43.712219685964 -19.807013954842
-52.9061638824343 44.5069758523913 -19.1594723297453
-52.6555787639724 45.3017320188186 -18.5119307046485
-52.4049936455105 46.096488185246 -17.8643890795518
-52.1544085270486 46.8912443516733 -17.2168474544551
-51.8669077616442 47.6572788544781 -16.5547278336397
-51.4890874926657 48.3530416265924 -15.8569410243702
-51.1112672236873 49.0488043987067 -15.1591542151006
-50.7334469547088 49.744567170821 -14.461367405831
-50.3556266857304 50.4403299429353 -13.7635805965615
-49.9778064167519 51.1360927150497 -13.0657937872919
-49.5999861477735 51.831855487164 -12.3680069780223
-49.222165878795 52.5276182592783 -11.6702201687528

14.5876046325181 22.7696874897503 -24.7767133630163
15.4421513083461 22.4869108370923 -25.3276489804052
16.2966979841741 22.2041341844343 -25.8785845977941
17.1512446600021 21.9213575317763 -26.429520215183
18.0057913358301 21.6385808791183 -26.9804558325719
18.8603380116581 21.3558042264603 -27.5313914499608
19.7148846874861 21.0730275738024 -28.0823270673497
20.569431363314 20.7902509211444 -28.6332626847386
21.423978039142 20.5074742684864 -29.1841983021275
22.270256712453 20.1111567675363 -29.6649179750625
23.1121929203988 19.6552060963935 -30.1087592960311
23.9541291283446 19.1992554252507 -30.5526006169997
24.7960653362903 18.7433047541079 -30.9964419379683
25.6380015442361 18.2873540829651 -31.4402832589369
26.4799377521818 17.8314034118222 -31.8841245799055
27.3218739601276 17.3754527406794 -32.3279659008741
28.1638101680733 16.9195020695366 -32.7718072218427
28.9909908380452 16.4121405759875 -33.1748792902839
29.7867479842597 15.795294141792 -33.4911287991116
30.5825051304742 15.1784477075966 -33.8073783079392
31.3782622766887 14.5616012734011 -34.1236278167668
32.1740194229032 13.9447548392057 -34.4398773255945
32.9697765691177 13.3279084050102 -34.7561268344221
33.7655337153322 12.7110619708147 -35.0723763432497
34.5612908615467 12.0942155366193 -35.3886258520774
35.3570480077612 11.4773691024238 -35.704875360905
36.0750279712256 10.7244560788516 -35.8806513024923
36.7921786850452 9.9700923319834 -36.0549295341906
37.5093293988647 9.21572858511521 -36.229207765889
38.2264801126843 8.46136483824702 -36.4034859975873
38.9436308265038 7.70700109137883 -36.5777642292857
39.6607815403234 6.95263734451064 -36.752042460984
40.3779322541429 6.19827359764245 -36.9263206926823
41.0950829679625 5.44390985077426 -37.1005989243807
41.7407543773689 4.61866499411374 -37.1765022506864
42.3501260517592 3.75742418695773 -37.2024472984763
42.9594977261496 2.89618337980172 -37.2283923462662
43.5688694005399 2.0349425726457 -37.2543373940561
44.1782410749302 1.17370176548969 -37.280282441846
44.7876127493205 0.312460958333678 -37.3062274896359
45.3969844237108 -0.548779848822334 -37.3321725374258
46.0063560981011 -1.41002065597835 -37.3581175852158
46.5714763661837 -2.29548391451996 -37.3339594044982
47.0512232327899 -3.22767909051763 -37.2131380123813
47.5309700993961 -4.1598742665153 -37.0923166202645
48.0107169660023 -5.09206944251297 -36.9714952281477
48.4904638326084 -6.02426461851064 -36.8506738360308
48.9702106992146 -6.95645979450831 -36.729852443914
49.4499575658208 -7.88865497050597 -36.6090310517972
49.929704432427 -8.82085014650364 -36.4882096596803
50.4063781184024 -9.75377540397238 -36.3644426058935
50.7418523933592 -10.7202447599159 -36.1053350879997
51.0773266683161 -11.6867141158594 -35.8462275701059
51.4128009432729 -12.653183471803 -35.5871200522121
51.7482752182298 -13.6196528277465 -35.3280125343183
52.0837494931866 -14.58612218369 -35.0689050164245
52.4192237681435 -15.5525915396336 -34.8097974985307
52.7546980431003 -16.5190608955771 -34.5506899806369
53.0901723180572 -17.4855302515206 -34.2915824627431
53.3192043203109 -18.451527932515 -33.9449194753766
53.5036318344885 -19.4173279587702 -33.5615664888686
53.688059348666 -20.3831279850253 -33.1782135023606
53.8724868628436 -21.3489280112805 -32.7948605158527
54.0569143770211 -22.3147280375357 -32.4115075293447
54.2413418911987 -23.2805280637909 -32.0281545428367
54.4257694053762 -24.2463280900461 -31.6448015563287
54.6101969195538 -25.2121281163013 -31.2614485698207
54.7360663593724 -26.1655408330153 -30.8365535020575
54.7696241705668 -27.0994260510788 -30.3461710148548
54.8031819817613 -28.0333112691423 -29.855788527652
54.8367397929557 -28.9671964872058 -29.3654060404493
54.8702976041501 -29.9010817052693 -28.8750235532466
54.9038554153445 -30.8349669233328 -28.3846410660439
54.9374132265389 -31.7688521413963 -27.8942585788411
54.9709710377333 -32.7027373594598 -27.4038760916384
54.9936933447379 -33.6322927602445 -26.9069659874648
54.8810356554334 -34.5077509416506 -26.3284991097489
54.768377966129 -35.3832091230568 -25.750032232033
54.6557202768245 -36.258667304463 -25.1715653543171
54.5430625875201 -37.1341254858692 -24.5930984766012
54.4304048982157 -38.0095836672754 -24.0146315988853
54.3177472089112 -38.8850418486816 -23.4361647211694
54.2050895196068 -39.7605000300878 -22.8576978434535
54.0924318303024 -40.6359582114939 -22.2792309657376
53.87482289113 -41.450009638196 -21.6482035681864
53.6242375151553 -42.2447666213514 -21.0006612776461
53.3736521391805 -43.0395236045068 -20.3531189871058
53.1230667632058 -43.8342805876621 -19.7055766965654
52.8724813872311 -44.6290375708175 -19.0580344060251
52.6218960112564 -45.4237945539728 -18.4104921154848
52.3713106352816 -46.2185515371282 -17.7629498249444
52.1207252593069 -47.0133085202835 -17.1154075344041
51.8132892430172 -47.7638337181908 -16.4454149156221
51.4354685857732 -48.459597205303 -15.7476273892747
51.0576479285293 -49.1553606924152 -15.0498398629273
50.6798272712853 -49.8511241795274 -14.3520523365799
50.3020066140413 -50.5468876666396 -13.6542648102324
49.9241859567974 -51.2426511537518 -12.956477283885
49.5463652995535 -51.938414640864 -12.2586897575376
49.1685446423095 -52.6341781279761 -11.5609022311902
48.7751882693557 -53.3145461035777 -10.8588197646042
48.2819839392657 -53.8959672136395 -10.1291337413587
47.7887796091756 -54.4773883237012 -9.39944771811327
47.2955752790855 -55.058809433763 -8.66976169486781
46.8023709489954 -55.6402305438247 -7.94007567162235
46.3091666189053 -56.2216516538864 -7.21038964837689
45.8159622888152 -56.8030727639482 -6.48070362513143
45.3227579587251 -57.3844938740099 -5.75101760188597
44.829553628635 -57.9659149840717 -5.02133157864051
44.2525870647845 -58.4430798241928 -4.28019512826812
43.6575688261924 -58.8977763013028 -3.5365909859913
43.0625505876003 -59.3524727784129 -2.79298684371448
42.4675323490082 -59.807169255523 -2.04938270143766
41.8725141104161 -60.261865732633 -1.30577855916083
41.2774958718239 -60.7165622097431 -0.562174416884012
40.6824776332318 -61.1712586868532 0.181429725392808
40.0874593946397 -61.6259551639633 0.925033867669629
39.4478642915809 -62.0104162815059 1.6667846116565
38.7654129337849 -62.3273530341748 2.40675349614756
38.082961575989 -62.6442897868438 3.14672238063862
37.400510218193 -62.9612265395127 3.88669126512968
36.7180588603971 -63.2781632921817 4.62666014962074
36.0356075026011 -63.5951000448506 5.3666290341118
35.3531561448052 -63.9120367975196 6.10659791860286
34.6707047870092 -64.2289735501885 6.84656680309392
33.9740923598049 -64.5170427151922 7.58224540722587
33.2200569389947 -64.6880541034055 8.30052696777843
32.4660215181846 -64.8590654916188 9.018808528331
31.7119860973744 -65.030076879832 9.73709008888356
30.9579506765642 -65.2010882680453 10.4553716494361
30.2039152557541 -65.3720996562586 11.1736532099887
29.4498798349439 -65.5431110444718 11.8919347705412
28.6958444141337 -65.7141224326851 12.6102163310938
27.9418089933236 -65.8851338208983 13.3284978916464
27.1401713799366 -65.9209680580311 14.0118716998256
26.3323289984969 -65.9391824582807 14.6906954128308
25.5244866170571 -65.9573968585303 15.369519125836
24.7166442356174 -65.9756112587798 16.0483428388412
23.9088018541777 -65.9938256590294 16.7271665518464
23.100959472738 -66.012040059279 17.4059902648516
22.2931170912982 -66.0302544595286 18.0848139778568
21.4852747098585 -66.0484688597782 18.763637690862
20.657751311439 -65.9768312695839 19.4091157942792
19.8154788271418 -65.8378579962437 20.0296044746415
18.9732063428446 -65.6988847229035 20.6500931550038
18.1309338585474 -65.5599114495633 21.2705818353661
17.2886613742502 -65.4209381762231 21.8910705157284
16.446388889953 -65.2819649028829 22.5115591960908
15.6041164056558 -65.1429916295428 23.1320478764531
14.7618439213587 -65.0040183562026 23.7525365568154
13.9164129297349 -64.8240676739505 24.3530595395663
13.0619363920624 -64.526763127687 24.8964034125446
12.2074598543898 -64.2294585814236 25.4397472855229
11.3529833167173 -63.9321540351602 25.9830911585012
10.4985067790447 -63.6348494888968 26.5264350314795
9.64403024137215 -63.3375449426334 27.0697789044578
8.78955370369959 -63.04024039637 27.613122777436
7.93507716602704 -62.7429358501065 28.1564666504143
7.08060062835448 -62.4456313038431 28.6998105233926
6.23811156547356 -62.0010321418877 29.1520610712295
5.3963209375413 -61.5478510467781 29.599004182515
4.55453030960904 -61.0946699516686 30.0459472938005
3.71273968167678 -60.6414888565591 30.4928904050859
2.87094905374452 -60.1883077614495 30.9398335163714
2.02915842581226 -59.73512666634 31.3867766276569
1.18736779787999 -59.2819455712305 31.8337197389424
0.345577169947733 -58.8287644761209 32.2806628502279
-0.470885497935603 -58.2827741087103 32.6554982962907
-1.27241145648868 -57.6820511406151 32.9878095424641
-2.07393741504175 -57.0813281725199 33.3201207886374
-2.87546337359482 -56.4806052044247 33.6524320348108
-3.6769893321479 -55.8798822363295 33.9847432809842
-4.47851529070097 -55.2791592682343 34.3170545271575
-5.28004124925404 -54.6784363001391 34.6493657733308
-6.08156720780711 -54.0777133320439 34.9816770195042
-6.86124620765878 -53.4354762215387 35.2730127356388
-7.59307021670989 -52.7023038495045 35.4745930016049
-8.32489422576099 -51.9691314774704 35.6761732675711
-9.0567182348121 -51.2359591054362 35.8777535335373
-9.7885422438632 -50.5027867334021 36.0793337995034
-10.5203662529143 -49.7696143613679 36.2809140654696
-11.2521902619654 -49.0364419893338 36.4824943314358
-11.9840142710165 -48.3032696172996 36.684074597402
-12.7158382800676 -47.5700972452654 36.8856548633681
-13.3489950762222 -46.7280222002238 36.9453216747453
-13.9816679920656 -45.885413078484 37.0042925190982
-14.6143409079091 -45.0428039567441 37.0632633634512
-15.2470138237526 -44.2001948350042 37.1222342078041
-15.8796867395961 -43.3575857132644 37.181205052157
-16.5123596554395 -42.5149765915245 37.2401758965099
-17.145032571283 -41.6723674697846 37.2991467408628
-17.7777054871265 -40.8297583480447 37.3581175852158
-18.3252485383975 -39.9339142244721 37.3170575622651
-18.8316121389971 -39.0123189953036 37.2276100998837
-19.3379757395968 -38.0907237661351 37.1381626375024
-19.8443393401964 -37.1691285369666 37.048715175121
-20.350702940796 -36.2475333077981 36.9592677127396
-20.8570665413956 -35.3259380786296 36.8698202503583
-21.3634301419952 -34.4043428494611 36.7803727879769
-21.8697937425949 -33.4827476202926 36.6909253255955
-22.3241756479686 -32.5461998782568 36.5500234396382
-22.6824445692771 -31.5820052765964 36.3139834830243
-23.0407134905855 -30.617810674936 36.0779435264104
-23.3989824118939 -29.6536160732756 35.8419035697965
-23.7572513332023 -28.6894214716152 35.6058636131826
-24.1155202545107 -27.7252268699548 35.3698236565687
-24.4737891758191 -26.7610322682944 35.1337836999548
-24.8320580971276 -25.7968376666341 34.8977437433409
-25.1865176405587 -24.8325617722794 34.6584920366804
-25.3827068030878 -23.8649083642991 34.2857999311898
-25.578895965617 -22.8972549563188 33.9131078256992
-25.7750851281461 -21.9296015483385 33.5404157202086
-25.9712742906752 -20.9619481403581 33.167723614718
-26.1674634532044 -19.9942947323778 32.7950315092274
-26.3636526157335 -19.0266413243975 32.4223394037368
-26.5598417782626 -18.0589879164172 32.0496472982462
-26.7560309407918 -17.0913345084369 31.6769551927556
-26.8369848599278 -16.1476687333683 31.2215142473971
-26.8664071514752 -15.2147299002451 30.7290691505836
-26.8958294430226 -14.2817910671218 30.2366240537702
-26.9252517345701 -13.3488522339986 29.7441789569567
-26.9546740261175 -12.4159134008754 29.2517338601433
-26.9840963176649 -11.4829745677522 28.7592887633298
-27.0135186092123 -10.550035734629 28.2668436665163
-27.0429409007597 -9.61709690150578 27.7743985697029
-27.0154852175113 -8.70794843726594 27.2478108934697
-26.8833228597142 -7.84259566759863 26.6583701363317
-26.7511605019172 -6.97724289793131 26.0689293791937
-26.6189981441201 -6.111890128264 25.4794886220556
-26.4868357863231 -5.24653735859669 24.8900478649176
-26.354673428526 -4.38118458892937 24.3006071077796
-26.222511070729 -3.51583181926206 23.7111663506415
-26.0903487129319 -2.65047904959475 23.1217255935035
-25.9576988763791 -1.78543043607828 22.5320471123785
-25.6776465107597 -1.01235175014671 21.8704862846128
-25.3975941451402 -0.239273064215143 21.208925456847
-25.1175417795208 0.533805621716425 20.5473646290813
-24.8374894139013 1.30688430764799 19.8858038013156
-24.5574370482818 2.07996299357956 19.2242429735498
-24.2773846826624 2.85304167951113 18.5626821457841
-23.9973323170429 3.62612036544269 17.9011213180184
-23.7172799514234 4.39919905137426 17.2395604902526
-23.3554058391815 5.10419218419109 16.5474893181069
-22.9480740817337 5.77135907832571 15.8384675372637
-22.5407423242859 6.43852597246033 15.1294457564205
-22.1334105668381 7.10569286659496 14.4204239755773
-21.7260788093903 7.77285976072958 13.7114021947341
-21.3187470519424 8.4400266548642 13.0023804138909
-20.9114152944946 9.10719354899883 12.2933586330477
-20.5040835370468 9.77436044313345 11.5843368522045
-20.0685340709531 10.4119384322346 10.8682056595403
-19.556147601437 10.9689456412682 10.1327154924366
-19.043761131921 11.5259528503017 9.3972253253328
-18.5313746624049 12.0829600593353 8.66173515822904
-18.0189881928889 12.6399672683689 7.92624499112528
-17.5066017233728 13.1969744774025 7.19075482402153
-16.9942152538568 13.7539816864361 6.45526465691777
-16.4818287843407 14.3109888954697 5.71977448981401
-15.9694423148247 14.8679961045033 4.98428432271025
-15.3815501176218 15.328297570387 4.23985809328729
-14.7832916413337 15.7753221796224 3.49420502030211
-14.1850331650456 16.2223467888577 2.74855194731692
-13.5867746887575 16.6693713980931 2.00289887433174
-12.9885162124694 17.1163960073285 1.25724580134655
-12.3902577361813 17.5634206165638 0.511592728361368
-11.7919992598933 18.0104452257992 -0.234060344623817
-11.1937407836052 18.4574698350345 -0.979713417609002
-10.5602767061564 18.8495528777874 -1.72410994780565
-9.88870535991827 19.1821660358446 -2.46714637017258
-9.21713401368011 19.5147791939019 -3.21018279253951
-8.54556266744196 19.8473923519592 -3.95321921490644
-7.8739913212038 20.1800055100165 -4.69625563727337
-7.20241997496565 20.5126186680738 -5.4392920596403
-6.53084862872749 20.8452318261311 -6.18232848200723
-5.85927728248933 21.1778449841884 -6.92536490437416
-5.18216176973338 21.4997319003662 -7.66700319953468
-4.44430235761346 21.7040982198608 -8.39332310588936
-3.70644294549354 21.9084645393555 -9.11964301224403
-2.96858353337362 22.1128308588502 -9.8459629185987
-2.2307241212537 22.3171971783449 -10.5722828249534
-1.49286470913378 22.5215634978396 -11.298602731308
-0.755005297013855 22.7259298173343 -12.0249226376627
-0.0171458848939346 22.9302961368289 -12.7512425440174
0.720713527225987 23.1346624563236 -13.4775624503721
1.49878301565871 23.2357923978463 -14.1794284232783
2.29405617732486 23.2927531888652 -14.8708319072041
3.08932933899101 23.349713979884 -15.56223539113
3.88460250065715 23.4066747709029 -16.2536388750559
4.6798756623233 23.4636355619217 -16.9450423589818
5.47514882398945 23.5205963529406 -17.6364458429077
6.27042198565559 23.5775571439594 -18.3278493268336
7.06569514732174 23.6345179349783 -19.0192528107595
7.87474398385736 23.6367316649884 -19.6915800557576
8.71154605991378 23.528648925923 -20.3254752505561
9.54834813597021 23.4205661868575 -20.9593704453545
10.3851502120266 23.3124834477921 -21.593265640153
11.2219522880831 23.2044007087266 -22.2271608349515
12.0587543641395 23.0963179696612 -22.8610560297499
12.8955564401959 22.9882352305957 -23.4949512245484
13.7323585162524 22.8801524915303 -24.1288464193468
