-1.6615172835988909 -1.5134393022950789 0.005815617505804201
-1.6561500806114691 -1.590493314086951 0.067228238760668593
-1.6411140418950629 -1.6660122195468454 0.12893147371876945
-1.6166319685144945 -1.7392836131006526 0.19030516991397403
-1.5829368012814742 -1.8096098632861697 0.25073837785725567
-1.5403509180373331 -1.8763210863432342 0.30962818391238967
-1.4892849453745256 -1.9387829699048293 0.36638575890125358
-1.4302384494678664 -1.9964071001206503 0.42044503430612351
-1.363783207150671 -2.0486504489182962 0.47126520692156981
-1.2905588617647912 -2.0950174443765053 0.51833551077542528
-1.2112839840974103 -2.135078781019597 0.56119698673255103
-1.1267157732166466 -2.1684352457842984 0.59942287536038119
-1.0377019805539616 -2.1947072762777076 0.63276143842942933
-0.94514112221883984 -2.213350871587735 0.66120798556318483
-0.84995994990879531 -2.2241279602057271 0.68462645209496942
-0.7530686538517648 -2.2269132938641691 0.70272972863889582
-0.65541529933788367 -2.2217064873685475 0.71538041615692205
-0.55789386260336071 -2.208772956592449 0.72211555251263937
-0.46141456299581873 -2.1884138229316989 0.72269838833215749
-0.36698964434243886 -2.1604859213305492 0.71751185353993618
-0.27565178884211194 -2.1247698474362564 0.70727832600156959
-0.18828726850812016 -2.081535972771051 0.69238770262665217
-0.10572885761370419 -2.031478562200121 0.67233985310541322
-0.028659592857157412 -1.9751471097318536 0.647607903055608
0.042165303414949812 -1.9130534102556092 0.61841504387129387
0.10593815087574604 -1.8456620240627806 0.58497822455633364
0.16232956735902943 -1.7740038369038229 0.54741841850130335
0.21067516572493511 -1.6983301825065669 0.50664961461890978
0.25017158555661279 -1.6198666269260114 0.46179291146480772
0.28138140920616983 -1.5394980581725981 0.41390684744972406
0.30285421408587482 -1.4576688279551986 0.36316904563472074
0.31505910929747072 -1.3762718705155561 0.30881479587446969
0.31737152839665828 -1.2960413872245002 0.25152076173416488
0.30864272751834776 -1.2188450445370866 0.19075838162360798
0.29206224656180935 -1.1478477055864553 0.12441510476300995
0.27134865206960851 -1.0873726764730742 0.049418163954278942
0.24374382782697188 -1.0345565061984328 -0.029233368049725379
0.20859081561045437 -0.98441495430305326 -0.10656903564921894
0.16104856790156702 -0.93448512395969363 -0.17707706871846934
0.10056746055228032 -0.88152220104473755 -0.23407769210911927
0.032014885921552216 -0.82304416895627974 -0.27386547073744283
-0.040920013992389342 -0.76056906021829096 -0.29537225168380488
-0.11576509901363137 -0.69681509557871846 -0.29780935697690725
-0.1908008458652318 -0.63501272868196923 -0.28240622386662406
-0.26719732831803 -0.57803400067833954 -0.25703995617773878
-0.3459924425992702 -0.52586613765907952 -0.22877284917202101
-0.42721169155899852 -0.48016079820097129 -0.19657387718536865
-0.50985319430378906 -0.44110985211770626 -0.15956474132133666
-0.59205500217137907 -0.40672364791997689 -0.11729064942703145
-0.67196664767397996 -0.37453815699584903 -0.069298732473288896
-0.7469179927240559 -0.3369525114586493 -0.017311504384995863
-0.82090296076471703 -0.29483955007167695 0.03215438200883329
-0.8963035584633432 -0.24398791779475992 0.069688291237952726
-0.97023408430147728 -0.1838157002117326 0.094296066046583943
-1.0393592717664772 -0.11565304064126114 0.11108237324569051
-1.1021875053402528 -0.0405835528856901 0.12252494273998614
-1.1577592445911227 0.0405377745008388 0.12923875563887627
-1.2051663305352642 0.12691427652372531 0.13202836518089719
-1.2445188385677202 0.21727999972471942 0.13153648129539661
-1.2745584459515229 0.31110773890052723 0.12850792454911583
-1.294915094065245 0.40741838927341206 0.12355259129215358
-1.3056876442044967 0.50517371385322152 0.11702029061435468
-1.3064086405127067 0.60345934159259784 0.10968597185550324
-1.2976325324539852 0.70132475286898055 0.10177709245681733
-1.2790116970168754 0.79778525700156633 0.093746650528694853
-1.250902643586381 0.89190529982631672 0.085641842316003136
-1.2139187359018524 0.98297350587310528 0.078168925284910346
-1.1683575547933358 1.0701251763456472 0.071627785917004583
-1.1141598324155735 1.1522485896514432 0.065976438077159305
-1.0522288010775087 1.2288373059985307 0.062352693052408495
-0.9829171437066897 1.2988915575718087 0.061315974418681744
-0.90717413337630459 1.3618986583933268 0.063295069321939054
-0.82570021065243804 1.4170234349676263 0.069104191995032593
-0.73953911509818904 1.4636677189431668 0.07954813042070058
-0.65023396204605599 1.50197936771916 0.095879601313783994
-0.55942000354953003 1.5322272687179908 0.11918647943900874
-0.46876510249575559 1.5541003582919792 0.15078960168295941
-0.38169077240789995 1.5679040467439314 0.19447314487202447
-0.30080865307273685 1.5808844834567597 0.24919871237796037
-0.22618426019444016 1.6012737938229415 0.31006074099148251
-0.15549874808633163 1.6329492145318174 0.3708684892492492
-0.083928043735195121 1.67386787414691 0.42466501836199855
-0.0069025523092564323 1.7195400714974129 0.46556285675818532
0.075527196135570032 1.7646213368950221 0.49510021663220222
0.16254320225383029 1.8065996682522929 0.51434228012945604
0.25325386608564227 1.8436793367154476 0.52458525915205534
0.34675262900268383 1.8747385720522827 0.52656289972387826
0.44210315444000214 1.8989717102905064 0.5209388827701924
0.53840782803472387 1.9157366760259074 0.50845443145024283
0.63474710620018071 1.9246272938167883 0.48968259482475368
0.73020844159819009 1.9253886545202759 0.46520011187315979
0.82392225048210388 1.9181278294356479 0.43555594075809995
0.91493965974170866 1.9025256005329838 0.40112094706589441
1.0025763648204276 1.878450241548548 0.3630023568395192
1.0860331390640396 1.8459984731618644 0.3218180748332321
1.1646034611753051 1.8058931401818092 0.27784772270159858
1.237626308484902 1.7582235383145794 0.2319242333883389
1.3043468985552749 1.7031517463825987 0.18470271933383309
1.3641501063150159 1.6415406600129621 0.13629732128112981
1.416408709455119 1.573998562265523 0.087089114615882007
1.4608227384318682 1.5006959459829852 0.038417431455400768
1.4971141853100336 1.422312925915012 -0.0090519718381374074
1.5245496737916735 1.3399245363888557 -0.055685319603873698
1.5431536426988794 1.2540216890148581 -0.10029140358212402
1.5526324575700341 1.165470634739687 -0.14252554369949472
1.5527312593177851 1.0753629780711242 -0.18247054825677753
1.5436515382504401 0.98421368856681346 -0.21887007887399818
1.5255201688056457 0.89297636135737601 -0.25147336965812667
1.4986349627137179 0.80246972019405138 -0.27977954300245605
1.4632290438174749 0.71358169615569855 -0.30346674702047732
1.4196581405906199 0.62713927643257494 -0.32206427351416073
1.3686532606760062 0.54375665545121443 -0.33478329463067846
1.3108046716090587 0.46423020346299554 -0.34147373119559138
1.2467734384037983 0.38928785988135811 -0.341909649831662
1.1774243135912821 0.31950648187843755 -0.33573625546918434
1.103737081351311 0.25534409427378357 -0.32270173126169138
1.0266918993616332 0.19721575311037223 -0.30265011864777197
0.94746290751897944 0.14537027586391132 -0.27524985744526709
0.86761327993811233 0.10017759792570516 -0.23928751490041963
0.78956726641158026 0.0614030997022127 -0.19334420801629265
0.71645512444751336 0.028432957072076055 -0.13619833614263555
0.65065822075581825 0.0004342813828591887 -0.06845921967440316
0.59174363736902535 -0.021898049601916724 0.00733100142111031
0.53902934257853075 -0.038807857998281278 0.088902051161909704
0.49219822760398357 -0.055719867639283889 0.17389123122092284
0.45142374223340753 -0.082492161188835816 0.25962081963220335
0.40931748798963596 -0.11368297968279223 0.34311699544329022
0.35935729637532604 -0.14703675462268051 0.42128524004362833
0.30018448210134269 -0.18239959192563543 0.49159112847835212
0.23083938765751333 -0.21963138335817095 0.55087943675794449
0.15820291304889328 -0.26121682732796181 0.60301294403875649
0.086490340145579506 -0.30936356322715891 0.65061849287376905
0.016642542534301377 -0.36474576818873328 0.69278147328056094
-0.05139437217560365 -0.42585446542359873 0.72972763654124606
-0.11821613242140355 -0.49153469395376798 0.76052207468400601
-0.18309040649028696 -0.56224608835187073 0.78325644250222515
-0.24508693282881253 -0.63767853426574506 0.79703541659629351
-0.30733189758161028 -0.71412067439531746 0.79982933628620612
-0.36863599459161139 -0.79089327761618833 0.7910929537675313
-0.42787964910429394 -0.86690881947265663 0.77007866425457971
-0.4839792225116053 -0.9410172778216167 0.73703347816981757
-0.53565628638009022 -1.0123318959835801 0.69252118821670827
-0.5830105811483588 -1.0789138422507487 0.63721544273948638
-0.62385050639875927 -1.1412263764085879 0.57256778977490552
-0.65675315700511816 -1.1982663398230597 0.49913279742875033
-0.68035953300535412 -1.2494958235348592 0.41832587866267884
-0.69180010505907918 -1.2950179217612114 0.33176049027732002
-0.68899770642017732 -1.3393035249672787 0.24373882605820946
-0.67809508832032217 -1.389350376057952 0.15948617422189723
-0.66409827742858218 -1.4477227645283266 0.081345509520964809
-0.64126163589142071 -1.5089833572351146 0.007609241441543374
-0.60606472310444937 -1.5689763978920186 -0.062263109407881163
-0.56096026819898792 -1.6264789554712265 -0.12841794718890448
-0.50689563086147427 -1.6800452304146372 -0.19109168995060727
-0.44485588081607325 -1.7289209958683631 -0.25009515887522521
-0.37534784097675034 -1.7727435809618155 -0.30458748201400676
-0.2994349043657758 -1.8103986978613509 -0.35496897439949265
-0.21781924712628556 -1.841437964839012 -0.40073255092667204
-0.13144195938529923 -1.8653943961910744 -0.44178574128734788
-0.041116456506059176 -1.8823573620872109 -0.47748925072253778
0.052145715630957705 -1.8920410842725881 -0.50795848974032753
0.14758166299507006 -1.8942461239273956 -0.53261211513362816
0.24415205885596047 -1.8886125446913569 -0.55167699838601658
0.34094864077756515 -1.8753124914928365 -0.56491015256928512
0.43721345541406897 -1.8550029330119233 -0.57143859047430334
0.53199735176535745 -1.8278143355726666 -0.57136117393649444
0.62431714477239353 -1.7936947696269272 -0.56521045913147172
0.71344665344988789 -1.7533337273785032 -0.5529084093135932
0.79844532918590772 -1.7070044405653881 -0.53408090557060361
0.87850064555713814 -1.6551719834995504 -0.50895554797765108
0.9528563200020177 -1.5983611312942536 -0.47778176530352456
1.0207854592977004 -1.5370976549978121 -0.44087817181548344
1.0816398452656779 -1.4719848655911543 -0.39859332882856335
1.134796809230358 -1.4034989935745623 -0.35151296605269761
1.1797252855387963 -1.3322017694816795 -0.3002049296457549
1.2159410399911723 -1.258799940805736 -0.24510057058256651
1.2423893503171741 -1.1840004828079611 -0.18647453055263233
1.262080942125231 -1.1086990700935935 -0.12581571883556059
1.28047050343352 -1.0332760736010487 -0.064899144203573941
1.2985270543579825 -0.95775952888811611 -0.0039988364371960922
1.3163267519356989 -0.88215825354289223 0.056871962340613334
1.3339436204250759 -0.80648040743677196 0.11770079153681404
1.351442621203478 -0.73073354519591316 0.17847772063283279
1.3688851446202384 -0.65492412716430626 0.2391928577160094
1.3863285666384295 -0.57905571889432683 0.2998340059052228
1.4038250914816788 -0.5031322434551232 0.36039088120576973
1.4170800790549969 -0.42395410120116067 0.41772793077843245
1.4235449649220471 -0.34007009204642541 0.46925966430969851
1.4237923228344675 -0.25272214421756561 0.51515300617678694
1.4180058088884262 -0.16244841193577061 0.55455112974190945
1.4064290477716939 -0.070333550422553751 0.58796953985863976
1.3885231830420304 0.022735226951220919 0.61545081233568399
1.363624955974186 0.11589053117859284 0.63638841548137559
1.3316516353369543 0.20805230575019451 0.65127302920716124
1.2928909852348294 0.2984147064602739 0.6595259444483863
1.2474978597418722 0.3860269750483824 0.66059185799172626
1.195870686819855 0.46990026250711991 0.65446891103793936
1.1389461972643162 0.54933152725600343 0.64081891414983883
1.0776666481463379 0.62366622926877247 0.61949064873022597
1.0128723338933161 0.69207185817592543 0.59021363714837882
0.94563160458355777 0.7538120859309132 0.55280418067085846
0.87744067310910423 0.80837312789597704 0.50692491733338985
0.8101972647333564 0.8551003505560909 0.45190888855624189
0.74596841937541147 0.89380891857860567 0.38784504554264998
0.68842268740231227 0.92529338718598353 0.31415139467307862
0.64015003344312837 0.95475001397938797 0.23331560494105638
0.6047461193537591 0.98521802783983081 0.14645796766634364
0.58288998703382711 1.0221765330916617 0.057630812407039433
0.56351125951235381 1.0618545037589431 -0.03057533267081813
0.55034929485895612 1.1141448437110779 -0.1131327308697286
0.53891437224048022 1.1772277656845493 -0.18809502036138548
0.52603659035981432 1.2489108508759055 -0.25465658213978082
0.51090684546733567 1.3274449892212195 -0.31241531723794946
0.49264526536620412 1.4110858270166167 -0.36143913004403405
0.47036704650149258 1.4982978165089416 -0.40184399102192425
0.44416039283391845 1.5880835862456943 -0.43324420028948485
0.41364659787264141 1.6791385161621661 -0.45586445345037002
0.3787097058272631 1.7703888763919844 -0.46952802055871551
0.33933387867538006 1.8607173030896524 -0.47434388659677074
0.29601027134380042 1.9492526056311401 -0.47027261826054156
0.24856953108978622 2.0348421894533946 -0.45778782277584407
0.19732826076855842 2.1165467785370446 -0.43703817267002382
0.14272602971256998 2.1935518042560598 -0.40840275366133699
0.085161493142376726 2.2649898329573768 -0.37216159302764235
0.02516769234066446 2.3303218178430645 -0.32899832520628941
-0.036552500357464046 2.3888706271013302 -0.27907446449294915
-0.099581767286675879 2.4400110653644833 -0.22302675278376999
-0.16420834234597839 2.4829374676611429 -0.16211817905494899
-0.2289821375294642 2.5174223299681535 -0.096211990942372705
-0.29329335651189536 2.5431353503474901 -0.02599082737170683
-0.35739078992323547 2.5595817470445015 0.047145761417370924
-0.42046206031398603 2.5666222924803876 0.12264337192407185
-0.48148895670162845 2.5642843767814916 0.20008499193385892
-0.53996885965551389 2.5525469369331097 0.27863083957413087
-0.59570052429162579 2.5317588230461281 0.35730112044514351
-0.64797955478684366 2.5018743810047357 0.4354041499052419
-0.69618579096865685 2.4631525922032407 0.51223444263033757
-0.74017499518956908 2.415867359014789 0.58676656686184603
-0.77941150457624986 2.3605122846703557 0.65833585465246958
-0.81384657152907658 2.2975462799205024 0.72597624906225144
-0.84293778808035214 2.2277194383369499 0.78925324088676374
-0.86607121044009527 2.1518953883859737 0.8479205218295629
-0.8842020973491731 2.0704734800544067 0.90052850230130765
-0.89686605092189697 1.9842342705518869 0.94666208718509859
-0.90298981102633702 1.8942780903661016 0.98662083544453505
-0.90292017090374277 1.8013557368531876 1.0196613165654431
-0.89727421623907888 1.7061971678063939 1.0449486386585636
-0.88577994198074372 1.6098376566350694 1.0625431360076485
-0.86844286588814967 1.5132477371569188 1.0723765787906585
-0.84615025588238701 1.417182217107011 1.0737729040624999
-0.81880023501830002 1.322659388291876 1.067038628314551
-0.78710692737473686 1.2305098364347788 1.0518000794345508
-0.7518206757867949 1.1414824559364662 1.0281909694796689
-0.71309279327083441 1.0565110112274996 0.99641654388934797
-0.67157891178362827 0.97646132699576149 0.95644190047315836
-0.62808516260619285 0.90199950573518062 0.90855964583577786
-0.58324897822134358 0.83390946420495971 0.85303039304631512
-0.53757884442750692 0.7727725768049738 0.79052346991989264
-0.49267318576709795 0.71918665779669488 0.72092462030351756
-0.44942763259686108 0.67349660920076193 0.64494053536236229
-0.40944355582443698 0.63586930986140744 0.56298252286594519
-0.37366007516861721 0.6061392476826305 0.47596236599109021
-0.34410434564198705 0.58559485361908215 0.38408187635790747
-0.32238291591898494 0.57377042911687015 0.28867656646828882
-0.30791796463633214 0.56642352552112862 0.19135448661316418
-0.3047551976277228 0.56280508386712902 0.09284087082613228
-0.30741215249665538 0.56310030611244211 -0.0058023807685618212
-0.32141164504062059 0.56502544778624253 -0.10346280295638895
-0.34821557405836739 0.56393497893814992 -0.19841386078804482
-0.38510733619128784 0.55891202704103982 -0.28974592231080787
-0.43145908508020625 0.54778643326199916 -0.3761250145431978
-0.48502919482695289 0.52978392214750925 -0.45697605054228485
-0.54391533101599232 0.50424383719467225 -0.53187687709124143
-0.60688394243767851 0.47165501437024299 -0.60046279480886311
-0.67290581224853419 0.43200463876535244 -0.66212185446795735
-0.74066109367980026 0.3856336930851445 -0.7168089749741795
-0.80949514612029172 0.3329844312557011 -0.76395513782723756
-0.87859232006238575 0.27441939388119063 -0.803057110413821
-0.94640732414603324 0.21007093967725554 -0.83457012275809705
-1.0129957672829881 0.1410925782701577 -0.85784451510368043
-1.0772338252283773 0.067712290722798468 -0.87279225678953765
-1.1385471703543555 -0.0093049676996011105 -0.87939693886587977
-1.1964511436101029 -0.089171096250606138 -0.87731866891913346
-1.2497220718595721 -0.17162048754088283 -0.86728322276559588
-1.2984249965729375 -0.25544684574763166 -0.84889794707399335
-1.3420871293281298 -0.33978290724749238 -0.8221360997724807
-1.3808369927630506 -0.4238234059401555 -0.78789888637486327
-1.4147618994696567 -0.50637119461340396 -0.74580346542483544
-1.4429010780472162 -0.5867324588190983 -0.69596018294468109
-1.465314653871558 -0.66449990830777494 -0.63951475126492097
-1.485408345533801 -0.74116198063616434 -0.58072014397689287
-1.5052773352660138 -0.81789802845436799 -0.52194567191735231
-1.5249836471328324 -0.89471767690074655 -0.4632256616074959
-1.5445885497258884 -0.97162976650176858 -0.40459277773148505
-1.5641482467225374 -1.0486401243737304 -0.34607389470345196
-1.5837171291486714 -1.1257537459281379 -0.28769423681136425
-1.6033470975107644 -1.2029756138578893 -0.22947840430585481
-1.6230830693684628 -1.2803111208643025 -0.17144956872545378
-1.6429623624138352 -1.3577614272990288 -0.11362309216232308
-1.6571812490797615 -1.4356050807851317 -0.054687856916005174
