-19.6487386159102 -15.4189675991836 -0.907399839455119
-19.2351717804332 -16.2803136117586 -0.429181740767862
-18.8216049449561 -17.1416596243337 0.0490363579193952
-18.4080381094791 -18.0030056369087 0.527254456606652
-17.8361281415173 -18.7625480127988 1.01424032307167
-17.2619613453684 -19.5206394049095 1.50135115451084
-16.6877945492196 -20.2787307970201 1.98846198595002
-15.9679079243342 -20.9012550354393 2.47297307449326
-15.2438914538691 -21.5199371652361 2.95741048372462
-14.519874983404 -22.1386192950328 3.44184789295599
-13.6705775460875 -22.5895960156201 3.90546725778037
-12.8155672918471 -23.0329253630743 4.36813731897626
-11.9605570376067 -23.4762547105286 4.83080738017216
-11.0092489226456 -23.7270820565843 5.24372995482523
-10.0515469620976 -23.9651279341537 5.65334946807165
-9.09384500154959 -24.2031738117232 6.06296898131808
-8.07831538894394 -24.2355508239434 6.38602029197612
-7.05741389516889 -24.2488222929574 6.70102987725181
-6.03651240139384 -24.2620937619714 7.01603946252751
-5.00587019257863 -24.0710824853385 7.20465828492884
-3.97398744479012 -23.8540545655226 7.37718047925258
-2.94210469700161 -23.6370266457066 7.54970267357631
-1.95805136395389 -23.2339807444901 7.56073057330219
-0.982139230599538 -22.7992721197938 7.54427000575775
-0.00622709724518353 -22.3645634950975 7.52780943821331
0.858291156157503 -21.7811088305545 7.33137971711793
1.69742355054945 -21.1637560201026 7.09393632848258
2.5365559449414 -20.5464032096506 6.85649293984723
3.20751041867488 -19.8352626998629 6.44964877029645
3.82675573875651 -19.0952855714713 5.99071945797067
4.44600105883814 -18.3553084430797 5.53179014564489
4.86770644944163 -17.5827348530016 4.94621326809932
5.20479357265639 -16.7961982321671 4.30638559899881
5.54188069587116 -16.0096616113327 3.66655792989829
5.69479521015627 -15.2348651279653 2.96398080848187
5.72972650562752 -14.4675895198015 2.22120562283612
5.76465780109878 -13.7003139116377 1.47843043719037
5.65486913473586 -12.9538709342455 0.737073278907834
5.390707614905 -12.2296501341996 -0.00277126889871533
5.12654609507413 -11.5054293341538 -0.742615816705265
4.76894860416653 -10.7905188128869 -1.43562395461892
4.22114833384164 -10.0945607451612 -2.03328963248324
3.67334806351675 -9.39860267743555 -2.63095531034755
3.08938788615928 -8.70568811949528 -3.18106583689597
2.32468986973959 -8.02798591764 -3.49348174555266
1.55999185331991 -7.35028371578472 -3.80589765420936
0.794097371147903 -6.67323447682087 -4.11402356347601
-0.0730925725600122 -6.05146653389491 -4.0589485475525
-0.940282516267927 -5.42969859096896 -4.00387353162899
-1.80747245997584 -4.80793064804301 -3.94879851570548
-2.66050820950651 -4.28933992260305 -3.58841745980537
-3.51148101364005 -3.78578706955879 -3.1835386612575
-4.36245381777359 -3.28223421651452 -2.77865986270963
-5.15328448298113 -2.88166051681098 -2.1955131451534
-5.92356995932008 -2.51626558182541 -1.5514682265913
-6.69385543565902 -2.15087064683984 -0.9074233080292
-7.43479007498049 -1.82959290407644 -0.210328369278501
-8.15744133966641 -1.53579687002158 0.519812761407175
-8.88009260435234 -1.24200083596672 1.24995389209285
-9.6205257092628 -0.924059743801942 1.95021231961973
-10.3803806783968 -0.579746688198174 2.61783195408286
-11.1402356475308 -0.235433632594407 3.28545158854598
-11.9206622602515 0.158032469543914 3.88887216448486
-12.7414280018773 0.64788324176789 4.36640420427125
-13.5621937435031 1.13773401399187 4.84393624405764
-14.3818233379548 1.66162222715972 5.26642780484633
-15.1968705897042 2.32279126332991 5.46692846250846
-16.0119178414536 2.9839602995001 5.66742912017059
-16.8199800511294 3.65353178022999 5.84947331162902
-17.5184693882412 4.45491062550558 5.74199483479127
-18.2169587253531 5.25628947078116 5.63451635795353
-18.9154480624649 6.05766831605674 5.52703788111579
-19.4061982348299 6.9263076865506 5.15789965555615
-19.8790373863002 7.80074617862102 4.76620144121254
-20.3518765377705 8.67518467069143 4.37450322686893
-20.5847895417707 9.54083822940615 3.81423987186803
-20.7503788327236 10.4040267198546 3.20667683203058
-20.9159681236765 11.267215210303 2.59911379219312
-20.8588066860825 12.0673542310505 1.91729762212924
-20.6762109070658 12.8319891312925 1.19366837899802
-20.493615128049 13.5966240315345 0.470039135866805
-20.1408552003578 14.2736053944665 -0.252265214336963
-19.6154261360388 14.8616428715825 -0.97322516785265
-19.0899970717198 15.4496803486985 -1.69418512136834
-18.4641658418953 15.9569889701922 -2.37077687554569
-17.649907026913 16.3127914638957 -2.96410157450532
-16.8356482119307 16.6685939575992 -3.55742627346494
-15.9845756573389 16.9752921332774 -4.10363352365333
-14.9802816791724 17.0776146168558 -4.45373457402348
-13.9759877010058 17.1799371004343 -4.80383562439363
-12.9700122972386 17.2755706499608 -5.14422670339618
-11.9089348414645 17.1520009282677 -5.16641200092024
-10.8478573856905 17.0284312065746 -5.18859729844429
-9.7867799299164 16.9048614848815 -5.21078259596834
-8.79566518294512 16.6619453147478 -4.92687513419792
-7.81678239431319 16.3981631602882 -4.58945182171594
-6.83789960568126 16.1343810058286 -4.25202850923396
-5.97287772816945 15.8698519847148 -3.7100214083733
-5.16941221370311 15.604919186796 -3.05741064356187
-4.36594669923678 15.3399863888773 -2.40479987875044
-3.62830468427652 15.1371094171129 -1.67286238254159
-2.98451058226893 15.0227085946698 -0.827824728503574
-2.34071648026134 14.9083077722268 0.0172129255344439
-1.7005459241546 14.8264400829616 0.864798023729318
-1.0829829360865 14.9475489922983 1.72827681243531
-0.46541994801841 15.068657901635 2.5917556011413
0.152143040049685 15.1897668109717 3.45523438984729
0.877763970986244 15.4770416378821 4.17827895392478
1.62133253092443 15.7919154007167 4.87799842689045
2.36490109086261 16.1067891635512 5.57771789985611
3.21658211113956 16.45460838778 6.09232500838681
4.13833303787692 16.8237802423249 6.4869569908314
5.06008396461429 17.1929520968698 6.88158897327599
6.02551234802497 17.5231857343199 7.13233587106649
7.05912999448104 17.7926290114737 7.15844931642942
8.09274764093711 18.0620722886275 7.18456276179234
9.12309503956529 18.2896217528058 7.14209364069129
10.1400725718274 18.3458953044152 6.81923606069531
11.1570501040895 18.4021688560245 6.49637848069932
12.1714919518804 18.4539697625984 6.16905371990793
13.036714976348 18.2425664586654 5.57884630576031
13.9019380008156 18.0311631547325 4.98863889161269
14.7671610252832 17.8197598507996 4.39843147746507
15.4122077332342 17.3821478566768 3.68215624707925
16.0172226812904 16.903407315601 2.9429597659888
16.6222376293466 16.4246667745252 2.20376328489834
17.0048768574076 15.7929690696902 1.45400554954528
17.2837153022323 15.0898738516727 0.699318020308071
17.562553747057 14.3867786336552 -0.0553695089291384
17.662097043766 13.6053717736429 -0.750220115039287
17.5974898088325 12.7522680618065 -1.3902880745112
17.5328825738989 11.89916434997 -2.03035603398311
17.3546707468787 11.0251321282827 -2.58796526285153
16.97891326625 10.1147075734901 -3.00218800061432
16.6031557856213 9.20428301869748 -3.41641073837712
16.1781263466683 8.30221554812795 -3.76660237730667
15.5691015562534 7.43135578070485 -3.8776838827041
14.9600767658385 6.56049601328174 -3.98876538810152
14.343978037765 5.69675681265242 -4.08083394969088
13.6123762614167 4.94928201946028 -3.86245971796036
12.8807744850685 4.20180722626815 -3.64408548622984
12.1491727087202 3.45433243307602 -3.42571125449932
11.4105611736755 2.86027396610873 -2.94263011301086
10.6712141111791 2.28231333137262 -2.43177352200816
9.93186704868273 1.70435269663651 -1.92091693100546
9.23842693904663 1.23608745814575 -1.26519825136905
8.56008004591707 0.803887701289994 -0.561852039711674
7.88173315278751 0.371687944434234 0.141494171945697
7.22590810809476 -0.0409157122234991 0.876363660548136
6.58520468677677 -0.44036215189526 1.63239851321199
5.94450126545877 -0.839808591567021 2.38843336587584
5.28716724767068 -1.28690188411166 3.09831533639596
4.6094429418369 -1.79241358974785 3.75161060765115
3.93171863600312 -2.29792529538404 4.40490587890634
3.23624006413092 -2.85468534130632 4.97686349387008
2.50204948746316 -3.52318900933196 5.37146971995628
1.7678589107954 -4.19169267735761 5.76607594604249
1.03529378294933 -4.88171317110965 6.09203796568772
0.309828584069222 -5.6657187428237 6.11816342133262
-0.415636614810887 -6.44972431453775 6.14428887697752
-1.13496395090179 -7.23472275858632 6.15049810825275
-1.74213991760357 -8.03786302101202 5.79279698297072
-2.34931588430535 -8.84100328343771 5.43509585768869
-2.95649185100712 -9.64414354586341 5.07739473240666
-3.35918283358839 -10.3998642734614 4.4479684349788
-3.74072115135388 -11.1506797532229 3.79043390499229
-4.12225946911936 -11.9014952329845 3.13289937500578
-4.28595625772128 -12.6042895258104 2.35827058043057
-4.37798831138141 -13.2912859785893 1.54512052929251
-4.47002036504154 -13.9782824313682 0.731970478154454
-4.38330588936689 -14.6383266699564 -0.0904397716853218
-4.17595970927753 -15.2801815118181 -0.919099505399073
-3.96861352918818 -15.9220363536798 -1.74775923911282
-3.62691522179669 -16.5399832343434 -2.5345694069064
-3.12720886696019 -17.1298125827941 -3.27216138716359
-2.62750251212369 -17.7196419312448 -4.00975336742078
-2.03549092538421 -18.2760382253087 -4.68594995819876
-1.27583394038913 -18.7717131756089 -5.25063981953028
-0.516176955394056 -19.2673881259091 -5.81532968086179
0.296088943319484 -19.7240370249021 -6.31745654729849
1.24436153794015 -20.0797941943872 -6.65784302374664
2.19263413256082 -20.4355513638724 -6.99822950019479
3.16276847436659 -20.7533729672349 -7.28650054412048
4.2101734798074 -20.937110759965 -7.39056883322774
5.25757848524821 -21.120848552695 -7.494637122335
6.3076253827539 -21.2716757933815 -7.56073057330219
7.3701206114731 -21.2674318039811 -7.44789038453784
8.43261584019231 -21.2631878145806 -7.33505019577348
9.48770236362756 -21.2324385046259 -7.19746282384369
10.4964729658635 -21.0359897517717 -6.90516709985172
11.5052435680995 -20.8395409989175 -6.61287137585976
12.5024416686574 -20.6229650415239 -6.30603843529032
13.404152315717 -20.2403147502522 -5.87925547608689
14.3058629627767 -19.8576644589805 -5.45247251688347
15.1951153917018 -19.4607008167655 -5.01802020290942
15.9491022830205 -18.908329467814 -4.50029760221038
16.7030891743392 -18.3559581188626 -3.98257500151135
17.4457559350719 -17.7943700581054 -3.4615544812257
18.0241784896764 -17.099056374474 -2.89268431996108
18.6026010442808 -16.4037426908426 -2.32381415869646
19.1718137909652 -15.7032029187831 -1.75402578387824
19.5593084464619 -14.8995475528082 -1.16612020013312
19.9468031019586 -14.0958921868332 -0.578214616388004
20.327894273987 -13.2898564274156 0.00945074999292481
20.520928475011 -12.413913470946 0.590061432760448
20.713962676035 -11.5379705144763 1.17067211552797
20.9039154949763 -10.6613704513403 1.75077807335282
20.9079330378763 -9.74511957369255 2.30042816136899
20.9119505807764 -8.82886869604476 2.85007824938516
20.9159681236765 -7.91261781839697 3.39972833740133
20.7422045619489 -6.98050847217119 3.89217937199767
20.5678468646287 -6.04834612773366 4.38443925020775
20.3934891673085 -5.11618378329614 4.87669912841784
20.057595368706 -4.18586679150808 5.27953753618284
19.7167081661938 -3.25560684326052 5.67961174748286
19.3758209636816 -2.32534689501296 6.07968595878289
18.8930757897422 -1.41255955862552 6.34945658291488
18.4002918869386 -0.501008690032225 6.61000613636293
17.9075079841351 0.410542178561067 6.87055568981099
17.3039142335668 1.28446133314189 6.95843958246918
16.6853873510246 2.15330910315636 7.02305443224034
16.0668604684823 3.02215687317083 7.0876692820115
15.3884500939709 3.82964268528224 6.953087757622
14.6957013641464 4.62243614185141 6.77081114572382
14.0029526343218 5.41522959842059 6.58853453382565
13.3186620615023 6.13747892167206 6.2212729285549
12.6380048908402 6.82942433757803 5.77454662741463
11.9573477201781 7.521369753484 5.32782032627437
11.3392928419568 8.17506714962465 4.76525139069975
10.7740165663342 8.79651848964389 4.10501810245691
10.2087402907115 9.41796982966314 3.44478481421407
9.69634476663226 10.0532549928272 2.76079222123444
9.29805086311725 10.7183896114804 2.02553380666896
8.89975695960224 11.3835242301336 1.29027539210349
8.50531043901621 12.0547737861727 0.559711898557536
8.20207639750739 12.8709942506635 -0.0595459638182203
7.89884235599857 13.6872147151543 -0.678803826193977
7.59560831448975 14.503435179645 -1.29806168856973
7.24547002833937 15.4196219678194 -1.70194199034087
6.88209441182245 16.3640212826476 -2.04503837063426
6.51871879530553 17.3084205974758 -2.38813475092766
6.05914867190901 18.2421900637696 -2.54079906417382
5.52535099286432 19.1677571108274 -2.54651832502073
4.99155331381964 20.0933241578853 -2.55223758586764
4.38656051048205 20.9446501693612 -2.44205512233837
3.66672846344248 21.6762238177007 -2.14492072209567
2.94689641640292 22.4077974660402 -1.84778632185298
2.19826576339292 23.0675466012646 -1.50543896134632
1.34663365712058 23.4704072871558 -1.00138236330706
0.495001550848244 23.873267973047 -0.4973257652678
-0.359363019557814 24.2505427014908 0.0119066185816368
-1.25360761842513 24.2543930549843 0.596679055408217
-2.14785221729244 24.2582434084779 1.1814514922348
-3.04209681615975 24.2620937619714 1.76622392906138
-3.88491673869814 23.8999606701002 2.30192753562187
-4.72285936526875 23.5031164296176 2.8329772828859
-5.56080199183936 23.106272189135 3.36402703014994
-6.28934291737777 22.4538188523764 3.7576580621201
-6.98349625729989 21.721021429561 4.10809508711536
-7.677649597222 20.9882240067455 4.45853211211061
-8.25198763377462 20.1281122769427 4.63976023361617
-8.74709075299253 19.1838064725435 4.70908901419232
-9.24219387221043 18.2395006681443 4.77841779476846
-9.65421477513524 17.2750792232206 4.7054984502894
-9.95625147910616 16.2840287028069 4.44427110459263
-10.2582881830771 15.2929781823933 4.18304375889587
-10.5364932799175 14.3263958881416 3.85139834244038
-10.7369671913042 13.4396212298204 3.29007139055752
-10.937441102691 12.5528465714992 2.72874443867466
-11.1379610329746 11.6662150085643 2.16725503464209
-11.3881865535129 10.9341425748707 1.43029901736918
-11.6384120740511 10.202070141177 0.693343000096278
-11.8886375945893 9.4699977074834 -0.0436130171766284
-12.251678183648 8.78977844481943 -0.779647942242015
-12.6542553534819 8.12773137414852 -1.51536006613428
-13.0568325233158 7.46568430347761 -2.25107219002655
-13.5273659382936 6.77499447829102 -2.9083313536453
-14.0635693578754 6.05662552196745 -3.48977693675425
-14.5997727774571 5.33825656564388 -4.0712225198632
-15.1494694401079 4.58142201737281 -4.57217754433109
-15.725233205364 3.75027719936683 -4.91763580348472
-16.30099697062 2.91913238136084 -5.26309406263834
-16.8643618404512 2.06612723145782 -5.55258395557251
-17.3854154817697 1.13852370270226 -5.65108180837374
-17.9064691230882 0.210920173946702 -5.74957966117497
-18.4102228677708 -0.724852100349566 -5.81715036838557
-18.8139887389638 -1.70783711313109 -5.70597205843199
-19.2177546101568 -2.69082212591261 -5.59479374847842
-19.6076928019473 -3.67569763409701 -5.46942865068332
-19.8614970263438 -4.6791851329156 -5.204394150871
-20.1153012507404 -5.68267263173419 -4.93935965105868
-20.3602687379793 -6.6859556414662 -4.66886091796162
-20.4504447250299 -7.6856566534633 -4.30264621499501
-20.5406207120805 -8.68535766546039 -3.93643151202839
-20.6262455589405 -9.68443725640496 -3.56859722720061
-20.5481576996588 -10.6611632133368 -3.14250366706866
-20.4700698403771 -11.6378891702686 -2.71641010693671
-20.3907522419152 -12.6142922421737 -2.29007150952364
-20.144058729712 -13.5467484534373 -1.83038166211537
-19.8973652175088 -14.4792046647009 -1.3706918147071
