-1.6615172835988909 -1.5134393022950789 0.005815617505804201
-1.656085903896785 -1.5914146642467299 0.067962561699731625
-1.640661109853814 -1.668268961092445 0.13077591856940601
-1.615483135185479 -1.742678823854271 0.193151263622869
-1.580817243738865 -1.813968701055148 0.2544886989438826
-1.536997987896199 -1.8814874361014511 0.31419689228688202
-1.484479500146987 -1.9445535209936571 0.37164198920534208
-1.4238393301327521 -2.0025245561181269 0.42620260178696662
-1.355658399749837 -2.054890678499961 0.47736158759881941
-1.2807149918045899 -2.1010851167047311 0.52453128395591131
-1.1997047113033781 -2.1407480334958202 0.56731186520912702
-1.113527600660023 -2.1734379728117612 0.60522492638267467
-1.022941928011222 -2.1988475132617999 0.63812163679095113
-0.92908375637013552 -2.21634423043926 0.66597279416087207
-0.83282412760031499 -2.2258136805488271 0.688666269970997
-0.73512798880544017 -2.2271606473465551 0.70589324569289857
-0.63706864769832205 -2.220451159342717 0.71756398081533723
-0.53936339987389392 -2.2060397316073548 0.72318082511926773
-0.44305829351060749 -2.1842630755629071 0.72258477868731275
-0.34921769188683888 -2.1549308541751859 0.71632666377364118
-0.25869236480161761 -2.117816717227786 0.70519237869735607
-0.17272602667177081 -2.073517044196044 0.68955755720448419
-0.09133283860725569 -2.0224455419348759 0.66864019834473509
-0.015117029130035931 -1.9649267673092441 0.64306320147087803
0.052251762817948202 -1.9039193808477139 0.61407491612262599
0.11563028728203099 -1.835144679367859 0.57972532686970779
0.170751724607731 -1.7629771617880361 0.54159190764183263
0.21568034432792951 -1.6902254282971809 0.50226891965665799
0.25601147800455781 -1.607953810276425 0.45493970682090018
0.28358611509352688 -1.533549094476663 0.41034099676168678
0.3047924256000199 -1.450035900268523 0.35842393721197058
0.31647675518248353 -1.366086373784297 0.30196465836671832
0.3174555066429498 -1.2894673693173679 0.24678638892527249
0.30714838613786921 -1.206869950096088 0.18125797674645591
0.2897456649805728 -1.13878442973481 0.1156864867094954
0.27243344189361668 -1.0894481993437659 0.052508941885363113
0.24111822235002761 -1.029532948550486 -0.036714230502774912
0.20615938137471321 -0.98104236955507462 -0.111790705059386
0.1594260917755306 -0.93281062479515331 -0.1794251878995976
0.103770751763774 -0.88425249104614978 -0.2321020834336073
0.041269389142192942 -0.83098014264771281 -0.27064938559067159
-0.025319844605395839 -0.77387816812195698 -0.29379018963867881
-0.094132054126037867 -0.71517181058948898 -0.30076865136068021
-0.16293197212872129 -0.65679165679690243 -0.29135716019023722
-0.23961687002354259 -0.5968640510191231 -0.26672747315914341
-0.32766607918222301 -0.53675007382478779 -0.2358005683261496
-0.40200216955358148 -0.49260223914539952 -0.20729446734706061
-0.48285912660835911 -0.45269759295944562 -0.17290927360480979
-0.57302568052811542 -0.41399180503583682 -0.1283353878441465
-0.65471707315839989 -0.38279017379637048 -0.080921187829784441
-0.71666524292022926 -0.35315481454884512 -0.039181616988592641
-0.79632031885630505 -0.31049437239539768 0.018402089995612769
-0.87073502408906156 -0.26310528406912548 0.060031983163783963
-0.9409692979390708 -0.2105917407212799 0.086556921032080431
-1.0160017801963199 -0.14194019617992479 0.10639944623612441
-1.0839762085534539 -0.065439927925147509 0.1200275914313105
-1.1415402790985969 0.01312856409487463 0.12792146678744759
-1.1901514366613031 0.09527889891910854 0.1318696184708521
-1.2336101552237899 0.18684351359289461 0.13232909082227079
-1.266318634497843 0.27810394754542289 0.12995253890809261
-1.2896172438762949 0.37142434050745948 0.12586779669748399
-1.304074387411621 0.46964741418218431 0.1195499025206278
-1.30846531509286 0.56634213341500006 0.1126648591778088
-1.3028978977731229 0.66681840207819409 0.10460101230976759
-1.28882661422719 0.75903396865014416 0.097054303856808896
-1.2651261286304289 0.85260830369024365 0.089067176876291759
-1.231363382142552 0.94588885442506643 0.080936349442857436
-1.1896198049567119 1.034629318907486 0.074314135248928923
-1.1400987313201021 1.1173013294653129 0.068057464291824535
-1.0809700065951651 1.196964962645813 0.063313684432655767
-1.01733466571307 1.2675328945551201 0.061185972217201803
-0.94338247607333614 1.3349125796419421 0.061465305152781681
-0.86483416046499439 1.3934546413024751 0.065434691287088009
-0.78189426327504774 1.443405983623957 0.073211775197941004
-0.69412536203026687 1.4853926209709429 0.086342054744503641
-0.6025190200873568 1.5200110472431561 0.10624799879359351
-0.50892092855318605 1.5465410033223099 0.1343464843982429
-0.42677423556000421 1.562005160653597 0.16798413651643521
-0.3452082854236721 1.572677549486744 0.21590860778882531
-0.26325554101167681 1.587825890282333 0.2773554101244422
-0.18973356675712549 1.6144965743292301 0.34221857214594692
-0.1156740402140832 1.6544148169235331 0.40419638825683257
-0.050363114566894733 1.6944355223618199 0.44630642817280503
0.03119167230116314 1.7415448105950191 0.48244157800843918
0.1173902007086389 1.7864109232690499 0.50705290379508994
0.20869531403638539 1.8272351339651001 0.52179295007156545
0.30126754999369237 1.8613986457294001 0.52759408774720395
0.39591366544523932 1.8891565882102981 0.52544837440923997
0.49317419731065409 1.909824147315645 0.51595280377614339
0.59015330146648648 1.922500373575585 0.49987659191447281
0.68640122532420211 1.9270909587173839 0.47787463308731482
0.78313444942876143 1.923332003289514 0.4498872966320912
0.87421025225539994 1.9117115113887519 0.41788655846748612
0.96426074966655606 1.891401963747664 0.38081870653217398
1.049916818676214 1.8624478778997351 0.34098955404054188
1.132010502052482 1.8250577946969611 0.29741209855783662
1.20851298074993 1.7800743500129621 0.25149042444624492
1.278311799901463 1.7276873172445459 0.20458073952229841
1.341743663440168 1.6679089002908081 0.15614996993772651
1.397511494133894 1.6022804751222111 0.1067383272558836
1.4451218591220349 1.531025945246725 0.057233351542910177
1.485311831423322 1.4533894125243609 0.0090697237474510386
1.516390399501907 1.371557202271853 -0.038649261411112537
1.5384085521687241 1.2861950926117069 -0.084621797301891455
1.551430408985933 1.197902266100191 -0.1276235836885776
1.554794006293702 1.107151401806032 -0.16932255762038739
1.548864292377685 1.01577021895139 -0.20711867316655419
1.533722888847519 0.92410846992173634 -0.24125279334941929
1.509581166664822 0.83248243464494287 -0.27133334133012499
1.476396200148038 0.74149464302516699 -0.2969391971082862
1.435082156347484 0.65391333992398049 -0.31742042146776273
1.3867558902338071 0.57002529561526449 -0.3319704604021369
1.330553915012394 0.48847087508833231 -0.34070327124100819
1.267573161745162 0.41116686260097302 -0.34316028426732459
1.1996511254025379 0.33972041144040532 -0.33907630506258768
1.126794123783869 0.27346141256454581 -0.32812799629480538
1.0492249387035379 0.21251059375220069 -0.30987279474934643
0.9680386380060011 0.15740344586029889 -0.28384956970074698
0.88788989432471355 0.1105305798727627 -0.25035106845764199
0.80926923997435418 0.070387871645644445 -0.20745318602398249
0.73692632679428727 0.03739703574915821 -0.1556469764674778
0.67097632332329848 0.0085183695206966139 -0.092991257706948327
0.61085016123173785 -0.015404395517217871 -0.02039504502998531
0.5574334944266458 -0.03355889390123943 0.057119472824882132
0.50355144641341842 -0.048926346736371397 0.1501696946483492
0.46555103948866922 -0.071664969420885211 0.22956815051964849
0.4219468464846704 -0.1050833190889499 0.32232633070029781
0.37077860271076413 -0.1399251148786243 0.40656036382314092
0.31649766986323841 -0.17372391407422469 0.4765418522657015
0.2554836721055963 -0.20617237213760981 0.53282861353486111
0.17623422364311889 -0.24945296396516989 0.59087524855632612
0.098626573882104593 -0.30008521185004372 0.64311648831445889
0.033406361135319272 -0.34994714298059448 0.68343231808568561
-0.03939848030588286 -0.41421719907395388 0.72403546333391422
-0.10992938808910491 -0.48263953637655721 0.75750309941571492
-0.1755260137333759 -0.55305227004385027 0.78140085498318679
-0.23726640862044879 -0.62809199776536229 0.7965461164542128
-0.30161380163155233 -0.70697016697372594 0.80057208552022296
-0.36501148592472737 -0.78624928645850323 0.79233707480013904
-0.42499956027301422 -0.86311048681521241 0.77174602871319442
-0.48196962292507922 -0.93824401989163309 0.73876445653408274
-0.53672488312930733 -1.013806565081141 0.69160074721670961
-0.58540652120782022 -1.082284065455958 0.63440023339362428
-0.62606517192237154 -1.1446219011779499 0.56900577141382913
-0.66140494775108127 -1.206397949069768 0.48854121075727958
-0.68490522258526887 -1.259831557936026 0.40148683422192932
-0.69298026741824925 -1.301040594707455 0.31982578263313027
-0.68830000573563876 -1.346006767591222 0.23040923193209881
-0.67512473274361651 -1.401966443771588 0.1388425284761389
-0.66027568054271513 -1.463585339058054 0.061412727922057909
-0.63743875421379448 -1.518110886652051 -0.0032082551211761539
-0.59887732643425096 -1.58062904797195 -0.075791835174105246
-0.5513202962474395 -1.6381357622712609 -0.1417975253353416
-0.49402850768220069 -1.692183853953916 -0.205369210841612
-0.43110846375946082 -1.739191767302658 -0.26259939751483319
-0.35835282336346058 -1.7829696802347239 -0.31738483254562622
-0.27992931005065091 -1.8194794546054649 -0.36741172587739929
-0.19722500566387091 -1.8487188922863931 -0.41178095571781259
-0.11067972001685331 -1.870657466590586 -0.45125575788638927
-0.017876607879571661 -1.88626608900088 -0.48625339391661798
0.074946988597202488 -1.8939215880457769 -0.5150262902619781
0.16997589052369291 -1.894346182617469 -0.5380340567437335
0.26610171904170848 -1.8869158891895179 -0.55571411623282552
0.36172048926968853 -1.8720922652850049 -0.56746227721354403
0.45643972951383699 -1.85065068401119 -0.57245126347633768
0.54885769605003365 -1.8227185069136249 -0.571117925348262
0.64115720066021153 -1.7872176303652869 -0.56389210784570798
0.72727721505245102 -1.746850991799394 -0.55080698630774505
0.81013115938213898 -1.7004616223764331 -0.53133447703694658
0.88806125105162814 -1.648838801922297 -0.50582613858619452
0.96026852311999555 -1.592586760594781 -0.47457364168463162
1.0262169922186379 -1.532117381328334 -0.43785392661339129
1.085276871449562 -1.4680387761674769 -0.39601692190816951
1.1367937517653981 -1.4008963603153579 -0.34971829815915673
1.1805901103204199 -1.3308179664983051 -0.29920751855072919
1.216210547067524 -1.2582508925139431 -0.24468807208555321
1.240410437483306 -1.1915433673424629 -0.1925498840973367
1.2612292814908901 -1.1121896263370701 -0.12863507412013411
1.279821179210231 -1.035990184862901 -0.067088064699145175
1.2978887573898761 -0.96046948864833959 -0.0061809080518338989
1.3156998424442981 -0.88485057426341918 0.054707777098035863
1.333327921935239 -0.80914515852550206 0.11556254164151381
1.3508373018931039 -0.73336433385909083 0.17637060026057841
1.368288774045908 -0.65751819066074224 0.23711928590267059
1.3857390472071309 -0.58161384769213786 0.29779363188762631
1.404655313128065 -0.4995296244583099 0.36326434488855519
1.4168362516290991 -0.42697491264831389 0.41585901790486729
1.4235280186920769 -0.34406969199438819 0.46715074427590458
1.4239071827398779 -0.25458049536924282 0.51433685339339841
1.418417745630369 -0.1657653275518432 0.55334280033505734
1.4068148634903119 -0.072338893239864449 0.58737740387138948
1.388504214682353 0.02283381822679496 0.61547992428691367
1.3641018339940689 0.11451595000620669 0.63616641335651625
1.3310544240882389 0.2097737424786538 0.65155105033767435
1.2928691033313751 0.29846553083758948 0.65953051704111465
1.2474744631048089 0.38607212795072449 0.66059240529453433
1.1950948246754269 0.47116061748349197 0.65437684437678878
1.137884847041128 0.55080915398276931 0.64056263518210943
1.076064949532358 0.62560409985683341 0.61893017079974599
1.010068615006555 0.69502088801865869 0.58893954702018192
0.94235803731443857 0.75679883128012293 0.55096841033076582
0.87460676483763511 0.81062455673268352 0.50500223885379436
0.80590782645714898 0.8580622765465421 0.44837306466986332
0.74444804083815652 0.89471564138369408 0.38630973670887919
0.68625837941444501 0.92647463202304925 0.31136385534522448
0.63739216373651897 0.95644124400938524 0.22864731982023639
0.60413026078960197 0.98576089387784427 0.1449074883551891
0.57471837204338527 1.0361864553133679 0.024053495951787549
0.5633862399850218 1.0621408404290991 -0.031184737663780139
0.55122359864754278 1.109324963243238 -0.1073243987468296
0.53961275626883309 1.1733334613498021 -0.18445963439666649
0.52639383279543994 1.247044355203625 -0.25326975449234618
0.51175979733653287 1.323503255737692 -0.31007959269762092
0.49373335723979361 1.40680856883232 -0.35944322038782939
0.47111382568784649 1.4957253035344691 -0.40093469968215012
0.44526785827958298 1.5847597700950311 -0.43240519961287599
0.41504787014925282 1.675458477683299 -0.45529944935016142
0.38028634420018748 1.7667496244588889 -0.46931557242527439
0.34159032514561161 1.85606913143388 -0.47452976558518012
0.29894108287917598 1.9439245278097019 -0.47101645467198172
0.25168187901642852 2.0298395424466529 -0.45902212607579651
0.20090325533716449 2.111458800878848 -0.43888420311485787
0.14691209219790749 2.188299709730829 -0.41100462763736739
0.090271121818932765 2.2593649963750631 -0.37579906935381008
0.03026878492273952 2.32541741641618 -0.33308420810057449
-0.030693207999871901 2.3840287982456272 -0.28425475439505032
-0.093247985652693682 2.4357209666879611 -0.22894911964835479
-0.15773665529459369 2.479401467890753 -0.1686493521004454
-0.22202303474101581 2.5145262539251929 -0.1037720696701722
-0.28594452790799879 2.5411276004807388 -0.034330428206986438
-0.349990418517173 2.5586253726111621 0.038350156905216141
-0.41294784121895289 2.56676156823664 0.11317729203194429
-0.47395035024922649 2.5656308891240078 0.19002554689351681
-0.53240296767651984 2.555190342676176 0.26802416589380318
-0.58888807291323741 2.5354553197608349 0.34721100608504929
-0.6412830141368161 2.5070253585996238 0.42481463500979427
-0.6899678029628471 2.4695770297443791 0.50180189207256676
-0.73454725868340986 2.4235174476694188 0.5765973765939485
-0.77436955637876925 2.3693848301477649 0.64855535147883547
-0.8094622011299073 2.307630707677284 0.71662898292376442
-0.83949318958503893 2.2385568599024941 0.78065360126922523
-0.86336941237720122 2.163437309062652 0.84026197412313752
-0.8822419050784418 2.0828151423950292 0.89375815789669166
-0.89586656941682086 1.9970322274844099 0.94081663850875008
-0.90289533352792883 1.9070317423068781 0.98192423245718563
-0.90358227941561964 1.8142999394822019 1.016073232617382
-0.89871573636072233 1.719159160779866 1.042445896168144
-0.88796001258987078 1.622444856311166 1.0611197991490029
-0.87117894442171528 1.5254010833762881 1.0720759180706481
-0.84939064326053071 1.42861995509534 1.074470179139752
-0.82231789844569392 1.333060095831111 1.0686445947174961
-0.79105873693975914 1.240635847901908 1.054373427450092
-0.75587639372377191 1.1504855496692179 1.031463312069459
-0.71679082241315684 1.0637213644926959 0.99992724826189305
-0.6756565366234738 0.9835184454673217 0.96087663199425988
-0.63222284445190657 0.90834804030478167 0.91363914171097871
-0.58703450824122339 0.83901460064618127 0.85816509224361048
-0.54065014787971621 0.77646101181166305 0.79524926892044623
-0.49515824648606171 0.72182820713047391 0.72525111162837785
-0.45182412951425283 0.67576526510927604 0.64980640328853712
-0.41138624878819291 0.63748454111952424 0.56770098291454907
-0.3738194619332959 0.6062500385361983 0.47645785482571817
-0.34004928740185869 0.58277615430865659 0.37147583541216239
-0.32122877699731489 0.57318208770381984 0.28326731425899432
-0.30772907065242661 0.56632761464044457 0.19005014997951619
-0.30437870805609141 0.56276325097866953 0.1068185849271369
-0.30741991580382738 0.56310116871684734 -0.0060906046565660484
-0.32158871031325692 0.5650497995294963 -0.1046950477023651
-0.35016541301848769 0.56385334256357122 -0.20527672660656421
-0.3862311525678635 0.5587531024369593 -0.29246265501550622
-0.43395128049511539 0.54718213673291938 -0.38073506274202917
-0.48860976432291081 0.52856430468184812 -0.46232055528235289
-0.54785538444416504 0.5025112097752773 -0.53683217617921686
-0.60994339241674966 0.47005573785739779 -0.60376076957653646
-0.67709846131664364 0.42947082723817431 -0.66600810199207738
-0.7442757366858791 0.38314078830002679 -0.71969788963048775
-0.81270936015273665 0.33051257099161341 -0.76613627177838817
-0.88244868386756437 0.27113606085816372 -0.8052182183234502
-0.94952735158958101 0.2070920637490232 -0.83600196600801235
-1.0152429377979939 0.13875579238771019 -0.85861787507752096
-1.079435132604464 0.065189523414238476 -0.87329559159094972
-1.139795338782003 -0.010877941249174501 -0.87952577064574333
-1.19725261412077 -0.090278655398536772 -0.87728744657654589
-1.2501144752548989 -0.17222881879663279 -0.86720840416520995
-1.298367300341458 -0.25533578384101091 -0.84893287624977343
-1.340887725157663 -0.33718514088404727 -0.82319110153484021
-1.380411264591519 -0.42278841276995122 -0.78842600334348467
-1.4145820455072169 -0.50586143267618311 -0.74611731987791652
-1.4418907577158571 -0.58326279681425386 -0.6984622067054419
-1.4632204953619949 -0.65651380244782898 -0.64563984062513324
-1.484679115671554 -0.73834658283095267 -0.58287669908512785
-1.5045602087361261 -0.81510315668646416 -0.52408224341982124
-1.524277708305773 -0.89194856762040431 -0.46533689524947991
-1.543892327630517 -0.96888869659557386 -0.40667594247881539
-1.563459614990419 -1.0459263299666901 -0.34812870087297892
-1.583033338060605 -1.1230634378217379 -0.28972272704208712
-1.6026649345496069 -1.2003020039535131 -0.2314849079385346
-1.6223986070820311 -1.2776444358012999 -0.1734405873333264
-1.643658859978782 -1.3604750021587111 -0.11159706437432509
-1.6571254905601811 -1.4346041844719359 -0.055465891350082237
