19.8669008636341 1.64542265436419e-15 0
19.7588653626209 0.849579711832092 0.954632533575834
19.4389250884983 1.67528337047953 1.87544673372474
18.9193781790449 2.45468981331254 2.72982229834131
18.2200632344978 3.16820550335271 3.48749254710637
17.3674070447254 3.80027740990515 4.12161663372651
16.3931598676907 4.34037701066152 4.60973039629532
15.3328824287227 4.78369882134055 4.93454216142828
14.224261267856 5.13153238020533 5.08454531041307
13.1053375420168 5.39128439765888 5.05442590691391
12.0127384546462 5.57614687455045 4.84525094581558
10.9799999334172 5.70442637483327 4.46443055439762
10.0360640449676 5.79856827012343 3.9254554848812
9.20402520179048 5.88392665535153 3.247419197806
8.50018598330307 5.98734485760397 2.45434146667164
7.93346706171831 6.13562225600325 1.5743174654866
7.50519715593524 6.35394991168127 0.63852248322234
7.20928911123551 6.66439989858372 -0.319892476340743
7.03278816116671 7.08455108563028 -1.26697508544942
6.9567592218028 7.62632754672677 -2.16917447051497
6.95746270254141 8.29511510096673 -2.9945297685366
7.00775369753752 9.08920726301629 -3.7138023566071
7.07862830685122 9.999614854449 -4.30151164470602
7.14083379890342 11.0102545823924 -4.73683773830433
7.16645672189018 12.0985120274272 -5.00435899350771
7.1304050224346 13.2361547444084 -5.09459833647982
7.01170661497502 14.3905526097069 -5.00435899350771
6.79455731091315 15.5261461290191 -4.73683773830434
6.4690649928633 16.6060900228599 -4.30151164470603
6.03165365216658 17.5939897463236 -3.71380235660711
5.48510949829465 18.4556431946228 -2.99452976853662
4.83827080123032 19.1606989924419 -2.16917447051499
4.10538240287316 19.684146520733 -1.26697508544945
3.30515390277828 20.0075610146942 -0.319892476340765
2.45957642474719 20.1200392542375 0.638522483222313
1.59256575846169 20.0187769353753 1.57431746548657
0.728508860650302 19.7092569517399 2.45434146667161
-0.109204292788448 19.2050375882514 3.24741919780598
-0.89958095116166 18.5271500057386 3.92545548488118
-1.62527928710198 17.7031343156674 4.4644305543976
-2.27364507288238 16.765761970895 4.84525094581557
-2.8374728433454 15.751508172143 5.0544259069139
-3.31544821026979 14.6988506794096 5.08454531041307
-3.7122455081126 13.6464801633689 4.93454216142829
-4.03827388504996 12.6315115808478 4.60973039629534
-4.30908429010542 11.6877857878402 4.12161663372653
-4.54446850878124 10.8443457320533 3.4874925471064
-4.76729846095296 10.1241623542512 2.72982229834135
-5.00216847735611 9.54317226012626 1.87544673372478
-5.27391443173459 9.10967298979698 0.954632533575883
-5.60609081876491 8.82410316293894 5.61706108419262e-14
-6.01948973689346 8.67921488666235 -0.954632533575782
-6.53078409470987 8.66062562195957 -1.87544673372469
-7.15137128377069 8.7477172682296 -2.72982229834125
-7.88648336041649 8.9148325578259 -3.48749254710633
-8.73461598463523 9.13270387269614 -4.12161663372647
-9.68731169811414 9.37003807881275 -4.60973039629529
-10.7293144630891 9.59517351329094 -4.93454216142827
-11.8390927130956 9.77772223122642 -5.08454531041306
-12.9897085267489 9.89011216745337 -5.05442590691392
-14.1499919675845 9.9089498942493 -4.8452509458156
-15.2859631238526 9.816134825205 -4.46443055439765
-16.3624308125414 9.59966947583224 -3.92545548488125
-17.3446870090941 9.2541270023792 -3.24741919780606
-18.2002103636745 8.7807558121611 -2.45434146667171
-18.9002909813875 8.187220580159 -1.57431746548667
-19.421492055111 7.48699847723481 -0.638522483222429
-19.7468717813092 6.69846778062025 0.319892476340658
-19.8669008636341 5.84374232372518 1.26697508544934
-19.7800262057644 4.94731858846344 2.16917447051489
-19.4928493222998 4.03461194574535 2.99452976853653
-19.0199076237502 3.1304641000528 3.71380235660704
-18.3830670371874 2.25770490537416 4.30151164470597
-17.6105543494843 1.4358483422859 4.7368377383043
-16.7356761654179 0.679994768898079 5.00435899350769
-15.7952874917247 6.4603401945543e-14 5.09459833647982
-14.8280858481164 -0.600043046068649 5.00435899350772
-13.8728157933653 -1.12198166636033 4.73683773830436
-12.9664733688664 -1.57342999395993 4.30151164470606
-12.1425999622306 -1.96725457752733 3.71380235660715
-11.4297504794515 -2.32074737930388 2.99452976853666
-10.8502117273756 -2.65453192423316 2.16917447051503
-10.4190340185755 -2.99126314769333 1.26697508544947
-10.1434228921974 -3.35419304776829 0.319892476340799
-10.0225193392852 -3.76568192511366 -0.638522483222298
-10.0475769960108 -4.24573837103717 -1.57431746548655
-10.2025244629824 -4.81067005313454 -2.45434146667161
-10.4648812818617 -5.47192179765064 -3.24741919780598
-10.8069781734168 -6.23516776539154 -3.9254554848812
-11.1974168447599 -7.09971117197777 -4.46443055439761
-11.6026927993447 -8.05822871697031 -4.84525094581558
-11.9888967418353 -9.09687852123067 -5.05442590691391
-12.3234067589559 -10.1957709014313 -5.08454531041307
-12.5764846411236 -11.3297817693473 -4.93454216142828
-12.7226954105079 -12.4696698718926 -4.60973039629531
-12.7420790241964 -13.5834424771482 -4.12161663372649
-12.6210167909897 -14.6379003514613 -3.48749254710636
-12.3527515496896 -15.6002827037053 -2.72982229834127
-11.9375392250497 -16.4399267471662 -1.8754467337247
-11.3824290177246 -17.1298549815738 -0.954632533575779
-10.7006891552447 -17.6482063258779 5.05556210982027e-14
-9.91091379175164 -17.9794346934059 0.954632533575878
-9.03586331030389 -18.1152101176457 1.87544673372481
-8.1011040762105 -18.0549725170178 2.72982229834137
-7.13352389036341 -17.806105854814 3.48749254710643
-6.15980546738433 -17.3837198870532 4.12161663372655
-5.20494190403807 -16.810046882554 4.60973039629536
-4.29087523445432 -16.1134805906877 4.93454216142831
-3.43533195575535 -15.3273032816366 5.08454531041307
-2.65091824703671 -14.4881629188895 5.05442590691389
-1.94452310215683 -13.6343755915207 4.84525094581554
-1.31706053551262 -12.8041375468109 4.46443055439755
-0.763563318406161 -12.0337360355149 3.92545548488112
-0.273621366784031 -11.3558484530021 3.24741919780591
0.167861032824008 -10.7980149107384 2.4543414666715
0.579632487437233 -10.3813606270404 1.57431746548646
0.982844736494633 -10.1196318367949 0.63852248322218
1.39965633410657 -10.018592946352 -0.3198924763409
1.85176841055349 -10.0758142333237 -1.26697508544957
2.35897505871745 -10.28085947096 -2.16917447051514
2.93781033005484 -10.6158624802707 -2.99452976853674
3.60036881783782 -11.0564618405437 -3.71380235660723
4.35336761515992 -11.5730448484091 -4.30151164470612
5.19750454760664 -12.1322362487529 -4.73683773830441
6.127151679371 -12.6985550734961 -5.00435899350775
7.13040502243482 -13.2361547444085 -5.09459833647982
8.18949210358766 -13.710557840809 -5.00435899350767
9.281519591716 -14.0902977867334 -4.73683773830425
10.3795245974689 -14.3483851174859 -4.3015116447059
11.4537765247285 -14.4635256462709 -3.71380235660694
12.47326237715 -14.4210312488775 -2.99452976853642
13.407277957679 -14.2133804039785 -2.16917447051474
14.2270410139058 -13.8404041970078 -1.26697508544917
14.9072404316757 -13.3090932340739 -0.319892476340494
15.4274381835087 -12.6330407770026 0.638522483222601
15.7732477760706 -11.8315563552161 1.57431746548686
15.937224056169 -10.9285011395785 2.45434146667189
15.9194138550273 -9.95091058587195 3.24741919780622
15.7275343168477 -8.92748052990609 3.92545548488138
15.3767649640991 -7.88699949046204 4.46443055439776
14.8891595936115 -6.85681207664536 4.84525094581567
14.2927039232388 -5.86139600468923 5.05442590691395
13.6200634765099 -4.92112844818287 5.08454531041304
12.9070825243463 -4.05130665007764 4.93454216142821
12.1911081363086 -3.26147350203475 4.60973039629517
11.5092228278851 -2.5550819151438 4.12161663372631
10.8964744223422 -1.92951317422715 3.48749254710612
10.3841922978682 -1.37644508602132 2.72982229834102
9.99847512521054 -0.882546638166493 1.87544673372441
9.75892672177267 -0.430458103134455 0.954632533575478
9.67770419067451 1.52996889840206e-13 -3.38278345018393e-13
9.75892672177279 0.430458103134778 -0.954632533576178
9.99847512521076 0.882546638166829 -1.87544673372504
10.3841922978685 1.37644508602169 -2.72982229834158
10.8964744223426 1.92951317422755 -3.48749254710659
11.5092228278856 2.55508191514424 -4.12161663372669
12.191108136309 3.26147350203524 -4.60973039629544
12.9070825243467 4.05130665007814 -4.93454216142835
13.6200634765103 4.92112844818342 -5.08454531041308
14.2927039232392 5.8613960046898 -5.05442590691388
14.8891595936118 6.85681207664596 -4.8452509458155
15.3767649640994 7.8869994904626 -4.46443055439751
15.7275343168479 8.92748052990665 -3.92545548488105
15.9194138550273 9.95091058587248 -3.24741919780584
15.9372240561689 10.928501139579 -2.45434146667144
15.7732477760704 11.8315563552165 -1.57431746548641
15.4274381835085 12.6330407770029 -0.638522483222146
14.9072404316754 13.3090932340742 0.319892476340916
14.2270410139055 13.840404197008 1.26697508544958
13.4072779576786 14.2133804039786 2.16917447051512
12.4732623771496 14.4210312488776 2.99452976853673
11.4537765247281 14.4635256462709 3.71380235660719
10.3795245974685 14.3483851174858 4.30151164470608
9.28151959171559 14.0902977867333 4.73683773830438
8.1894921035873 13.7105578408088 5.00435899350773
7.13040502243448 13.2361547444083 5.09459833647982
6.1271516793707 12.6985550734959 5.00435899350769
5.19750454760639 12.1322362487527 4.73683773830431
4.35336761515971 11.5730448484089 4.30151164470598
3.60036881783765 11.0564618405436 3.71380235660706
2.93781033005469 10.6158624802706 2.99452976853655
2.35897505871733 10.2808594709599 2.16917447051493
1.85176841055339 10.0758142333236 1.26697508544937
1.39965633410649 10.018592946352 0.319892476340712
0.98284473649456 10.119631836795 -0.638522483222348
0.579632487437168 10.3813606270404 -1.57431746548658
0.167861032823941 10.7980149107385 -2.45434146667163
-0.273621366784085 11.3558484530022 -3.24741919780598
-0.76356331840621 12.0337360355149 -3.92545548488117
-1.31706053551268 12.804137546811 -4.4644305543976
-1.94452310215688 13.6343755915207 -4.84525094581556
-2.65091824703676 14.4881629188895 -5.0544259069139
-3.43533195575537 15.3273032816366 -5.08454531041307
-4.29087523445433 16.1134805906877 -4.93454216142831
-5.2049419040381 16.810046882554 -4.60973039629535
-6.15980546738431 17.3837198870532 -4.12161663372657
-7.13352389036338 17.806105854814 -3.48749254710644
-8.10110407621045 18.0549725170178 -2.72982229834141
-9.03586331030382 18.1152101176457 -1.87544673372487
-9.91091379175158 17.9794346934059 -0.95463253357596
-10.7006891552446 17.6482063258779 -1.5228384657568e-13
-11.3824290177245 17.1298549815739 0.954632533575661
-11.9375392250497 16.4399267471663 1.87544673372455
-12.3527515496896 15.6002827037054 2.72982229834118
-12.6210167909897 14.6379003514615 3.48749254710624
-12.7420790241964 13.5834424771484 4.12161663372639
-12.7226954105079 12.4696698718928 4.60973039629522
-12.5764846411237 11.3297817693475 4.93454216142823
-12.323406758956 10.1957709014316 5.08454531041305
-11.9888967418354 9.09687852123093 5.05442590691394
-11.6026927993448 8.05822871697058 4.84525094581565
-11.19741684476 7.09971117197805 4.46443055439775
-10.8069781734169 6.23516776539177 3.92545548488137
-10.4648812818618 5.47192179765087 3.24741919780622
-10.2025244629824 4.81067005313475 2.4543414666719
-10.0475769960109 4.24573837103736 1.57431746548687
-10.0225193392852 3.76568192511381 0.638522483222614
-10.1434228921973 3.35419304776843 -0.319892476340444
-10.4190340185754 2.99126314769347 -1.26697508544911
-10.8502117273753 2.6545319242333 -2.16917447051466
-11.4297504794513 2.32074737930404 -2.9945297685363
-12.1425999622303 1.96725457752749 -3.71380235660685
-12.966473368866 1.57342999396012 -4.30151164470583
-13.8728157933649 1.12198166636057 -4.7368377383042
-14.8280858481159 0.600043046068939 -5.00435899350764
-15.7952874917242 2.51605676571164e-13 -5.09459833647982
-16.7356761654174 -0.679994768897709 -5.00435899350778
-17.6105543494839 -1.43584834228548 -4.73683773830449
-18.383067037187 -2.25770490537369 -4.30151164470626
-19.0199076237499 -3.13046410005229 -3.7138023566074
-19.4928493222996 -4.03461194574486 -2.99452976853695
-19.7800262057643 -4.94731858846292 -2.16917447051538
-19.8669008636341 -5.84374232372467 -1.26697508544988
-19.7468717813093 -6.69846778061976 -0.319892476341238
-19.4214920551113 -7.48699847723438 0.638522483221897
-18.9002909813878 -8.18722058015861 1.57431746548615
-18.200210363675 -8.78075581216078 2.45434146667121
-17.3446870090947 -9.25412700237894 3.2474191978056
-16.362430812542 -9.59966947583207 3.92545548488088
-15.2859631238532 -9.81613482520491 4.46443055439736
-14.1499919675853 -9.90894989424928 4.84525094581541
-12.9897085267496 -9.89011216745341 5.05442590691384
-11.8390927130963 -9.7777222312265 5.0845453104131
-10.7293144630898 -9.59517351329107 4.93454216142842
-9.68731169811481 -9.37003807881291 4.60973039629556
-8.73461598463584 -9.1327038726963 4.12161663372686
-7.88648336041705 -8.91483255782604 3.48749254710682
-7.15137128377116 -8.7477172682297 2.72982229834182
-6.53078409471025 -8.66062562195958 1.87544673372529
-6.01948973689379 -8.67921488666229 0.954632533576442
-5.60609081876518 -8.82410316293878 6.42846038169753e-13
-5.27391443173481 -9.10967298979671 -0.954632533575179
-5.00216847735629 -9.54317226012589 -1.87544673372413
-4.76729846095312 -10.1241623542507 -2.72982229834074
-4.54446850878141 -10.8443457320527 -3.48749254710586
-4.30908429010562 -11.6877857878395 -4.1216166337261
-4.03827388505018 -12.6315115808471 -4.60973039629503
-3.71224550811288 -13.6464801633681 -4.93454216142811
-3.31544821027014 -14.6988506794088 -5.08454531041302
-2.83747284334582 -15.7515081721421 -5.054425906914
-2.27364507288288 -16.7657619708942 -4.84525094581582
-1.62527928710253 -17.7031343156667 -4.46443055439796
-0.899580951162282 -18.527150005738 -3.92545548488168
-0.109204292789133 -19.2050375882509 -3.24741919780659
0.728508860649571 -19.7092569517395 -2.45434146667233
1.59256575846097 -20.0187769353751 -1.57431746548734
2.45957642474646 -20.1200392542375 -0.638522483223137
3.30515390277756 -20.0075610146944 0.319892476339955
4.10538240287248 -19.6841465207334 1.26697508544863
4.83827080122972 -19.1606989924424 2.16917447051425
5.48510949829412 -18.4556431946235 2.99452976853593
6.03165365216614 -17.5939897463245 3.71380235660652
6.46906499286295 -16.6060900228609 4.30151164470555
6.7945573109129 -15.5261461290202 4.73683773830401
7.01170661497486 -14.3905526097079 5.00435899350755
7.13040502243453 -13.2361547444094 5.09459833647982
7.16645672189018 -12.0985120274283 5.00435899350788
7.14083379890346 -11.0102545823934 4.73683773830467
7.07862830685129 -9.9996148544499 4.3015116447065
7.00775369753759 -9.08920726301711 3.71380235660773
6.95746270254145 -8.29511510096745 2.99452976853737
6.95675922180277 -7.62632754672736 2.16917447051582
7.03278816116658 -7.08455108563076 1.26697508545035
7.20928911123528 -6.66439989858408 0.319892476341691
7.50519715593488 -6.35394991168153 -0.638522483221375
7.9334670617178 -6.13562225600343 -1.57431746548565
8.5001859833024 -5.98734485760409 -2.45434146667074
9.2040252017897 -5.88392665535162 -3.24741919780525
10.0360640449667 -5.79856827012352 -3.92545548488057
10.9799999334161 -5.70442637483338 -4.46443055439713
12.0127384546451 -5.57614687455061 -4.84525094581526
13.1053375420155 -5.39128439765912 -5.05442590691377
14.2242612678548 -5.13153238020565 -5.08454531041313
15.3328824287215 -4.78369882134099 -4.93454216142854
16.3931598676895 -4.34037701066207 -4.60973039629577
17.3674070447244 -3.80027740990582 -4.12161663372715
18.220063234497 -3.16820550335346 -3.48749254710715
18.9193781790442 -2.45468981331339 -2.72982229834223
19.4389250884978 -1.67528337048046 -1.87544673372578
19.7588653626207 -0.849579711833081 -0.954632533576959
