2.600300109791176 -0.00012464023614317061 -0.0001052485318784593
2.5915555018461389 0.10445612841242105 0.083463879629650795
2.5644102891276441 0.20653264584656675 0.16618397470333629
2.520257215832324 0.30628357115620519 0.24426613008153264
2.4588142028104256 0.40181725054704087 0.31558399073247856
2.3822003431854495 0.49144051260038035 0.37959242397606174
2.2918654050373388 0.57511735797139141 0.43275357116849406
2.1886515049849966 0.6504193606514066 0.47362851117012728
2.0760851640928979 0.7182379510419441 0.50062017302373762
1.956219304308185 0.77740791564992451 0.51167569296551019
1.8321869122759322 0.82806990858735841 0.50487094032659274
1.7076789504157874 0.87141646123272987 0.4800126233841655
1.5864112355495079 0.90726290416507649 0.4352701237103766
1.4725006509970993 0.93829542140693578 0.37155387747742791
1.3714454785859802 0.96715911167366364 0.28816424006869018
1.2870012163091076 0.99847551837689474 0.18882194377483932
1.2224939584068137 1.0374126815515108 0.077905201668723209
1.1754839735464633 1.0877464152043335 -0.037228063263752442
1.1439615709008435 1.152697393721698 -0.15028487010767352
1.1245136848404347 1.2346988743162146 -0.25448148231603207
1.1121072210795473 1.3339575497648146 -0.3438270276849052
1.1014022578017146 1.4475233637291798 -0.4144478587041362
1.0881713116350606 1.5703554794448813 -0.4664562181322871
1.0695167578906088 1.6993890198990165 -0.49810183673078756
1.0445079585169244 1.8305186746802589 -0.51096409207716087
1.0099151707000653 1.9600073761449617 -0.50543211024835133
0.96602587865688416 2.0849945707553483 -0.48419480012232374
0.91273385208992319 2.2026907773029496 -0.44816594310546648
0.84938574939170908 2.3100611712817001 -0.39863420174967706
0.77790117964918015 2.4059773227142194 -0.3378959082511358
0.69649380333886257 2.4877190379881253 -0.26946178650240127
0.60836134315332335 2.5542335364918225 -0.19325428644852538
0.51440321768172081 2.6046567469271964 -0.11192464635931551
0.41425200717699695 2.6375063553058418 -0.028920246609521749
0.31112120669536458 2.6532075231565999 0.055306556134095172
0.20569494647899983 2.6504844330265742 0.13823411820455844
0.099825016507367054 2.6302770891473135 0.21803908156644225
-0.0055170456792205122 2.5921790273184864 0.29182032827267318
-0.10882517409149831 2.537906178156526 0.35800930440775824
-0.20772171660619251 2.4676055314356793 0.41516584359513092
-0.30225949519325229 2.3838291257479267 0.46036777257919459
-0.39106040870039438 2.2885424850752698 0.4923827219372629
-0.47233593547010089 2.1830295763287255 0.5082305655426439
-0.54680497158942132 2.0714353048233467 0.50781422354552097
-0.61355298198594876 1.9565734714445631 0.4893920610209046
-0.67233852601601651 1.8420615010127626 0.45157195320864918
-0.72481603791801441 1.7330334955670528 0.39381633445864966
-0.77230062044076431 1.6338583779800184 0.31694889929750003
-0.8178161790670585 1.5501444537623905 0.22260299224876895
-0.86524295174022636 1.4864699683133582 0.11453644803315752
-0.91964686378540716 1.44266765500183 -9.0181222271862316e-06
-0.98476528684748699 1.4174363140542019 -0.11455986500845466
-1.0636216770457185 1.4082112890430452 -0.22262588422822854
-1.1588546665206574 1.4106390660492938 -0.31700068186866348
-1.2684921312908206 1.4191071189871514 -0.39385776034701853
-1.3891530652153539 1.4281533415087262 -0.45161841549384651
-1.5177165813295415 1.4345004874829945 -0.48943677315720302
-1.650558611469277 1.4340936169532605 -0.50789318877134249
-1.7844389187156515 1.4254345490138076 -0.50831269807008128
-1.916457183580899 1.4078231700491 -0.49248687600565666
-2.0433987035612611 1.3786002128762309 -0.4605163113807651
-2.1632201157707032 1.3386489748948773 -0.41528557101641
-2.2735763132722435 1.288211203788612 -0.35813158256516747
-2.3722336755731486 1.2259036155659213 -0.29192296207119744
-2.457912784312331 1.15373316939349 -0.21815058073682517
-2.5283769265996709 1.0721650838512167 -0.13835770842711356
-2.5834483173622873 0.98222689111509032 -0.055427885559546544
-2.6214519973283217 0.88508716974108248 0.028808539766461368
-2.6430775106621325 0.78193698071682161 0.11182340464814
-2.6464095239916507 0.67534825129099807 0.19314228174733655
-2.6328596959583166 0.56577777038883825 0.26936435197080888
-2.6028334498136427 0.45440119773990312 0.33782134664440483
-2.5554985958378249 0.34456326650417818 0.39860072287483039
-2.4942189084592368 0.23599648198097276 0.44812436590250759
-2.4189614263671237 0.13099239431547241 0.48419595937126547
-2.3326620268563114 0.030498289299916784 0.5054666108707172
-2.2378299551217693 -0.064215477359047174 0.51099045978403967
-2.136797770310308 -0.1514757806360055 0.49818344137043596
-2.0343854124176568 -0.23216121008384272 0.46655019083083654
-1.9345786002520799 -0.30500879308957873 0.4146131423694292
-1.8415236351305531 -0.37102132294002477 0.34402836013564436
-1.7617119731857693 -0.43135003349525142 0.25470985802907559
-1.7003145457223507 -0.48924834656163524 0.15059575781245008
-1.6599048281758793 -0.54906680576866895 0.037527152305471795
-1.6397983094462933 -0.61493234771516403 -0.077609941642075214
-1.638266947360556 -0.69024214306401321 -0.18854318031626058
-1.6533548431914806 -0.7790178686074285 -0.28789894792423604
-1.6788904377572234 -0.88095159292705549 -0.37130483123302743
-1.7089365257579003 -0.99509178592560765 -0.43508004851738918
-1.7385192020296767 -1.1180064632621027 -0.47990776961803833
-1.7632321981319226 -1.2474927291701863 -0.50482417914261657
-1.7813761759269946 -1.3802340641453443 -0.51170018914215076
-1.7901212525811383 -1.5136232066294708 -0.50065842257813009
-1.7876852528416345 -1.6450209129262217 -0.47368063913994901
-1.7741149803048133 -1.772072743425344 -0.432845803181447
-1.7468618059399732 -1.8921511660661741 -0.37967669853901809
-1.7075672473160717 -2.0033266128702159 -0.3156841223720171
-1.6555836190416791 -2.1043250306149175 -0.24437369094962694
-1.5913024668337969 -2.192471852331773 -0.16630330067373564
-1.5164831999380251 -2.2670461313798396 -0.083599937261745014
-1.4302956722932207 -2.3269375383713551 -4.2109064463918822e-05
-1.3353449425152981 -2.3716542639842118 0.083514023248693822
-1.2333438576875064 -2.3991814782319287 0.16620092235447353
-1.124876652604665 -2.4108086668612367 0.24427974564297783
-1.011436778028272 -2.405346821826444 0.31562129424163848
-0.89550122417943523 -2.3838131772187499 0.37960833681815465
-0.77787209368782917 -2.3474255136824671 0.43278316382370119
-0.66105087404644991 -2.2956734563215315 0.47362943239437211
-0.54604372760765196 -2.232082433183701 0.50062258260518866
-0.434865551058849 -2.1578647075724273 0.51167424129134986
-0.328973906235072 -2.0757879227078444 0.50483263407927947
-0.22918540636083967 -1.9896323390759152 0.4799617109780468
-0.13751433436164875 -1.9025492213653206 0.43518272267740427
-0.053675749528795037 -1.8194564516951992 0.37142704345360128
0.021847713070797768 -1.7463857417036508 0.28802458514262641
0.091185522268396116 -1.6889256248316633 0.18867470027928368
0.15716720685228971 -1.652564906773756 0.07775140069716005
0.22427097827687398 -1.6370771900376304 -0.037384634517337936
0.29628102644711507 -1.6421341938633796 -0.15044764241529746
0.37709630359225249 -1.6662979317492561 -0.25459767203113254
0.46926664325171297 -1.7052036957047378 -0.34392572220197382
0.57298141090487165 -1.7527742119377232 -0.41449048019060453
0.68595383080405326 -1.8027799420437771 -0.46647442350038776
0.80703701435431274 -1.8511236192024811 -0.49811053663276567
0.93311069844729944 -1.8950259762914936 -0.51093721899125222
1.0625471951299075 -1.9298157029029737 -0.50541383477269053
1.1927313130807282 -1.9542935787466824 -0.48415304594533848
1.321291602964219 -1.9669873451152229 -0.44807338198927793
1.4459548977988641 -1.9657912397174169 -0.39855023568444559
1.5647438200726209 -1.9518571682346131 -0.33777091592050873
1.6762326716541118 -1.9221939739079608 -0.26933805586801668
1.777890147281683 -1.8791222273318207 -0.19311683566048499
1.8685364366204102 -1.8229498322637567 -0.11179631013500846
1.9470258538577476 -1.7526456277138283 -0.028755222001726616
2.0121767463371523 -1.6711380942449363 0.055439567482661357
2.0625491651173613 -1.5784498530364728 0.13832865893580368
2.0979652139633145 -1.4766520041976281 0.21813314560750924
2.1176335328257068 -1.3663663452617174 0.29190428680826375
2.1223013778684581 -1.2497442091758713 0.35806001756113714
2.1108426840773848 -1.1289498916242453 0.41521875779101231
2.0855540922499816 -1.0051933348693984 0.46042820257400857
2.0474183129068848 -0.88065309552139637 0.49244581381255931
1.9966514087981877 -0.7575194075487135 0.50827687278223532
1.9372350475441462 -0.63723389629993255 0.5078480220353716
1.871145422576767 -0.52199333138896209 0.48941439845667223
1.8013544542709536 -0.41383934762788865 0.45158545909061404
1.7331613691518772 -0.31386787204878847 0.39384599912657914
1.6710092968101458 -0.22317246403568919 0.31696586526236098
1.6212901076089503 -0.14191024468231656 0.2225923980241345
1.5898433050811287 -0.068996763382374052 0.11453469146491517
1.5791176554443089 1.0567011456075193e-05 -1.6785635122237852e-05
1.5898448565845154 0.069026733366841161 -0.11456190680630338
1.6213060300641664 0.14193829885800938 -0.22261570404011174
1.6710356851360986 0.22319931196489837 -0.31698540663559888
1.7331876662173207 0.31391738872549402 -0.39383886401101226
1.8013723360234197 0.4138813124040408 -0.45159818595468404
1.8711443841793212 0.52205280551441768 -0.48941195974702911
1.9372071254882945 0.63730710154468584 -0.50785361487014791
1.9966233282887753 0.75759270407055102 -0.50827880162579808
2.0473722152274569 0.88073340418405643 -0.49245851534776669
2.0855241158169915 1.0052796468486851 -0.46047411094680568
2.1108176769008442 1.1290289741826334 -0.41524765999044377
2.1223004157905452 1.2498033125025765 -0.35805647240946264
2.1176808124162476 1.3663980785874239 -0.29184913217970188
2.0980129600779049 1.4766935995027235 -0.21809445558190457
2.0625963389443953 1.5784557417106171 -0.13824890825098249
2.0122390331089917 1.6711290830112413 -0.055333977899482759
1.9470652737801879 1.7526037489367499 0.028872123175769988
1.8685505938892972 1.8228934345821242 0.11190161942572227
1.7778930116675018 1.8790836820044692 0.1931975123067344
1.6762226121885344 1.9221542320537144 0.26940216900340941
1.5647425935117674 1.9517896955920588 0.33785485919688257
1.4459472594499727 1.9657257367212531 0.39862119425839049
1.3212904192148796 1.9669321583112325 0.44815513133175255
1.1927273315066957 1.9542203562915015 0.48421005191343341
1.0625445362818993 1.9297276046377083 0.50546180614452685
0.93310469107702421 1.8949607628760035 0.51100323323744556
0.80702721001062938 1.8510722591467166 0.49818657018995471
0.68594814490184386 1.8027220267982773 0.46654471281320103
0.57296806705980874 1.7527098278835214 0.41458543818819882
0.46926036061429122 1.7051358355602504 0.34401264603533616
0.37711338453640109 1.6662384723807993 0.25465422451796782
0.29630202155609581 1.6420548996824869 0.15050437117892732
0.2243026744641019 1.6369869132968691 0.037437529922365008
0.1572115460413846 1.652449983972879 -0.077709185385760979
0.091240933073510722 1.6887790872281321 -0.18865070183273386
0.021911371612756636 1.7462405516177322 -0.28800646177243761
-0.053610906586233541 1.8192965620514616 -0.37142286872667918
-0.13744467479691552 1.9023888819186812 -0.43518513772899403
-0.22907371218727637 1.9895020790796505 -0.4799923645117376
-0.32885179640016621 2.0756626443271333 -0.50488780628438212
-0.43473983246668363 2.1577437162064035 -0.51173656995262384
-0.54589677850102281 2.2319976098050978 -0.50073383622704248
-0.66090420451016885 2.2955974583180598 -0.47376267856009252
-0.77772908178461253 2.3473582856079025 -0.43293949792566294
-0.89533668050211945 2.3838017135545844 -0.37975221718622354
-1.0112651522344875 2.4053550331830609 -0.31575896778595675
-1.1247302468546416 2.4108284266647169 -0.244458191450412
-1.2332094237985738 2.3992415438655246 -0.16638749825660326
-1.3351952088230978 2.3717353377450849 -0.083674739919047739
-1.4301559721931369 2.3270356785580955 -0.00011781675759704735
-1.5163638295127675 2.2671779907124598 0.08344266644617522
-1.5911888083017174 2.1926296489430452 0.16616424405853847
-1.6554814795703412 2.1045054287130514 0.24424934472071289
-1.7074990076099414 2.00352149619459 0.31555642515914251
-1.7467948601707546 1.8923672797016673 0.37958507688146664
-1.7740968537676705 1.7723029930092136 0.43276499003039365
-1.7876897504983669 1.6452558100359358 0.47360620604894282
-1.7901285430583125 1.5138599868436611 0.50059290744962304
-1.7814422546998212 1.3804698909243298 0.51164532961345233
-1.7633181321197555 1.2477236111168859 0.50482354289741871
-1.7386003183491441 1.1182279077463368 0.47994414167908894
-1.7090004214718022 0.99529755194226099 0.43517632662289968
-1.6789638406467822 0.8811397962994173 0.37142664936989156
-1.653432605248871 0.77918931456692375 0.28803991536750156
-1.6383246444227373 0.69039145768468269 0.18870832484005159
-1.6398121135738404 0.61505229159341501 0.077794919772311857
-1.6598974407408384 0.54916729664748665 -0.037334742728648687
-1.700390177183281 0.48940472504193078 -0.15039816640071069
-1.7616900540780371 0.43157488436913632 -0.25459993993887775
-1.8414647563240434 0.37116684700408042 -0.34390128498404987
-1.9344947559198606 0.30514013373416154 -0.41450570711176538
-2.0342732557006307 0.23226104291084135 -0.46646294016286194
-2.136689200349807 0.15157857932902119 -0.49809214290337683
-2.2377225281093609 0.06432642603081265 -0.51093949428740393
-2.332572761582453 -0.03037218058103874 -0.50542921815830621
-2.4188664560443733 -0.13087281230405479 -0.48416625897093413
-2.4941205638043202 -0.23589159840437121 -0.4481314296610352
-2.5554313014726966 -0.34444173912903037 -0.39860478589413206
-2.6027644450432801 -0.45428770894358006 -0.33783860657337761
-2.6328345522135432 -0.56566824063866616 -0.26940622335957443
-2.6463828181825013 -0.675237071635862 -0.19318150376575249
-2.643056133521696 -0.78180880871976133 -0.11184001994916441
-2.6214276974587301 -0.884971571305603 -0.028841542353837651
-2.583438668828137 -0.98209540651911653 0.055418223143058207
-2.5283652854021583 -1.072041630606128 0.13833801164085674
-2.4578799042677741 -1.1535663364393351 0.21815586819441116
-2.3721871527238605 -1.2257449868684618 0.29190355368505838
-2.2735195188541066 -1.2880812920415499 0.35806982302169421
-2.1631925932725764 -1.3385446625665491 0.41525794954116646
-2.0433754946849048 -1.3785481762262322 0.46045389952483534
-1.9164561912565443 -1.4077990527817452 0.49247969018162874
-1.7844387846718324 -1.4254165150695515 0.50830966186582227
-1.6505605488690123 -1.4341079639879377 0.50789879930974524
-1.5177134815296254 -1.4345054283504666 0.4894666013788026
-1.3891522580700981 -1.4281587885124467 0.45164036578271888
-1.2684876346220131 -1.4190985440509416 0.39388716897220549
-1.1588636967754189 -1.4106249751743269 0.31701140559054009
-1.0636164934650212 -1.4081873412960697 0.22265496586907316
-0.98476029803732346 -1.4174106016501833 0.11458769344574463
-0.9196425503813922 -1.4426333205148874 3.4296930835926355e-05
-0.86524807912981772 -1.4864271398318718 -0.11451890032226324
-0.81783194175275897 -1.5500854074387791 -0.22259966438709686
-0.77232913696026917 -1.6337792119932819 -0.31697389597861086
-0.72485375983351985 -1.7329538612122308 -0.39384762122324668
-0.67238234143410613 -1.8419842503584285 -0.45161464188021955
-0.613607414802113 -1.9564988201153199 -0.48944337998780607
-0.54685993618563755 -2.0713559365006695 -0.50790997329683585
-0.47240780080939798 -2.1829615276483949 -0.50831454282271371
-0.39113666606401254 -2.2884795326213596 -0.49248427279563117
-0.30234577694639514 -2.383784666572637 -0.46049838262632459
-0.20781133740661634 -2.4675646881917905 -0.41529617214488274
-0.10894298761068705 -2.537893753147999 -0.35812638125559237
-0.005622425900473238 -2.5921729878165491 -0.29196205305904332
0.099713104134654285 -2.6302966372212815 -0.21818767689138413
0.20556906799159838 -2.6505655768888037 -0.13838085451382731
0.31099906832472979 -2.6533002670158963 -0.0554584292376743
0.41411922047739186 -2.6376676299352804 0.028790855500134958
0.51427486190504768 -2.6048334962909494 0.11179603167642789
0.6082384080758515 -2.5544412844936311 0.19313750330991264
0.69635730183769551 -2.4879339449753282 0.26936693638140136
0.77778399832863476 -2.4062372038151656 0.33783415968184477
0.84926687297420622 -2.3103280433935089 0.39858548636392588
0.91261368725386149 -2.2029725552720243 0.44814930903596734
0.96591612765764523 -2.0852879874308017 0.48420933783048253
1.009822760416226 -1.9603097504522666 0.5054635137862008
1.0444229991838112 -1.8308242873493628 0.51100470140858067
1.0694587564459712 -1.699692581572589 0.49820019134410443
1.0881127034604987 -1.570650884712715 0.46658749063192095
1.1013398364657039 -1.4477851559133184 0.41466033905941446
1.1120091365623348 -1.3341930856083415 0.34407634857083624
1.1244214760104836 -1.2348915925135071 0.25478373205924404
1.1439086847568471 -1.152884341983724 0.15060051591523654
1.1754617468085724 -1.0879456079415657 0.037545295166553173
1.2224014801890384 -1.0375665275809869 -0.077596798813917817
1.2868522666771922 -0.99858718738759567 -0.18853311518075436
1.3712622336302176 -0.96726432261916795 -0.28790384110267653
1.4722916526321619 -0.93840020811417912 -0.3713245310062544
1.5861528296695444 -0.9073290666148458 -0.43510567520017568
1.7073900749590039 -0.87149411915334041 -0.47993212620435588
1.8318994068316081 -0.82817718366437709 -0.50483516799641803
1.955918888010729 -0.77749956992204883 -0.51170189797758814
2.0757976955487711 -0.71834642377278912 -0.5007142523639867
2.1883842602748453 -0.65055641272217501 -0.47373515010031503
2.2916343508250483 -0.57527678211120836 -0.43291704521178681
2.3820065254545111 -0.49164324752915045 -0.37974823997667312
2.4586425112293839 -0.40201395813553403 -0.31577474326808813
2.5201433680749168 -0.30651786375628404 -0.24445720501743204
2.5643376324305698 -0.20677822039971186 -0.16638215888288599
2.5915126841096749 -0.10470299005058573 -0.083670273222920505
