2.600300109791176 -0.00012464023614317061 -0.0001052485318784593
2.591687419753276 0.1039600659690207 0.083061883817959481
2.564194964621076 0.20734234942032889 0.16684013694600211
2.5198774287611929 0.30713879469070809 0.24493538128290279
2.4606868814419212 0.39962658206285578 0.31401942753519918
2.380250446838724 0.49372151073981441 0.38122150010866013
2.2923961733880081 0.57472906566430648 0.43254207430290098
2.190245911717271 0.64945876784688727 0.47324619717614291
2.0742692501855018 0.71933199674418669 0.50105560100118862
1.9567532603819811 0.77718963699745025 0.51170455477703758
1.832876864009243 0.82782970684697244 0.5050086908656376
1.7073897776861231 0.87151713464158453 0.47995488934645653
1.587785135492729 0.9068886343571082 0.43603821553468353
1.472626345507585 0.93825952015287495 0.37165759923064051
1.368050206703622 0.96812887970874284 0.28536249836246569
1.285545469882819 0.99902058390548432 0.18708794848817659
1.223494134239415 1.036341790248021 0.080354755938013236
1.1749802451429701 1.0882857587367789 -0.038461756401618231
1.1426111196499289 1.1555016648636509 -0.15515328139458831
1.124917501590039 1.2314847761438299 -0.25156952105122238
1.1123004428552861 1.3319077166483519 -0.34255234023203529
1.1007596377744271 1.454340731017103 -0.41868723432634181
1.088319569701701 1.569329978459892 -0.46620471288079091
1.069173116198898 1.701765989336963 -0.49868479111604902
1.0449879412239731 1.828715014330506 -0.5110383258725214
1.010467636130155 1.958434074298165 -0.50569943922830352
0.96517867629363119 2.087407219529589 -0.48378485276408872
0.91298876355233727 2.2022573615454082 -0.44836499691729892
0.85032818493238838 2.3087966355873428 -0.39943496094399561
0.77719107419670364 2.406930123890167 -0.33729255296001809
0.69738963949935995 2.4870429409765191 -0.27023640954260281
0.60639963032205813 2.5557140618840011 -0.1915580075703503
0.51636114899734975 2.604014545234111 -0.11354736177918991
0.41066136700759809 2.6386840856877209 -0.025944357147213212
0.31462874831847171 2.6532981206221171 0.052547548320785668
0.20263122180458989 2.6504052990574389 0.1406440226968787
0.10112414641277789 2.6307424162823438 0.21712752767809179
-0.0033260805623879148 2.593330049228693 0.29041658841154527
-0.1100863724304274 2.5372436085382009 0.35881734756989792
-0.20630702833954431 2.46885918367841 0.41448943000133431
-0.30436013615359597 2.3819676038047599 0.46137216494941541
-0.3907917722295548 2.2888899236168281 0.49232903035339348
-0.47040630558566982 2.1859211894400201 0.50824135373061652
-0.54866124416922035 2.0686536200177832 0.50780384548406954
-0.61340003584274072 1.9568714046272471 0.48949046003585012
-0.67266550178688556 1.8414245648335801 0.45136159096551098
-0.72294562401080464 1.736939995515643 0.39684413658090861
-0.77383027286601402 1.6306635839841199 0.31447271750605971
-0.81856042660407902 1.548782059088136 0.22104854395715071
-0.86436646897738134 1.48717565235605 0.116381850741769
-0.9196665034204653 1.4426518425093859 -5.0368662441814507e-05
-0.98582234446576622 1.4170268706660261 -0.116419241314827
-1.0620113547294721 1.408173259470767 -0.22101313542077131
-1.155521200692365 1.4103815996334139 -0.31466388536112788
-1.272780403878492 1.4194383316739869 -0.39686388697990038
-1.3885288855579849 1.4281225259280761 -0.45143480625351112
-1.518155725897989 1.434522167931414 -0.48956595231204753
-1.647298169258695 1.4343044947977679 -0.50788297228877333
-1.7880569982376 1.4252005400170009 -0.50832403519675995
-1.9168979512197459 1.407763517624848 -0.49243251076277139
-2.0408060960204191 1.379464648363566 -0.46149498085547908
-2.1651808274638 1.3379952281394409 -0.41454543250623449
-2.2723545456354142 1.2889828177162901 -0.3589515066733342
-2.3743985289699032 1.2245363907500371 -0.29047013631518698
-2.4590625384165992 1.152758410126149 -0.2171549458538444
-2.5268166209365659 1.0747132503222709 -0.14070731083353069
-2.5853651838691341 0.97909641797913272 -0.052541352322011757
-2.6206815101703649 0.88876226844312045 0.02585083484063953
-2.6435199543527981 0.77982659611598926 0.1135218338429257
-2.6467026287045941 0.67771843815040977 0.19149347499068689
-2.6327171743948639 0.56462527190634482 0.27016608086295002
-2.6032123624990779 0.455280443834302 0.33733481135946841
-2.554840010461279 0.3430350552765935 0.39944636630707592
-2.4939220779428002 0.23547236885962289 0.44836271715779352
-2.420511659426122 0.13279761294633949 0.48381386555221462
-2.3315176406678151 0.029165672080596498 0.50574867354941799
-2.236427546464832 -0.065613297484559172 0.51106892395305403
-2.1385922647944642 -0.1500619907274898 0.49873772695449359
-2.0331812312008282 -0.2331099225303882 0.46617824190874507
-1.940222756022095 -0.30100486916394942 0.41889439168696729
-1.8395919262923941 -0.37239166343904928 0.34256310519194022
-1.759070889148485 -0.43334944417551402 0.25173055720197102
-1.7018370013898549 -0.48700479391681661 0.15483914038374899
-1.66005412130278 -0.54857774682990101 0.038382057971086007
-1.639346214214501 -0.61641333494392847 -0.080198800105152665
-1.638033316675215 -0.68884069769620471 -0.18695770850466731
-1.65249285333899 -0.77557695260432191 -0.28508346521185562
-1.6789392656587541 -0.88114650555542284 -0.37146431583977091
-1.7093739043422671 -0.9967531785080922 -0.43600760520123383
-1.7385741996262349 -1.118235269957021 -0.47999060986065079
-1.7633847412845181 -1.2482923618054269 -0.50497780843850593
-1.7814645041271679 -1.3808818264459659 -0.51173319239065385
-1.7901594844438931 -1.511560981830359 -0.50108182611841445
-1.787647381698426 -1.647063680530727 -0.47326123043334328
-1.774042729242804 -1.7727401813243699 -0.43263002052354499
-1.747835835813444 -1.88939535940551 -0.38126294057989701
-1.7065817421280169 -2.0061148864492209 -0.31407919237615728
-1.6560983648731891 -2.103617630513269 -0.2449993072820196
-1.5918133482444441 -2.1919626437487598 -0.1668680163241047
-1.516071726278315 -2.2674562577121771 -0.083145104475681048
-1.4302414877412939 -2.3269751125705729 1.0386922014035919e-05
-1.3359457722382271 -2.3714921169978598 0.083026962284945605
-1.232554502944462 -2.3993945028008921 0.1668408106076914
-1.1239625879764481 -2.4109055603597169 0.2449371156697677
-1.014328100190895 -2.4058838503895492 0.3140255184146355
-0.89249139796589561 -2.3832541379433798 0.38126951729023639
-0.7784491072391182 -2.3476801636202902 0.43258039990333069
-0.66280746158141157 -2.2966447281254001 0.4732171464394736
-0.54415238139410305 -2.2310366491211302 0.50106649756198796
-0.43532672432977021 -2.158221895985911 0.5117034775401379
-0.32966572085352258 -2.0763852229207229 0.50500505944089402
-0.22902882552007281 -1.98949715001366 0.4799226853382712
-0.13868543650977011 -1.903709949835686 0.43607265054733813
-0.053809925106683011 -1.819586269693505 0.37157521691726358
0.024470746849462151 -1.743847895398126 0.28512790300116808
0.092396672750940753 -1.6879285573292799 0.18692367372952731
0.15573266743570249 -1.6528960020260679 0.080212770263703687
0.224982578730343 -1.636912950889537 -0.038605592045207131
0.29906260086795677 -1.6423378908072279 -0.15481094900115391
0.37423324338598651 -1.6650916384139951 -0.25180532549990181
0.46734818214011148 -1.70432376136639 -0.34262045249820822
0.57941281277473866 -1.755724082182571 -0.41886623425865083
0.68467558393326444 -1.802269589142254 -0.46614044844762081
0.80913432488832759 -1.851960991497998 -0.49865851325001642
0.93137077927267209 -1.8945565489191341 -0.51100881433671641
1.060932605809191 -1.9295121196583109 -0.50567751857015353
1.1951430214784851 -1.954747040349071 -0.48375918205652502
1.320730616325545 -1.966991983630729 -0.44829544663557708
1.444438585303899 -1.9659691048439849 -0.39932606932473352
1.56578380801355 -1.9517351765031219 -0.33723879761854542
1.6752615898737611 -1.922605416235146 -0.27006615813263329
1.780154636444111 -1.878162774987304 -0.19141895632557671
1.8669986260557889 -1.8243272733545379 -0.11342329969772701
1.9497928066763379 -1.750167224589112 -0.02582781113594821
2.010504002160999 -1.6742160428412871 0.052687024556345823
2.0639813607065531 -1.5758145281217031 0.14068537306718751
2.097721607999572 -1.4779936232543911 0.2172325328935463
2.1175326084265378 -1.3688878554889159 0.29047392069356343
2.122357131081515 -1.248351262593278 0.35885018829684839
2.1112200174818199 -1.1307964745894099 0.41454418350751632
2.0849813811773199 -1.0023906184962721 0.46145206146630352
2.047611486662297 -0.88112406819898503 0.49238363738756791
1.998198654510974 -0.76065173066076397 0.50828804037085074
1.9357414116445311 -0.63421010362712704 0.50783724138745623
1.871295471175229 -0.52222585938041088 0.48949572960124532
1.801036374122537 -0.41334642374329911 0.45141304946598648
1.7354487294046259 -0.31720570236690471 0.39667539090389781
1.6691237310796301 -0.22042095235118159 0.31463348051137829
1.620430214198326 -0.1404988767931728 0.2209377978789871
1.590010974544289 -0.070075525269349959 0.11632542538966011
1.5791129203459959 4.1031972068821643e-05 -6.7357164524510686e-05
1.590017934941186 0.070139294191450416 -0.1164084075736693
1.62044762551472 0.1405297739882182 -0.2209645993812617
1.6691676641860529 0.22047271717276801 -0.31467552260675191
1.7355497515363381 0.3173651281789745 -0.39675967876581408
1.801082764077665 0.41343237288509238 -0.4514412490674522
1.871343619426002 0.52236169101632424 -0.48951993760848761
1.935742522917856 0.6343420752666229 -0.50784313406548709
1.9982429322869699 0.76087152421714188 -0.50829039163217637
2.0475349923344601 0.88113053536312558 -0.49240606054147262
2.084979553889915 1.002615365139043 -0.46144782133918533
2.1112098003655229 1.130947447221087 -0.41454651899312278
2.1223603809945231 1.2482898429761811 -0.35891588312939599
2.117577191995037 1.36901336777867 -0.29036406259126052
2.0977552113734101 1.478112231235579 -0.21714234063765739
2.064098664778951 1.575690987868035 -0.14072253625531991
2.0105252609607249 1.674282964827853 -0.052512196710943031
1.949870871226183 1.750092058603165 0.025905195934331309
1.866980223689954 1.82429929687198 0.1135622903570513
1.780101798882219 1.878147975242549 0.19154196779942331
1.67511091895468 1.9226251777696111 0.2702354125204216
1.5659276068760799 1.9516506800733591 0.33724869970655508
1.4442419414357099 1.9659257898813609 0.39949350062176342
1.320678441125823 1.9669371674027629 0.44839733940884158
1.1953015439611889 1.95470467179758 0.48378982333924248
1.0607338820915859 1.9293869459251829 0.50575738727553265
0.93124043462415873 1.894457905861971 0.51107985835829361
0.809157073684872 1.851922772845576 0.49874317213061031
0.6845707833243847 1.8021720080792021 0.46618476389427749
0.57934526727899516 1.755635250541778 0.41892510436163088
0.46742991743730777 1.7042961536057011 0.34276703478517567
0.37424023007789742 1.665027779355065 0.25185117500378551
0.29904337214592303 1.6422570626589881 0.1548048911207402
0.22509702245512031 1.6368038330683019 0.038800848204941507
0.15570964609254831 1.6527961398000821 -0.080286856232796272
0.092355440458888688 1.687861387459592 -0.1870392249670205
0.024514067891945941 1.7437228494103481 -0.28513171306012919
-0.053750646157487092 1.819431738264613 -0.37157721487752732
-0.1386470853051063 1.9035807057904759 -0.43609897633951539
-0.2289645688686669 1.9894078314289909 -0.47996513236797828
-0.32953253463877058 2.076250476734284 -0.50505765599953023
-0.43537383418382442 2.1582348119272079 -0.51177681851904766
-0.54407327858474375 2.230989202587728 -0.50116147734078864
-0.66270183454780718 2.296591559325651 -0.47334110436393467
-0.778317345740837 2.3476179130958652 -0.43273287897743867
-0.89244931301338448 2.3832648967274528 -0.38134606229653778
-1.014174583181165 2.4058959520289118 -0.31415294350735318
-1.123839186757895 2.4109227117139729 -0.24509897330873551
-1.232547654894123 2.399420027091256 -0.1669242076760187
-1.335702075788141 2.3715986325443281 -0.083263659445638363
-1.4302183221523621 2.3270062621076391 -6.2931357431994915e-05
-1.5159759890736471 2.2675643972584489 0.083013895553016567
-1.5917476605756471 2.192072862813736 0.1667820743940755
-1.656010964914451 2.1037779393877769 0.24489292429797879
-1.7065373493673091 2.0062416908596208 0.31398949947409432
-1.7477770024565691 1.889589142846249 0.38118537926103357
-1.7740428157628729 1.772801284090453 0.4326038547304743
-1.787651560752044 1.647313374602116 0.47318361361631373
-1.790170305983894 1.5116099086386401 0.50105503925238382
-1.7815305801047789 1.3811184654245281 0.51167807488217509
-1.763479424961478 1.2485686182919269 0.50498589015677176
-1.738561350774849 1.118023758079671 0.47990491936256902
-1.7094215622842071 0.99689804045270369 0.43606950631613628
-1.679004327982518 0.88130146898458128 0.3715588837346942
-1.6525575936406309 0.77569524725716454 0.28518206853446909
-1.638080947849373 0.68893088609860054 0.1870565012862655
-1.6393720093715369 0.61649594560528931 0.080317609487802435
-1.6600939638411421 0.54852265076432027 -0.038461218689108137
-1.7021018871860161 0.48689350285981708 -0.15515304476724001
-1.759124287800208 0.43352064241552851 -0.25170595087004438
-1.8396260535607341 0.37247184002427919 -0.34250581527930818
-1.9400689393695729 0.30118393665851823 -0.41873619193398071
-2.0332328977467 0.23308062860150311 -0.46614164553671461
-2.1385659906012591 0.1501000589518259 -0.49867175362285948
-2.2363557555838529 0.065688491813759353 -0.51101603953379704
-2.331531532870065 -0.029159529482767461 -0.50568577924025171
-2.4204615610497111 -0.13273052695749041 -0.48377322153245661
-2.4938420471788212 -0.23539996964195309 -0.44835513201276439
-2.5548438260204609 -0.34307838554790049 -0.39935898550954257
-2.603173457583976 -0.45523690385881049 -0.33731351722757258
-2.6327074027319721 -0.56463994520295813 -0.27012158675747772
-2.6466819536994719 -0.67765626896925468 -0.19149851931933909
-2.6434884705940109 -0.77974665838127066 -0.1134991005551631
-2.620636661175423 -0.88874463599017073 -0.025805964235936469
-2.585351070436309 -0.97897205921607344 0.052538866056061853
-2.526798330826201 -1.0746007914685189 0.14069725550679171
-2.459037436385481 -1.152584925448622 0.21715388879895839
-2.3743890402437309 -1.2243538768660001 0.29042697340260182
-2.2721957098085279 -1.28891764902529 0.35895756606796669
-2.1650170547620888 -1.3379355268841 0.41456974834785509
-2.0406428027724179 -1.379460544156498 0.46148469236202933
-1.916930424825672 -1.4077348612018641 0.49242119971970838
-1.788019601708156 -1.4251840464522989 0.50832065113253588
-1.647265943253698 -1.4343218516018581 0.50788868840503953
-1.517985200515368 -1.4345188422126971 0.48954654855178409
-1.3885096666424841 -1.428127065911772 0.45145129777232768
-1.2726919188690551 -1.4194235213583071 0.39683549912083738
-1.1553849705016599 -1.410356081105544 0.31457188605544262
-1.0620300377799039 -1.4081498490142821 0.22106594395984039
-0.98580913238593804 -1.4170044294363591 0.116432705449123
-0.91965494982908136 -1.442623337530234 6.0409812242576817e-05
-0.86434636345027938 -1.487153124893154 -0.11641788769593631
-0.81855672366954468 -1.548758304303675 -0.22108552115934271
-0.77378861230098051 -1.630730411463013 -0.31461066448613378
-0.72303393908814106 -1.7367554125634179 -0.39679433609822801
-0.67262269260516283 -1.841515960349043 -0.45145994697841751
-0.61345176260856471 -1.9568020862357101 -0.48954356090512952
-0.54861804160048999 -2.068720493029061 -0.50790041983177359
-0.4704350906729064 -2.1859186689020831 -0.50832526244009713
-0.39079968349470928 -2.2889153700738252 -0.49241695572827421
-0.30438374652703332 -2.3819785402936189 -0.46147285003087313
-0.20635190552006619 -2.4688580923268559 -0.41459833601616258
-0.1101766184780488 -2.5372456678275599 -0.35891637267869791
-0.00329380808848525 -2.593396322171087 -0.29047085488312913
0.1011355382920994 -2.630806197865466 -0.2171895102716391
0.20258377843324629 -2.65048814312369 -0.14072883373746331
0.3147036818206943 -2.653396358924462 -0.052544689933629062
0.41055725135353949 -2.638835354175098 0.02583883132610534
0.51632810164078635 -2.6041603804591689 0.1134976784690377
0.60632038897430396 -2.555888900800912 0.191478273348102
0.69729702905021462 -2.4872246900799309 0.27017987069768762
0.77717226283273377 -2.4070579743578011 0.33731426252971192
0.8502509366424208 -2.3090077170819572 0.39942181497661938
0.91286402261747435 -2.2025469109486551 0.44834491001289178
0.96513897176923991 -2.0875001263876749 0.48383313480694368
1.01040145190019 -1.9586625314132211 0.50574364482453105
1.044915491816004 -1.8289737132767301 0.51108085995550367
1.069140364982843 -1.70189510603756 0.498739766910892
1.0882882747693761 -1.5694363417744399 0.46628995128344602
1.100709336721944 -1.454497852207526 0.41883148313761431
1.1122169143660301 -1.331980952603232 0.34270177044603489
1.124824551933211 -1.231685055110096 0.25188009279062329
1.1425391296090599 -1.1557251430697799 0.1555330707500201
1.1749520107044249 -1.088492693199707 0.038795666188758897
1.2234036536623469 -1.036490923304801 -0.080055107456473096
1.2854606056475051 -0.99910851076030993 -0.18687459969821449
1.3679154877719251 -0.96822048822545537 -0.2851404099042319
1.472522987975259 -0.9383341155849122 -0.37151554619876859
1.5878395515631769 -0.90686882752508569 -0.43604960736804899
1.707240704077656 -0.87154608544963286 -0.47990225061796588
1.8328391712136931 -0.82785023858723816 -0.50502312974458408
1.9566044808625589 -0.77721910081292145 -0.51173910082366814
2.074013647686507 -0.71942062498491388 -0.50114176349585593
2.1901618149247648 -0.64948612116781146 -0.47330919493598322
2.2921659366515601 -0.57488802043803944 -0.43270544219915669
2.3801211222465191 -0.49384831278725522 -0.38132211985440012
2.4605951886123592 -0.39973021265380732 -0.31414470486159268
2.5197901236730349 -0.3073127739792868 -0.2450792925145035
2.5641458887204158 -0.2074984502492476 -0.16696576343376421
2.5916792798121082 -0.1040772214264125 -0.083163210905106658
