-32.810664728913 -24.4754430271548 -2.71509612744673
-32.0636890895675 -24.1239783912191 -3.40008058293974
-31.316713450222 -23.7725137552835 -4.08506503843275
-30.5697378108765 -23.4210491193478 -4.77004949392576
-29.822762171531 -23.0695844834121 -5.45503394941877
-29.0757865321855 -22.7181198474764 -6.14001840491178
-28.32881089284 -22.3666552115407 -6.82500286040479
-27.5818352534945 -22.015190575605 -7.50998731589779
-26.8348596141489 -21.6637259396694 -8.1949717713908
-26.0878839748034 -21.3122613037337 -8.87995622688381
-25.1812794121685 -21.0781691466064 -9.37214637627041
-24.2084199872533 -20.892793082144 -9.78431618888921
-23.2355605623382 -20.7074170176815 -10.196486001508
-22.262701137423 -20.5220409532191 -10.6086558141268
-21.2898417125078 -20.3366648887566 -11.0208256267456
-20.3169822875926 -20.1512888242941 -11.4329954393644
-19.3441228626774 -19.9659127598317 -11.8451652519832
-18.3712634377623 -19.7805366953692 -12.2573350646019
-17.3984040128471 -19.5951606309068 -12.6695048772207
-16.3809864418705 -19.444519554426 -12.882775500495
-15.3141797345404 -19.3323794302807 -12.8755823017423
-14.2473730272103 -19.2202393061353 -12.8683891029895
-13.1805663198802 -19.10809918199 -12.8611959042368
-12.1137596125502 -18.9959590578446 -12.854002705484
-11.0469529052201 -18.8838189336993 -12.8468095067313
-9.98014619788998 -18.7716788095539 -12.8396163079785
-8.91333949055989 -18.6595386854086 -12.8324231092258
-7.8465327832298 -18.5473985612632 -12.8252299104731
-6.81080583153799 -18.4345481768094 -12.6734812387625
-5.83508473505394 -18.3203264888702 -12.2426385200863
-4.85936363856989 -18.2061048009309 -11.81179580141
-3.88364254208583 -18.0918831129917 -11.3809530827337
-2.90792144560178 -17.9776614250525 -10.9501103640574
-1.93220034911773 -17.8634397371133 -10.5192676453812
-0.956479252633675 -17.7492180491741 -10.0884249267049
0.0192418438503782 -17.6349963612348 -9.6575822080286
0.994962940334432 -17.5207746732956 -9.22673948935233
1.91135321435619 -17.386586027814 -8.71156787714893
2.6796923023372 -17.2025728287007 -7.98596613460092
3.44803139031821 -17.0185596295875 -7.26036439205291
4.21637047829922 -16.8345464304742 -6.5347626495049
4.98470956628023 -16.650533231361 -5.80916090695689
5.75304865426123 -16.4665200322477 -5.08355916440888
6.52138774224224 -16.2825068331344 -4.35795742186087
7.28972683022325 -16.0984936340212 -3.63235567931286
8.05806591820426 -15.9144804349079 -2.90675393676485
8.77966122250176 -15.6899867022422 -2.154009958038
9.36818055781184 -15.3502479936008 -1.32399411350674
9.95669989312193 -15.0105092849594 -0.493978268975479
10.545219228432 -14.670770576318 0.336037575555785
11.1337385637421 -14.3310318676766 1.16605342008705
11.7222578990522 -13.9912931590352 1.99606926461831
12.3107772343623 -13.6515544503939 2.82608510914957
12.8992965696723 -13.3118157417525 3.65610095368084
13.4878159049824 -12.9720770331111 4.4861167982121
14.0615478923114 -12.5757572562106 5.29363933855192
14.588676047707 -12.0011164849632 6.0302719417982
15.1158042031026 -11.4264757137157 6.76690454504448
15.6429323584983 -10.8518349424682 7.50353714829076
16.1700605138939 -10.2771941712207 8.24016975153704
16.6971886692896 -9.70255339997324 8.97680235478332
17.2243168246852 -9.12791262872576 9.7134349580296
17.7514449800808 -8.55327185747828 10.4500675612759
18.2785731354765 -7.97863108623081 11.1867001645222
18.809905343802 -7.34969685802581 11.8565879942363
19.3548813378351 -6.54455926026135 12.3098630927689
19.8998573318682 -5.73942166249689 12.7631381913016
20.4448333259013 -4.93428406473243 13.2164132898343
20.9898093199344 -4.12914646696797 13.669688388367
21.5347853139675 -3.32400886920351 14.1229634868996
22.0797613080006 -2.51887127143906 14.5762385854323
22.6247373020337 -1.7137336736746 15.029513683965
23.1697132960668 -0.908596075910136 15.4827887824976
23.7184524389118 -0.0802027662471625 15.8457871093882
24.2808462181044 0.832574208491155 15.8812149497002
24.843239997297 1.74535118322947 15.9166427900121
25.4056337764895 2.65812815796779 15.952070630324
25.9680275556821 3.57090513270611 15.987498470636
26.5304213348746 4.48368210744443 16.0229263109479
27.0928151140672 5.39645908218275 16.0583541512598
27.6552088932597 6.30923605692106 16.0937819915718
28.2176026724523 7.22201303165938 16.1292098318837
28.7793093631031 8.12323550295116 16.1066929515549
29.336592259269 8.95006472574917 15.7111011034028
29.8938751554348 9.77689394854717 15.3155092552508
30.4511580516007 10.6037231713452 14.9199174070988
31.0084409477665 11.4305523941432 14.5243255589468
31.5657238439324 12.2573816169412 14.1287337107947
32.1230067400983 13.0842108397392 13.7331418626427
32.6802896362641 13.9110400625372 13.3375500144907
33.23757253243 14.7378692853352 12.9419581663387
33.7948554285958 15.5646985081332 12.5463663181867
34.367389630664 16.1446743776735 11.85258274972
34.9404523013982 16.7160966018312 11.1484666247053
35.5135149721324 17.2875188259889 10.4443504996905
36.0865776428666 17.8589410501466 9.74023437467582
36.6596403136008 18.4303632743043 9.0361182496611
37.232702984335 19.001785498462 8.33200212464639
37.8057656550693 19.5732077226197 7.62788599963167
38.3788283258035 20.1446299467773 6.92376987461695
38.9518909965377 20.716052170935 6.21965374960223
39.5745401832395 21.0550872733143 5.42982310777447
40.2160219949649 21.3058633109178 4.60743866936054
40.8575038066904 21.5566393485213 3.78505423094661
41.4989856184158 21.8074153861249 2.96266979253268
42.1404674301413 22.0581914237284 2.14028535411876
42.7819492418668 22.3089674613319 1.31790091570483
43.4234310535922 22.5597434989355 0.495516477290901
44.0649128653177 22.810519536539 -0.326867961123026
44.7063946770431 23.0612955741425 -1.14925239953695
45.3853483913225 23.1368855482582 -1.9577457635473
46.0995258841673 23.0477997336497 -2.75318144712294
46.8137033770122 22.9587139190412 -3.54861713069859
47.5278808698571 22.8696281044326 -4.34405281427423
48.2420583627019 22.7805422898241 -5.13948849784988
48.9562358555468 22.6914564752156 -5.93492418142552
49.6704133483917 22.6023706606071 -6.73035986500117
50.3845908412365 22.5132848459986 -7.52579554857681
51.0987683340814 22.4241990313901 -8.32123123215246
51.8126070271267 22.1668428580221 -9.05595657676038
52.5260742723485 21.7250011607288 -9.72412130561449
53.2395415175703 21.2831594634355 -10.3922860344686
53.9530087627921 20.8413177661422 -11.0604507633227
54.6664760080139 20.3994760688488 -11.7286154921768
55.3799432532357 19.9576343715555 -12.3967802210309
56.0934104984575 19.5157926742622 -13.064944949885
56.8068777436793 19.0739509769689 -13.7331096787391
57.5203449889011 18.6321092796756 -14.4012744075932
58.17372425508 18.0103301217208 -14.951269894866
58.7853685747114 17.2635728829217 -15.4191892820684
59.3970128943429 16.5168156441227 -15.8871086692708
60.0086572139743 15.7700584053236 -16.3550280564732
60.6203015336057 15.0233011665245 -16.8229474436756
61.2319458532372 14.2765439277254 -17.290866830878
61.8435901728686 13.5297866889263 -17.7587862180803
62.4552344925 12.7830294501273 -18.2267056052827
63.0668788121315 12.0362722113282 -18.6946249924851
63.5343816336297 11.1259566953838 -18.9806199746017
63.9631294602589 10.1716656396146 -19.2177013580878
64.391877286888 9.21737458384531 -19.454782741574
64.8206251135172 8.26308352807606 -19.6918641250601
65.2493729401463 7.30879247230681 -19.9289455085462
65.6781207667754 6.35450141653756 -20.1660268920323
66.1068685934046 5.40021036076831 -20.4031082755185
66.5356164200337 4.44591930499906 -20.6401896590046
66.956561090495 3.48821441388216 -20.8696883927835
67.1590272985851 2.43492646874167 -20.8868825650354
67.3614935066752 1.38163852360118 -20.9040767372874
67.5639597147653 0.328350578460688 -20.9212709095393
67.7664259228554 -0.724937366679804 -20.9384650817912
67.9688921309455 -1.77822531182029 -20.9556592540431
68.1713583390356 -2.83151325696079 -20.9728534262951
68.3738245471257 -3.88480120210128 -20.990047598547
68.5762907552158 -4.93808914724177 -21.0072417707989
68.7050546429817 -5.99339781624233 -20.9674683413374
68.6736590008447 -7.05309763849379 -20.8039009218092
68.6422633587078 -8.11279746074526 -20.640333502281
68.6108677165709 -9.17249728299672 -20.4767660827527
68.5794720744339 -10.2321971052482 -20.3131986632245
68.548076432297 -11.2918969274996 -20.1496312436963
68.5166807901601 -12.3515967497511 -19.9860638241681
68.4852851480231 -13.4112965720026 -19.8224964046399
68.4538895058862 -14.470996394254 -19.6589289851117
68.2883842434187 -15.4950943725276 -19.4158827654685
68.0417748172484 -16.4976617717495 -19.1247709290595
67.7951653910781 -17.5002291709714 -18.8336590926504
67.5485559649078 -18.5027965701933 -18.5425472562413
67.3019465387375 -19.5053639694152 -18.2514354198322
67.0553371125672 -20.5079313686371 -17.9603235834232
66.8087276863969 -21.510498767859 -17.6692117470141
66.5621182602266 -22.5130661670809 -17.378099910605
66.3155088340563 -23.5156335663028 -17.0869880741959
65.8958995542293 -24.4328378737632 -16.7245320157849
65.4681378375165 -25.3460195349424 -16.3587139356453
65.0403761208037 -26.2592011961216 -15.9928958555057
64.6126144040909 -27.1723828573008 -15.627077775366
64.1848526873781 -28.08556451848 -15.2612596952264
63.7570909706654 -28.9987461796592 -14.8954416150868
63.3293292539526 -29.9119278408384 -14.5296235349472
62.9015675372398 -30.8251095020176 -14.1638054548076
62.4298545875652 -31.7088029828052 -13.7886233358073
61.859028209998 -32.5259983372841 -13.3923245853075
61.2882018324308 -33.343193691763 -12.9960258348077
60.7173754548636 -34.1603890462419 -12.5997270843079
60.1465490772964 -34.9775844007208 -12.2034283338081
59.5757226997292 -35.7947797551997 -11.8071295833083
59.004896322162 -36.6119751096786 -11.4108308328085
58.4340699445948 -37.4291704641575 -11.0145320823087
57.8632435670276 -38.2463658186364 -10.6182333318089
57.2193270461406 -39.0039837261316 -10.2208973026053
56.5407719396376 -39.7333669305 -9.82306969046653
55.8622168331345 -40.4627501348685 -9.42524207832777
55.1836617266315 -41.1921333392369 -9.02741446618901
54.5051066201285 -41.9215165436053 -8.62958685405025
53.8265515136255 -42.6508997479737 -8.23175924191148
53.1479964071224 -43.3802829523421 -7.83393162977272
52.4694413006194 -44.1096661567105 -7.43610401763396
51.7859742896789 -44.8343657898049 -7.03901683564576
51.027817709689 -45.4878478484285 -6.65318850642251
50.2696611296991 -46.141329907052 -6.26736017719925
49.5115045497092 -46.7948119656756 -5.881531847976
48.7533479697193 -47.4482940242992 -5.49570351875275
47.9951913897294 -48.1017760829227 -5.1098751895295
47.2370348097395 -48.7552581415463 -4.72404686030624
46.4788782297496 -49.4087402001698 -4.33821853108299
45.7207216497596 -50.0622222587934 -3.95239020185974
44.9355276824961 -50.6849475255572 -3.57250662013674
44.1175567624929 -51.2703868703119 -3.19982975206155
43.2995858424896 -51.8558262150665 -2.82715288398637
42.4816149224864 -52.4412655598212 -2.45447601591118
41.6636440024831 -53.0267049045759 -2.08179914783599
40.8456730824798 -53.6121442493305 -1.7091222797608
40.0277021624766 -54.1975835940852 -1.33644541168561
39.2097312424733 -54.7830229388399 -0.963768543610423
38.39176032247 -55.3684622835946 -0.591091675535234
37.5340851716012 -55.897259365201 -0.224222914176992
36.6691753943437 -56.4157354910112 0.14158753472419
35.8042656170862 -56.9342116168214 0.507397983625373
34.9393558398286 -57.4526877426316 0.873208432526555
34.0744460625711 -57.9711638684418 1.23901888142774
33.2095362853136 -58.4896399942519 1.60482933032892
32.344626508056 -59.0081161200621 1.9706397792301
31.4797167307985 -59.5265922458723 2.33645022813128
30.6050619492384 -60.026893248589 2.70255097750839
29.6994377833932 -60.4694341565911 3.06957429466666
28.7938136175479 -60.9119750645933 3.43659761182494
27.8881894517027 -61.3545159725954 3.80362092898321
26.9825652858575 -61.7970568805976 4.17064424614149
26.0769411200122 -62.2395977885997 4.53766756329976
25.171316954167 -62.6821386966018 4.90469088045803
24.2656927883218 -63.124679604604 5.27171419761631
23.3600686224766 -63.5672205126061 5.63873751477458
22.4303529386861 -63.9501169772456 6.00924590441804
21.4864361795872 -64.2978552076115 6.38180861778364
20.5425194204883 -64.6455934379774 6.75437133114923
19.5986026613894 -64.9933316683433 7.12693404451483
18.6546859022905 -65.3410698987092 7.49949675788043
17.7107691431917 -65.6888081290751 7.87205947124603
16.7668523840928 -66.036546359441 8.24462218461163
15.8229356249939 -66.3842845898069 8.61718489797723
14.8786011405468 -66.7306173024486 8.9897460789273
13.8977589249542 -66.9541126928672 9.36217333213141
12.9169167093617 -67.1776080832858 9.73460058533552
11.9360744937691 -67.4011034737044 10.1070278385396
10.9552322781765 -67.624598864123 10.4794550917437
9.97439006258391 -67.8480942545416 10.8518823449478
8.99354784699132 -68.0715896449602 11.224309598152
8.01270563139874 -68.2950850353788 11.5967368513561
7.03186341580616 -68.5185804257975 11.9691641045602
6.03951478051737 -68.6805467902195 12.3342244266006
5.02849588213866 -68.7426764431925 12.6873312003938
4.01747698375996 -68.8048060961655 13.040437974187
3.00645808538125 -68.8669357491385 13.3935447479803
1.99543918700254 -68.9290654021115 13.7466515217735
0.984420288623836 -68.9911950550845 14.0997582955667
-0.0265986097548696 -69.0533247080575 14.4528650693599
-1.03761750813358 -69.1154543610305 14.8059718431531
-2.04863640651228 -69.1775840140035 15.1590786169463
-3.06696013989212 -69.0940337446576 15.4727562607354
-4.08795428884834 -68.9572275244701 15.7720198673956
-5.10894843780456 -68.8204213042826 16.0712834740557
-6.12994258676079 -68.6836150840951 16.3705470807159
-7.15093673571701 -68.5468088639076 16.6698106873761
-8.17193088467323 -68.4100026437201 16.9690742940363
-9.19292503362945 -68.2731964235326 17.2683379006965
-10.2139191825857 -68.136390203345 17.5676015073566
-11.2329177687266 -67.9851839060099 17.86050004745
-12.2226579487004 -67.6228475441166 18.0600756906319
-13.2123981286742 -67.2605111822233 18.2596513338137
-14.202138308648 -66.89817482033 18.4592269769956
-15.1918784886218 -66.5358384584367 18.6588026201775
-16.1816186685956 -66.1735020965434 18.8583782633594
-17.1713588485694 -65.8111657346501 19.0579539065412
-18.1610990285432 -65.4488293727568 19.2575295497231
-19.150839208517 -65.0864930108635 19.457105192905
-20.1052242322323 -64.6397284722297 19.6011792365613
-20.9994513707962 -64.0493067956445 19.650815602568
-21.89367850936 -63.4588851190593 19.7004519685747
-22.7879056479238 -62.868463442474 19.7500883345814
-23.6821327864876 -62.2780417658888 19.799724700588
-24.5763599250514 -61.6876200893036 19.8493610665947
-25.4705870636153 -61.0971984127183 19.8989974326014
-26.3648142021791 -60.5067767361331 19.9486337986081
-27.2590413407429 -59.9163550595479 19.9982701646147
-28.0388153196128 -59.2002578582434 19.9227900067089
-28.7565074720576 -58.4159915812019 19.7794439869846
-29.4741996245023 -57.6317253041604 19.6360979672604
-30.1918917769471 -56.8474590271189 19.4927519475362
-30.9095839293918 -56.0631927500774 19.349405927812
-31.6272760818366 -55.2789264730359 19.2060599080878
-32.3449682342813 -54.4946601959944 19.0627138883635
-33.0626603867261 -53.7103939189529 18.9193678686393
-33.7803525391708 -52.9261276419114 18.7760218489151
-34.2657361462549 -52.036808563179 18.4411981890967
-34.7234458574575 -51.1349750059475 18.0835646396663
-35.18115556866 -50.233141448716 17.7259310902359
-35.6388652798626 -49.3313078914846 17.3682975408054
-36.0965749910651 -48.4294743342531 17.010663991375
-36.5542847022677 -47.5276407770216 16.6530304419446
-37.0119944134703 -46.6258072197902 16.2953968925141
-37.4697041246728 -45.7239736625587 15.9377633430837
-37.898375620465 -44.8217702215188 15.5620345140438
-38.034350724112 -43.9158384640268 15.0039107622541
-38.170325827759 -43.0099067065348 14.4457870104645
-38.306300931406 -42.1039749490428 13.8876632586749
-38.442276035053 -41.1980431915507 13.3295395068853
-38.5782511387 -40.2921114340587 12.7714157550957
-38.7142262423471 -39.3861796765667 12.2132920033061
-38.8502013459941 -38.4802479190747 11.6551682515165
-38.9861764496411 -37.5743161615827 11.0970444997268
-39.0528904233205 -36.6935504054588 10.5085809630035
-38.8555206251607 -35.9087393726626 9.8044357322934
-38.6581508270009 -35.1239283398664 9.1002905015833
-38.4607810288411 -34.3391173070701 8.3961452708732
-38.2634112306813 -33.5543062742739 7.6920000401631
-38.0660414325215 -32.7694952414777 6.987854809453
-37.8686716343617 -31.9846842086815 6.2837095787429
-37.6713018362019 -31.1998731758853 5.57956434803279
-37.4739320380422 -30.415062143089 4.87541911732269
-37.2222056810924 -29.669277436623 4.16050417437866
-36.7333556458869 -29.0937401897873 3.39860771097935
-36.2445056106813 -28.5182029429516 2.63671124758004
-35.7556555754757 -27.9426656961158 1.87481478418073
-35.2668055402702 -27.3671284492801 1.11291832078142
-34.7779555050646 -26.7915912024444 0.351021857382115
-34.2891054698591 -26.2160539556087 -0.410874606017194
-33.8002554346535 -25.6405167087729 -1.1727710694165
-33.311405399448 -25.0649794619372 -1.93466753281581

-57.7903666025822 -28.4766491680628 -19.3232607379037
-57.1178307492952 -29.2799360077203 -19.5513147838986
-56.4452948960081 -30.0832228473777 -19.7793688298936
-55.7727590427211 -30.8865096870352 -20.0074228758885
-55.100223189434 -31.6897965266927 -20.2354769218835
-54.427687336147 -32.4930833663502 -20.4635309678784
-53.7551514828599 -33.2963702060077 -20.6915850138733
-53.0826156295728 -34.0996570456652 -20.9196390598683
-52.4100797762858 -34.9029438853227 -21.1476931058632
-51.7081135519427 -35.6831806407103 -21.3361865050329
-50.881698916091 -36.3659484798191 -21.3573949030632
-50.0552842802394 -37.0487163189279 -21.3786033010934
-49.2288696443878 -37.7314841580368 -21.3998116991237
-48.4024550085361 -38.4142519971456 -21.421020097154
-47.5760403726845 -39.0970198362544 -21.4422284951842
-46.7496257368329 -39.7797876753632 -21.4634368932145
-45.9232111009812 -40.462555514472 -21.4846452912448
-45.0967964651296 -41.1453233535808 -21.505853689275
-44.2340373040112 -41.7586430928535 -21.4415103311466
-43.3039823092601 -42.2433721368735 -21.2187586100755
-42.3739273145091 -42.7281011808936 -20.9960068890044
-41.443872319758 -43.2128302249137 -20.7732551679333
-40.513817325007 -43.6975592689337 -20.5505034468622
-39.5837623302559 -44.1822883129538 -20.3277517257911
-38.6537073355049 -44.6670173569738 -20.10500000472
-37.7236523407538 -45.1517464009939 -19.8822482836489
-36.7935973460028 -45.636475445014 -19.6594965625778
-35.8591242323529 -45.9917420044632 -19.3188443054277
-34.9197428127892 -46.2031823127028 -18.8472105351692
-33.9803613932256 -46.4146226209423 -18.3755767649106
-33.0409799736619 -46.6260629291818 -17.9039429946521
-32.1015985540983 -46.8375032374213 -17.4323092243935
-31.1622171345346 -47.0489435456608 -16.960675454135
-30.222835714971 -47.2603838539003 -16.4890416838764
-29.2834542954073 -47.4718241621398 -16.0174079136179
-28.3440728758437 -47.6832644703793 -15.5457741433593
-27.4688090268202 -47.7192332369971 -14.9596342435863
-26.6451489801492 -47.6139770838929 -14.2813362719177
-25.8214889334781 -47.5087209307886 -13.6030383002492
-24.997828886807 -47.4034647776843 -12.9247403285807
-24.174168840136 -47.2982086245801 -12.2464423569122
-23.3505087934649 -47.1929524714758 -11.5681443852437
-22.5268487467938 -47.0876963183716 -10.8898464135751
-21.7031887001228 -46.9824401652673 -10.2115484419066
-20.8795286534517 -46.8771840121631 -9.53325047023811
-20.1847698121932 -46.6036892454302 -8.78956146892846
-19.5922508037715 -46.1967536184739 -7.99400663814004
-18.9997317953498 -45.7898179915176 -7.19845180735163
-18.4072127869281 -45.3828823645614 -6.40289697656321
-17.8146937785064 -44.9759467376051 -5.60734214577479
-17.2221747700847 -44.5690111106488 -4.81178731498637
-16.629655761663 -44.1620754836925 -4.01623248419795
-16.0371367532413 -43.7551398567362 -3.22067765340953
-15.4446177448196 -43.3482042297799 -2.42512282262112
-14.9777861382321 -42.8315726768692 -1.63187197194865
-14.6712301986919 -42.175057671455 -0.841559140079653
-14.3646742591518 -41.5185426660408 -0.0512463082106555
-14.0581183196117 -40.8620276606266 0.739066523658342
-13.7515623800716 -40.2055126552124 1.52937935552734
-13.4450064405315 -39.5489976497982 2.31969218739634
-13.1384505009914 -38.892482644384 3.11000501926533
-12.8318945614513 -38.2359676389697 3.90031785113433
-12.5253386219112 -37.5794526335555 4.69063068300333
-12.2787268618533 -36.8739788921736 5.44179560003526
-12.2458536852823 -35.9939365610562 6.05337365582347
-12.2129805087114 -35.1138942299388 6.66495171161168
-12.1801073321405 -34.2338518988214 7.27652976739989
-12.1472341555696 -33.353809567704 7.8881078231881
-12.1143609789987 -32.4737672365866 8.49968587897631
-12.0814878024277 -31.5937249054692 9.11126393476452
-12.0486146258568 -30.7136825743518 9.72284199055273
-12.0157414492859 -29.8336402432343 10.3344200463409
-11.9860086765607 -28.9510453829743 10.9397995516574
-12.1419966079806 -27.9174962082352 11.1786022678598
-12.2979845394005 -26.8839470334962 11.4174049840622
-12.4539724708204 -25.8503978587571 11.6562077002647
-12.6099604022403 -24.816848684018 11.8950104164671
-12.7659483336601 -23.783299509279 12.1338131326695
-12.92193626508 -22.7497503345399 12.3726158488719
-13.0779241964999 -21.7162011598008 12.6114185650743
-13.2339121279198 -20.6826519850617 12.8502212812767
-13.3899000593397 -19.6491028103227 13.0890239974791
-13.5925776895897 -18.6199900576675 12.9318473620676
-13.802516363791 -17.5915672442611 12.7130891883734
-14.0124550379923 -16.5631444308547 12.4943310146793
-14.2223937121937 -15.5347216174483 12.2755728409851
-14.432332386395 -14.5062988040419 12.056814667291
-14.6422710605964 -13.4778759906355 11.8380564935968
-14.8522097347977 -12.4494531772292 11.6192983199027
-15.062148408999 -11.4210303638228 11.4005401462085
-15.2720870832004 -10.3926075504164 11.1817819725144
-15.4353600744727 -9.47276136704958 10.6847444573902
-15.5834388597391 -8.58826740785931 10.0971000256731
-15.7315176450054 -7.70377344866904 9.50945559395607
-15.8795964302718 -6.81927948947876 8.921811162239
-16.0276752155381 -5.93478553028849 8.33416673052194
-16.1757540008045 -5.05029157109821 7.74652229880487
-16.3238327860708 -4.16579761190794 7.1588778670878
-16.4719115713372 -3.28130365271766 6.57123343537074
-16.6199903566035 -2.39680969352739 5.98358900365367
-16.6878163765452 -1.57974815047688 5.30064419027001
-16.7117395918791 -0.799575955451087 4.56556467450668
-16.735662807213 -0.0194037604252952 3.83048515874335
-16.7595860225469 0.760768434600497 3.09540564298003
-16.7835092378808 1.54094062962629 2.3603261272167
-16.8074324532147 2.32111282465208 1.62524661145338
-16.8313556685486 3.10128501967787 0.89016709569005
-16.8552788838825 3.88145721470366 0.155087579926723
-16.8792020992164 4.66162940972945 -0.579991935836602
-16.8401278052426 5.4860489987516 -1.25735736048072
-16.7359664600784 6.35618360777576 -1.87509439593357
-16.6318051149143 7.22631821679993 -2.49283143138642
-16.5276437697501 8.09645282582409 -3.11056846683927
-16.423482424586 8.96658743484826 -3.72830550229212
-16.3193210794218 9.83672204387242 -4.34604253774497
-16.2151597342577 10.7068566528966 -4.96377957319782
-16.1109983890935 11.5769912619208 -5.58151660865067
-16.0068370439294 12.4471258709449 -6.19925364410352
-15.8787710759013 13.3699343359308 -6.69599574076856
-15.7043813563485 14.3948172251536 -6.95826689379692
-15.5299916367956 15.4197001143763 -7.22053804682528
-15.3556019172427 16.4445830035991 -7.48280919985364
-15.1812121976898 17.4694658928218 -7.74508035288201
-15.0068224781369 18.4943487820446 -8.00735150591037
-14.832432758584 19.5192316712673 -8.26962265893873
-14.6580430390311 20.54411456049 -8.53189381196709
-14.4836533194782 21.5689974497128 -8.79416496499545
-14.3177622914474 22.5975551562816 -8.98320760430327
-14.1961652217259 23.6452654825094 -8.79059375856796
-14.0745681520044 24.6929758087372 -8.59797991283265
-13.952971082283 25.740686134965 -8.40536606709734
-13.8313740125615 26.7883964611927 -8.21275222136203
-13.70977694284 27.8361067874205 -8.02013837562673
-13.5881798731185 28.8838171136483 -7.82752452989142
-13.466582803397 29.9315274398761 -7.63491068415611
-13.3449857336755 30.9792377661039 -7.4422968384208
-13.223388663954 32.0269480923316 -7.24968299268549
-13.2893529695206 32.9549903140571 -6.73153473710749
-13.3740062902346 33.8711085508242 -6.18094953918353
-13.4586596109486 34.7872267875913 -5.63036434125956
-13.5433129316626 35.7033450243583 -5.0797791433356
-13.6279662523767 36.6194632611254 -4.52919394541163
-13.7126195730907 37.5355814978925 -3.97860874748767
-13.7972728938047 38.4516997346596 -3.42802354956371
-13.8819262145187 39.3678179714267 -2.87743835163974
-13.9665795352327 40.2839362081938 -2.32685315371578
-14.2310244781408 41.0809920930394 -1.68762774115548
-14.6136962094503 41.7997553449169 -0.990114585419132
-14.9963679407597 42.5185185967943 -0.29260142968278
-15.3790396720691 43.2372818486718 0.404911726053573
-15.7617114033785 43.9560451005493 1.10242488178993
-16.1443831346879 44.6748083524268 1.79993803752628
-16.5270548659973 45.3935716043043 2.49745119326263
-16.9097265973067 46.1123348561817 3.19496434899898
-17.2923983286162 46.8310981080592 3.89247750473534
-17.7757549894178 47.4679929684952 4.58299717692973
-18.4588070718927 47.9425125555604 5.25964618693147
-19.1418591543676 48.4170321426255 5.93629519693321
-19.8249112368425 48.8915517296907 6.61294420693494
-20.5079633193174 49.3660713167559 7.28959321693668
-21.1910154017923 49.840590903821 7.96624222693842
-21.8740674842672 50.3151104908862 8.64289123694016
-22.5571195667421 50.7896300779513 9.3195402469419
-23.240171649217 51.2641496650165 9.99618925694364
-23.9750951659774 51.6660054923648 10.6430665204352
-24.8829737005989 51.8255784132778 11.1906757952863
-25.7908522352205 51.9851513341907 11.7382850701373
-26.698730769842 52.1447242551037 12.2858943449884
-27.6066093044635 52.3042971760166 12.8335036198395
-28.514487839085 52.4638700969296 13.3811128946906
-29.4223663737065 52.6234430178426 13.9287221695416
-30.330244908328 52.7830159387555 14.4763314443927
-31.2381234429496 52.9425888596685 15.0239407192438
-32.1702944475802 53.0130726280277 15.5180434512469
-33.1697224295186 52.8369010702964 15.8640061078782
-34.1691504114569 52.6607295125652 16.2099687645094
-35.1685783933952 52.4845579548339 16.5559314211407
-36.1680063753335 52.3083863971026 16.9018940777719
-37.1674343572719 52.1322148393713 17.2478567344032
-38.1668623392102 51.95604328164 17.5938193910344
-39.1662903211485 51.7798717239088 17.9397820476657
-40.1657183030868 51.6037001661775 18.2857447042969
-41.1490841274736 51.3171652983768 18.5453283940327
-42.105741865586 50.8471187947688 18.6612815103073
-43.0623996036983 50.3770722911609 18.777234626582
-44.0190573418107 49.9070257875529 18.8931877428566
-44.975715079923 49.4369792839449 19.0091408591313
-45.9323728180354 48.9669327803369 19.1250939754059
-46.8890305561477 48.4968862767289 19.2410470916806
-47.8456882942601 48.0268397731209 19.3570002079552
-48.8023460323724 47.556793269513 19.4729533242299
-49.6846599364787 46.9715863477798 19.4728721426125
-50.5009626640209 46.2841264982056 19.3697621001888
-51.3172653915631 45.5966666486314 19.266652057765
-52.1335681191054 44.9092067990572 19.1635420153412
-52.9498708466476 44.2217469494829 19.0604319729174
-53.7661735741898 43.5342870999087 18.9573219304936
-54.5824763017321 42.8468272503345 18.8542118880698
-55.3987790292743 42.1593674007603 18.751101845646
-56.2150817568165 41.4719075511861 18.6479918032222
-56.8952566185723 40.6879616085929 18.4148737890764
-57.5205762846036 39.8651348425425 18.1293667016623
-58.1458959506349 39.0423080764922 17.8438596142482
-58.7712156166662 38.2194813104418 17.5583525268341
-59.3965352826975 37.3966545443914 17.2728454394199
-60.0218549487288 36.573827778341 16.9873383520058
-60.6471746147602 35.7510010122907 16.7018312645917
-61.2724942807915 34.9281742462403 16.4163241771776
-61.8978139468228 34.1053474801899 16.1308170897634
-62.3393886843644 33.2208922704751 15.7211404598906
-62.7653607037404 32.3312038755759 15.3009199614513
-63.1913327231164 31.4415154806767 14.8806994630121
-63.6173047424924 30.5518270857775 14.4604789645728
-64.0432767618684 29.6621386908783 14.0402584661336
-64.4692487812443 28.7724502959791 13.6200379676943
-64.8952208006203 27.8827619010799 13.199817469255
-65.3211928199963 26.9930735061807 12.7795969708158
-65.7193797437465 26.1000442666515 12.3457035159485
-65.9667645053873 25.1888827665661 11.8376008008524
-66.2141492670281 24.2777212664806 11.3294980857563
-66.4615340286688 23.3665597663951 10.8213953706601
-66.7089187903096 22.4553982663096 10.313292655564
-66.9563035519504 21.5442367662242 9.80518994046792
-67.2036883135911 20.6330752661387 9.29708722537181
-67.4510730752319 19.7219137660532 8.78898451027569
-67.6984578368727 18.8107522659677 8.28088179517958
-67.8853422154701 17.899945504183 7.75244104461581
-67.9855237751215 16.9896471162153 7.19485394954695
-68.085705334773 16.0793487282476 6.6372668544781
-68.1858868944244 15.1690503402798 6.07967975940924
-68.2860684540758 14.2587519523121 5.52209266434038
-68.3862500137272 13.3484535643444 4.96450556927153
-68.4864315733786 12.4381551763767 4.40691847420267
-68.58661313303 11.527856788409 3.84933137913381
-68.6867946926814 10.6175584004413 3.29174428406496
-68.7050546429817 9.7124404679517 2.72009551100091
-68.6851792023856 8.80973409324571 2.14190087548065
-68.6653037617896 7.90702771853972 1.5637062399604
-68.6454283211936 7.00432134383372 0.985511604440151
-68.6255528805976 6.10161496912773 0.407316968919898
-68.6056774400016 5.19890859442174 -0.170877666600353
-68.5858019994056 4.29620221971575 -0.749072302120605
-68.5659265588096 3.39349584500975 -1.32726693764086
-68.5460511182136 2.49078947030376 -1.90546157316111
-68.424131718802 1.59416525302194 -2.48024335568283
-68.2982185458688 0.697779077850173 -3.05489156673107
-68.1723053729356 -0.198607097321589 -3.62953977777932
-68.0463922000023 -1.09499327249335 -4.20418798882756
-67.9204790270691 -1.99137944766511 -4.7788361998758
-67.7945658541359 -2.88776562283687 -5.35348441092404
-67.6686526812026 -3.78415179800864 -5.92813262197228
-67.5427395082694 -4.6805379731804 -6.50278083302052
-67.3906767294988 -5.57596082061182 -7.07055482588995
-67.1560767442262 -6.46834307228332 -7.61663140699368
-66.9214767589536 -7.36072532395481 -8.16270798809741
-66.686876773681 -8.2531075756263 -8.70878456920114
-66.4522767884084 -9.1454898272978 -9.25486115030487
-66.2176768031358 -10.0378720789693 -9.8009377314086
-65.9830768178632 -10.9302543306408 -10.3470143125123
-65.7484768325907 -11.8226365823123 -10.8930908936161
-65.5138768473181 -12.7150188339838 -11.4391674747198
-65.2155890565237 -13.6038635829139 -11.9546773753958
-64.8560468667111 -14.4893059912756 -12.4407884983272
-64.4965046768986 -15.3747483996373 -12.9268996212586
-64.136962487086 -16.2601908079989 -13.4130107441899
-63.7774202972734 -17.1456332163606 -13.8991218671213
-63.4178781074608 -18.0310756247222 -14.3852329900527
-63.0583359176483 -18.9165180330839 -14.871344112984
-62.6987937278357 -19.8019604414456 -15.3574552359154
-62.3392515380231 -20.6874028498072 -15.8435663588468
-61.8669095558576 -21.5557386739427 -16.251458950372
-61.3586520923347 -22.4186277574943 -16.6344467424475
-60.8503946288118 -23.2815168410459 -17.0174345345231
-60.3421371652889 -24.1444059245975 -17.4004223265986
-59.833879701766 -25.0072950081491 -17.7834101186741
-59.3256222382431 -25.8701840917007 -18.1663979107496
-58.8173647747202 -26.7330731752523 -18.5493857028251
-58.3091073111973 -27.5959622588039 -18.9323734949007

-26.3961334594626 58.7173833073955 -21.0817417402496
-27.1389206305032 57.9745961363549 -20.8623105555959
-27.8817078015439 57.2318089653143 -20.6428793709421
-28.6244949725845 56.4890217942736 -20.4234481862883
-29.3672821436251 55.746234623233 -20.2040170016345
-30.1100693146658 55.0034474521924 -19.9845858169808
-30.8528564857064 54.2606602811517 -19.765154632327
-31.5956436567471 53.5178731101111 -19.5457234476732
-32.3384308277877 52.7750859390705 -19.3262922630195
-33.038090120057 52.0174696619721 -19.0638656370969
-33.5265045258737 51.1872188636636 -18.5908428175389
-34.0149189316904 50.3569680653552 -18.117819997981
-34.5033333375071 49.5267172670467 -17.6447971784231
-34.9917477433239 48.6964664687382 -17.1717743588651
-35.4801621491406 47.8662156704298 -16.6987515393072
-35.9685765549573 47.0359648721213 -16.2257287197493
-36.456990960774 46.2057140738129 -15.7527059001913
-36.9454053665908 45.3754632755044 -15.2796830806334
-37.3427035810867 44.552503209215 -14.7453936432597
-37.5064249651246 43.7482329723844 -14.0540469123925
-37.6701463491625 42.9439627355537 -13.3627001815254
-37.8338677332004 42.1396924987231 -12.6713534506582
-37.9975891172384 41.3354222618924 -11.980006719791
-38.1613105012763 40.5311520250618 -11.2886599889238
-38.3250318853142 39.7268817882311 -10.5973132580566
-38.4887532693522 38.9226115514005 -9.90596652718943
-38.6524746533901 38.1183413145698 -9.21461979632224
-38.7180172414176 37.355837789949 -8.48349596646849
-38.5460506050823 36.6943742029138 -7.65614537165531
-38.374083968747 36.0329106158786 -6.82879477684213
-38.2021173324117 35.3714470288434 -6.00144418202895
-38.0301506960763 34.7099834418082 -5.17409358721577
-37.858184059741 34.0485198547731 -4.34674299240258
-37.6862174234057 33.3870562677379 -3.5193923975894
-37.5142507870704 32.7255926807027 -2.69204180277622
-37.3422841507351 32.0641290936675 -1.86469120796304
-37.1299748188546 31.4306856447599 -1.03425174116477
-36.6568415307053 30.9783982436291 -0.18384207156601
-36.183708242556 30.5261108424984 0.66656759803275
-35.7105749544067 30.0738234413676 1.51697726763151
-35.2374416662574 29.6215360402368 2.36738693723027
-34.7643083781082 29.169248639106 3.21779660682903
-34.2911750899589 28.7169612379752 4.06820627642779
-33.8180418018096 28.2646738368444 4.91861594602655
-33.3449085136603 27.8123864357136 5.76902561562531
-32.871775225511 27.3600990345829 6.61943528522407
-32.1548159890246 27.071638545892 7.34933954819423
-31.3855773196246 26.8183046634411 8.05340589537022
-30.6163386502246 26.5649707809903 8.75747224254622
-29.8470999808246 26.3116368985395 9.46153858972221
-29.0778613114246 26.0583030160886 10.1656049368982
-28.3086226420246 25.8049691336378 10.8696712840742
-27.5393839726246 25.551635251187 11.5737376312502
-26.7701453032246 25.2983013687361 12.2778039784262
-26.0009066338245 25.0449674862853 12.9818703256022
-25.1077130530038 24.8559213201283 13.5004903929366
-24.1015422826417 24.7254694075244 13.8500877142801
-23.0953715122796 24.5950174949204 14.1996850356236
-22.0892007419174 24.4645655823164 14.549282356967
-21.0830299715553 24.3341136697125 14.8988796783105
-20.0768592011932 24.2036617571085 15.2484769996539
-19.0706884308311 24.0732098445045 15.5980743209974
-18.0645176604689 23.9427579319005 15.9476716423408
-17.0583468901068 23.8123060192966 16.2972689636843
-16.0352857723017 23.6910484539805 16.5045086565469
-14.9735011158398 23.5908702456067 16.3853731136024
-13.9117164593778 23.4906920372329 16.2662375706578
-12.8499318029159 23.3905138288591 16.1471020277133
-11.788147146454 23.2903356204853 16.0279664847687
-10.726362489992 23.1901574121115 15.9088309418242
-9.66457783353011 23.0899792037377 15.7896953988797
-8.60279317706818 22.9898009953639 15.6705598559351
-7.54100852060624 22.8896227869901 15.5514243129906
-6.50184585285642 22.7838205472102 15.3663788899481
-5.58450938462149 22.6477312101782 14.8263889788237
-4.66717291638657 22.5116418731462 14.2863990676993
-3.74983644815164 22.3755525361142 13.7464091565749
-2.83249997991671 22.2394631990822 13.2064192454505
-1.91516351168178 22.1033738620502 12.6664293343262
-0.997827043446858 21.9672845250182 12.1264394232018
-0.080490575211931 21.8311951879862 11.5864495120774
0.836845893022997 21.6951058509542 11.046459600953
1.74344051042528 21.554470855819 10.4945136905591
2.44677205686014 21.3278204765535 9.71632994034833
3.15010360329501 21.1011700972881 8.93814619013759
3.85343514972987 20.8745197180227 8.15996243992685
4.55676669616473 20.6478693387573 7.38177868971611
5.26009824259959 20.4212189594919 6.60359493950537
5.96342978903446 20.1945685802265 5.82541118929463
6.66676133546932 19.967918200961 5.04722743908389
7.37009288190418 19.7412678216956 4.26904368887315
8.07342442833905 19.5146174424302 3.49085993866241
8.70022762091753 19.1416015726343 2.70497672809537
9.32148797204647 18.7579846554252 1.91853585640206
9.94274832317542 18.374367738216 1.13209498470876
10.5640086743044 17.9907508210068 0.345654113015461
11.1852690254333 17.6071339037976 -0.440786758677841
11.8065293765623 17.2235169865884 -1.22722763037114
12.4277897276912 16.8399000693792 -2.01366850206444
13.0490500788201 16.45628315217 -2.80010937375775
13.6703104299491 16.0726662349608 -3.58655024545105
14.3671560657633 15.5407616910353 -4.19498351051795
15.0804302557642 14.9766266498528 -4.76472660429996
15.7937044457651 14.4124916086703 -5.33446969808197
16.5069786357659 13.8483565674878 -5.90421279186399
17.2202528257668 13.2842215263053 -6.473955885646
17.9335270157676 12.7200864851228 -7.04369897942802
18.6468012057685 12.1559514439403 -7.61344207321003
19.3600753957694 11.5918164027578 -8.18318516699204
20.0733495857702 11.0276813615753 -8.75292826077406
20.8751355484318 10.3962650443922 -9.02870009265093
21.707403447433 9.74167820977113 -9.20323326415824
22.5396713464343 9.08709137515003 -9.37776643566555
23.3719392454356 8.43250454052894 -9.55229960717285
24.2042071444369 7.77791770590785 -9.72683277868016
25.0364750434381 7.12333087128676 -9.90136595018747
25.8687429424394 6.46874403666566 -10.0758991216948
26.7010108414407 5.81415720204457 -10.2504322932021
27.533278740442 5.15957036742348 -10.4249654647094
28.390834949705 4.56235530689557 -10.312815942831
29.2621836566415 3.99643138652318 -10.044306808919
30.1335323635779 3.43050746615079 -9.77579767500688
31.0048810705143 2.86458354577841 -9.50728854109482
31.8762297774508 2.29865962540602 -9.23877940718275
32.7475784843872 1.73273570503363 -8.97027027327068
33.6189271913237 1.16681178466125 -8.70176113935861
34.4902758982601 0.60088786428886 -8.43325200544655
35.3616246051965 0.0349639439164726 -8.16474287153448
36.2150029689282 -0.395835852166095 -7.72619513524609
37.0511851998535 -0.697333032257136 -7.12493451387994
37.8873674307788 -0.998830212348177 -6.52367389251379
38.7235496617041 -1.30032739243922 -5.92241327114764
39.5597318926294 -1.60182457253026 -5.3211526497815
40.3959141235547 -1.9033217526213 -4.71989202841535
41.23209635448 -2.20481893271234 -4.1186314070492
42.0682785854053 -2.50631611280338 -3.51737078568305
42.9044608163306 -2.80781329289442 -2.91611016431691
43.7197710265372 -2.99246259840408 -2.26771130207949
44.4936618908739 -2.94523389858367 -1.52576926409191
45.2675527552106 -2.89800519876326 -0.783827226104331
46.0414436195473 -2.85077649894284 -0.0418851881167536
46.815334483884 -2.80354779912243 0.700056849870825
47.5892253482206 -2.75631909930202 1.4419988878584
48.3631162125573 -2.70909039948161 2.18394092584598
49.137007076894 -2.66186169966119 2.92588296383356
49.9108979412307 -2.61463299984078 3.66782500182114
50.6672105863564 -2.50444025879537 4.40741895010079
51.3394515747863 -2.09310829571 5.13578264863519
52.0116925632163 -1.68177633262462 5.8641463471696
52.6839335516462 -1.27044436953925 6.59251004570401
53.3561745400762 -0.859112406453875 7.32087374423842
54.0284155285061 -0.447780443368501 8.04923744277283
54.700656516936 -0.0364484802831269 8.77760114130724
55.372897505366 0.374883482802247 9.50596483984165
56.0451384937959 0.786215445887621 10.2343285383761
56.6930893359635 1.24034804958735 10.9468827098446
57.179168323619 1.97970820999697 11.5540806830647
57.6652473112744 2.7190683704066 12.1612786562847
58.1513262989299 3.45842853081623 12.7684766295048
58.6374052865854 4.19778869122586 13.3756746027248
59.1234842742409 4.93714885163549 13.9828725759449
59.6095632618963 5.67650901204512 14.5900705491649
60.0956422495518 6.41586917245475 15.197268522385
60.5817212372073 7.15522933286438 15.804466495605
61.0176748440056 7.93918116232974 16.3725040395852
61.2516741430172 8.90279206875766 16.7827648795382
61.4856734420288 9.86640297518559 17.1930257194911
61.7196727410404 10.8300138816135 17.603286559444
61.953672040052 11.7936247880414 18.013547399397
62.1876713390637 12.7572356944694 18.4238082393499
62.4216706380753 13.7208466008973 18.8340690793029
62.6556699370869 14.6844575073252 19.2443299192558
62.8896692360985 15.6480684137531 19.6545907592087
63.0359303732088 16.6422698274688 19.9898443811997
63.0013490018392 17.6995232125697 20.1704960243439
62.9667676304696 18.7567765976705 20.351147667488
62.9321862591001 19.8140299827713 20.5317993106322
62.8976048877305 20.8712833678722 20.7124509537763
62.8630235163609 21.928536752973 20.8931025969204
62.8284421449914 22.9857901380738 21.0737542400646
62.7938607736218 24.0430435231747 21.2544058832087
62.7592794022522 25.1002969082755 21.4350575263529
62.6044230604434 26.1468748342206 21.505853689275
62.3263606887779 27.1825171437636 21.4641172319295
62.0482983171123 28.2181594533066 21.422380774584
61.7702359454468 29.2538017628497 21.3806443172385
61.4921735737813 30.2894440723927 21.338907859893
61.2141112021158 31.3250863819358 21.2971714025475
60.9360488304503 32.3607286914788 21.255434945202
60.6579864587848 33.3963710010219 21.2136984878565
60.3799240871192 34.4320133105649 21.171962030511
59.9665454240077 35.3980566070564 21.000405075286
59.4920758865752 36.3326782283472 20.7702384165621
59.0176063491428 37.267299849638 20.5400717578382
58.5431368117103 38.2019214709287 20.3099050991143
58.0686672742778 39.1365430922195 20.0797384403903
57.5941977368454 40.0711647135102 19.8495717816664
57.1197281994129 41.005786334801 19.6194051229425
56.6452586619805 41.9404079560917 19.3892384642186
56.170789124548 42.8750295773825 19.1590718054947
55.5657180261846 43.6825177474951 18.8004525601095
54.9478817806512 44.4775797474843 18.4292782107776
54.3300455351177 45.2726417474735 18.0581038614456
53.7122092895843 46.0677037474627 17.6869295121137
53.0943730440508 46.8627657474519 17.3157551627817
52.4765367985174 47.6578277474411 16.9445808134498
51.858700552984 48.4528897474303 16.5734064641178
51.2408643074505 49.2479517474195 16.2022321147859
50.6075577245052 50.0201040231987 15.816109983738
49.8923438666444 50.6709613957613 15.3508472345
49.1771300087836 51.3218187683239 14.885584485262
48.4619161509229 51.9726761408864 14.4203217360239
47.7467022930621 52.623533513449 13.9550589867859
47.0314884352013 53.2743908860116 13.4897962375479
46.3162745773405 53.9252482585741 13.0245334883099
45.6010607194798 54.5761056311367 12.5592707390719
44.885846861619 55.2269630036993 12.0940079898339
44.142580668712 55.8218718370526 11.6047557966253
43.362557467274 56.3434712318287 11.0840702059746
42.5825342658359 56.8650706266047 10.563384615324
41.8025110643978 57.3866700213808 10.0426990246733
41.0224878629598 57.9082694161569 9.52201343402264
40.2424646615217 58.4298688109329 9.00132784337198
39.4624414600837 58.951468205709 8.48064225272131
38.6824182586456 59.473067600485 7.95995666207065
37.9023950572075 59.9946669952611 7.43927107141999
37.0890868064089 60.435820289859 6.89839412028333
36.2633549792244 60.8469472426093 6.34998078527005
35.4376231520398 61.2580741953595 5.80156745025677
34.6118913248553 61.6692011481098 5.25315411524349
33.7861594976707 62.0803281008601 4.7047407802302
32.9604276704862 62.4914550536104 4.15632744521692
32.1346958433016 62.9025820063607 3.60791411020364
31.3089640161171 63.3137089591109 3.05950077519035
30.4818543905224 63.7211628392639 2.51078738233065
29.6191224875733 64.0336512949818 1.95431614641575
28.7563905846243 64.3461397506996 1.39784491050085
27.8936586816753 64.6586282064175 0.841373674585943
27.0309267787262 64.9711166621353 0.284902438671041
26.1681948757772 65.2836051178532 -0.271568797243862
25.3054629728281 65.596093573571 -0.828040033158765
24.4427310698791 65.9085820292889 -1.38451126907367
23.57999916693 66.2210704850067 -1.94098250498857
22.705185426403 66.4989204335151 -2.4947200300138
21.8081351273885 66.7130183917732 -3.04342617453144
20.911084828374 66.9271163500312 -3.59213231904908
20.0140345293595 67.1412143082893 -4.14083846356672
19.116984230345 67.3553122665473 -4.68954460808436
18.2199339313306 67.5694102248054 -5.23825075260201
17.3228836323161 67.7835081830634 -5.78695689711965
16.4258333333016 67.9976061413215 -6.33566304163729
15.5287830342871 68.2117040995795 -6.88436918615493
14.608396789517 68.3519751148829 -7.41508196069689
13.6762931254834 68.455176227273 -7.93675992421475
12.7441894614497 68.5583773396631 -8.4584378877326
11.812085797416 68.6615784520531 -8.98011585125046
10.8799821333824 68.7647795644432 -9.50179381476832
9.94787846934873 68.8679806768333 -10.0234717782862
9.01577480531507 68.9711817892233 -10.545149741804
8.08367114128141 69.0743829016134 -11.0668277053219
7.15156747724775 69.1775840140035 -11.5885056688398
6.1866897185186 69.1498221223607 -12.0567345369843
5.22085196990151 69.1182241778616 -12.5233978213483
4.25501422128441 69.0866262333626 -12.9900611057122
3.28917647266732 69.0550282888636 -13.4567243900762
2.32333872405023 69.0234303443646 -13.9233876744402
1.35750097543314 68.9918323998656 -14.3900509588041
0.391663226816048 68.9602344553666 -14.8567142431681
-0.574174521801044 68.9286365108676 -15.3233775275321
-1.54569353936003 68.8540365504173 -15.7651156323661
-2.53325880395872 68.6579811584047 -16.1364547484643
-3.52082406855741 68.4619257663922 -16.5077938645625
-4.5083893331561 68.2658703743796 -16.8791329806607
-5.49595459775479 68.069814982367 -17.2504720967588
-6.48351986235347 67.8737595903544 -17.621811212857
-7.47108512695216 67.6777041983418 -17.9931503289552
-8.45865039155085 67.4816488063292 -18.3644894450534
-9.44621565614954 67.2855934143167 -18.7358285611516
-10.4276435978292 66.9890200499427 -19.0292700970458
-11.4036378714876 66.6034532760355 -19.2537451477048
-12.3796321451461 66.2178865021284 -19.4782201983639
-13.3556264188046 65.8323197282213 -19.702695249023
-14.331620692463 65.4467529543141 -19.9271702996821
-15.3076149661215 65.061186180407 -20.1516453503411
-16.28360923978 64.6756194064999 -20.3761204010002
-17.2596035134384 64.2900526325927 -20.6005954516593
-18.2355977870969 63.9044858586856 -20.8250705023184
-19.1550701157255 63.3691387727548 -20.8945103970261
-20.0577356174285 62.7892544406325 -20.9178505152301
-20.9604011191316 62.2093701085101 -20.9411906334341
-21.8630666208347 61.6294857763878 -20.9645307516381
-22.7657321225378 61.0496014442654 -20.9878708698421
-23.6683976242409 60.4697171121431 -21.0112109880461
-24.571063125944 59.8898327800207 -21.03455110625
-25.4737286276471 59.3099484478984 -21.057891224454
