-2.019768475145439 -1.9310649954897121 -0.058724573470211233
-1.9820325478283121 -1.8902138048063932 -0.10136893103720178
-1.9413288252456791 -1.8514327688850984 -0.14319968795307272
-1.8977073035063976 -1.8146999354208213 -0.18391504355860258
-1.8511892247931248 -1.7800184045914378 -0.2231948188538069
-1.8019405345665243 -1.7472728423150636 -0.26076773984738522
-1.750180302437585 -1.716308037904765 -0.29643227958757179
-1.696122874365936 -1.6869643305319684 -0.33000143542543137
-1.6399474808130918 -1.6591224782216349 -0.36130512204546039
-1.5817717159315909 -1.632700452308476 -0.39009495222067453
-1.5216655579983869 -1.6076587681939696 -0.41600749452992269
-1.4598846301259993 -1.5838141105367838 -0.43892546786218228
-1.3966777508374788 -1.5609895357116297 -0.45877091561933864
-1.3322312076861931 -1.5390520918023054 -0.47536579445816163
-1.2667965185554781 -1.5178204060043234 -0.48869279448341851
-1.2005933715626855 -1.4971382962415387 -0.49869144919331837
-1.1338319530905638 -1.4768651370749326 -0.50525193372565602
-1.0667170524512029 -1.4568696434611523 -0.50787627969458216
-0.99954232389631703 -1.4369458828206585 -0.50699541710547424
-0.93252945576763069 -1.4169500386672147 -0.50256088442119096
-0.86592402259496493 -1.3967295971913989 -0.4945114637809831
-0.79993295233576078 -1.3761252939775301 -0.48303177309595913
-0.73471299832383197 -1.3550824740599658 -0.46834594778938882
-0.66961974822706927 -1.3339685739814473 -0.45319783213670389
-0.60469648250540453 -1.3127525646383118 -0.43747502706888364
-0.53999180402563163 -1.291399170129049 -0.4210535688634881
-0.47555599942567067 -1.2698715427683762 -0.40382217638662665
-0.41145790862124459 -1.2481197185213833 -0.3856392116618067
-0.34775720738807903 -1.2260982447133377 -0.36641538921495787
-0.28448197344630471 -1.20378215492735 -0.34615636994439891
-0.22167826763509338 -1.1811329832050428 -0.3248293032821194
-0.15938872443503699 -1.1581123643558247 -0.30241997669414883
-0.097655490057579897 -1.1346793754293951 -0.27892455247438613
-0.036518706194580905 -1.1107911876797467 -0.25435138052987488
0.023990923537971921 -1.0864081468088007 -0.22873225196804792
0.083846142904712415 -1.06148778192374 -0.20211104907953006
0.14304051152545166 -1.0359988250597241 -0.17456643995393392
0.20158556492476812 -1.0099222027210717 -0.1461971486323202
0.25947482814388118 -0.98322003336440167 -0.11707446393732791
0.31671171327861314 -0.95586010208707672 -0.087280788883342814
0.37330577666014808 -0.9278129362882287 -0.056903885938238516
0.42926624273558273 -0.89904511657599417 -0.026031133365800915
0.48460259579424614 -0.86951987227171845 0.0052487819809900636
0.53933152990985522 -0.83920636403874804 0.036841777471348439
0.59348044361304109 -0.80808637913885695 0.068649462818516749
0.64708150207319692 -0.77614819391669554 0.10057407175824279
0.70016225789146525 -0.74337263323214986 0.13251957391019925
0.75274363003100841 -0.70972792804877016 0.16438741692654577
0.8048466618611837 -0.67518075157676583 0.19607470949615091
0.85649882850552983 -0.63971034368374269 0.22747860400808198
0.90773312539628026 -0.60330994884539202 0.25850023448362608
0.95858261717005555 -0.56597658889051716 0.28904225155550028
1.0090773049313988 -0.52770365886156023 0.31900402655045312
1.0592458900273429 -0.48848610064801634 0.34828364752998786
1.1091182753704216 -0.4483297976793636 0.37678579622012703
1.1587244461776827 -0.40725044189167281 0.40442320690075151
1.2080911484317276 -0.36526309875192903 0.43110763026256688
1.2572409006431648 -0.32237887409763905 0.45674486352689025
1.3061941054952819 -0.27861491895976026 0.48124588913392463
1.3549713131576306 -0.23400581686079888 0.50454474693207274
1.4035931501883641 -0.18860287002560638 0.52660358036448862
1.4520786272684383 -0.1424641159826659 0.54740272364447362
1.5004335450691892 -0.095584536602886697 0.56680249808503502
1.5486846158757663 -0.048089237454570576 0.584918745358744
1.5968490715364942 -5.8580310787877121e-05 0.60181180034579818
1.6449421202768424 0.048437585310062301 0.61753918748747938
1.6929796924598397 0.097328424711516509 0.63217957488463006
1.740978422618757 0.1465600767107493 0.64576980374623671
1.7889646585346108 0.1960283609075382 0.65852063011116735
1.8369655765613944 0.24563002501556286 0.67068535347403591
1.8849517823439823 0.29545702289129344 0.68194324159080244
1.9327436656341264 0.34599991747032344 0.69044347014082363
1.9802275889094265 0.39734194617352514 0.69493716542720674
2.0274767560915548 0.44908550190003593 0.69575138675245674
2.0745277190528797 0.50093990465891802 0.69303199559553585
2.1214190471175316 0.55264151324396993 0.68680489849994453
2.1681766404645022 0.6039233850814465 0.67705518509942209
2.2148391605195603 0.65441179119619552 0.66346069588335499
2.2614477855985511 0.70392849127393686 0.64654509424382434
2.3080442563547612 0.75222164370828659 0.62637401582688379
2.3546650813790606 0.79905864489222911 0.6030756524376143
2.4013406060972815 0.84424079637417682 0.57679484870164643
2.4481192691827123 0.88750083556395032 0.54761272145624484
2.4950382672388849 0.92843602732430308 0.51545327204357416
2.5421428657937586 0.96700935310962277 0.48075372035440811
2.5894503430265279 1.003076201442122 0.44372711369803025
2.6370481378102832 1.0362597647665195 0.40444431593902858
2.6849520393400144 1.0664562842349057 0.36317551117208979
2.7332272266232178 1.0934106514601949 0.32013181324710382
2.7818994583322816 1.1169754124835078 0.27556567020318767
2.8309981716208421 1.1370627833121258 0.22977188960808637
2.8805837121429434 1.1532914974941146 0.18298278681980912
2.9306345948981836 1.1657978369985125 0.13555990037411841
2.9812070490137681 1.1744415604288927 0.087836852189009648
3.0323068685282917 1.1791280769862771 0.040129623456610204
3.0839623994157725 1.1797674375675926 -0.0072029651486254058
3.1362349625906654 1.1761138703083829 -0.053708428352515644
3.1888310946088168 1.1692121971831018 -0.099505781966358633
3.241119961707668 1.1612241360437223 -0.14548852538654258
3.2930047383379373 1.1523089467579937 -0.19175680721087793
3.3445379155386754 1.1422451902223942 -0.23818062928188624
3.3957286915637139 1.1307805425147992 -0.28465708085867303
3.4465725212351912 1.1176737189541579 -0.33108005990630995
3.4970320158702202 1.1026046578540303 -0.37732609406571116
3.5470533485264149 1.0852694066218807 -0.42325122615804578
3.5966236706347261 1.0656877535929496 -0.46875714352987025
3.6456855650260036 1.0437328560015193 -0.51372800018064313
3.6941385133969078 1.0191713490023404 -0.55800578582402161
3.7418803290754017 0.99185806426738865 -0.60143498397944806
3.7888974249185101 0.96201555261562077 -0.6439779307733865
3.8351147399950496 0.92963678688827822 -0.68553299645479138
3.8803746953640799 0.89452175333363859 -0.72590261026839387
3.9245776249445377 0.85669140453892678 -0.76496805326121053
3.9677183173291795 0.81639682839636551 -0.8027329107601705
4.0097278013881308 0.77371081277368436 -0.83912598895951251
4.050364093768601 0.72840603706253426 -0.87387509317166434
4.089687547659727 0.6808407817072365 -0.90707501954838832
4.1276666017288859 0.63116461146267733 -0.9387110640981482
4.1642446816884009 0.57947690401773178 -0.96874128701927364
4.1991387117478345 0.52560422210671531 -0.99687484841279761
4.2324531186826917 0.46988218481533001 -1.0232616816750264
4.2641881600534495 0.41247762786832604 -1.0479319124332971
4.2943131576491851 0.35351047954147635 -1.0708821853837769
4.3226438006972971 0.29297221557971814 -1.0919520490363228
4.3491696722559867 0.23101684685323345 -1.1111682250460684
4.373976654574939 0.16785050713075939 -1.1286533769700797
4.3970285008351979 0.10357238500976361 -1.1444040502057524
4.4182822039813558 0.038276297802527184 -1.1584113910725444
4.4375746790598223 -0.027995598326630768 -1.1705566754114132
4.4549862937661198 -0.095079718422711068 -1.1809548773589933
4.4705936704964691 -0.16283681266575872 -1.1897124408421602
4.4843803196515948 -0.2311760387050466 -1.1968479663883524
4.4963559998167959 -0.3000022909640444 -1.2024033601822861
4.5065337123549778 -0.36922512229513421 -1.2064228836256683
4.514901452683258 -0.43876344399413364 -1.2089290941352855
4.5212681268906794 -0.50855352976157364 -1.2098011741281325
4.5258420057198743 -0.57848587470295887 -1.2092440546665708
4.5286733269218402 -0.64848532877055143 -1.2073292693561468
4.5297576838025861 -0.71848391073075457 -1.204084611082519
4.5291044740571422 -0.78841579194927425 -1.1995480385021464
4.5267585614387329 -0.85822097980951717 -1.1937827975016937
4.5227499494430079 -0.92784350425005957 -1.1868400291882188
4.5170705764110268 -0.99722550828239898 -1.1787433177663185
4.5097181413437726 -1.0663104006563608 -1.1695202141320764
4.5007518140682885 -1.1350556507034641 -1.1592390449417145
4.490242901992481 -1.2034279090212443 -1.1479740349490373
4.4782133869411993 -1.2713870957553035 -1.135765751352664
4.4646205460185806 -1.3388747904903526 -1.1226151160938951
4.4495455574008274 -1.4058716320590527 -1.1085974444157409
4.4330504916677835 -1.4723583051065778 -1.0937742985409307
4.4151183375144685 -1.5382891085371428 -1.0781615877675408
4.3957563088013201 -1.6036275316067232 -1.0617883215852872
4.3750480354515568 -1.668372890319535 -1.044721739489942
4.3530683187696502 -1.7325266784920066 -1.0270218457520364
4.3298231803423368 -1.7960608551487618 -1.0087136728286015
4.3052947285097352 -1.8589348132138368 -0.98981127546283554
4.2795438051138195 -1.9211502692744244 -0.97036363818411442
4.2526443652480692 -1.9827207893031258 -0.95042301926448358
4.2246096096398071 -2.0436283021742545 -0.93001460722167262
4.195420302122006 -2.1038349863388879 -0.90915075394203604
4.1651019692415812 -2.1633302598347863 -0.88786090347447133
4.1337357137521176 -2.2221422347688429 -0.86619297014029206
4.10137276628185 -2.2802835723454877 -0.84418186711556775
4.0680025576624264 -2.337725888487157 -0.82184120533782234
4.033616722187805 -2.3944411854311642 -0.79918568867039608
3.9982928338771986 -2.4504654067018499 -0.77625434265047022
3.9620861066753839 -2.5058218614637209 -0.75307731132765954
3.9249523502957948 -2.5604576925092757 -0.72965831711280871
3.8869469785180977 -2.6143976036238623 -0.70602632298682577
3.8480422423912692 -2.6676008987290762 -0.68218824213369733
3.8083004612654801 -2.7201005237260816 -0.65817205993321903
3.7677905562117204 -2.7719387622864597 -0.63400470336425785
3.7265228410701914 -2.8231099241219053 -0.60969929442548954
3.684477071886938 -2.873580643193105 -0.58526327830094527
3.6416762080061735 -2.9233556538072345 -0.56071156439086678
3.598178120249842 -2.9724737791376867 -0.53606308174682282
3.5540055348677977 -3.0209429860161534 -0.51133010541530788
3.5091453108151396 -3.0687365130494073 -0.48652002477311518
3.4635974167857917 -3.1158392926633733 -0.46164183723808261
3.4174152044825412 -3.16229096550809 -0.43670887497738131
3.3706424380754565 -3.2081241100150226 -0.41173187341495432
3.3232698012202899 -3.2533162230383774 -0.38671696487848595
3.27526890360895 -3.297822248039973 -0.36166956525366445
3.22668665720105 -3.3416795529528858 -0.33659833563827407
3.1775678293857643 -3.3849258811485563 -0.31151035769214397
3.1279083269392594 -3.4275438716989672 -0.28641065686503986
3.0776901455785777 -3.4694982142122313 -0.2613041562805517
3.0269376107455952 -3.5108037811887445 -0.236195837500213
2.9756713355753801 -3.5514719921226598 -0.21108996494937074
2.9238894517868044 -3.5914855268016193 -0.18599078056127438
2.8716357884808024 -3.6308863557713886 -0.16090120670940833
2.8188938000965513 -3.6696392939448357 -0.13582475966943885
2.7656666019944511 -3.70773356437563 -0.11076453689463675
2.7119913193230696 -3.745205299297607 -0.085722055019498866
2.657883388952877 -3.7820625053330001 -0.060699073212622821
2.6033264106590011 -3.8182672884893747 -0.035698748053637722
2.5483127544652202 -3.8537923033418839 -0.010724027633657022
2.4928772620805395 -3.8886739691384475 0.014224759225268871
2.437040134498266 -3.9229286790897788 0.039146858249050898
2.3807884349415946 -3.9565204977837252 0.064039291109146315
2.3241090925969443 -3.9894106978125961 0.088898687066518225
2.2670333170585106 -4.0216339004465089 0.11372515306194389
2.2095802197344283 -4.0532066770800368 0.13851813805924912
2.1517354964749504 -4.0840866628563486 0.16327390573086642
2.0934801148313897 -4.1142194278379174 0.18798754565523226
2.0348191377395572 -4.1435927257734599 0.21265611517099248
1.9757815248194577 -4.1722397786246219 0.23727931233615623
1.9163918811107252 -4.2001888271788976 0.26185670517302884
1.8566399945178307 -4.2274000432304426 0.28638325199047165
1.7965047807112804 -4.2538074493703792 0.31085133719543107
1.7360083942436599 -4.2794336275808496 0.33525921776072126
1.6751729530906341 -4.3043040472120673 0.35960548120579144
1.6139933773771484 -4.3283841013883668 0.38388359831918994
1.5524548731428482 -4.3516127906569713 0.40808381238496005
1.4905632984876158 -4.3739748647181402 0.4321996730831244
1.4283403354526265 -4.3954952555230493 0.45622847592456051
1.3657946902959262 -4.4161676985047302 0.48016421126192754
1.3029142978965431 -4.4359277330708871 0.50399346179238436
1.2396957417037207 -4.4547287702377183 0.52770353481411558
1.1761650893952407 -4.4726089392692501 0.55129212940076544
1.1123370600451565 -4.4895764940281149 0.57475320657733808
1.0482027393022624 -4.5055627174751312 0.5980686596313628
0.98375275029831111 -4.5204872901043212 0.62121651091296937
0.91900634168746553 -4.5343637451634429 0.64418906362074202
0.85397683154439963 -4.5471857518252188 0.66697498345406925
0.78867224871194186 -4.5589226671018963 0.68955714045125782
0.72310959482872217 -4.5695788926996883 0.71192472821283548
0.65728611594813091 -4.5790714255553215 0.73404891299366892
0.5912163136112053 -4.5873825643844137 0.75591234109465133
0.52492462090643921 -4.5945431949028279 0.77750792185022655
0.45842510717756974 -4.6005341128420714 0.79881721345530354
0.39172109558728668 -4.6052623436437035 0.81980220359332934
0.32482395823372046 -4.6086583645000516 0.84042792659327969
0.25776239413882285 -4.6107636982433018 0.86068786682262177
0.19056070834580149 -4.6115991701577626 0.88057048803292082
0.12323453003637069 -4.6110991382331026 0.90003808428364052
0.055801784891006595 -4.6091761705873591 0.91904332023325475
-0.011709063142926822 -4.6058482225902049 0.93757086612186002
-0.079270306101276694 -4.6011350079064224 0.95560624451836085
-0.14685595479266486 -4.5949799911161557 0.97310732056125093
-0.21443574108639785 -4.5872921046366226 0.99001615671568954
-0.28197521542449422 -4.578052343238979 1.0062995596397502
-0.3494409439500486 -4.5672969799375593 1.0219458707492857
-0.41679834938941535 -4.5550244857116322 1.0369279720560054
-0.48400548664646714 -4.541168866444024 1.0511891204411306
-0.55101659723933816 -4.5256806728911201 1.064676799706642
-0.61779251430196436 -4.5085881257569778 1.0773731052283841
-0.68427526009805639 -4.4898195379747454 1.0892078466508803
-0.75040560907138287 -4.4693336772522647 1.1001228493478528
-0.81613258563527868 -4.4471409936001507 1.1100870513855838
-0.88141178874857073 -4.423279247502987 1.119084728797749
-0.94618800171655437 -4.3977496701955792 1.1270782482884181
-1.0103904787515277 -4.3705180096078049 1.1340059301711296
-1.0739520629884609 -4.3415770295348635 1.139820218478633
-1.1368173059357338 -4.3109576150637894 1.1444971273046742
-1.1989203315394834 -4.2786703185818622 1.1479979829337859
-1.260174207934357 -4.244691959005209 1.1502576939594618
-1.3204838809957855 -4.2090014802548739 1.1512081831429442
-1.3796881457712105 -4.171497065700259 1.1507070273370248
-1.4378018254173863 -4.1323696727067238 1.1488452415794312
-1.4947335032178568 -4.0916335370278878 1.1455744109317103
-1.5504024238544114 -4.04932513737179 1.1408633924677076
-1.6047339467950306 -4.0054931162453116 1.134690974355179
-1.6576371017188543 -3.9601729035785551 1.1270216505801227
-1.7089088053491193 -3.9133092069268782 1.1177162603255393
-1.7584101889856971 -3.8649348277393991 1.10671485855163
-1.8061950758643024 -3.8152394628668409 1.0941398636698807
-1.8521716984369392 -3.7642833589080316 1.0799731346485546
-1.8962458387783532 -3.7121303171979347 1.0641987382208524
-1.9382302815771775 -3.6588036141243783 1.0467334458825672
-1.9779220591007132 -3.6043435376792208 1.0274974503012473
-2.0154098852538356 -3.5489314864966142 1.0066370813692802
-2.0506150281383788 -3.4926573966036067 0.98416680812095503
-2.0834049226674027 -3.4355998543259445 0.96007068341243107
-2.1134670267443596 -3.3778074011713408 0.93423180880744527
-2.141038850094565 -3.319472939970411 0.90688533789363612
-2.1660717210081142 -3.2606980079965289 0.87807717295385324
-2.1883794594715589 -3.2015716663727924 0.84778486156776434
-2.2076848190463769 -3.1421955322903061 0.81595746035431782
-2.2242920094705338 -3.0827115130159322 0.78283934535517796
-2.2382086803140733 -3.0232190064296782 0.74851360671157452
-2.2491050643375523 -2.9638345084258577 0.71293215075623473
-2.2572073174757925 -2.9046535593169462 0.67628321747743581
-2.2626859694861787 -2.8457484242992028 0.63871546464218398
-2.2655822350267378 -2.7871885934465261 0.60032361795700762
-2.2655248187039043 -2.7291110622633026 0.56109781822316085
-2.263062813317211 -2.671488244642735 0.52128594989352506
-2.2583335349779237 -2.6143350035165018 0.48100276816331405
-2.2514405042803882 -2.5576584591172908 0.44035617921401127
-2.2423431091386243 -2.5014823448783825 0.39944759861276602
-2.2315089035188809 -2.4456942097521681 0.35843219493509137
-2.2191320052069319 -2.390225751680183 0.3174187371924504
-2.205407968587052 -2.334992528386854 0.27651478745752689
-2.1904966380372612 -2.2798942280615297 0.23584372836884784
-2.174642372090676 -2.2247926798347408 0.19553462066135638
-2.1573981227083667 -2.1701732860320999 0.15517457212514643
-2.1368257446086947 -2.1176660900449233 0.11359738060188057
-2.112706854357389 -2.0675280247651182 0.071019311883922354
-2.0851440651332047 -2.019701067902294 0.027862460443694167
-2.0540401660104721 -1.9743040095185691 -0.015513516119981047

-3.8406588433169859 -1.9128816198376779 -1.1271057796584041
-3.8040348114314124 -1.9571980227056744 -1.1384886363212829
-3.7665664317011509 -2.0010300823771585 -1.1489627212438616
-3.72827707569816 -2.0443589377306006 -1.1585214146502694
-3.6891693222997821 -2.0871517542418978 -1.167134215728906
-3.6492341820524494 -2.1293645804909858 -1.1747545916072186
-3.608476190411241 -2.1709590572467277 -1.181349314779967
-3.5669196141063102 -2.2119096705992454 -1.1869084145950386
-3.524585413352979 -2.2521872570188921 -1.1914171575002022
-3.4814755521234599 -2.291742941646048 -1.1948327992928778
-3.4375846879319574 -2.3305143979332921 -1.1970971121708747
-3.3929289461984631 -2.3684545064478546 -1.1981786461505755
-3.3475440870145778 -2.4055350089630894 -1.1980747034514259
-3.3014643879395513 -2.4417253369998058 -1.1967802188127445
-3.2547117757834205 -2.4769761074483396 -1.1942670235482957
-3.2073067926981156 -2.5112296059101431 -1.1904997115633509
-3.1592821209098081 -2.5444406562032964 -1.1854618382062641
-3.1106769498906433 -2.5765714933143338 -1.1791480208584368
-3.0615242303194043 -2.6075676668903669 -1.1715356814992461
-3.0118529783058476 -2.6373556597126644 -1.162584720413177
-2.961700900922517 -2.6658685107198723 -1.1522670968578943
-2.9111189168266898 -2.6930656967251716 -1.1405861913041266
-2.8601608795114806 -2.7189131984450245 -1.1275536090098941
-2.8088773631497759 -2.7433599403507736 -1.1131658690901749
-2.7573199266926136 -2.7663454889136174 -1.0974136636910305
-2.7055453679973369 -2.7878217716734146 -1.080302372245
-2.6536131106471754 -2.8077461976228455 -1.0618448066069321
-2.6015834195500909 -2.8260602435694979 -1.0420430008489479
-2.54951988196142 -2.842691827214082 -1.0208920138856106
-2.4974901838583574 -2.8575892780968637 -0.99840738065238077
-2.4455622192045978 -2.8707311118536265 -0.97462996148671777
-2.3938029986807119 -2.8820964759398975 -0.94960204986628527
-2.3422807843914879 -2.8916508626662645 -0.92335794567773699
-2.2910638334150417 -2.8993640422833673 -0.89593700929316622
-2.2402171079570441 -2.9052228966363205 -0.86739118575691676
-2.1898049380912723 -2.9092118191415293 -0.83777230822279203
-2.1398938555887344 -2.9113038797122845 -0.80712792751138962
-2.090545087028453 -2.9114892917417703 -0.7755170863306482
-2.0418043671074764 -2.9097985850900669 -0.74301956956678006
-1.9937045690989834 -2.9062820641589941 -0.70972285301219851
-1.9462735673313121 -2.900983942424967 -0.67570995773422826
-1.8995312518470167 -2.8939507112816463 -0.6410637418276105
-1.8534814149034393 -2.8852487483667661 -0.6058729996160731
-1.8081147246467211 -2.8749533737844151 -0.57022756971996125
-1.763413552708776 -2.8631364511148631 -0.53421480090177953
-1.7193463131738638 -2.8498784571452789 -0.49792307957749893
-1.6758569425235155 -2.8352892067773046 -0.46144499302308306
-1.6328692908214204 -2.8194988183487961 -0.42487202673747726
-1.5902929016094123 -2.8026398608876306 -0.38829450877348431
-1.5480614100148531 -2.7848106557024987 -0.35177714285199452
-1.5059568256942073 -2.7662419504607816 -0.31548177828616913
-1.4644807348351281 -2.7465237425440936 -0.27907711880055625
-1.4251410364802053 -2.7244629882580993 -0.24166623446711369
-1.3879289037211562 -2.7001490215875648 -0.20347605322989401
-1.3526580978312723 -2.6737162174481051 -0.16485835365862661
-1.3195549619274769 -2.6450855936262436 -0.12588623672865354
-1.2883825377207849 -2.6144567190249552 -0.086842414196690476
-1.2593382614168789 -2.5817283564090516 -0.047861580861006468
-1.2324135441396509 -2.5469336672096463 -0.0091489857536942651
-1.207532749212566 -2.5101617556180953 0.029101110721424364
-1.1846944718015231 -2.4714542215247515 0.066709816425869373
-1.1638161427747926 -2.4308985436434205 0.10350266691646226
-1.1447461780554773 -2.3886612679411989 0.13937407641222815
-1.1274437822539984 -2.3448010192530644 0.17417796609680988
-1.1118514611411625 -2.2994124790662762 0.20781155418571021
-1.0979466098960258 -2.2525293131243367 0.24010634594418431
-1.0857649614289595 -2.2041643189509781 0.27087745586572526
-1.0751547044816485 -2.1544523054594196 0.30004059229532065
-1.0660991386519567 -2.1034446861291984 0.32743896011866075
-1.0584355232431306 -2.0512825623183915 0.35302717662562855
-1.0521524421281367 -1.9980081763888671 0.37662393099795954
-1.0470518624616172 -1.9437919171876645 0.39828202100083399
-1.0430744801697647 -1.8887143009439542 0.41790533322594497
-1.0401192836043152 -1.8328706367370362 0.43543534853163779
-1.0381021031677831 -1.7763583129870439 0.45081867694330185
-1.0369682430311431 -1.7192292326617464 0.46383895758142557
-1.0365779721849602 -1.661612768722837 0.47453853290866971
-1.036851365602014 -1.603578683176484 0.48269569217258201
-1.037616214181472 -1.545268984500648 0.48850072372863124
-1.0387852933643735 -1.4867629953809898 0.49170361242883837
-1.0401962302945857 -1.4281825211430157 0.49250081896049785
-1.0417383745151128 -1.3696267199637175 0.49065391459284458
-1.0432537533015129 -1.3111990554642092 0.48638485301308632
-1.0446043069281861 -1.2530193080994518 0.47946927457818694
-1.0456576063177596 -1.1951490627927361 0.47028033183535523
-1.0466337329269439 -1.1375048735606825 0.4597369120728233
-1.047853968877219 -1.0798467865679533 0.44929506124517754
-1.0492224932097087 -1.0222446286113676 0.43856692597290703
-1.050736675219381 -0.96469385690889498 0.42758559475394287
-1.0523698336078455 -0.90720907828249486 0.41628055324367158
-1.0541026454857618 -0.84979974101893918 0.40461289312673743
-1.0559149958299217 -0.79247577123199486 0.3925445556268139
-1.0577872935655157 -0.73524469378002155 0.3800519904750746
-1.0597003888574197 -0.67811115791172938 0.36712663079726937
-1.0616366185807129 -0.62107775580290092 0.35376967828251793
-1.0635801718022853 -0.56414612315101709 0.33998641651167821
-1.0655168103317814 -0.5073176272079627 0.32578295093255316
-1.0674335525805445 -0.45059266874814874 0.31116881569071775
-1.0693186836165161 -0.39396983554490239 0.29615981749463099
-1.0711620525861316 -0.33744530029712705 0.28077965189930637
-1.0729546703586867 -0.28101413504093864 0.26505443730163147
-1.0746884709907598 -0.22467056594763485 0.24901168640088081
-1.076355841459024 -0.16840854898847793 0.23267827430329488
-1.0779500229847436 -0.11222112699285122 0.21608283665847122
-1.079465939489046 -0.056099759483589126 0.19925809775588732
-1.0809005707699249 -3.4480978460403231e-05 0.18224030071718109
-1.0822527897994831 0.05598547866330579 0.16506719063776748
-1.0835221776994566 0.11197075815710794 0.14777505465615084
-1.0847082006003543 0.16793151791397756 0.1303978267636047
-1.0858100411792799 0.22387757040908138 0.11296777268769949
-1.0868272315983343 0.27981867500157614 0.095516701483992106
-1.0877607136190934 0.33576448219934529 0.07807603122908259
-1.0886134730563204 0.3917241810356239 0.060675845607158621
-1.0893902518699832 0.44770612425220019 0.043343796002464977
-1.0900967097854835 0.50371772032607998 0.026104800073308797
-1.0907387795273094 0.5597656590926352 0.0089818079355002897
-1.091322745344355 0.61585596234884132 -0.0080039795747480491
-1.0918556580258703 0.67199376060912652 -0.024833813492278575
-1.0923459269620486 0.72818267727005792 -0.041493485725307921
-1.0928030383340761 0.78442487434397146 -0.057973338793923183
-1.0932373462819684 0.84072124664045833 -0.074267785442070133
-1.0936599305222303 0.8970719122140679 -0.090373778617381106
-1.0940828115858798 0.95347630988996879 -0.10629056982437121
-1.0945192347798909 1.0099324963797263 -0.12202231885549072
-1.0949832982821979 1.0664365371686644 -0.13758052611992191
-1.0954900504396612 1.1229816670166759 -0.1529874086225618
-1.0960566359023372 1.1795576180825738 -0.16827864008895568
-1.0966952510876167 1.2361576023366416 -0.18347782729488712
-1.0974261995453338 1.2927688699898079 -0.19863076451280731
-1.0982396518577333 1.3493993235718642 -0.21370760914602047
-1.0991761889947831 1.406028029146059 -0.22878367585076545
-1.0998762954099175 1.4629667326900455 -0.24263981974663379
-1.1000332464067468 1.5205092000154605 -0.2537296541629907
-1.0998705432940352 1.5784818760326276 -0.26232142769891603
-1.0995993530676786 1.6367388341198414 -0.2686778748166877
-1.0993116729843435 1.6952191434710309 -0.27249169716459865
-1.0991921732409569 1.7538051159671415 -0.2739151968082511
-1.0994041672671855 1.8123922581521474 -0.272554598854927
-1.100082673085095 1.8708722473113686 -0.2687809012546043
-1.101332130306433 1.9291587000015185 -0.26282143973297234
-1.1033329063383241 1.9871116659597701 -0.25433720888071859
-1.1061337334298686 2.0446961327633471 -0.24381701940837014
-1.1099018944226007 2.1017516057716596 -0.23097375224622516
-1.1147318661279044 2.1582310542699332 -0.21610113173674311
-1.1208273966722873 2.2139556057103356 -0.19901129502652035
-1.1281673286916221 2.2689177484365413 -0.1800444532234379
-1.1370957845478111 2.3228875036378995 -0.15902286398007365
-1.1474645833676276 2.375901095679402 -0.13629500106278425
-1.1595257338394132 2.427791585640275 -0.11187634125469793
-1.1731975737812244 2.4785581190432642 -0.085984893579329355
-1.1886732166143499 2.5280508742313099 -0.058684833095263018
-1.2059582692232633 2.5762176961178085 -0.030124482070864874
-1.2251570338953106 2.6229595368568908 -0.0004445934825381317
-1.2462986365807855 2.6682054492986698 0.030220584891653419
-1.2694506941968009 2.7118726991165971 0.061706098882823412
-1.2947268250441875 2.7538290189864623 0.093882163454549639
-1.3220276486604492 2.7941108078336505 0.12653403385746553
-1.351636003553778 2.8324462406403392 0.15952214783533156
-1.3832294819501798 2.8690455364395162 0.192634009711765
-1.4172777323563532 2.9034680264341852 0.22565258505441374
-1.4531976196255612 2.936136755020017 0.25846300248843451
-1.4917726090509518 2.9663376427508013 0.29062055047608848
-1.5321114639019191 2.9947554481398924 0.32223228839593826
-1.5750032895944999 3.0206170528677716 0.35265395832094043
-1.6196044805391143 3.04460762297406 0.38214279469533224
-1.6655509852447816 3.0669227314958825 0.41087945407341664
-1.7115225769604643 3.0887121696616564 0.43997887910857442
-1.7577794867433469 3.1096957874090734 0.46921737987719248
-1.8043700661523787 3.1297865973075782 0.4985529064462651
-1.8513871512486682 3.1488508675387301 0.52789251744886234
-1.8988993122268798 3.1667703709784591 0.55715549419018806
-1.9469729949771104 3.1834145762413555 0.5862534475186606
-1.9956606582724346 3.1986556492759877 0.61509758729943387
-2.0449934039336406 3.2123882190102746 0.64360075372445691
-2.0949807290389306 3.2245325255231325 0.67168084860190647
-2.1456205316040196 3.235013837171056 0.69925680781982946
-2.1969024027804074 3.2437547308175394 0.72624605316494084
-2.2488027526481043 3.25068935941135 0.75256895027742199
-2.3012852588051538 3.2557666600554556 0.77815053175680171
-2.3543070619142634 3.258933913866481 0.80291425844701647
-2.4078186323906037 3.2601360092438472 0.82678118329941053
-2.4617573672103776 3.2593455111879703 0.84968411823336409
-2.5160500315188807 3.2565708886853884 0.87157401296700232
-2.570621417550921 3.2518277620255849 0.8924072745994599
-2.6253967215935594 3.2451227753751182 0.91213703185047801
-2.680299331756189 3.2364688868156439 0.93072115724772775
-2.7352515015114696 3.2258939715669848 0.94812779198118413
-2.7901758534619909 3.2134222452177816 0.96432440542160291
-2.8449942717610774 3.1990694315569588 0.97927409520274733
-2.89962922205354 3.1828672778765008 0.9929517300974785
-2.9540084249174838 3.1648771072600641 1.0053549087683784
-3.0080650064397481 3.14516634670351 1.016488987924502
-3.0617320052358306 3.1237826029731153 1.0263475857892277
-3.1149441989493321 3.1007716802506144 1.0349250213995078
-3.1676424990187719 3.0761913765520261 1.0422273463716487
-3.2197715845943069 3.0501000808831096 1.0482636732662702
-3.271272490584884 3.0225399661245906 1.0530315226310674
-3.3220868936134984 2.9935518799915029 1.0565286269262357
-3.3721700508378234 2.9631990401337056 1.0587746934347149
-3.4214912107258284 2.9315598207216431 1.0598067428561877
-3.4700177504156065 2.8986988594497203 1.0596523695938902
-3.5177087849797255 2.8646621801583945 1.0583234477820709
-3.5645278890995904 2.8294983881308737 1.0558361694022169
-3.6104523620489992 2.79326854288691 1.0522218811440054
-3.6554602789135662 2.7560286778724046 1.0475093383170011
-3.6995181302594444 2.717818494915011 1.0417114299765697
-3.7425859866193467 2.6786702144653938 1.0348334984477099
-3.7846495259361137 2.63863786795496 1.0269075239134187
-3.825717695468279 2.5977896368912083 1.0179857754037061
-3.8657920998637394 2.5561811056371959 1.0081089709375735
-3.9048522997880752 2.5138475552392441 0.9972945850020124
-3.9428748460550218 2.4708208941927636 0.98555675309333601
-3.9798599464627378 2.427146537130171 0.97292934196996683
-4.0158202213591849 2.3828735995140744 0.95945433154812665
-4.0507523013269617 2.3380384828047309 0.94515839886188735
-4.0846295210735768 2.2926638793441692 0.93004922424705205
-4.1174285164184168 2.2467743031444884 0.91413740582954983
-4.1491644601887492 2.2004109123329632 0.89746122156813857
-4.1798767628189148 2.1536213166308404 0.8800735287052277
-4.2095830674560597 2.1064400606247622 0.86200939109427499
-4.2382673563800211 2.0588871017734558 0.84328045383568351
-4.2659119456683872 2.0109817419985472 0.82389745512590107
-4.2925321910119054 1.9627533539665445 0.80389132057314117
-4.3181622616430948 1.9142345025672538 0.78330272147651758
-4.3428178783094786 1.8654497759696862 0.76215980680916551
-4.3664854672734164 1.8164148457816738 0.74047362334424338
-4.3891453797447459 1.7671440242968195 0.71825236450524488
-4.4108090238989064 1.7176583735674271 0.69552055255577527
-4.4315172864858097 1.667983168263437 0.67231641236761608
-4.4513042961296234 1.6181397798622406 0.64867309264626893
-4.4701719898953325 1.56814226120866 0.62460752823178189
-4.4880996120724346 1.5180007673090403 0.6001264635053466
-4.505085398468994 1.4677284233904853 0.57524531818931912
-4.5211673502842169 1.4173425845210792 0.54999568017559874
-4.5363781168763229 1.3668579974078026 0.52440565126880789
-4.5507223373044114 1.3162850910242712 0.49849168164710389
-4.5641834768952894 1.2656320023940795 0.47226250708995793
-4.5767545683456943 1.2149078219217533 0.4457307400439236
-4.5884597096944422 1.1641234656066153 0.41891926908720589
-4.5993365200480287 1.1132893724303059 0.39185430470658533
-4.6094059774934735 1.0624136973913214 0.3645560332332502
-4.6186619605101464 1.0115026795548672 0.33703664473574613
-4.6270869231633593 0.96056216819507134 0.30930569394164503
-4.6346911420181804 0.90959890854900283 0.28137994888157519
-4.6415098044079333 0.85861937760433493 0.25328147548640328
-4.6475657820334861 0.80762873396016144 0.22502883244178906
-4.6528546287236683 0.75663129130148976 0.19663483408214727
-4.657356665181708 0.70563134466267985 0.16811000439615992
-4.6610709429284807 0.65463336574905229 0.13946840656756804
-4.6640251108140465 0.60364120916306052 0.11072804532239554
-4.6662455415803619 0.55265790673360005 0.081905996606249018
-4.667738604690598 0.50168621250944534 0.053016650570238057
-4.6684925199688312 0.45072911824877848 0.024072879504227419
-4.6684988969600845 0.39978967344899752 -0.0049117503339021762
-4.66777146911119 0.34887025422707113 -0.033922476779822686
-4.6663305622994597 0.29797256934862071 -0.062944715450241301
-4.6641841785453355 0.2470983075358904 -0.091964410343533948
-4.6613219649105506 0.19624976309072037 -0.12096736753303565
-4.6577286471842116 0.14542961256858339 -0.14993869159233889
-4.6534092030587511 0.09463986817351383 -0.17886416879762548
-4.6483826218150615 0.043881677001252666 -0.20773077455241176
-4.6426619143473067 -0.0068439043915736793 -0.23652539331591174
-4.636242752232187 -0.057535015451230402 -0.26523332014880735
-4.6291077476218137 -0.10818891382844484 -0.29383772723438267
-4.6212550281479929 -0.15880334396021298 -0.32232373476166709
-4.6126977509708045 -0.20937693477007926 -0.35067907400918508
-4.6034478394192755 -0.25990847415613993 -0.37889153155257121
-4.5934981204816863 -0.31039548825959323 -0.40694509148070618
-4.5828262427994479 -0.36083413631922562 -0.43481960109785911
-4.5714216031006254 -0.41122077238455318 -0.4624973016408428
-4.5592954118551052 -0.46155314142715981 -0.48996627307679208
-4.5464646556313566 -0.511829635633266 -0.51721663915408744
-4.5329282230766275 -0.56204715471894084 -0.54423330431056294
-4.5186645006367625 -0.61220042230684824 -0.57099384185553914
-4.503656525278867 -0.66228377205092737 -0.59747679961318656
-4.4879085607970799 -0.71229308687077808 -0.62366840313885752
-4.4714355325692141 -0.76222537127388712 -0.64955926412259635
-4.4542384737419205 -0.81207606801096188 -0.67513458686462746
-4.4362953705389367 -0.86183741190566732 -0.70036901954732456
-4.4175794749184609 -0.91149995754587443 -0.72523395072288688
-4.3980843807415662 -0.96105590735857693 -0.74970980912287066
-4.3778253754317511 -1.0105002113733428 -0.77378788969023404
-4.3568163419340058 -1.0598277447839908 -0.79745927236985625
-4.335046401634127 -1.1090291368302472 -0.82070163040426514
-4.3124852847257138 -1.1580905653520173 -0.84348054901641123
-4.2891166761564863 -1.2069991623412824 -0.8657687167958571
-4.2649523567502587 -1.2557467452104958 -0.88755556465485963
-4.2400097392771654 -1.3043264068952802 -0.90883440752426048
-4.2142803441095467 -1.3527252373500487 -0.92958175002980614
-4.1877319764112988 -1.4009232438371886 -0.94975667035908939
-4.1603398593073528 -1.4489000126577158 -0.96932160776161402
-4.1321079710391073 -1.4966412944029295 -0.98825881615231514
-4.1030573838075002 -1.5441375109448161 -1.0065635024406974
-4.0731967158391535 -1.5913753556738879 -1.0242216664335702
-4.0425095527826853 -1.638332333462053 -1.0411985658508447
-4.0109691935464431 -1.6849799139389765 -1.0574489432187237
-3.9785749401013777 -1.7312967984737897 -1.0729481018327374
-3.9453479963898341 -1.7772696403629749 -1.0876904271453589
-3.91129930894353 -1.8228807031314538 -1.1016611180002287
-3.8764122887087575 -1.8680983219838239 -1.1148182753557978

-1.6202576297976909 3.922775826633893 -1.1287604359083481
-1.6658890399468151 3.8822222901563053 -1.1171242841732798
-1.710270414590896 3.8407693072139155 -1.1039274347238313
-1.7533419824042811 3.7984676291620931 -1.0891757260605577
-1.7950291944008314 3.7553609309083518 -1.0728607849540686
-1.8352537107331111 3.7114946104839004 -1.0549747237776921
-1.8739476539813049 3.6669226417968273 -1.0355250662782913
-1.9110398382444294 3.6216998946198036 -1.0145196204533879
-1.9464415166869091 3.575877867518396 -0.99195425998175923
-1.980067568729015 3.5295137575445739 -0.96783416056872273
-2.0118619442193073 3.482675582115673 -0.94219378597901005
-2.0417828708140253 3.4354341782618185 -0.9150807984212842
-2.0697804495492309 3.3878574191071147 -0.88653769195905729
-2.0958014121299469 3.3400121663893088 -0.85660669614609097
-2.1198110385039475 3.2919666720155796 -0.82534494096996869
-2.1417765058706268 3.2437872204176506 -0.79281205999967763
-2.1616559455615083 3.1955377164436127 -0.75906414056342242
-2.1794274964154319 3.14728035369864 -0.72417083097645363
-2.1951116986173798 3.0990722656413374 -0.68822421315826732
-2.2087499805661648 3.0509622909240797 -0.65132395884940197
-2.2203778116201085 3.0029913343761723 -0.61356408918552552
-2.2300412179367251 2.955191247667321 -0.57504100070263064
-2.2378077628912112 2.9075825160150779 -0.5358570471705657
-2.2437519880604699 2.8601744645386522 -0.49611454163896407
-2.2479487565610192 2.8129656678878092 -0.45591414142364839
-2.2504967133060365 2.7659405980825529 -0.41536114347087943
-2.2515299932208994 2.7190674547662259 -0.37456557104345406
-2.2511984631491568 2.6722996538992572 -0.33363715185374909
-2.249647735972546 2.6255785475757878 -0.29268299036523643
-2.2470012057642026 2.5788536984925345 -0.25178931885324135
-2.2434945643772783 2.5319833816299049 -0.21112696935929626
-2.2390024905445709 2.4851164311825333 -0.17056292619237345
-2.2320969262273809 2.4395269829338662 -0.12890022584760089
-2.2223741847101426 2.3955788029393044 -0.086060845998301147
-2.2095182893156209 2.3535128295393282 -0.042164012888949338
-2.1938247947905576 2.3131084065491625 0.0023633981631594313
-2.1751442582697336 2.2744873168386719 0.047320969984130351
-2.1535710768292864 2.237587070426474 0.092426769754757832
-2.1291174996046189 2.2023892437857997 0.13742619673709444
-2.1018750155329418 2.1688290988485508 0.18207124067655062
-2.0718920263902141 2.1368746128906619 0.22613727483661164
-2.0392370200067478 2.106470198757088 0.26939042425558207
-2.004023118250942 2.0775439798710456 0.31164250129861792
-1.9663058194493854 2.0500461173063602 0.35266501298671743
-1.9262037048777561 2.0239064011013665 0.39229548587029328
-1.8838250693207141 1.9990433060221744 0.43034135295072973
-1.839273242716249 1.9754028804639323 0.46664972066937682
-1.7926726009875518 1.9528914779547453 0.50104868557789384
-1.7441540342090003 1.9314268835030279 0.53340991635021096
-1.6939273136289228 1.9108865378958759 0.56369556492048278
-1.6420750674296298 1.8911921268133629 0.59172143656364995
-1.5888245712403901 1.8722593878052922 0.61756498175741681
-1.5340607606401691 1.8541018356889696 0.64065139525291337
-1.4782882296658382 1.8364846632154732 0.6616553705484457
-1.4211995642371649 1.8195085960077984 0.67938207444673127
-1.3633483894836775 1.8029216003879689 0.69487818566251713
-1.3045794256413208 1.786730794029159 0.7069551760139664
-1.2453046389295623 1.7707610875781097 0.71661093413081001
-1.1855398498941898 1.7549377019995265 0.72292643919359667
-1.1255586590906923 1.7391670647065527 0.72682490172171277
-1.0654622071835314 1.7233544935811687 0.72760179621809451
-1.0054423583752468 1.7074036525790524 0.7255101060129846
-0.94568772195400275 1.6911841990249625 0.72016755399766919
-0.88638889831704037 1.6745731225021783 0.71185616270104679
-0.82766823902326714 1.6575219709172786 0.70074864175075258
-0.76961402305997262 1.6400215708386732 0.6871286748123353
-0.71173394136158019 1.6224919309754184 0.67280360639625403
-0.65393421690750397 1.6049982174457251 0.65811601638695916
-0.59628735071216155 1.5874833453239845 0.64286277910220835
-0.53880671576075267 1.5699292511155996 0.62703840676858347
-0.48151700257810143 1.5523085258742753 0.61060738705897954
-0.42443732483497193 1.5345970120002395 0.59355484240042589
-0.36758562740170297 1.5167716774004889 0.57587104419984736
-0.31097935792433107 1.4988098777033572 0.5575495498204216
-0.25463400006896303 1.4806898759418214 0.53859067295613949
-0.19856114997902657 1.462391786894228 0.51900524601490949
-0.14276935238336874 1.4438969409537386 0.49881142061516998
-0.087266214706787512 1.4251862870310721 0.4780294861298191
-0.032057948022002319 1.4062405307838479 0.45668275769745614
0.02285399002267487 1.3870427255056506 0.43480346756977001
0.077475773306302509 1.3675810187873325 0.41243637440871461
0.13181954966312265 1.3478477624222218 0.38963416000723577
0.18589930801185642 1.3278359911694568 0.36645009809459694
0.2397279547012692 1.307536416816433 0.3429341727142397
0.29331759613352859 1.2869373847812151 0.31913444552219544
0.34668214830046479 1.2660278548370403 0.29510082356429695
0.39983870345902839 1.2447995979054904 0.27088631107544631
0.45280761163845656 1.2232482020081723 0.24654633112634508
0.50561024790096465 1.201370233317574 0.22213650384831402
0.55826771798629848 1.1791609964195755 0.19771224244860658
0.61080103771063443 1.1566148104357949 0.17332939186738969
0.66323208294759251 1.1337278091651359 0.14904413714224021
0.71558374059300578 1.1104998998189839 0.12491178895293267
0.76787946696948128 1.0869359269146579 0.10098487832395528
0.82014201616417781 1.0630416175726414 0.077314494662417022
0.87239317617003531 1.0388209644150772 0.053952714551959123
0.92465400043794566 1.0142754744662514 0.030954490747942282
0.97694498127235574 0.98940726257282496 0.0083754118850990697
1.0292853681554122 0.96422375834349594 -0.013734798595562838
1.0816921633509651 0.9387394350628826 -0.035337145811853057
1.1341797965997631 0.91297372851311054 -0.056402746914424963
1.1867607859323321 0.88694735840815908 -0.07690760143948458
1.2394461028477632 0.86068157849211302 -0.096831118679707243
1.292244816336569 0.83419957388769428 -0.11615932539978184
1.3451632600695482 0.8075282343343233 -0.13489056992745199
1.3982052839802004 0.78069748981696452 -0.15303550523533768
1.4513733830020392 0.75373904475140152 -0.17061339385347524
1.5046690296716567 0.72668709171043033 -0.18765323737392894
1.5580915062028613 0.69958031757420636 -0.20420187754723915
1.6116368223064172 0.6724616459741648 -0.22032881717420677
1.6652972323398592 0.64537599696720027 -0.23612550170312854
1.7190604650975168 0.61838505076318717 -0.2517336732100468
1.7729401526265485 0.59145167744128091 -0.26703535119528987
1.8271244950266332 0.56412831180783329 -0.28042542318695068
1.8816772523762073 0.53628321529877476 -0.29094456208320596
1.9365500379385912 0.50817094383648409 -0.29873022723069387
1.9917190893412813 0.47999485623493915 -0.30367360407708421
2.0471318224976791 0.45195278740259287 -0.30592206363170127
2.1027650933430677 0.42426774935546863 -0.3052816557279569
2.1585593266203591 0.3970961462539061 -0.30201541407163335
2.2144776786118574 0.37068086327111072 -0.29590598059086076
2.2704662909187072 0.345143037825065 -0.28724411446148324
2.3264746314211475 0.32072367571093918 -0.27589738387865775
2.3824539371848243 0.29753807675406352 -0.26209028295902376
2.4383453327880829 0.27580576819832625 -0.24578472269149482
2.4940995072049357 0.25564342327624323 -0.22716234416642134
2.5496541429472477 0.23723234232708734 -0.20626364900360894
2.6049588693015799 0.22071364023268683 -0.18323525460163742
2.6599418324546802 0.20626334408510047 -0.15813442991501978
2.7145597488142759 0.19402276161441045 -0.13113681788757503
2.7687477440794321 0.18397883909434307 -0.10241724398574935
2.8224667044872094 0.17629484232005585 -0.072134012185073426
2.8756346752610278 0.17107488561551643 -0.040387070529786365
2.9282094802055556 0.16835532830670027 -0.0073659618875768999
2.980109804974854 0.16830737272943255 0.026813023852985975
3.0312674310060248 0.17104275872256414 0.061987255027574663
3.0816053118658919 0.17675842194686275 0.09797563102860446
3.1310548423424529 0.18551679864810675 0.13457878133004575
3.1795786610973771 0.1973439755040606 0.17155539881725554
3.2270886384654469 0.21229503439217531 0.20871753584675701
3.2735823762992857 0.23033086224611218 0.24579387047617651
3.3189249580672455 0.2515890283117041 0.28258962611573613
3.3631478441075857 0.27584798818143025 0.31888504888657909
3.4061645332076669 0.30304619433451785 0.35454914119723885
3.4483855908517995 0.33149257802192222 0.39019667508026679
3.4899843607883523 0.36046493195972779 0.42615023526123114
3.5308280918305255 0.39031073784743708 0.46225439296884957
3.5708297236671229 0.42118536971198345 0.49843539714840107
3.6098844074888294 0.45327873982758421 0.53458977806831054
3.6478933884383569 0.48673864824671659 0.57061881856007624
3.6847508891827001 0.52169628668706514 0.60642066698195685
3.7203465304559344 0.55826160267488534 0.64189120503692076
3.7545849482836777 0.59650197303866148 0.67692831308583912
3.7873940332134963 0.6364378587819699 0.7114371172702838
3.8187055385395987 0.67807105436985571 0.74532528925834929
3.8484465281571021 0.72139631857166064 0.77849923698174417
3.8765531112937084 0.76638810677881342 0.81086988008291205
3.9029717628407918 0.8130023713123381 0.84235399199831495
3.9276430138854872 0.8611937978855897 0.87286593494116549
3.9505076255855656 0.91090979426557317 0.90232064659126887
3.9715361217324117 0.96206849145022943 0.9306517295909118
3.9907244999884286 1.0145685589218858 0.95781094379150122
4.0080650064451095 1.0683135126226848 0.98375057905270546
4.023542991090344 1.1232124576760949 1.0084208203055156
4.0371553201366428 1.1791683026090505 1.0317819671819388
4.0489054678263239 1.2360821301146123 1.0538013225603657
4.0587848757333935 1.2938623932557216 1.0744395995874807
4.0667869127329981 1.3524168509496866 1.0936607067499864
4.0729352020311476 1.4116430568537555 1.1114536215283595
4.0772700932104531 1.4714377427517553 1.1278230658662547
4.0798185457516745 1.5317069689055103 1.1427659619140991
4.0805964056631234 1.5923629057583799 1.1562724622280069
4.0796348511784304 1.6533175486348417 1.168347131615888
4.0769670356089636 1.7144865141709071 1.1789981850379543
4.0726121549204661 1.77579009092354 1.1882238825359601
4.0665837111392049 1.8371505830686046 1.1960189808016741
4.0589224739330936 1.8984921586118977 1.2024030202985092
4.049690576166582 1.9597449511341984 1.2074159881943305
4.0389339249477896 2.0208440579626821 1.2110856206152965
4.0266783373490629 2.0817260284714019 1.2134232870203927
4.0129580487281089 2.1423312740357798 1.2144489224148094
3.9978229377526899 2.2026071120408157 1.2141977565627875
3.9813124445586103 2.2625025847785452 1.2126968697083105
3.9634430269992977 2.3219624203989837 1.2099532882616231
3.9442384710597631 2.380934750463453 1.2059813226903837
3.9237573247329367 2.439384050527003 1.2008282423810963
3.9020661286930656 2.49728436686694 1.1945500936936624
3.8792039633207498 2.5546023776220448 1.1871785029991959
3.8551895335485278 2.6112967291992581 1.178726654536107
3.8300566814695567 2.6673359979998437 1.1692224153320465
3.8038596015860859 2.7227046240626631 1.1587136435598959
3.7766397016435356 2.7773834570063478 1.1472370144884123
3.7484106309304122 2.8313365157602699 1.1348034321136602
3.7191823910996464 2.8845250401667366 1.1214205547148783
3.6890002347653952 2.9369392067494537 1.1071299321850481
3.6579280038266075 2.9885899348930107 1.0919916823562896
3.6260081745866737 3.0394753372420609 1.0760463499252548
3.5932529162907194 3.0895683083419021 1.0593060479791467
3.559675943794145 3.1388434236080247 1.041784498984573
3.5253181275870791 3.1873045159134952 1.0235216057692877
3.4902253544491217 3.2349651521609353 1.0045626632881763
3.4544222446889532 3.2818192336195033 0.98493328175188677
3.4179135098891313 3.3278387140850407 0.96464052311423054
3.3807105067271928 3.3730031202618558 0.94369786300526004
3.3428509934452277 3.4173266354375689 0.92214376938204357
3.3043816922153875 3.460839859841554 0.90002548894356582
3.2653272021316924 3.503548017022001 0.87737006361611303
3.2256906174846782 3.54542764456433 0.85418510666909531
3.1854809793608734 3.5864634351611198 0.83048369457571269
3.1447299678820291 3.6266753846373536 0.80629951741688577
3.1034714046113581 3.6660907295325669 0.78166847787315319
3.061720328167747 3.7047100043545864 0.75661005327921427
3.0194776070529024 3.7425111287959867 0.73113163389753966
2.9767505655076723 3.7794824439925176 0.70524635878092279
2.9335642214917725 3.8156442581163912 0.67898235675321272
2.8899478270794123 3.8510278716864064 0.65237123411835685
2.8459172640239148 3.885643261178549 0.62543377431995706
2.8014736774041991 3.9194737808328726 0.59817937208478544
2.7566200571712711 3.9525058696223829 0.57061898093906138
2.7113756264978597 3.9847586743639436 0.54277573115968081
2.6657648340478266 4.0162648845601643 0.51467648715700354
2.6197970676015636 4.0470286676159697 0.48633734632547376
2.5734684715527951 4.0770267314665691 0.4577659222624938
2.5267801089485045 4.1062453419001583 0.42897321730475568
2.4797486920657432 4.1347056609908197 0.39997988278899582
2.432394518635419 4.1624395783111909 0.37080843682648118
2.3847263810680754 4.1894550529391337 0.34147461189071404
2.3367419493977173 4.2157348263483332 0.31198857942483538
2.2884414466860066 4.2412669501047402 0.28236205709030671
2.2398364281898164 4.2660668981078054 0.25261179598892125
2.1909409777579083 4.290158136059234 0.22275524815984357
2.1417607559022653 4.313544971259792 0.19280651046616745
2.0922927004218836 4.3362100258413285 0.16277704493645931
2.0425345818944205 4.3581371979167578 0.13267902739896237
1.9924945146384569 4.3793367579287024 0.10252714672752725
1.942185938045597 4.3998343080040065 0.072336643462302314
1.8916149516128824 4.4196376440201375 0.04212122342853359
1.8407786999031401 4.438730803047938 0.011893890133604174
1.7896735966425439 4.4570947327635011 -0.018331907999292997
1.7383059151399336 4.474736769539585 -0.048542617370584608
1.6866869805612683 4.4916794819886086 -0.078725385486211163
1.6348203990086649 4.5079247821152846 -0.10886698433916039
1.5827011000723268 4.5234495536504573 -0.1389522590689348
1.5303252224248551 4.5382323232434425 -0.16896558356183708
1.4776989254856163 4.5522799671583751 -0.19889386625939923
1.4248329551141552 4.5656140559744163 -0.22872603684961304
1.371730979159751 4.5782356587103061 -0.25844876853533905
1.3183883869725224 4.5901198925995512 -0.28804427644717834
1.264802828773814 4.6012465621812089 -0.31749499255274161
1.210980385601292 4.6116208753906074 -0.34678800217663358
1.1569299646514497 4.6212578173217027 -0.37591263470153907
1.1026540419509672 4.6301516031237471 -0.40485368427592744
1.0481484811853843 4.6382726721280862 -0.43358948918071932
0.99341099625845763 4.6455944452363633 -0.46209827994870656
0.93844870766694555 4.6521210887629785 -0.49036670438245367
0.88327202511606107 4.6578691003784289 -0.51838544686875365
0.82788618318970286 4.6628364829184852 -0.54613947759708581
0.77229012359880578 4.6669952917448088 -0.57360451712250227
0.71648280629691241 4.670313067201155 -0.60075370351226609
0.66047222209672118 4.6727902112917743 -0.62757202681015922
0.60427037813543305 4.6744444149555422 -0.65405149596572043
0.54788379888214289 4.6752697441011506 -0.68017455144164385
0.49131263672501219 4.6752269787030647 -0.70590843512594859
0.43455835952913285 4.6742743875325976 -0.73121791731533403
0.37763133766892903 4.6724084883452033 -0.75608478355185349
0.32054676701298634 4.6696522027977885 -0.7805037303901019
0.26331591694563022 4.6660073938296387 -0.8044593430062188
0.20594546656507534 4.6614422105037221 -0.82791797933951616
0.14844320987412449 4.6559193861118864 -0.85084173542465624
0.090822694506432891 4.6494333033911346 -0.87320952709697286
0.033100149132863008 4.6419988721134029 -0.89501204507902032
-0.024710053570135039 4.633612409278161 -0.91622886938886083
-0.082595178275326656 4.6242353655768662 -0.93681709324546181
-0.14054030213366361 4.6138200874843562 -0.95672605689990076
-0.19852595570355225 4.6023600634189421 -0.97593063254365486
-0.25653139608991293 4.5898792047369952 -0.99442613358957355
-0.31453640740804167 4.5763802280557169 -1.0121934199766718
-0.37251916171872501 4.561832949739423 -1.0291888123703197
-0.43045495884719087 4.5462063387149518 -1.0453662661023253
-0.48831847930641753 4.529500632936216 -1.0607022101416521
-0.54608466275035705 4.5117284410157916 -1.0751823292042362
-0.6037251056444628 4.4928778885619902 -1.0887719925734496
-0.66120526206270724 4.4729118376168708 -1.1014136928618663
-0.71848776332642095 4.4518024669935619 -1.1130552401571618
-0.77553954347559428 4.4295607950213931 -1.1236769263912254
-0.83232925804217439 4.4062079742519336 -1.1332680134904212
-0.88881867673287851 4.3817407746077564 -1.1417945904085476
-0.94496208639059842 4.3561404975677691 -1.1492060271018332
-1.0007144154292151 4.3294028775819049 -1.1554637044346985
-1.0560358266866423 4.3015451419076518 -1.1605495336377951
-1.1108806363449388 4.2725740223245463 -1.1644334397784295
-1.165189378621079 4.2424740479829959 -1.1670588609647921
-1.2188980748121565 4.2112333120831247 -1.1683695695356868
-1.2719537820586866 4.1788695151775102 -1.1683408865791234
-1.3243102504372455 4.1454146755183787 -1.1669644639746948
-1.375911005833705 4.1108877487861601 -1.1642150384166701
-1.4266875463751418 4.0752970770482557 -1.1600513881221284
-1.4765752350062813 4.0386628025356162 -1.1544452130380807
-1.5255153836979072 4.0010164576271707 -1.1473821224820433
-1.5734386168795138 3.9623826056520643 -1.1388356811771296
