-2.019768475145439 -1.9310649954897121 -0.058724573470211233
-1.9862757917214899 -1.8943513495139881 -0.096928908253797477
-1.950033368726843 -1.8590117251070559 -0.13485206041592659
-1.911098124734814 -1.8251112097790121 -0.1721908267299419
-1.8701899115219549 -1.793305346344839 -0.20800765630293749
-1.8265628739555999 -1.762797506534078 -0.2428785491600777
-1.7803791933022339 -1.7336781721275429 -0.27643298348065809
-1.7325357950243061 -1.70615907371144 -0.30811740173329538
-1.683575369453775 -1.680350026324082 -0.33754244052156762
-1.633508467190488 -1.6559895172724619 -0.36481224179865562
-1.5819707056261521 -1.6327840590350291 -0.39000782291250219
-1.529109933851962 -1.6105742853035101 -0.41315335557085747
-1.4752841629261231 -1.589493947723144 -0.43378990493682978
-1.420306429966256 -1.5692164122848791 -0.45212433175180128
-1.3637279700991971 -1.549517299884476 -0.4680394608435714
-1.3062813609915009 -1.530429918456379 -0.48140188260080491
-1.248689606739013 -1.512037950866306 -0.49203625213388291
-1.1915036715061309 -1.4943224128155519 -0.49994921385755359
-1.1351623682240639 -1.477261930081178 -0.50518904417061816
-1.0791488495336889 -1.4605560373775499 -0.50783683821462899
-1.0227737200200691 -1.443839151387839 -0.50801569558543502
-0.96607481959655472 -1.427015334773412 -0.50552558833439443
-0.90924201468365573 -1.4099626352435639 -0.50050276491286627
-0.85332210235990891 -1.3928798875913 -0.49276849520539429
-0.79733894070692779 -1.3753112407354231 -0.48255869625605502
-0.74175113917644231 -1.3573619228923011 -0.46996983080797849
-0.68673978235518907 -1.339545346654718 -0.45727727320756051
-0.63253806722847128 -1.321889386304347 -0.44436183734194962
-0.57896786348275786 -1.3043091586303011 -0.43111087360709582
-0.52520537681670776 -1.2865014814478271 -0.41723810864045291
-0.47061887931588248 -1.2682178663479811 -0.40248809986034417
-0.41537824239974652 -1.249470480456724 -0.38681018520773658
-0.36005120009917152 -1.2304073937510911 -0.37028442322701222
-0.30481284187773372 -1.2110458792479779 -0.35290039740634038
-0.24938674502279681 -1.191243484230738 -0.33451480209551332
-0.19376595338039651 -1.1709481044781129 -0.31507255328787692
-0.1384414795887878 -1.150291100124442 -0.29471032039037859
-0.083720944613725909 -1.129345625047941 -0.27353134017477482
-0.029121016170809949 -1.1078832752414309 -0.25134543418340127
0.026261365932712472 -1.0854901226829019 -0.22776557803628711
0.082733646927933543 -1.0619659194109641 -0.20262754002467809
0.13967572760024319 -1.037492893046595 -0.17619142728448689
0.19628911708167801 -1.0123547995664259 -0.14885058083138461
0.2524451208046033 -0.98656300069460068 -0.12071735779897259
0.30853525325080011 -0.95988941796001226 -0.091650657106411862
0.36463154960159883 -0.93224546244255002 -0.061670271704737531
0.42026816735634631 -0.90381517560876967 -0.031098604491921211
0.47507504161163733 -0.87476095961465683 -0.00023286475356825771
0.52935313840563913 -0.84490269372044657 0.03099585841569847
0.58379030939113918 -0.81382633509677638 0.062888302710487592
0.6385981625860091 -0.78136087525045028 0.095473694223364866
0.69311458438283602 -0.74786265975257871 0.12825021264920461
0.74643001965893041 -0.71389574598383465 0.1605478004563187
0.79831767691484401 -0.67964302911107966 0.19210323255621409
0.84932784645191961 -0.64477979456273815 0.22313190143564479
0.90003993972227447 -0.60892940979212307 0.25387112022380942
0.95043759670857952 -0.57211661503556233 0.28419620563087722
1.0000831656349889 -0.53469189736474199 0.31373384867417281
1.0487980311991361 -0.496841571947992 0.34227865972069682
1.0968929079933929 -0.4583786323794215 0.36992156278703098
1.144604505247083 -0.41916132795886568 0.39671041345425662
1.1915635987177671 -0.37954895175296699 0.42236107234540921
1.2371489429727369 -0.3401465274191211 0.44648532915299127
1.2812647626558611 -0.30113417217827548 0.4690121419153887
1.3245202430488729 -0.26206049413015459 0.49023920017974282
1.367569894601085 -0.22239869976489909 0.51046340907460741
1.4104940873814611 -0.182128638459989 0.52969553600651653
1.4529538668282 -0.1416292874794392 0.54777541097382698
1.494795324074941 -0.1011173726774876 0.56465379786457892
1.536232177025878 -0.060455022787557072 0.58044519290949004
1.577371817582623 -0.01960166306152283 0.59522465434613081
1.617930107234268 0.02109370461030621 0.60894134028476032
1.657633113873906 0.061284499545314911 0.62157869478470529
1.696720647396486 0.10114318430582341 0.63330153396324906
1.735822085831652 0.1412484513497535 0.64438277284138745
1.775318043860084 0.18193387221777721 0.65500700408614709
1.815081967963935 0.22300282535443999 0.66524511528958097
1.8548628188680349 0.26413540420164761 0.67513458590110154
1.8948057202297439 0.30571464726230257 0.68417303160352527
1.934057912408127 0.34739548029920858 0.69066069075019965
1.973470327405747 0.38995902278655381 0.69468433814746844
2.0120831431387041 0.43214703936049148 0.69612906145135156
2.0506625376795231 0.47459812808342572 0.69518253504060068
2.0891455821085878 0.51707472788110798 0.69171475058440213
2.1282601463057311 0.56018070701833866 0.68576414303411981
2.167764840463597 0.60347684781299626 0.6771712476245455
2.2077318343309571 0.64681524565287307 0.66590687118054259
2.2476667192263542 0.68949897281340078 0.65216221864386981
2.287687484345609 0.73140286860031334 0.63584986587025649
2.3279137497872848 0.77254208130492941 0.61712498851942432
2.368049027339981 0.81232513418470387 0.596046635797427
2.4080013576971888 0.85062626398868646 0.57294308268495731
2.4481319860178159 0.88751252430418814 0.5476046920744817
2.4889215131688398 0.92335591803481276 0.5198958634241948
2.5305260498602231 0.95790947224191925 0.48967853672063832
2.572912363705127 0.99111223697681061 0.45711453039812111
2.6157860165688991 1.0221280490897511 0.42240850947574521
2.658760325575543 1.0506906139153831 0.3860998648519241
2.701804076504736 1.0766000901935571 0.34842572947915512
2.7447224950058282 1.0995603185907561 0.30978128634397101
2.7878311416647712 1.11975403701156 0.27010647768681723
2.83141297759598 1.1372291086626289 0.22938430148453889
2.875734527386435 1.1520094551739331 0.18757951369280021
2.920503542191899 1.163845624446799 0.14514125988995219
2.965629389117967 1.172541191169211 0.1024638624476384
3.010865644956878 1.1780597087510809 0.059988215743087117
3.056326616448418 1.180324927325056 0.017882834266570561
3.1020701465273599 1.179402154501165 -0.023639890870576871
3.1481564218926721 1.174966457540082 -0.064200533598965326
3.1932504474828578 1.168586989766583 -0.10334174032624591
3.2373536796706368 1.161854986139276 -0.14213714417048809
3.2812346047002752 1.1545049561957541 -0.18118406270751411
3.324994799482258 1.1463404099214469 -0.2204924829081901
3.3681795490699198 1.1372911346319019 -0.2595782750414839
3.4105388332922728 1.127280513720333 -0.29813919445328868
3.452357131357271 1.1161315076120051 -0.33636816874577902
3.4938351499836142 1.1036812693513469 -0.37439123025540078
3.534629316138612 1.089942980081871 -0.41184207310173571
3.574349521928895 1.0750013497148201 -0.44831766276088469
3.613212275708571 1.0587514809693159 -0.48397938519077732
3.651846376919186 1.040883531979663 -0.51937188858516303
3.690464713283145 1.021221390840835 -0.55466004732793195
3.7287104127342401 0.99987965160915593 -0.58949049672664666
3.7662670625041481 0.97700449138874457 -0.62355259042670652
3.8032585293876129 0.95250365388150215 -0.65693974027359558
3.839819598505176 0.92625956870314086 -0.6897559477133105
3.875665940231229 0.8984573016996229 -0.72173115081574479
3.9104654378554211 0.86937209719270547 -0.75255982829339207
3.9443756179600489 0.83890165564982833 -0.78237555712269369
3.9778700774093378 0.80660945962166852 -0.81158634140786612
4.0110488197518768 0.77234663130681258 -0.84026795315541802
4.0435656467293049 0.73642936978139439 -0.86811234491293321
4.075177361540848 0.69912212824804154 -0.89490822247625734
4.1060179494539177 0.66026615007230793 -0.92076806821836876
4.1361577576094426 0.6197502426807403 -0.94574876663243279
4.165308370688849 0.57795169936282764 -0.96961204420718461
4.1932300649654346 0.53524640184058059 -0.99216867018987309
4.2201451505106657 0.49132431579669728 -1.0136062673463699
4.2464406947351208 0.44551395168082292 -1.0342347229075151
4.2720607733665981 0.39782301674506121 -1.0540078604449841
4.2966215098793299 0.34891371621138578 -1.0726326443507801
4.3199709914114228 0.29909440167259582 -1.0900044150447821
4.3423056569139202 0.24793587747444509 -1.1062793337051751
4.3636358547240306 0.19535932396733771 -1.1214717559502569
4.3836501733454707 0.14211680568982349 -1.135371575440191
4.402190043552948 0.088701417467384414 -1.1478889031804791
4.4195294173040356 0.034368128894844779 -1.1592269302380349
4.4359626086982962 -0.02192207358741809 -1.1695836569574329
4.4513411021407574 -0.079861021293260087 -1.1788658559675069
4.4653443599338312 -0.13832470745331049 -1.1868909773017859
4.477931402961179 -0.197100982798112 -1.193656414888115
4.4892869856890663 -0.25710208606614232 -1.199276262194426
4.4993654962043657 -0.31826622555710199 -1.203734661821807
4.5079557189058912 -0.37933417641212253 -1.206956164003252
4.5150241648590734 -0.43981339709712791 -1.2089639504308181
4.5207465320222946 -0.50110989690319674 -1.209833347625102
4.525177336053793 -0.56434149766651553 -1.2095600426738451
4.5281918515689332 -0.6284913245718563 -1.2081269236387271
4.5297231459014649 -0.6920806757800656 -1.205590047192485
4.5298061801334448 -0.75555796492420624 -1.2019707557148001
4.5284225774829938 -0.82034602661448253 -1.1971937157689829
4.5255529590185137 -0.88566190226643782 -1.19131154048924
4.5212990278836021 -0.94967796256341974 -1.1845254412515689
4.5157108419173051 -1.0125152753342961 -1.1768839721404201
4.5085454677871866 -1.0768372274457809 -1.1680792470442789
4.4996716491205238 -1.1431244592989269 -1.1580138331493051
4.4893641478760147 -1.209048157815805 -1.147038331204185
4.4779099853204416 -1.2730832790846489 -1.1354590351548131
4.4649779611641227 -1.3372797726982399 -1.122947958764178
4.4502213173101079 -1.403133471940148 -1.109205841772088
4.4340744907663678 -1.468559958302722 -1.0946685979260311
4.4171337962161186 -1.531398522407889 -1.0798736115433241
4.3991942332435201 -1.5927315101206421 -1.0646349175869041
4.379140775071301 -1.6562881457559779 -1.048030685931628
4.3569996340395587 -1.721664900344388 -1.0301297548588551
4.3339318748088296 -1.785398502440533 -1.011893491912498
4.3105051123581903 -1.846192607745186 -0.99376294778906515
4.2852085019601338 -1.9080564966116511 -0.97457742937720115
4.2576642954578769 -1.971724083404351 -0.95408815379393752
4.2292255654833628 -2.0340222303095419 -0.93332456409307574
4.2008085748568824 -2.0931596361662108 -0.9129476331655354
4.1713609797097861 -2.1515017813036881 -0.89219720576561434
4.1392763359131504 -2.212136369191712 -0.86996865780062604
4.1052945577414164 -2.2735044059529228 -0.84681158684538493
4.0713732176607511 -2.3321404683332032 -0.82406595689752982
4.0375995848356538 -2.3881057479957319 -0.80177419731870303
4.0009574640708729 -2.4463914294595961 -0.77796005787224831
3.9620919843152138 -2.5058132135441999 -0.7530810181547245
3.9236800389581181 -2.5623296762259802 -0.72885591372673697
3.8864851138406711 -2.6150522818947119 -0.70573927416931481
3.8467109506987081 -2.6694206779081431 -0.68137266067169533
3.80384497844569 -2.7259792090977939 -0.65548087115837206
3.7605335091391878 -2.781189517679469 -0.62968197258776359
3.7184180354110139 -2.8330996351937499 -0.60493738493501525
3.6753665020412791 -2.8844467180627591 -0.57998227552347559
3.629361649524995 -2.9375777429396859 -0.55366768703648284
3.5822542389408309 -2.9902934535455699 -0.52707328323328806
3.536243297355584 -3.0402148178840269 -0.50143110038920058
3.49065489165474 -3.0881984054666138 -0.47634539287334909
3.441953147612681 -3.1379502548122038 -0.44987992236934737
3.3905489870599288 -3.188941236164776 -0.42228809728467193
3.3401534540982571 -3.237504709028594 -0.39556390072041059
3.29238778873902 -3.2822371785050182 -0.37053497007759512
3.2415039662209151 -3.3285619190546218 -0.34418362288503429
3.1874126164735008 -3.3764485172283019 -0.31649314110801052
3.1340710005405019 -3.4223810789311102 -0.2894951251145963
3.0828271001584828 -3.4653107642280481 -0.26384713628067441
3.029951570883278 -3.5084128845180049 -0.23767181949497951
2.9739807057021301 -3.5528131251007871 -0.210262037857193
2.9172335296959111 -3.596624158252602 -0.18276571460699151
2.8625504940553341 -3.6377130569154921 -0.15654473012912329
2.8080396133960259 -3.677576984730329 -0.13067323747650511
2.7500194919842218 -3.7188695045326878 -0.10341283783286941
2.690646121862001 -3.7599875699199772 -0.075792226001497612
2.633495052232075 -3.7984949244305182 -0.049463841603141219
2.577693675065948 -3.835066844370691 -0.024003259461172259
2.5181604303611622 -3.873009403975642 0.002903853784947839
2.4564560512028231 -3.911239275225483 0.030532884844344368
2.3966776026889551 -3.9472290478276491 0.057053907441861743
2.3389719639894571 -3.9809733611035192 0.082423142161449608
2.2775233262029859 -4.0158564488748194 0.10919545303147719
2.2137474880020571 -4.050981472273282 0.13673455354731701
2.1521841961563091 -4.0838545498236183 0.1630835492893426
2.0936510810280389 -4.1141338199725181 0.18791564962287871
2.0312131328335301 -4.1453983598033188 0.21417254035019201
1.965522021622893 -4.1772076955237232 0.2415560058968429
1.90154689540128 -4.2071327228700461 0.26799069110315432
1.841116595060706 -4.2344060423907166 0.29274118504923102
1.777587252675036 -4.2620345673621651 0.31853090181217031
1.7107932786888169 -4.2899851273216099 0.34540395081963399
1.6450676726172799 -4.3164059887900432 0.3716082085320106
1.582165930851025 -4.3406525288864319 0.39645650814770322
1.5187768606332761 -4.3640364423708178 0.42126356860236219
1.4521346086801461 -4.3875116364164146 0.44709535214072033
1.3844016049535479 -4.4102378822458537 0.47309378888098857
1.3193938586727989 -4.4309551262350713 0.49779601559053799
1.2558064713825119 -4.45014223206904 0.52170923859435281
1.188161746214923 -4.4693999019621273 0.54687771503479388
1.118450642758648 -4.4880472247183194 0.57252933624814939
1.0514317036770151 -4.5048115365000863 0.59690807406884538
0.98766017193836297 -4.5196472410269273 0.61982945394352107
0.9214339989983088 -4.5338850788142171 0.64333842819774767
0.85194976893595953 -4.5475854320659597 0.6676852530838332
0.7830253964888032 -4.559934395921867 0.69150897603785688
0.71727483326225072 -4.5705180996796173 0.71391286895101636
0.65091122833489989 -4.5799803713307652 0.73618873233794357
0.58127734084461224 -4.5886150009414273 0.75919624578233225
0.51121266617781869 -4.5959856652451716 0.78196358740680683
0.44466231443018311 -4.6017199858542748 0.80321129734060548
0.38029307899149761 -4.6060270053664709 0.82338355582018219
0.31232671514273319 -4.6092512120935014 0.84426803874891454
0.2419610925720658 -4.6112016996575749 0.86544289080703751
0.17362618611852851 -4.6117301219613616 0.88555447084400751
0.1083691995032327 -4.610913000637896 0.90431069046160217
0.041037249872759161 -4.6086883495999453 0.92318125301497933
-0.02833975072162383 -4.6049527426545973 0.94210784977582063
-0.096049175351272928 -4.5998772703519561 0.9600532370708984
-0.1604580136418548 -4.5936688849783787 0.97660217722822074
-0.22487460236879631 -4.586058886259945 0.99261031318992221
-0.29172565696723418 -4.5766851542455926 1.00863712118472
-0.35916874083203582 -4.5657146218217894 1.0241890340303741
-0.42422870306452259 -4.5536461752541806 1.038570440525689
-0.48756306166118041 -4.5404262878137596 1.051940112677511
-0.55246272704455579 -4.5253446148126919 1.0649670735671091
-0.61789885419906143 -4.5085608505522554 1.077393299020307
-0.68093084523276226 -4.4908435584244408 1.088650068683066
-0.74114185281936362 -4.4724076569143447 1.0986919967345821
-0.80154067202934087 -4.4523655987238939 1.108021021155559
-0.8632121130785162 -4.4302842641165512 1.1167529164352119
-0.92449001072890769 -4.4066985311140918 1.1246040760867311
-0.98375284741979951 -4.3822568727372753 1.131361681581968
-1.041927723731142 -4.3566199494655242 1.137136550702095
-1.100387476916175 -4.3291594176724244 1.1420355294003419
-1.158126452137777 -4.300310711595758 1.1459370064104999
-1.213578391026193 -4.2708944911105426 1.1487385331565669
-1.267013113793932 -4.2408461921050584 1.150480662423284
-1.3200806504056011 -4.2092553013285858 1.151210643062287
-1.3730091252236341 -4.1759384780635189 1.150887751441066
-1.4247431915145401 -4.141536379733469 1.1494879065517991
-1.4747388992724511 -4.1064411309485527 1.1470274278842909
-1.523656089489875 -4.0702140623625818 1.14347259344733
-1.5717664389486661 -4.0326398113482833 1.138779256064085
-1.6183017224634939 -3.9943208956754779 1.1330084422889271
-1.662694514011503 -3.9557824419058938 1.126251919245258
-1.705473613500684 -3.9166254470211141 1.118453224587727
-1.7473857724839521 -3.8761645970340548 1.109461655940442
-1.7882646270897129 -3.8345242883447201 1.099276451937041
-1.827505755695791 -3.792319080531088 1.088034930694485
-1.8650108987611329 -3.749690109830579 1.0757767811788039
-1.9011280684979259 -3.7062594707755951 1.0623890127854061
-1.935779421942182 -3.662116654555708 1.0478875940269949
-1.9684971659285859 -3.6178892303894732 1.032480296533258
-1.999159735762545 -3.5738202164397141 1.016269304241828
-2.0282043751290031 -3.5293354450304451 0.99905318941282639
-2.0559580876365149 -3.4839127609636669 0.980617655808386
-2.082229222837582 -3.437819640611421 0.96105355427494754
-2.1067061388229749 -3.3916058698537741 0.94059114804156763
-2.1293928073362531 -3.3453040691688281 0.91925190638490795
-2.1504369624804789 -3.2986277601698721 0.89690577634461799
-2.169743825649816 -3.251789522536511 0.87365493632091917
-2.187107281561679 -3.2053574105828209 0.8497954532216756
-2.202547173923437 -3.1594114130473758 0.82539374141803989
-2.216297567556627 -3.113334829031329 0.80013847836371832
-2.228475253574111 -3.066687279237895 0.77378724429117685
-2.2389842679615879 -3.01975532849286 0.74649973003297188
-2.2477250126560309 -2.9730150263134352 0.71856492122118365
-2.2547242973859358 -2.9264536840655162 0.68999688653794011
-2.2600353336982728 -2.8798244785161491 0.66066414184801836
-2.2636511939614481 -2.8333396876101151 0.6307228914884081
-2.265580273104185 -2.7874761040741882 0.60051695498962165
-2.2658891206199989 -2.7422159367000698 0.57008167499011342
-2.2646297179808998 -2.6969119931258341 0.53902421297375624
-2.2618069214165719 -2.6511108212144019 0.50706853038477984
-2.2574569328053302 -2.6050536401374731 0.47442437436888879
-2.2516745987555828 -2.5591591307574921 0.44144691295973287
-2.2445295086801278 -2.5133552559159349 0.40815526498283461
-2.2360465941815599 -2.4672900755731848 0.37437077687936732
-2.2263298396135278 -2.421045907897136 0.34024079746301811
-2.215586780048532 -2.3750455756669591 0.30617794757889699
-2.2039619500577272 -2.329302527276004 0.27230079063322649
-2.191425013541962 -2.2831423750501152 0.23822557202559921
-2.1779310839245372 -2.2359305877624389 0.20360549588057911
-2.1635931788426062 -2.1873722844673971 0.16841863589793821
-2.1466395225102439 -2.140304767658098 0.13217436291922841
-2.1270588827461281 -2.0951356395683391 0.095109207959596265
-2.1044540076403968 -2.051652818346803 0.057166899224482003
-2.079181182587821 -2.0098344132010149 0.018813291786504361
-2.050642290932073 -1.9695019812144781 -0.020152875262345001

-3.8406588433169859 -1.9128816198376779 -1.1271057796584041
-3.7997193685906838 -1.9623219075918521 -1.139753842880781
-3.756360985904466 -2.0127199669662632 -1.151621197054099
-3.7119708739293409 -2.0623789823765581 -1.162252429050691
-3.6680555315425019 -2.109654492523644 -1.1713095908601869
-3.6237229918577141 -2.1555702496388882 -1.179018534341002
-3.5773986252462748 -2.2017175674188718 -1.1856139839225239
-3.5300098751717659 -2.2471061120232432 -1.190903599170267
-3.4833775680696881 -2.2900288808610529 -1.194707245227931
-3.4374861643309931 -2.330600560006844 -1.1971014909945481
-3.3903249411972838 -2.370621731408197 -1.1982050007429801
-3.3413379902648188 -2.410493719979558 -1.197969361226298
-3.2917490381296961 -2.4491717514026479 -1.1963570856858881
-3.2425802727750002 -2.485883822456493 -1.1934190988829481
-3.1930979175906158 -2.5212098493019321 -1.1891356129951409
-3.142490595721561 -2.5557076733108799 -1.1834174607018211
-3.091600425406098 -2.5887800308610931 -1.1763401519063019
-3.0416213557693492 -2.6196895653579308 -1.168101567588387
-2.9922937284716111 -2.6486616382900561 -1.158713027093045
-2.9422631042779779 -2.67650327110433 -1.1479279874853421
-2.8912440031717961 -2.7033312544608168 -1.1356532244249671
-2.8401236648158461 -2.7286524534813359 -1.12208419357402
-2.7895011932226339 -2.7521860235747191 -1.107397452101299
-2.7388949634100119 -2.7741725858844508 -1.091472308152911
-2.6879750338064858 -2.7947446441788228 -1.074202661121284
-2.6374263323366072 -2.813622543954339 -1.055825935383006
-2.58796632987635 -2.8305757415059061 -1.03664112881272
-2.5392391597709758 -2.8457726985509728 -1.016556103869136
-2.490311284428985 -2.859509155725565 -0.99519969487751869
-2.441053980974826 -2.8717903246994512 -0.97250286639348893
-2.3921189104334659 -2.8824368474890329 -0.94876536422731039
-2.343888341661875 -2.8913798022778261 -0.92419708528246647
-2.296048221711656 -2.8986927757240699 -0.89866431280374925
-2.2484603261791838 -2.904396769988709 -0.87210912971658239
-2.2016489928265561 -2.908441330100378 -0.84485049397572953
-2.156059178081863 -2.910833575064439 -0.81719883806151017
-2.1113162574327542 -2.911642682790391 -0.78898165769347484
-2.0666622517065361 -2.910894931179584 -0.75975087207123582
-2.0219639328810368 -2.908572243218392 -0.7294320041681861
-1.9777029468437199 -2.9046999235015218 -0.69837836934878317
-1.9341725683625799 -2.899336774455529 -0.66684677040406437
-1.8911265164543649 -2.892494039835253 -0.63471800306970871
-1.8484035911692169 -2.8841814896583409 -0.60193049154585099
-1.8063426991713369 -2.8745166807495131 -0.56881644777462936
-1.765254636385055 -2.8636560114247378 -0.53571467969878006
-1.724808796600199 -2.8516071541443591 -0.50246101953631239
-1.6842822974757361 -2.8382280158205968 -0.46855731623558949
-1.64337549159846 -2.823477828092483 -0.43385046637158919
-1.6023534359824301 -2.807530333166794 -0.39868126393405889
-1.5614539810917789 -2.7905823909535048 -0.363381027844562
-1.5204569923831599 -2.7726874264688779 -0.32792543594301687
-1.478896720646059 -2.7537091009832229 -0.29199774233227332
-1.4392573843467651 -2.7328299364171929 -0.25548977825027352
-1.4018945604484361 -2.709631590431377 -0.21805565659493101
-1.366372830255085 -2.684489501163033 -0.18024590087203751
-1.33252819421499 -2.6567343903967058 -0.14143917141418891
-1.3003130035715409 -2.6266700855306069 -0.1020965719477266
-1.2701225165228049 -2.5944160579418809 -0.062659079016121166
-1.2420906790547881 -2.5599830825839138 -0.02336048454497092
-1.216138453906654 -2.5234481683725152 0.015572845655736739
-1.1923415433681701 -2.4850239856943031 0.053825537454760847
-1.1706175257880651 -2.4447036084511531 0.0912480294532928
-1.1505358269351971 -2.4020837338983059 0.12823479610244101
-1.132340760782899 -2.357844878082068 0.16407512583284661
-1.116102889493725 -2.3124145467931472 0.19841092497940799
-1.1016769439538501 -2.26588253385636 0.2311692676464068
-1.0888953948134941 -2.217333396208327 0.26273266417637242
-1.077722711050628 -2.1673507492514261 0.29271970048627421
-1.0681819310198439 -2.1160024304376082 0.32090980939391939
-1.0601177924710401 -2.0637344519876328 0.34715074412935282
-1.053541942767471 -2.0108286216419389 0.37116282250810312
-1.0481797586703701 -1.956980159069535 0.3932245528167379
-1.043971404776922 -1.9026243073000979 0.41318188798838013
-1.0408058721080999 -1.847617267301144 0.43101425748222799
-1.0385713482336889 -1.792303393930643 0.44675153295974429
-1.0372197362688731 -1.735843421110788 0.46027542630241142
-1.036614932139488 -1.6788603043727821 0.47163796889404508
-1.036714174080577 -1.6212052071347589 0.48044194049318389
-1.0373309833355759 -1.563109601943089 0.48703091510147672
-1.0383957736969061 -1.504779387030533 0.49094399101896702
-1.039727951657426 -1.446693566850588 0.49256428172676769
-1.0412234575899071 -1.389074695005583 0.49150755321670569
-1.042745201446039 -1.331136409612357 0.48816642404210231
-1.0441706483448101 -1.2729964034937891 0.48210125871080362
-1.045351246184075 -1.2137315010801919 0.47349163075649808
-1.046326078756783 -1.1541720759851091 0.46277480761238021
-1.0475278066984639 -1.094516918104802 0.45197464750431038
-1.0489216441164331 -1.0343725331061711 0.44084696990238398
-1.0504953089104641 -0.97354572526021799 0.42929499990554237
-1.052216569771433 -0.91244506337110609 0.41732536667800618
-1.0540476544042581 -0.85157720077935395 0.40498026391785991
-1.0559738396900871 -0.79065039267974457 0.39215307248717679
-1.0580116291039079 -0.72848700040940018 0.37854703078773538
-1.06017691386846 -0.66402101573882699 0.36386894332833231
-1.062441758598363 -0.59747960239687214 0.3481109931950615
-1.0647427674284371 -0.53006831551308731 0.33152230968148999
-1.0670354446520089 -0.46243254539897372 0.31425468521305799
-1.069317578540339 -0.39400420029667299 0.29616934073688561
-1.0715890245220361 -0.32414985022419113 0.27710704779881851
-1.07381073927898 -0.25343861488875102 0.25724390683931497
-1.075926085933175 -0.18313282923673929 0.2369816506921405
-1.0779147520104491 -0.11349490134009339 0.21646208284450319
-1.0798010691216819 -0.043281430705676263 0.19538434385051401
-1.081610880868433 0.028969315473164701 0.17336765295232631
-1.0833247914326949 0.10302063575566631 0.15054664161424361
-1.084889664984183 0.17685816200151619 0.1276196685038275
-1.0862738461425281 0.24880949368675681 0.1051908720599288
-1.0874928755715521 0.31919519842188449 0.083238121992540645
-1.0885828061229139 0.38961852891400361 0.061329394349051158
-1.0895628549967309 0.4609027880364478 0.039272010007371197
-1.090431541527709 0.53227104979750428 0.01736416739989536
-1.091188023917057 0.6024371149390535 -0.0039551963488666433
-1.0918488728387159 0.67124406491120303 -0.02461037029170134
-1.092441136924057 0.73960211120921071 -0.044855651744473063
-1.09298585770219 0.80783635970035517 -0.06477424288385894
-1.0934944235705091 0.87490711575504598 -0.08406317382539126
-1.0939780817097799 0.93959864496724521 -0.1023932804430155
-1.094457426397387 1.0021063031573441 -0.11985304986881951
-1.0949605472818731 1.0637666520037119 -0.13684933909966601
-1.095515281484807 1.1256464544520091 -0.1537101967328651
-1.096145110759686 1.1878311702137889 -0.17050567462007879
-1.0968610996721551 1.2496817720507849 -0.18710141046133549
-1.09767638785223 1.3108103525711841 -0.20344306675096729
-1.098592209497411 1.3715127245224159 -0.2196047656850165
-1.099576052354065 1.4329875961750711 -0.2356449526552403
-1.100019573602943 1.4925675560180209 -0.24874603150003891
-1.0999564756622251 1.5535049075124201 -0.2588511327411589
-1.099717931722725 1.6138410003869521 -0.26651428268334698
-1.099402530795778 1.674431878120535 -0.2713853783109178
-1.0992039531019731 1.7346334618496011 -0.2737547002421582
-1.0992985668537829 1.79567379978956 -0.27321873145162179
-1.0998864309015299 1.857646292992297 -0.26980918539883342
-1.101078797657747 1.919672610432503 -0.26397587014408752
-1.1030866289826919 1.981021935571543 -0.255326447990118
-1.105989999879331 2.0421573741675618 -0.24433246143892279
-1.10990670150633 2.1018228180093872 -0.23095737442497569
-1.1148934753983379 2.1598895638548341 -0.21562775822641819
-1.1212257720248251 2.2172322987637352 -0.1979389872325881
-1.12896258938768 2.2742103039686459 -0.1780920739413584
-1.1385852822401219 2.3310263168532339 -0.15566098631141559
-1.1500178209946901 2.3876717346439542 -0.13095547387885309
-1.163548458063427 2.4434453797914562 -0.10409337589955051
-1.1789310552155661 2.4978161384696111 -0.075625668831637474
-1.196455825945649 2.5504736066229912 -0.045619541458810003
-1.21584462158402 2.6011369710578331 -0.01456848329818335
-1.2373408299317019 2.649647596468979 0.017429715418469299
-1.260813990060853 2.6963167979514742 0.05024079141657431
-1.286803322417073 2.7411338840617669 0.083972582481654554
-1.314981554760474 2.7842670429830831 0.1183559397195114
-1.3457379055624179 2.8251040690454792 0.15308329601091669
-1.3784970266918399 2.8639002662887618 0.18785306379752301
-1.413841221304982 2.90013855844325 0.22239405709667201
-1.4511555835471319 2.9344118582516199 0.25668076745262058
-1.490578218100709 2.9654479781751442 0.2896523159382518
-1.531411146784174 2.994299551049997 0.32171052325302829
-1.5736500393460411 3.01984884748257 0.35172935395790123
-1.618358940771754 3.043976138642019 0.38134829071413701
-1.664249815080491 3.0663018958730448 0.41006491084015217
-1.7097987920900211 3.0879088616924801 0.43888525197185768
-1.754964778914627 3.108448163173799 0.46744132927234022
-1.7999217485462231 3.127917680274567 0.49576087091267318
-1.844967323574866 3.146323694999055 0.52390640935355548
-1.8899412718553139 3.1635005760728521 0.5516733319339695
-1.934486146797832 3.179240792538685 0.57875074867385246
-1.978722265284143 3.193542070877347 0.60513973515348851
-2.0233364784520051 3.2065732927534412 0.63118177021229638
-2.0688257744788721 3.218400832018153 0.6570921356124696
-2.1150181185486079 3.2288994250200949 0.68269955737777421
-2.161519362919929 3.2379255195406631 0.70772684828070209
-2.2083460997177551 3.245448595635537 0.73213678692730844
-2.2557568079545551 3.2514736883551389 0.75601900406538303
-2.3035909699851689 3.255945556828598 0.77925028512706307
-2.3513732850881262 3.2588101897987132 0.80157288753852707
-2.3990620172138071 3.2600758704702839 0.82295373911864977
-2.4472817866584609 3.25975250802149 0.8436512994767843
-2.496523585503359 3.2577942009059129 0.86383510486728021
-2.5465275040422619 3.2541616115460701 0.88335375090575696
-2.5967719652541219 3.2488687173559998 0.90197468536779202
-2.6472321138766741 3.2419115751490519 0.91967112155501796
-2.6981868980568189 3.2332358620289172 0.93651852665267721
-2.7494106382773089 3.2228609808842021 0.95241872013792728
-2.8003192349585171 3.2109105323821372 0.96718292660037197
-2.8508745853554669 3.197416588145102 0.98080499407601307
-2.9018065231158139 3.1821827537197742 0.99347164873097027
-2.9535497025707889 3.1650373351278889 1.005255809713556
-3.0056007011227579 3.146104882219634 1.0160076790045429
-3.0573082950493409 3.125614385278789 1.02558065737794
-3.1087995697977968 3.1035215277045451 1.0339961251480301
-3.1604797774142801 3.0796377884873158 1.041305197712372
-3.21194226341684 3.0541332217952291 1.047433731197535
-3.262430388982851 3.0274006723659408 1.052299566937323
-3.3120724475655821 2.9994083787820709 1.0559360855047131
-3.361940925649725 2.96954319929795 1.058413630656686
-3.412355523869683 2.9375526349606682 1.059704950350655
-3.462383964300463 2.9039848009905138 1.0597554171424031
-3.51125992479473 2.8693685872532551 1.058573397501128
-3.5595296376089269 2.8333368869028659 1.0561588399832971
-3.6078010935027058 2.7954080787791491 1.052462928828571
-3.6552854276423128 2.7561777160414191 1.047530591663774
-3.700965336028629 2.7165324526364518 1.04150014208345
-3.7452817421707709 2.6761586010610312 1.034361809256106
-3.7898769557522058 2.6335364484071628 1.025837631742595
-3.8347977037688961 2.5885169935762922 1.0158515626874469
-3.878528312884685 2.5425773511332599 1.0047160479937429
-3.9202752899439899 2.496618215535972 0.992682041386866
-3.961295984931358 2.449298062506073 0.97941996107071838
-4.0023205975316118 2.3997094629268712 0.96465541107090835
-4.0420786331052136 2.3493484482587919 0.94882489035104733
-4.0794035609912376 2.2997936082792951 0.93246538920227251
-4.1149696547402463 2.2502848446739159 0.91537623213293229
-4.1508279234182366 2.1979262579161172 0.89655165851023799
-4.1867864504866414 2.1428220994375411 0.87598502541012258
-4.2209768088767072 2.0877996423661789 0.85472975017631037
-4.2526596270885264 2.0342150036915219 0.83336120982295536
-4.2836800606099139 1.9790277694914451 0.81069508505122778
-4.314640881188005 1.921028070100717 0.78621232293054166
-4.3441233399990864 1.86280450345138 0.76100103661942575
-4.3712294542031964 1.8062984378815381 0.73594597559234154
-4.3966777080954884 1.7502142600682991 0.71052078212013192
-4.4220020212853894 1.6911085030625601 0.68316459274512731
-4.4469102684068531 1.6294231583224841 0.65405603481941599
-4.4699220983938126 1.5688236048054249 0.62493801760782974
-4.4906085931300854 1.5107534776510361 0.59655989797148901
-4.5107025559960663 1.450453693216692 0.56662238096752526
-4.5303447872117451 1.387238227988022 0.53477012796165424
-4.5484103495042918 1.32465599652193 0.50280009794823899
-4.5644553869645854 1.2645738640051849 0.47171183241562009
-4.5792455391757736 1.2044086476227469 0.44020743064273682
-4.5934892975787802 1.141093155733752 0.40668450619799218
-4.6067656207237926 1.076159017409698 0.37195151627327039
-4.6183430561983903 1.0133366659522871 0.33803144591891982
-4.6283151107381038 0.9526879932045399 0.30500249456285122
-4.6375384494165131 0.88900493467058606 0.27004780756186553
-4.6457957641853334 0.82321190742715877 0.23367807264474161
-4.6525943359599653 0.75933169853674265 0.19814169930262221
-4.6579373022256298 0.69831979820484602 0.16401060447086621
-4.6622689369527137 0.63546305570491368 0.12867466162392541
-4.6655768197339693 0.5698745988920153 0.091647844911831075
-4.6676719540178926 0.50465362499169908 0.054700338378244243
-4.6685468536160606 0.44199031912139303 0.01910376609974131
-4.6682904677709329 0.37907925404629661 -0.016707519107142261
-4.6668532838025607 0.31377074629077101 -0.053934717481843003
-4.6642501033140817 0.2484376914418637 -0.091200368490245667
-4.6606296818166388 0.18559417507683129 -0.12704358625938769
-4.655955200201551 0.12353530196510119 -0.16241206036436809
-4.649956229082755 0.0590325452187654 -0.1991193581380967
-4.6427085980763083 -0.006458034420665542 -0.23630663785862141
-4.6345496355577787 -0.070035007903313476 -0.27230035505932898
-4.6254728670110152 -0.1321969340020423 -0.3073623092481399
-4.6149524703801159 -0.19644616159786851 -0.34343997034667129
-4.6031062700116649 -0.26170446399383779 -0.37989191157851721
-4.5905122304232329 -0.32486694520554288 -0.4149590160892459
-4.5772654939344566 -0.38581320406086322 -0.44856262567365202
-4.5624516268355686 -0.4487372074975321 -0.4829894059337666
-4.5460070049871879 -0.51357309636104886 -0.51815812901566083
-4.5287466619244228 -0.57702922749241314 -0.55225156649333829
-4.5110854947829724 -0.63781396857044403 -0.58456881223482171
-4.4919208300714821 -0.69977635922986914 -0.61713706206455943
-4.4709224173226163 -0.76374591103766631 -0.65034357962054223
-4.4490674191938551 -0.8266443880271499 -0.68255401159837981
-4.4271037057945257 -0.8865006700259036 -0.71275880102215283
-4.4041606588598956 -0.9458310601334925 -0.74222651987644384
-4.3790089304972319 -1.007664649010247 -0.77241646393104124
-4.3522837257320122 -1.0702277873345249 -0.80240378069141172
-4.3254545266883708 -1.1301208268485741 -0.8305449592833235
-4.2984153469886071 -1.1877584082346679 -0.85705160431724592
-4.2690337797167626 -1.247634051383818 -0.88395958493089799
-4.2377477791485934 -1.308649837366493 -0.91070663130487672
-4.2063649602167388 -1.3672770897631521 -0.9357259410537675
-4.1753526441810198 -1.422818798682667 -0.95875155668750389
-4.1428125917329099 -1.4787317118356409 -0.9812174434209705
-4.1078007292283738 -1.5364889787854781 -1.003652413168771
-4.0714775500053308 -1.594048244315637 -1.025203957458068
-4.0355365500634521 -1.6487836804214511 -1.044894255019825
-3.9992527136511762 -1.7019116265041809 -1.0631894578169909
-3.9604301556286541 -1.7565858394894309 -1.081137636159806
-3.919943169471436 -1.8114412416692389 -1.098220752809326
-3.87994399771351 -1.8635899966050471 -1.113539364314819

-1.6202576297976909 3.922775826633893 -1.1287604359083481
-1.6628873742164449 3.8849526252715751 -1.1179482462081149
-1.7048170452400271 3.8459755905376189 -1.1056546533480971
-1.7456266667744049 3.8062048687553061 -1.091968438565879
-1.784767626662173 3.7661837729704661 -1.077076508963287
-1.8223348719516459 3.7258432421218468 -1.060964859068229
-1.8586328602521329 3.684861554204756 -1.043504556513605
-1.893422648357326 3.643506795325556 -1.0248066988500031
-1.926252411278232 3.6023540057578209 -1.0051488904774699
-1.9571534978897329 3.561431273011928 -0.98457615700016665
-1.986606228092006 3.5201359010965398 -0.96280155016365121
-2.014825069522328 3.478143792617495 -0.93964692178925213
-2.0415647900623091 3.435792321618246 -0.91529142956967158
-2.0665793496151181 3.3934860513269398 -0.88997864981085451
-2.0899353945086712 3.3511465917718239 -0.8636804438931257
-2.111744121846034 3.3085868243556749 -0.83629390374724921
-2.1318738841979918 3.2660836041971049 -0.80801360283578394
-2.1501597104273058 3.224062426175248 -0.77915568988079342
-2.1666928612886078 3.1824248984412402 -0.74969384042577303
-2.1817285116361158 3.1405847799210509 -0.71924208086222186
-2.1953599219042199 3.0982570205965012 -0.68760754623994635
-2.2074837487657479 3.055743947403768 -0.65503593804481985
-2.2180236884156548 3.0133867820760121 -0.62182579208727295
-2.227038082393257 2.97108616556649 -0.58794609022466993
-2.2345971192112271 2.9286440349824199 -0.55328657871163711
-2.2406968277639132 2.886279709959978 -0.51808285369975304
-2.2453474924985022 2.8443487301526038 -0.48270270963719519
-2.2486401503152829 2.8027080373545101 -0.44710735477470648
-2.2506842091200769 2.7607077622066218 -0.41082263312511469
-2.2515376530465789 2.717939774709031 -0.37358080364533031
-2.251245117427831 2.674611107720978 -0.33566336851219181
-2.24988618865815 2.631061490288817 -0.29748422590384571
-2.247557263759989 2.5871882565734698 -0.259087351670652
-2.2443201896696361 2.5426694685097369 -0.22029938211640629
-2.2404033648834329 2.4973656558017598 -0.18134599939732221
-2.2343671359667749 2.45272726373803 -0.14120500796121679
-2.2260982378352949 2.410431638803213 -0.10091363770858899
-2.2146584772550648 2.369132161938992 -0.058736633392594828
-2.2005133467558791 2.329131862440168 -0.015609951509762309
-2.1831329958104519 2.2901130297616552 0.02886625184871568
-2.1628973930454261 2.2526813958842449 0.073704574927824645
-2.1397114757698721 2.2169834623085189 0.1185539494318206
-2.113830068527299 2.1828962483995862 0.16313358741214781
-2.0851468590071049 2.1505008465477471 0.20718589683571001
-2.0540607895413121 2.1197313358058238 0.25034847654867481
-2.0205749077039288 2.0907613779106859 0.29223828456780349
-1.984943001206638 2.0631729173825968 0.33295802894378168
-1.946704268685344 2.0369757212754842 0.37244428112626748
-1.9061417638076641 2.011761737266494 0.41082526539761821
-1.863235690011587 1.9878791030773679 0.44750724688710142
-1.81838292236517 1.9650163580561959 0.48254642981650281
-1.771856603378434 1.943493203791556 0.51529939819019033
-1.7237777608771681 1.9228834755608279 0.54609774111617593
-1.674780875323477 1.9034650440432701 0.57440046988557236
-1.624901475237762 1.884944282206531 0.60037412051053218
-1.573978679913272 1.867215211761331 0.62417921448774549
-1.5218167190041789 1.850171429015524 0.64544921030042413
-1.4689293024025349 1.833625304066179 0.66484730986852925
-1.4152643973502761 1.817786104413996 0.68106938697569508
-1.361120988823747 1.802295746513974 0.69540581739622054
-1.3063645946272231 1.7872160086820601 0.7066250231252269
-1.2514339024121419 1.7723982167049701 0.71578268662817479
-1.195635095228303 1.757597182003849 0.72200637085073016
-1.1397301516814971 1.7428938985009921 0.72623151416847997
-1.084189708282314 1.7282822251366721 0.72757334801714657
-1.0292347083025519 1.713771284078434 0.72684666879257365
-0.97458675846716292 1.699065275547053 0.72300866243369266
-0.91964936078178094 1.683979108838201 0.71700477543367969
-0.86489043184114944 1.668390643716553 0.7080280571775367
-0.80956371924034376 1.652135128841651 0.69680461671430438
-0.75483647896316375 1.635522144016321 0.68342736035158802
-0.70014264776204205 1.6189935077073081 0.66992625220899893
-0.645799513686235 1.6025294035877939 0.65599374168675195
-0.59176890878535626 1.586107473934623 0.64164300918633066
-0.53739411114497071 1.569496400316607 0.62664130896254522
-0.48186777222926508 1.552416926250539 0.61071035629163961
-0.42506943511199058 1.5347941928885629 0.59374780248330139
-0.36758062552136223 1.5167702080124501 0.57586981830396344
-0.30984162493257172 1.4984465439792809 0.55717410316454452
-0.25164845889184762 1.4797225551662461 0.53756599484149359
-0.1927177329829019 1.4604686621923419 0.51692321155526544
-0.13340853669547101 1.4407638325712939 0.49535470196333659
-0.074383316431823984 1.4207960573144429 0.47310792228924181
-0.01560762448770356 1.400527238144434 0.45019465974603362
0.043913603610262322 1.3795830343606841 0.42624867346531958
0.10523577035553 1.3575475131884751 0.40085371823893118
0.16824815275777899 1.334409272868061 0.37406817910972412
0.2317109562326618 1.3105843105165511 0.34646249822376329
0.29462692346017222 1.2864292854593451 0.31854865963457513
0.35720981598304558 1.261855478984113 0.29032503477284249
0.42028348853993031 1.236528345697772 0.26151315033049077
0.48395615965586658 1.210389837966696 0.23216042805951009
0.54739984175625067 1.1837767921107429 0.20275663084021051
0.60992861891777661 1.1569926106291559 0.1737340641532254
0.6719062555856965 1.129904857154437 0.14503583956668931
0.73427206577625093 1.102119782884089 0.11633740050003789
0.79715115065825559 1.0735945816775849 0.087693678573111805
0.85941158847298638 1.044868832823892 0.059725031280559532
0.91980806365033596 1.0165647057280991 0.033069739403195013
0.97833382914617528 0.98874277512370334 0.007782032104661803
1.036104059881243 0.96092266381827485 -0.016576704552474932
1.0940514849498051 0.93269313361542383 -0.040349937304942227
1.152086687575075 0.90413299748438469 -0.063454317215400138
1.2094824257451231 0.8756411261209035 -0.085577527874057105
1.2659360335395879 0.84741324991129319 -0.1066086377615002
1.3218338351555401 0.81930035341657259 -0.12671132406461419
1.3774187448025439 0.79122161508632594 -0.14599867561749599
1.4322078276090571 0.76346200185282243 -0.1643457824842742
1.4855499745677401 0.73639258654527051 -0.18160471499108119
1.537531520382468 0.71000881274344219 -0.1978917834263044
1.5890041006047131 0.68391548501125521 -0.21356291535386371
1.640719449598856 0.65776778629463928 -0.2289279829528903
1.692721156844657 0.63158644850330925 -0.2441053406652777
1.744642124912571 0.60559395702993568 -0.25908335342147848
1.7967357239989381 0.57950881150771705 -0.27330335963895791
1.8484515123616549 0.55326680469900158 -0.28486155302602012
1.9004513594835279 0.52666733552018152 -0.29393101653625442
1.9522565817570361 0.50013208456693548 -0.30042865135821623
2.003393740408598 0.47405925959770973 -0.30437047505304932
2.0542794868683778 0.4483658326777038 -0.30600371784976987
2.1059015036014692 0.42272297596679548 -0.30516668319401702
2.1580503541323539 0.39734020193965308 -0.30205926809637212
2.2108134113420328 0.37238600405155892 -0.29638454137888071
2.2637751084207629 0.34813742461891428 -0.28842351785065451
2.3167640267744312 0.3248770676209588 -0.2780389199643119
2.3696460138437812 0.30271692777119091 -0.26548212953025618
2.422325287875668 0.28189588535866461 -0.25069155817057492
2.474614031104541 0.26248908287417427 -0.23395786022190559
2.5263470900024818 0.24476688137310709 -0.2152873176310269
2.5781576367333301 0.2284557046434636 -0.19469355944631581
2.630121489253753 0.21387005524626679 -0.17200021632535081
2.6823929351399518 0.20094922537626661 -0.14729132648732809
2.7345135278381609 0.1900964801869103 -0.12077235429331511
2.786643404104554 0.18114017493293821 -0.092531603181222638
2.8384999952663019 0.17447601982170291 -0.062743416740390676
2.8897709092725079 0.1700927669156784 -0.031663315774176887
2.940123982208128 0.16810416848336401 0.00033998262583665492
2.9894000061071129 0.1685910838688259 0.033094053309199623
3.0377432235758741 0.1716026528407725 0.066541213828613374
3.085515354579548 0.1773350092414204 0.10082646985178211
3.1324681372447158 0.1858145462978516 0.1356413118010521
3.1785060521711959 0.19704479611393871 0.17072654308765969
3.2236679669839732 0.2111066485527068 0.2060160955697887
3.2680755842529181 0.22799437238562231 0.2413654520630821
3.3109822139821752 0.2476217936083478 0.27610784218324191
3.3521656862976821 0.26943796185315522 0.30984227966242628
3.392019281795831 0.29380095301452619 0.34276962338085448
3.430776388071239 0.31954015178300771 0.37522497550171929
3.4690895719011361 0.34574662512306931 0.407991261768828
3.506692232234017 0.37249605337684999 0.44081931518780482
3.543255577085918 0.39970844234431352 0.47340606322032702
3.5787830548601218 0.42755282357460112 0.50572976734165354
3.6134094268051489 0.45628307279091812 0.53789517816202315
3.646969661890795 0.48589601401017951 0.56973276687202512
3.679138199421446 0.51619452946444844 0.60091026410588722
3.7099044202740612 0.54722013206722098 0.63138903727214923
3.7396478221420701 0.5794176161325999 0.66152602176935138
3.7686385365996302 0.61318398310600242 0.6915922334648813
3.7967185836296671 0.64844991197848967 0.72142608438779021
3.8235916419039331 0.68491809836035611 0.75070575229389269
3.8492094642974108 0.72256227122474903 0.77936412699205815
3.8736797812156269 0.76158589927543185 0.80751053931121841
3.896910021057757 0.80188971689221222 0.83502959174419722
3.9186638000690679 0.84306562220057923 0.86162247815485538
3.9389090141021539 0.88500722943813381 0.8872215373485739
3.95788815292708 0.92820457589688343 0.91211441980900299
3.9757683820262488 0.97311751497523524 0.93652355660589182
3.9924278348648272 1.0195519364460941 0.96029369236040996
4.0076727693541656 1.0670161833523679 0.98314588923685997
4.0214847351779976 1.115446504922627 1.0050388642403281
4.0339339975343096 1.165116451846028 1.0260787152265469
4.0449625340396977 1.2158475561227611 1.0461686180702849
4.054452222478778 1.267054159235826 1.065075066125261
4.0624106018440731 1.3186286839286681 1.082773210730881
4.0689512725190422 1.3712736880234 1.0995014015380049
4.0741031509272263 1.4254926990736501 1.1153849147516759
4.0777857060619462 1.480824149940946 1.1302519066800381
4.0799463220035959 1.5365667743626481 1.143904295045598
4.0805963333664366 1.592807879009233 1.156366583062421
4.0797308771610634 1.650014624622282 1.1677306438919539
4.077340336912374 1.707806345413744 1.177905607966645
4.0734741310838238 1.7653269432089549 1.1867515811744791
4.0681602642729802 1.822625965993095 1.1943027230429151
4.0612861742107613 1.880882198748618 1.200711823374385
4.0527505718154782 1.94055536593519 1.205989849113944
4.0426616298286131 2.000640948943829 1.210018990372562
4.0311868877431287 2.0602021549568379 1.212747476622851
4.0182321196983937 2.1198131458247889 1.2142184771214279
4.0036069420869476 2.1802592328447612 1.2144378661996891
3.987503920283674 2.2406630432900361 1.2133895775579551
3.970299655625376 2.299729862952586 1.2111272393597079
3.951918742110291 2.3578912494691511 1.2076816862790509
3.931698134710897 2.417202072374744 1.2029248007214151
3.909495729554012 2.4778679095268719 1.1967852841015829
3.8859733884380359 2.5379935330178989 1.189434699573942
3.8616192337027142 2.596440718843751 1.1810545080032091
3.8358084013632641 2.654780722397613 1.1714510223135159
3.8080070229612222 2.7141273700615818 1.1604143778097979
3.7789770521007422 2.7727945396009841 1.148243123243085
3.74966222049957 2.8290006016775449 1.1353654509068141
3.7196869653148892 2.8836291221130992 1.1216557886092331
3.6873389268969792 2.9397575593743501 1.1063309675688839
3.6526238266936089 2.9971930325798901 1.089368532986182
3.6172168475749369 3.053125624042853 1.0715895890380069
3.5819936570346891 3.1063169568871651 1.053469476563248
3.545139119722919 3.1595763983267862 1.0340960210913499
3.5058036368348682 3.214026142302604 1.0130146672793361
3.4656408425318399 3.2673250377394409 0.99111379383952536
3.426089524770811 3.3176836177351281 0.96920832315189653
3.3862752744109672 3.366353232380777 0.94684624641050097
3.3436559990924279 3.416400807458122 0.92260446919021633
3.2985984067276131 3.4672557410362139 0.8966829383119479
3.2537327018414248 3.5159499697239061 0.87060743123864848
3.2100485040500608 3.5615601419553631 0.84498558411063418
3.1641067109021499 3.6077194439959639 0.8178178780087848
3.115455583097984 3.6547717077876021 0.78883699743101543
3.066789202364129 3.7000886661448651 0.75965911004039099
3.019596214418458 3.742407531034075 0.73120340605145395
2.9716881548638838 3.7837824874601571 0.70217252815586928
2.920664523457853 3.826224678332931 0.67112029128469131
2.8679744182813058 3.868439596567625 0.63893666571782859
2.816583015183896 3.9080977235170971 0.60745159944415195
2.7662513727297982 3.945504570640364 0.57654096625662465
2.7127185059180512 3.9838162993485908 0.54360263533090436
2.6570383270656559 4.0221809673813791 0.50929781564285359
2.6027908525808989 4.0581582313886777 0.47585000078023892
2.5506989340414932 4.0914013182867519 0.44372322485728283
2.4959583205595708 4.1250021744009961 0.40997073748590679
2.4381784329898268 4.1591003316576387 0.37437004202390162
2.3806764732746681 4.1917086997398254 0.33898417276922671
2.3253796013012811 4.2218235652682257 0.30501392919802012
2.2689203023428282 4.251332062942244 0.27040548771755779
2.2094976912757929 4.2811139731806467 0.2340773960464495
2.1497790289355931 4.3097899422225758 0.19768323634229559
2.0923177922032359 4.3361993199232662 0.16279218020472341
2.0352337029049892 4.3612824774241883 0.12827241234006639
1.974881743368605 4.386603957770701 0.091943251782391405
1.9128336496854159 4.4114260291753116 0.054782208790037278
1.8525661193473759 4.434377442925995 0.01888880000207336
1.793888670175924 4.4556113241553996 -0.015845285167446679
1.732133718653678 4.4768035803805573 -0.05216103158272279
1.6684088634919569 4.4974936036573849 -0.089369382495508534
1.6064683407190199 4.5164710345811283 -0.12525932848166799
1.5468425012825291 4.5336586434215942 -0.15952502173342581
1.484539389892567 4.5504983677875606 -0.1950167316212246
1.4195659268109031 4.566900687889647 -0.23168525785565991
1.3555864084495239 4.5819174928098381 -0.26743464631137048
1.294130258468019 4.5952577067685638 -0.30141201793933953
1.2308219979126549 4.6078878267630339 -0.33602275269269821
1.164851657315118 4.6198938844623187 -0.37166268749520293
1.099642329946475 4.6306218823684278 -0.40645030811403182
1.037259837928403 4.639795977927637 -0.43928896442621951
0.97437762375258941 4.6479468666095514 -0.47192816775719182
0.90820067044820951 4.655370568842609 -0.50577146473734858
0.84118306447714708 4.6617180234051911 -0.5395112351441792
0.77670279462958636 4.6666963450542474 -0.5714397305365676
0.71353574125112529 4.6704646306095956 -0.60217558068604016
0.64707325148742534 4.6732595206495704 -0.63392417442597004
0.57900098098314345 4.6749186250175141 -0.66581456490177338
0.51351922582982801 4.6753508090139029 -0.69586588819068296
0.45115755124601442 4.6746481025370183 -0.72386930251844817
0.38652070815342759 4.6727585974615549 -0.75223572740710465
0.31882683965585218 4.6695557823686373 -0.78123153724139449
0.25156366963476451 4.6651477965012083 -0.80931123010968486
0.18723093895213139 4.6597500440601438 -0.83544467888795759
0.1229241440337919 4.6531634188476616 -0.86082257582869592
0.05585191889566346 4.645040282604965 -0.88649085779362724
-0.011621735996095889 4.6355950591125019 -0.91148114839612004
-0.07602212158934088 4.6253514349908063 -0.93451393943866179
-0.138071234209205 4.6142852352133374 -0.95589242559109255
-0.2023821596433911 4.6015617613137074 -0.97718245766192935
-0.26870894251732291 4.5871304030279108 -0.99821747388028637
-0.33385248381245719 4.5716534733887109 -1.0179424972700819
-0.39648688027015161 4.555502263668803 -1.0359807303932049
-0.45957511649557581 4.5379360171881293 -1.053187273634979
-0.52410637919637215 4.5186198491938319 -1.069772119568452
-0.58771022292925812 4.4982304123294217 -1.0850853857711671
-0.64845795237923676 4.4774437720242624 -1.0986918936955501
-0.7079335334225606 4.4557839540231781 -1.110983562814936
-0.76867053072581926 4.4323031617949393 -1.1224500158972379
-0.82998329185795383 4.4071971329050328 -1.132891758390566
-0.88977578288473336 4.3813157521432036 -1.141930415006134
-0.94777546580600858 4.3548231477214889 -1.1495486145045459
-1.005809082922128 4.3268932734929342 -1.1559795655323719
-1.063880165279615 4.297485789313086 -1.1611774790681111
-1.120291102158927 4.2674619021221183 -1.16497817955864
-1.1742792995349409 4.2372921384040723 -1.1673730176238071
-1.227240519300516 4.2062447966186474 -1.168453727891233
-1.2803801875560099 4.173588702956061 -1.168211613706069
-1.333055551907794 4.1396745929527103 -1.1665987153822159
-1.384126899308467 4.1052407910050714 -1.1636425410203011
-1.4336761528774751 4.0702671464611937 -1.159359067533817
-1.4825300865728051 4.0341748334052898 -1.153670859120282
-1.5304221042321771 3.9971441456826242 -1.1465839637055251
-1.576393543027435 3.9599393359929258 -1.138252190648916
