-0.5035862171115455 -0.59485213670393444 -0.094977362293669723
-0.39117629907498003 -0.62499326865402116 -0.1247380768631636
-0.30212503181110179 -0.66337171691183361 -0.14424222127223851
-0.23121537183068741 -0.70333595082203704 -0.1532488796003951
-0.12397544068228331 -0.77223066016347863 -0.15462009839606031
-0.033111306919159762 -0.8297675189737731 -0.15254321477085031
0.057442278400708952 -0.88711788453146823 -0.1504637308148839
0.15844542934069011 -0.94835483600008263 -0.1480086837935044
0.24344486014664091 -0.99032180385079382 -0.14553637349396251
0.3423890793531551 -1.027181965977217 -0.14222779948642511
0.44676687180496089 -1.053718350195668 -0.1383835370982256
0.55190457369887513 -1.0688222120887481 -0.1342717129377147
0.65836318865833554 -1.0727794208142989 -0.12996839815945471
0.76484050355672584 -1.0654620528593099 -0.12561906661868039
0.86983706201850941 -1.046920999329632 -0.12129561218138329
0.97199615106141635 -1.0174658600706989 -0.1161955093274486
1.0705526812696811 -0.97745914196629624 -0.1094969706614678
1.1644171738166 -0.92728705006681977 -0.1012767539357762
1.252118938212007 -0.86762488174750552 -0.092186080827590264
1.3329076890925211 -0.79894829829968372 -0.083179584284705219
1.4059794828208889 -0.72195048714689836 -0.073678920122058983
1.47059743125322 -0.63748031448352271 -0.062708153473075429
1.525513573787953 -0.54698809924180714 -0.051471773757295738
1.57027803046568 -0.45127952834744411 -0.040987921937648372
1.604709781199352 -0.35063105677964168 -0.030833082486076469
1.6281654939042229 -0.24661588658966119 -0.02011353453151421
1.640320716957455 -0.14131301222604931 -0.01056810167407728
1.64112714779894 -0.03575805396921803 -0.001897543211002876
1.630750341459787 0.067563273426705109 0.0059314056251632561
1.6082585509115821 0.17539693305051871 0.01230239900538038
1.575937520627555 0.27451774592033568 0.017504770321909249
1.5320998159665871 0.37269623877458807 0.020693111615913959
1.4794087812043919 0.46399285243017507 0.020730694120103019
1.4173462864143831 0.54987754005769884 0.017208714654810501
1.3469008795437709 0.62899312958150144 0.0095777740517872072
1.266633238990954 0.70291774393111128 -0.0028224314774749752
1.182686510736995 0.76572602879665297 -0.019901768939339561
1.0925133053229159 0.8194296680211639 -0.042683960369259033
1.000077210485677 0.86210894710032537 -0.071601929816399443
0.90361011417984249 0.89522963589867977 -0.1087578649074389
0.800611881997912 0.91840379397705529 -0.1585530880141694
0.71370433951292866 0.9283319078405059 -0.21454544714167559
0.63412329541617063 0.93368144600441239 -0.28547562918839259
0.55206655653758885 0.94633922432716633 -0.38348091292159098
0.51086335244738457 0.95618863379838748 -0.4386688487121792
0.4601777444618656 0.97865620095893857 -0.51510734729009566
0.40270698692071027 1.024094999072833 -0.60481955787714436
0.34884426992061662 1.081898922598058 -0.68483852329906814
0.29739562963432697 1.147571002414552 -0.75326846345190523
0.24630180084491879 1.220872688967074 -0.81185726251765167
0.19423297281287999 1.3014033745437019 -0.86063552015604428
0.1411561678904841 1.386949237359093 -0.89858073261224469
0.087926469907699825 1.475485251756482 -0.92498693257278819
0.034755548331864498 1.5654482482479579 -0.93997971741904174
-0.018553055599403349 1.6574046546421679 -0.94378183082800415
-0.071938157600813818 1.750210484909803 -0.93616572588823455
-0.12489198174325999 1.840817576296637 -0.91723388296079944
-0.17649996818936489 1.928764195252096 -0.88742667696866251
-0.22699410237662529 2.0137304707042101 -0.84655949201225744
-0.27651639957408858 2.0936385065835141 -0.79551448183116957
-0.32343482599274193 2.1675198745168212 -0.73504464523317514
-0.36766883851477888 2.235105980073639 -0.66548057918411907
-0.41027702805003369 2.2949243466595139 -0.58768487870326769
-0.44916305121314543 2.346281429526476 -0.50310591056511078
-0.48372438931851419 2.3889641428262771 -0.41264242070033369
-0.51534530908440834 2.4232530695665142 -0.31462118828410363
-0.5424344148845518 2.447065121473154 -0.2147889384862563
-0.56495380365184733 2.461010851779788 -0.1116919748825439
-0.58240793143280578 2.464882338338465 -0.0065877359271050472
-0.59522645202472979 2.4583042871198848 0.099288008831739313
-0.60395944748846608 2.4411037278201788 0.20448669394142399
-0.60842458540041644 2.413628799634338 0.30703510299821352
-0.6074897317171275 2.3763214726306332 0.4073301032727592
-0.60062579053309606 2.3301584328418041 0.50352685871434166
-0.58884270803173666 2.2753627699179062 0.59405647279775364
-0.57314652525124299 2.2119166852175201 0.67818877080001327
-0.55320228309276831 2.140468493947103 0.75529668200900868
-0.52848898114639387 2.062767500007439 0.82419089363140829
-0.5003918985088508 1.97934458774331 0.88387428774902543
-0.46980888021806749 1.8905071962465041 0.93386957540233784
-0.43544177616548102 1.796483263237693 0.97444423994661733
-0.40000594801557121 1.70099197475141 1.0035902652079389
-0.3631927271891488 1.603042536740255 1.0217347667296459
-0.3250465169434118 1.5033907726180209 1.0286884782972661
-0.28639677624170151 1.403846762291284 1.0240690986374441
-0.24827282584659899 1.3058998418985579 1.008129149160665
-0.21084121694926011 1.2086436085602421 0.98055092915350417
-0.1748623736964755 1.114862087209967 0.94176912729102513
-0.14207399789414929 1.0261597161323499 0.89294698207308865
-0.11305491948396269 0.94222179745069645 0.83420311015423187
-0.088703293814594408 0.86399966087656654 0.76645844701953203
-0.070059489057532204 0.79209224181057702 0.69074071695102812
-0.057583052054302343 0.72573831003818901 0.60588093166839929
-0.052966353464200013 0.66365389873782632 0.50831061989723836
-0.059276697977624811 0.61768188594368911 0.41856651922242821
-0.079208603288445686 0.57846494781545987 0.33381238075381592
-0.1177550727863227 0.53895972107818224 0.2446690465861153
-0.16900771234332179 0.49305524825184882 0.14174963898790061
-0.20564902718393269 0.46133535837502548 0.057408423145378633
-0.24129246818109759 0.42937187715496461 -0.040504560281301838
-0.26752679227137138 0.4046025443636021 -0.1335546321293351
-0.29269844672398349 0.37999859658395763 -0.23851484999726849
-0.316915866859874 0.35602620003183649 -0.34726441452866641
-0.3396356047831427 0.32967335226708688 -0.44330797261507798
-0.36490258414342108 0.29270614044610788 -0.53810512506295338
-0.39238043126495548 0.24523194656511771 -0.62940511844814462
-0.4215187123545413 0.1881477549079256 -0.71488956098378631
-0.45193180150234508 0.1223356222339451 -0.79323035679764076
-0.48334543462333762 0.048549362526968731 -0.86358422977108407
-0.51522430219991255 -0.032487427968308127 -0.9252353163175272
-0.54698759381943363 -0.1198844386305935 -0.97748580882553893
-0.57826506434284197 -0.21268536020754611 -1.019759551553356
-0.60866800412673194 -0.30980392135642992 -1.051558509600361
-0.63789514761569266 -0.41008500399678011 -1.072510866885549
-0.66527363607397205 -0.51273692240983237 -1.082518667106265
-0.68996784661566612 -0.6164429146239252 -1.08154852313358
-0.71168347249626318 -0.720082252226391 -1.0696312035154221
-0.73097070357103322 -0.82221843990415877 -1.046734228435702
-0.7476405834170351 -0.92198438873724597 -1.0130471325895249
-0.7606268968514408 -1.018346509288977 -0.96915872543604986
-0.77046110807833224 -1.1098582477367589 -0.91547341309111474
-0.77790396647307036 -1.19520818038434 -0.85247531917546515
-0.78220065408297013 -1.273812584765706 -0.78092120511128271
-0.78318585005914476 -1.3449454404674051 -0.70157318970282678
-0.78132789792070823 -1.408016977686779 -0.61443294515770885
-0.77694244979310401 -1.460493401165065 -0.52344037208134431
-0.7696044800583578 -1.5039552799358049 -0.42594952968611521
-0.75970146810530137 -1.537235273051182 -0.32342608327307582
-0.74816487929735342 -1.558796369751533 -0.21990753250364969
-0.7364012232866689 -1.569070435913112 -0.1160817642865848
-0.72467578737524319 -1.5679848134611361 -0.010060091292456301
-0.71409123966204491 -1.555108120714213 0.09559097904510945
-0.70569061912264475 -1.5306443612096421 0.19914395893927039
-0.70020081452096905 -1.4932927318410361 0.30219602021864361
-0.70065680062711588 -1.4428296035805339 0.40245399846935859
-0.70926978872029411 -1.3913319335914649 0.47964851390984742
-0.73553494991575441 -1.3227286464760859 0.56757414859016619
-0.77141555036191445 -1.267610999704669 0.64717772177272992
-0.81907843623663645 -1.2182881741776279 0.74925355123239912
-0.84364378693081732 -1.1921148766216341 0.82460184366427491
-0.86038452506800622 -1.160919636423821 0.92748523999791543
-0.86274585961521788 -1.1288463960629449 1.033782660907973
-0.85188524875597404 -1.095910705048428 1.136012852224062
-0.82949661196046998 -1.061513794927528 1.2338430622033061
-0.79631781722065886 -1.0249543917594339 1.3276415878498919
-0.75303004673238827 -0.98546149657043924 1.416541481565349
-0.69973331218006596 -0.94167985719522296 1.500790185956312
-0.63821259816500919 -0.89421293682382241 1.5771245999376859
-0.57243045481950416 -0.84587002222428365 1.6419865744001769
-0.49968104833854571 -0.79379054333611232 1.6986990893242679
-0.4196737770530044 -0.73756927470378997 1.746742615752831
-0.33745530293278952 -0.68136573639814313 1.78322086793765
-0.25118430134836439 -0.6235224865636726 1.809092054154992
-0.1632173470860494 -0.56416847245718116 1.8237107039028859
-0.074579984972249144 -0.50506943355404998 1.8268903852513561
0.01455781175389677 -0.44703522630648229 1.818690109804554
0.1027781996876346 -0.38977032924661842 1.7991203999951899
0.18834781354780161 -0.3337223467859749 1.768518843517952
0.27080144910173221 -0.28008435257234793 1.727241925314509
0.34941087129986342 -0.2295086953393615 1.675682641505565
0.42283915434297648 -0.1820501057777138 1.6144999490364149
0.49021506291627892 -0.1381932840389262 1.5444168630751971
0.55084450644591909 -0.09844066438282012 1.466188330745835
0.60429919844669988 -0.063623511867239149 1.3806732686580681
0.65028166693034417 -0.034716605554506251 1.2890095333813201
0.6884495580445994 -0.01215941622125807 1.192208619223734
0.71840024057934415 0.0038646515096665002 1.0911920978229639
0.73969740801010431 0.01317502640633411 0.9873009072628911
0.752106053687846 0.01573770811890118 0.88179752167736969
0.75553163057422179 0.011554024685949691 0.77483469037538955
0.74965672737391353 0.00058416069629177371 0.66848961818804886
0.73703708468655249 -0.014142275869149901 0.58038405996852038
0.71317311473071932 -0.038826743794108859 0.46362463896759681
0.6920172063623613 -0.060704364462236232 0.36025774930468568
0.66783809465205413 -0.082696093547349983 0.24463858220055179
0.65364833855912852 -0.092131151212810444 0.1592865443282292
0.64422705234638189 -0.090659235656671722 0.083983146492977112
0.63485378042995355 -0.071763197480866611 -0.064057688083635295
0.64793806405849586 -0.071364055279693112 -0.17347004364331051
0.66792179215661951 -0.071119937570844449 -0.26083895817864278
0.70514769276390277 -0.062974110303009964 -0.3659373946200532
0.74989696702817332 -0.045626667352280027 -0.46063199900866292
0.80166888473267539 -0.01723381674725339 -0.55094470715864263
0.85783698775362849 0.021685041719793241 -0.63458549809131837
0.91580901861355879 0.069269471144325453 -0.70923077913875465
0.97562864108946312 0.12743820610926701 -0.77770762886516243
1.033967657548388 0.19454582962377071 -0.83799570645415733
1.089351446958913 0.26933407424067979 -0.88979491029212987
1.1408642768962609 0.35095464430551848 -0.93285323902456085
1.188302888068326 0.43918888824593588 -0.96742432707987625
1.230785743876337 0.5338431355682417 -0.99391578064904917
1.2666542828515961 0.63283457877991456 -1.0118173244474069
1.295554591463433 0.7346689485860961 -1.0210637426900431
1.317100267448049 0.83945426816625468 -1.0219367201435161
1.330292021783837 0.94451308591990557 -1.01489589070345
1.3360364485182969 1.050309952112392 -0.99916382232004808
1.3330318356127711 1.154898858304916 -0.97636416730245446
1.321625164931002 1.2562853040856881 -0.94617617633464068
1.3025311245899449 1.3517296047251841 -0.90984161088662896
1.2737559685978961 1.4489610912437521 -0.86467509214123384
1.2393377084073189 1.5346256021153879 -0.81627765453612822
1.196844548676083 1.614850136541421 -0.7622379518845841
1.1461670840313181 1.690118464646319 -0.70127955373878292
1.0903890354041259 1.754639692512501 -0.63878228809250504
1.0284100556289839 1.810301115260551 -0.57251988378770868
0.96198255142270128 1.855529143244312 -0.50488912807003472
0.88784103130520253 1.8921004702493009 -0.43374808738134701
0.8117993839449924 1.916984080834055 -0.36417289459848468
0.73219207058496916 1.931179783912341 -0.29619098474509259
0.64949142159951179 1.9345235779750749 -0.23036915645928449
0.56346745443762192 1.926973075330235 -0.16693048173094421
0.47559169342480823 1.9082935527279381 -0.1076136148106952
0.38772937152315301 1.8793768923639 -0.054711020423993499
0.29920556684673738 1.8407458464262449 -0.0091115942703660305
0.20989385119510651 1.792861832527112 0.027859857241779369
0.1184606352835828 1.7359267959006099 0.054585783527284847
0.027638209009369911 1.672806225179472 0.067076567676079238
-0.045932411379482722 1.62106604170729 0.063048496275389596
-0.1435770608129755 1.562293833370294 0.045400236649004243
-0.237656517793672 1.52355881575769 0.02773874161265516
-0.33675278911101741 1.4932701409363209 0.01885777309537787
-0.43596121692835882 1.4637760619566791 0.02572147606681436
-0.53461399552121758 1.4279516657204241 0.047353731478208608
-0.63127707788726006 1.3837449586172601 0.081217838451338883
-0.71723358903802215 1.333536435449675 0.1218416858230064
-0.79332454917561912 1.277358422808762 0.16740467392171771
-0.86123938127733446 1.2140306358661499 0.21790906975265659
-0.92028349422721012 1.143377514778896 0.27199492608418668
-0.9692126310820014 1.066805078747481 0.32788849584776081
-1.008120067872875 0.9839997139875144 0.38500432167941973
-1.036103092962873 0.89677222277513402 0.4409266102976187
-1.052961534097236 0.80700802184811138 0.49506695016127777
-1.0590253847666939 0.71401591867996284 0.54728313751367785
-1.0541888541121409 0.61937766980303866 0.59639240853400577
-1.038654195960556 0.52439400224338761 0.64182264469720618
-1.0126825157664729 0.42974957013812132 0.68300415159889305
-0.97631349261808975 0.33653605312964752 0.72002562777749923
-0.93004741124460133 0.2452020339433966 0.75190245572436121
-0.87495013284668111 0.15821862164345921 0.778904763541858
-0.81180063484666709 0.076970466399008758 0.80106048163224641
-0.73708734004859144 -0.0029235096939159841 0.81841149042955696
-0.66003801057431344 -0.071354816801538004 0.82946728448997553
-0.58484393704249538 -0.12667680228010181 0.83517884173688572
-0.48385332613204712 -0.18985017586707889 0.8379056189270585
-0.39177320672997962 -0.24569157197018771 0.83963702453558831
-0.28110645996478067 -0.31559644321434899 0.84003195348598958
-0.21527741470647571 -0.36816208390217908 0.83631827066033371
-0.14061001348498051 -0.44799684342534252 0.82837714932736162
-0.071032447631316678 -0.55262728139702377 0.82317686046501104
-0.01456687223853763 -0.62940023446984139 0.83177270548962912
0.032095527724155963 -0.69893943327114427 0.84881674010921149
0.080533607989457814 -0.79195054718157709 0.87839379844511656
0.1167741794868364 -0.88837133084523412 0.91351065760079408
0.14030046019673301 -0.98616228895081315 0.95126520741000209
0.15161298992526839 -1.0852846217011189 0.9901469731953072
0.15067737664016631 -1.1842033173422799 1.028693975139972
0.13810189823017571 -1.281555855988914 1.0658960429658719
0.114025611414637 -1.378783725084352 1.101741991714585
0.078751196270521545 -1.474380870596635 1.1352229332349539
0.033036414391757557 -1.5673807014215311 1.1643045674852091
-0.021614267957484209 -1.6550000118762691 1.1884306158281901
-0.085332330807283543 -1.738082025362879 1.207605710667812
-0.15725466155052689 -1.815691085506898 1.220965892588799
-0.2359242830640817 -1.8865944733280231 1.2282113780347119
-0.32093823884847911 -1.9502272212507641 1.229489002051366
-0.41165416030064378 -2.0060696776502849 1.224720677610162
-0.50638142857339963 -2.0540722380063712 1.2127089519870919
-0.60342278510747049 -2.0928377373858251 1.1944261861520611
-0.70220581375296121 -2.1218038342232859 1.1707829577173501
-0.80401813872202677 -2.1418824751979839 1.1405259706431361
-0.90380949634239183 -2.1520761700315569 1.1048812640873711
-1.001888525328696 -2.1521045609573841 1.0645214015018329
-1.0977587284615089 -2.142514621894303 1.018549182600774
-1.189615358592357 -2.1233723193438991 0.96786988356808501
-1.276608497168424 -2.094629751331774 0.91333087842425709
-1.35767987623721 -2.0567547719103501 0.85524865468129352
-1.431805540480952 -2.0101804973453299 0.79452128604453098
-1.498302887306858 -1.9554211021169301 0.73141427038597429
-1.5566631140528591 -1.8927169309719889 0.66723990577266035
-1.605796086206063 -1.823299930671048 0.60335128748828148
-1.6450515780443711 -1.7482315703161579 0.53892421384788347
-1.674373178475991 -1.6674949622014441 0.47463239650133271
-1.693378396425971 -1.582741605021792 0.4131955941665168
-1.7014793108177899 -1.4953735828710499 0.35296860303514271
-1.6984905746982231 -1.405792098106514 0.29384893547397428
-1.684798543104856 -1.31527104787754 0.2388147615201765
-1.6603326176656039 -1.2252233376771771 0.18742231138628901
-1.62527346316461 -1.1364602213381201 0.1401325155907556
-1.579856412505213 -1.0497367489821321 0.097157587142274529
-1.5244288797243919 -0.96624479193996693 0.059027937823905731
-1.4604892830281651 -0.88822729563281744 0.026455137705640029
-1.3876198836318849 -0.81577369499582242 -0.001673314573223203
-1.306095398076637 -0.74926277350365234 -0.02463944146554739
-1.2176663910567731 -0.69092964179893357 -0.042630973596397788
-1.123134805764709 -0.64182523190168517 -0.056280644117516529
-1.02397849229183 -0.60328566011721729 -0.066339661040702907
-0.92258452515974221 -0.57624507423472782 -0.073228075134401882
-0.81532058316487499 -0.56052204959036611 -0.077358212966912657
-0.70159316018942719 -0.5583931342955718 -0.080614121252965895
-0.61033565509427179 -0.56948239411858803 -0.08343109728728737
