-0.5035862171115455 -0.59485213670393444 -0.094977362293669723
-0.40378968502173168 -0.621611167351939 -0.12139866175217638
-0.30729639177280849 -0.66114301453834823 -0.14310958212421204
-0.21522267122361532 -0.71361022504162952 -0.15345336958310049
-0.12550189591593935 -0.77125001155134998 -0.15460058044146338
-0.035423205281920389 -0.82830358194853626 -0.15259605788566263
0.054657080466323567 -0.88535393317467426 -0.15052769045158174
0.14579822884689309 -0.94068699598078764 -0.14831609471694715
0.24077888406518319 -0.98900552524233198 -0.14561391660292247
0.34054709681235434 -1.0264957634316569 -0.14228939313591474
0.44377705355686736 -1.052958236727936 -0.13849365291471027
0.54919741927835997 -1.0684333079586963 -0.1343775868797164
0.65565776579114532 -1.0726788566375018 -0.13007775789713547
0.76196964057906613 -1.0656593452194332 -0.12573633417853472
0.86694208845849108 -1.0474322147497339 -0.12141481881507953
0.96936777644458472 -1.0182236892671879 -0.11632672605040589
1.0680838705573006 -0.97846129792708969 -0.10966476699095426
1.1619795347549065 -0.92859000763578448 -0.10149023105414572
1.2499884977779938 -0.8690741877750936 -0.092406910336501391
1.3311191951985115 -0.80046865415144741 -0.083378969272068018
1.4044126950439062 -0.72360145564258171 -0.073882631071575111
1.4690533995440076 -0.63949871073779996 -0.062970297536626738
1.5242987095433564 -0.54898998341715644 -0.051720346860309643
1.5694825076768886 -0.4529803945006351 -0.0411742336602922
1.6040334088715358 -0.35260818078742251 -0.031032562682468099
1.6275926684414825 -0.24915610093939328 -0.020375322783046036
1.6400464332917093 -0.14368918074780504 -0.010783495196993424
1.6411144425905608 -0.037421058000206828 -0.0020341466819637829
1.6305786954226105 0.06838620570099499 0.0059800258434713248
1.6088394782081783 0.17261176055688948 0.012137846345463457
1.5761203153033274 0.2739571586899282 0.017475347813725072
1.5327160474503172 0.37131613279527503 0.020648292748196375
1.4795468928670996 0.46375354934629243 0.02073059561032492
1.4171142991748136 0.55013807950286442 0.017183584828403719
1.3463244952041646 0.62952396603974403 0.0094887308928536494
1.2683798376729869 0.70130916750973438 -0.0025526068945523634
1.1842415469322811 0.76456256288962821 -0.019585389867788881
1.0947963365578304 0.81806998378663864 -0.042107154272642403
1.0017479982250828 0.86133751667222591 -0.071079235852684663
0.90700319521030515 0.89406466685554342 -0.1074509623121041
0.81287599008179667 0.91564442254508538 -0.15262391830605831
0.7230019002249255 0.92726977630667495 -0.20855526097934254
0.64247513294619063 0.93312002495103608 -0.27803167864523737
0.57314953662199541 0.94308703941294092 -0.35830024557663309
0.50867801385035594 0.95715733563799676 -0.44196453772293282
0.45209513324664236 0.98504665333776142 -0.52772435375488935
0.39930169727614045 1.0277494582824493 -0.60987848860876703
0.34822267766278547 1.082692359628511 -0.68566528025058637
0.29737172221639119 1.1476053011566374 -0.75329587785671315
0.24637395024166253 1.22076917994083 -0.81177452950255591
0.19476274158400847 1.3005840236201549 -0.86013923094456102
0.14216045391575388 1.3853305921774406 -0.89786275709259211
0.088932973994656495 1.4738111513255037 -0.92448762581005062
0.035229398085580163 1.5646465140957633 -0.93984610439906091
-0.018225586408414048 1.6568397760336975 -0.94375847484209829
-0.071270552706506382 1.7490499059433098 -0.93626096873207543
-0.1242285071255321 1.8396823324064204 -0.91747108579652625
-0.17604946870021682 1.9279964864217367 -0.88768687179502748
-0.22641134025619264 2.0127498592402309 -0.84703114773513777
-0.27579355182274501 2.0924721361338694 -0.79625955572545171
-0.32286433898864175 2.1666215417408026 -0.73577990552539796
-0.36715116162808253 2.2343150103489018 -0.66629469725944113
-0.40964522427635713 2.2940373465274653 -0.58883845076712982
-0.44870338748129707 2.345674347946844 -0.5041057012602711
-0.48358068951880528 2.3887866758157834 -0.41301855154731959
-0.51466175548451509 2.4225118413073967 -0.31674012621444037
-0.54196288083153354 2.4466506303700126 -0.21652669630360222
-0.56460548959198831 2.4607951490362101 -0.11328660617218637
-0.58214372007541948 2.4648237338220085 -0.0081787483219931401
-0.59500824336005231 2.458416264766782 0.097485694382120236
-0.60378592295671107 2.4414455027599229 0.20239639712967133
-0.6083515656788222 2.41407810526532 0.30535809851886403
-0.60750811416183859 2.3770550632322691 0.40535795797311924
-0.60077845417468978 2.3311851633414178 0.50138730847615209
-0.5890869422523034 2.2764985487790921 0.59218001731750747
-0.57345546921987223 2.2131654783461072 0.67653281620275796
-0.55365838715372018 2.1421024397208841 0.75353330433065469
-0.52907839720814998 2.0646206806929595 0.82254775606199793
-0.50098691920490934 1.981111260816204 0.88261035386773534
-0.47039331465271983 1.8922048583340643 0.93291417697183854
-0.43652522893141099 1.799447449283923 0.97316508845163208
-0.40090944127840761 1.7034266782792051 1.0028471405559438
-0.36397442406255309 1.6051224082572311 1.0213494839483355
-0.32595202027160108 1.5057562763860577 1.0285234131721281
-0.28740043796418507 1.4064317346883441 1.0241890553166355
-0.24914634791145868 1.3081440688283856 1.0084943762013157
-0.21208692878456809 1.2118802645442073 0.98146872339403146
-0.17640413669452229 1.1188808067252811 0.94343100248498446
-0.14342798122779954 1.0298226463372011 0.89496307373120143
-0.11420793456979911 0.94555690289910665 0.83653718050496728
-0.089594542984334918 0.86686252577205958 0.76893784513417618
-0.070642504430762393 0.79434087782189855 0.69310850621031594
-0.058171266961711939 0.72886663680517016 0.60988173660412714
-0.053533015092515068 0.67127424754635989 0.52028656995427425
-0.058740135905667998 0.62159083867746945 0.42619736734831648
-0.080151625436704982 0.57749847009984678 0.33163152892523401
-0.11956171674617944 0.53734159878674648 0.24104116073093779
-0.16371286394487319 0.49779758399351987 0.15238211889919659
-0.20436195891599315 0.46244955593863873 0.060371005221446367
-0.23940828418033527 0.43106153107834128 -0.035328682990045636
-0.26777345931774132 0.40436144050055361 -0.13458317902030614
-0.29202229473136398 0.38065949904266694 -0.23569544610823195
-0.31472911988783114 0.35819082224505366 -0.33744471533628301
-0.33834652483372502 0.3311685687954784 -0.43785862168426798
-0.36394103669403166 0.29411294605316751 -0.53449757234183426
-0.39138619517026951 0.24694971422405521 -0.62610159366810436
-0.42041432600072315 0.1903113349108474 -0.71164956712451044
-0.45075129985571161 0.12489015823035525 -0.79018951349470024
-0.48211518439595386 0.05143904938466759 -0.86082896526889985
-0.51396115950319243 -0.029276491135816388 -0.92279250307991945
-0.5457233770137786 -0.11640593360136754 -0.97540617704418464
-0.57701485304210043 -0.20897595663579921 -1.0180698013913854
-0.60746018107736477 -0.30594567483452095 -1.0502952266827208
-0.63676394418895255 -0.40620373847513169 -1.0716999296700034
-0.66419929002998512 -0.50870880805199303 -1.0821259558507652
-0.68900639065243674 -0.61240517693360674 -1.0815862951735549
-0.71085552399230156 -0.71613081030197434 -1.0700855734241386
-0.73027309632521664 -0.81852423702413535 -1.0475623978946031
-0.74704416982212019 -0.91841497079642564 -1.014252386743812
-0.76015856682578653 -1.014871367970539 -0.97074148862376519
-0.77011479666747906 -1.1066356650079259 -0.91736393952290707
-0.7776626163876168 -1.1924405321979237 -0.85451816273684511
-0.78207206459938738 -1.2714601447736908 -0.78306264694068872
-0.78315713346689042 -1.3428720527735167 -0.70388603370521408
-0.7813977774827825 -1.4056447898843807 -0.61771038272021761
-0.77704805049344516 -1.4592297795443179 -0.52563145476277506
-0.76980178606163829 -1.5027866611072602 -0.42857089897009681
-0.76011078230053075 -1.5358597346125906 -0.32766361243689168
-0.74861987121278328 -1.5579460209309437 -0.22399020412185422
-0.7366860854924252 -1.5688216447935643 -0.11859595182503271
-0.72495823205343435 -1.5680109641549271 -0.012613962853080918
-0.71437633878981166 -1.5554549597072567 0.092745224194073009
-0.70592429633424347 -1.5313248613083477 0.19626346082833707
-0.7005045549548945 -1.4953593263622293 0.29649434591854923
-0.70060939803064903 -1.4480755601417952 0.39203155703631759
-0.7096787214300041 -1.3902638218107555 0.48101746298178411
-0.73412658386504681 -1.3264072281463537 0.56285948196584379
-0.77045839228901236 -1.269081329072367 0.64505420093539412
-0.81168072314331585 -1.2259435249920962 0.73341045473819722
-0.84427418953093691 -1.1909401637522912 0.82847610297269692
-0.86042576122512582 -1.1603595390922428 0.92934151959846345
-0.86269334106929518 -1.1295597384179159 1.0314184952762455
-0.85226512568875434 -1.0970627129275194 1.1324370964937436
-0.8301760726627917 -1.0625576882615402 1.2308740657526542
-0.79712264031626578 -1.0258412187904347 1.3253663026755433
-0.75400525160257015 -0.98635120891393646 1.4145387078412215
-0.70200154484336719 -0.94354314104024439 1.4972046818021543
-0.64211714809269049 -0.89722553125596838 1.5722798653574335
-0.57529018882095928 -0.84797162411164739 1.639166842717102
-0.50230157596055536 -0.79566651345831585 1.6966562312576374
-0.42416763648812483 -0.74072711866519825 1.7440441003420639
-0.34174681058113043 -0.68429935827672284 1.7813168348121948
-0.25596438763252094 -0.62672745370311411 1.8076585886785148
-0.16847699148868106 -0.56771731657355251 1.822836638181669
-0.07985161119822104 -0.50858429496217139 1.8267012766047641
0.0092328809053079941 -0.45050208494328908 1.8191799794367118
0.097246516821029916 -0.39336101001036494 1.8003474794831897
0.18287218384154452 -0.33730887690914213 1.7704770478868332
0.26549891573765583 -0.2835337729889148 1.7298964139185542
0.34428249399603128 -0.23280818597836286 1.6790463026735758
0.41800228863115363 -0.18517629660049834 1.6185301735643025
0.48577114578192881 -0.14108595125054674 1.5490393376826059
0.54683933807317153 -0.10106671413210838 1.4713560912478565
0.60074790742352135 -0.065936607996937444 1.3863545074973902
0.64726573240539809 -0.036612574597337466 1.2950216469764175
0.68600737253684185 -0.013602745660668145 1.1984024586733819
0.71650590413115101 0.0028511528851929806 1.0975812436508487
0.7383863426683448 0.012601874606429558 0.99369650610016724
0.751385706811183 0.015588939283407674 0.88792220572892833
0.75531983862256691 0.011812687827593118 0.78144784417324453
0.75004332338448654 0.0013060288718742714 0.67548761955930003
0.7351966504763624 -0.016045988424668294 0.57137935399672313
0.71428497942459979 -0.037676650644319319 0.46906466751813236
0.69334792803753009 -0.059328246570378593 0.36675960014343056
0.67191954666074583 -0.078983873349832187 0.26415518345018618
0.65375779029638559 -0.092058374524765757 0.15994490157992378
0.64234216616232254 -0.086859401232940905 0.054213379195283601
0.63565730806293552 -0.073383068211548177 -0.051366825975652258
0.64599486183873123 -0.071423333573663303 -0.15722075264434113
0.66814016640765006 -0.071072152590504992 -0.26145548570297306
0.70365215761789357 -0.063301365541261562 -0.36171510844498095
0.74820780071888615 -0.046281487272075941 -0.45705752907514191
0.79914368431558891 -0.018618691817930029 -0.54653966097916329
0.8543929561560939 0.01929867345931479 -0.62945693737230202
0.91263598758400311 0.066664993280637103 -0.70514515734044825
0.97170202194167665 0.12361995284951338 -0.77321274076345103
1.0296938239322377 0.18962962028935082 -0.83357908738355069
1.0853312967939575 0.263905410418044 -0.88603495489597173
1.137564265490884 0.34572587290128914 -0.93009483929994252
1.1855724403504388 0.43411034601937792 -0.96543450178454604
1.2281939617225139 0.52806849579114723 -0.99229959747860264
1.2644086274972079 0.62663692839219631 -1.01069654565822
1.2938413939842643 0.72863225230067241 -1.0205156191167835
1.3157642986505595 0.83295691261825522 -1.021882589995101
1.3295331409726105 0.93846937718989354 -1.0153009278365845
1.3356839772970324 1.0438183816987385 -1.0001291234044627
1.3332286092060071 1.1480492788312118 -0.9778573280467554
1.3223504397594545 1.2498388098260973 -0.94809563123794582
1.3032689568607045 1.3480414442408635 -0.91124565185714734
1.2759263797474671 1.4416272542877482 -0.86808184746514594
1.2413066793260672 1.5297249787328837 -0.81904633449434638
1.1988421648308782 1.6110787571713296 -0.76477837447729857
1.1497060379769026 1.6848622595738758 -0.70553645500933371
1.0939356214382441 1.7505371810176331 -0.64275610816988227
1.0322067102691463 1.8068914560547831 -0.57657892873625138
0.96508641712263243 1.8534158360169564 -0.50804921643163636
0.89282223643389891 1.889643422142494 -0.43852770501230054
0.81661200377101828 1.9154092154569806 -0.36857625727946708
0.736492383795188 1.9304129452024374 -0.29986330444361486
0.65325329557648626 1.9343714760021971 -0.23336324932291858
0.56773528998241607 1.9273476721389136 -0.17007781194428723
0.48075411691644715 1.9093909157001989 -0.11109829344915231
0.39287129163148538 1.8810691667560802 -0.057807010923361442
0.30450858251410901 1.8430600379886521 -0.011843226425126613
0.21620590154082914 1.7962460056367804 0.02524692273932988
0.12830971759865373 1.7420597734706937 0.051706897060170148
0.041194320543709653 1.6822275711169112 0.065212199259393408
-0.045932642928626394 1.6210659023381122 0.063048454425278733
-0.13622842701378909 1.5667169680647581 0.046728426139567229
-0.23283157019451622 1.525545375164294 0.028644526901048347
-0.3342267384581572 1.4940422257563619 0.019084156752632312
-0.43620817654932992 1.4636863819756161 0.025775628556722385
-0.5343863216171556 1.4280343423593198 0.047303807896598174
-0.6268086419524812 1.3857884982369673 0.079652405311881197
-0.71241555348700369 1.3363507242841912 0.11956463736867176
-0.79016110203427703 1.279693998193457 0.16551041336578273
-0.85904006784764397 1.2160814051603575 0.21627356551047527
-0.91831342446628572 1.1457349314698215 0.27019029384010668
-0.96756126857482017 1.0693894049398902 0.32600208314086981
-1.0063851931305388 0.98769198846512041 0.38245753855012687
-1.0346718865037812 0.90123351845106703 0.43806643558740943
-1.052164911847884 0.81124970463976687 0.49250862350585795
-1.058730648699626 0.71853583980767366 0.5447451472931979
-1.0544279645230279 0.62405643484989781 0.59396452400049693
-1.039392633641731 0.52890903685424528 0.63966312513003987
-1.0138649606201287 0.4340585644285842 0.68112923012528048
-0.97797907970235609 0.34080493957663616 0.71833016039274211
-0.93240786914906149 0.24986182144071944 0.75027612584591585
-0.87767856392028065 0.16252606208167569 0.77756760247237511
-0.8141321605646078 0.079970207798182369 0.80024247629311973
-0.74247911958945534 0.0028421402737414114 0.81715933290525655
-0.66374628840184347 -0.068061312489591838 0.82893518438917357
-0.57795199222301297 -0.13098796943610666 0.83536492634178383
-0.48756144108001692 -0.1875306124066769 0.83780549869640031
-0.3964170874095051 -0.24287532040399856 0.83954970448098709
-0.30620120636400455 -0.29974484309760752 0.8399423995581321
-0.2210222417509734 -0.36357473931819095 0.836642359600828
-0.14763466547881143 -0.44048605031500249 0.82912424394820472
-0.087311774550746929 -0.52814650106839611 0.82439359176951987
-0.025464066793863434 -0.6145839539236525 0.83011380810039481
0.033304143928964469 -0.70126022589718828 0.84955474029005162
0.080668806833874437 -0.79231025394089283 0.87852480517545284
0.1161829158345718 -0.8867982291432559 0.91293772727595224
0.13973930286952663 -0.98382974377071608 0.95036467227986132
0.15129701171680315 -1.0825159662480126 0.98906093930283345
0.15069951662237852 -1.1818625445071549 1.0277818141531865
0.13820256751616 -1.2807765289339268 1.0655982327766234
0.11415670326026667 -1.378254333616971 1.1015468157883379
0.079142487317068189 -1.4733204332524141 1.1348515367825012
0.033960133908358989 -1.5655015333440936 1.1637169397633298
-0.020802585374180428 -1.6536986728041836 1.1880722910570773
-0.084510813759337 -1.7370108488800367 1.2073584861508979
-0.15632599627744997 -1.8146889928565753 1.2207933851510699
-0.23526864742085296 -1.886003561774277 1.2281509938810902
-0.32058862965170853 -1.9499655395811568 1.2294837479833471
-0.41129452082453477 -2.005848292567681 1.2247395814329585
-0.50580621160001304 -2.0537807497370872 1.2127818913696375
-0.60334269353862935 -2.0928057428860254 1.1944412755474569
-0.70308779708886315 -2.1219777721699207 1.1705208464415082
-0.80353643530678798 -2.1417874773680667 1.1406691251582002
-0.90350914958585526 -2.1520454895873442 1.1049885456421771
-1.0021288078367196 -2.1520805253912272 1.0644061798824351
-1.0978962418475835 -2.1424859650315677 1.0184733134772939
-1.1897495121413246 -2.1233279949573052 0.96778577807175548
-1.2767513900565857 -2.0945629945396638 0.91322850522181731
-1.357787379659432 -2.0566872258862525 0.85516058262126426
-1.431965697779221 -2.0100486106278406 0.79436929427926317
-1.4983677430196454 -1.9553514189792678 0.73134295342249189
-1.5565171972493443 -1.8928737088450482 0.66740035953841959
-1.6057994598501972 -1.8232934792442101 0.60334575058098794
-1.6451135620288777 -1.7480608982998687 0.53878830506556452
-1.6742587323869649 -1.6678100878734385 0.47488333597746585
-1.6933494283005173 -1.5828707877488659 0.41328923734399581
-1.7014776334019304 -1.4953233056310207 0.3529354223647817
-1.6985091125476328 -1.4063477336688484 0.2942156294377628
-1.6849060149051216 -1.3159815677272568 0.23924673698784987
-1.6604981130651699 -1.2258324493912061 0.18776994647128503
-1.6254656902896958 -1.1369469038868114 0.14039180254792993
-1.5802179418930935 -1.0504270862766176 0.097499676717678702
-1.5251673446318568 -0.96735716114057724 0.059535941816558635
-1.4609609819749263 -0.88880285088712818 0.026695435679082731
-1.3880816033693546 -0.81623278012266587 -0.0014950852793189744
-1.307397260391258 -0.75032488461802038 -0.024272696003613037
-1.2197453130362972 -0.69230102471639832 -0.042208001623143171
-1.1260175942334023 -0.64332269569832434 -0.055864390516583338
-1.0272130307597374 -0.60454284408369907 -0.066011529870353608
-0.92451555379054184 -0.57676005699957678 -0.073096886610942616
-0.8191223014285236 -0.56107931523657117 -0.077211829940732307
-0.71257929025571098 -0.55859878865506396 -0.080299598765964722
-0.60677309153650982 -0.57032906199911571 -0.083816432364617291
