-4.93990867616864 -15.2912927442106 3.85962548170516
-5.127194024299 -15.8334823142423 2.9573881503243
-5.31447937242937 -16.375671884274 2.05515081894345
-5.35325298158078 -16.9213888782473 1.14994167558535
-5.22813360472951 -17.4709986287574 0.241452931960379
-5.10301422787824 -18.0206083792675 -0.667035811664592
-4.68801412379574 -18.5422045928682 -1.50143443091693
-4.26476817839542 -19.063003943627 -2.33372550954513
-3.71191168047656 -19.5458277672852 -3.09594218309209
-3.02842199739962 -19.9903764353576 -3.78753156159292
-2.33584941818235 -20.4295622430733 -4.4707450073785
-1.45522741342849 -20.7577170763375 -4.98054577607285
-0.57460540867462 -21.0858719096017 -5.49034654476719
0.38196607893897 -21.3276399380746 -5.88027735570867
1.38683380451268 -21.5144746408195 -6.19398292079042
2.40245750560966 -21.6722282729629 -6.4717513431318
3.46364989595897 -21.7067772486343 -6.59726872263548
4.52484228630828 -21.7413262243058 -6.72278610213916
5.58661727730669 -21.6574487838882 -6.7184613239419
6.64855557972872 -21.5403746990196 -6.67773990311805
7.69494211217553 -21.3679668018582 -6.58493242879321
8.7159587978644 -21.105291987128 -6.40715615685551
9.73697548355327 -20.8426171723978 -6.22937988491781
10.6882278177431 -20.4460460708874 -5.9457037741103
11.638545266214 -20.0476806758213 -5.66060853956902
12.5336233819245 -19.5748695817739 -5.32733428112255
13.3918037701024 -19.0523316539704 -4.96187830707593
14.2265758031234 -18.505701256514 -4.58399753123536
14.9767761445931 -17.8720275406127 -4.16122737731337
15.7269764860629 -17.2383538247114 -3.73845722339139
16.3750055342246 -16.5226627918377 -3.28306853532984
17.0031752576224 -15.7910298198802 -2.82133969004971
17.5702042731429 -15.0216797753697 -2.34862836422379
18.0654563881615 -14.2080513006962 -1.86302401767952
18.5486172086518 -13.3888827749309 -1.37652862950132
18.9012386503676 -12.509903049778 -0.880413425919414
19.2538600920834 -11.6309233246251 -0.384298222337509
19.500145405264 -10.7186736565977 0.110843813819235
19.7031262574842 -9.79287509449067 0.605589536029332
19.8544346094189 -8.85756565451157 1.09536157889101
19.9036515247814 -7.90346519068701 1.57530692347167
19.9528684401439 -6.94936472686244 2.05525226805234
19.8555444541826 -5.98531969013488 2.50616756358147
19.7523490010949 -5.02087620333393 2.95591970959297
19.5624700337302 -4.05993836250398 3.37750062940891
19.3112088389989 -3.10148293554307 3.77913297392823
19.0313087823974 -2.14704582549939 4.16615881824695
18.642430925434 -1.20789938380638 4.49760339435521
18.2535530684706 -0.268752942113359 4.82904797046347
17.7640219917546 0.646199793385419 5.07943422616855
17.2535002730036 1.55610707253942 5.3129162418332
16.6990989953448 2.44927738289925 5.4891336652149
16.0894082222368 3.3213586353239 5.59319606942077
15.4764511688443 4.19118336289294 5.68919386867093
14.8008129869331 5.01770454264511 5.63042891161707
14.125174805022 5.84422572239729 5.5716639545632
13.4373780469857 6.63688579049674 5.39066548339525
12.7428841625149 7.410894649473 5.14233895587209
12.0576443002061 8.17294486817821 4.85018099572826
11.4044604040614 8.89357031382928 4.40619079481152
10.7512765079167 9.61419575948036 3.96220059389479
10.1779631361281 10.310713708868 3.39400351580208
9.62749709154958 11.0003355991678 2.79027649487447
9.11598102210665 11.6978673395352 2.16569834217925
8.69689691879708 12.4141699004494 1.49163848638475
8.27781281548752 13.1304724613636 0.817578630590242
7.92968007221979 13.9221221262198 0.191833811414967
7.60121020018617 14.734652862303 -0.42052137938454
7.26851392927948 15.5757861578346 -0.982125279494752
6.92406561584889 16.4964525275095 -1.40260872594327
6.57961730241829 17.4171188971844 -1.82309217239179
6.14350593347987 18.3611635760828 -2.03658801399242
5.67892965166372 19.3124681213646 -2.18580622371482
5.16782419446502 20.2362478184109 -2.25593755192239
4.53726190439752 21.0893615049728 -2.12302491234934
3.90669961433002 21.9424751915347 -1.99011227277629
3.15411714906494 22.6146611967209 -1.66606372738199
2.37274560130869 23.2441596550679 -1.29691913659353
1.55892901390249 23.7658796685275 -0.873869832070677
0.683412928526004 24.0826415123154 -0.348311983513705
-0.192103156850487 24.3994033561033 0.177245865043267
-1.0838991188028 24.401814685664 0.755362379221312
-1.97786154577051 24.3623934258637 1.3404732038165
-2.84604388034018 24.1743848958059 1.90826980004975
-3.67887564597873 23.7826282775559 2.45232451771456
-4.51170741161727 23.3908716593058 2.99637923537937
-5.21740267458928 22.7061822836141 3.4101437531291
-5.91767776256982 22.0090043875309 3.81835364519383
-6.52695314235396 21.2036984118474 4.12029687421608
-7.04258489398805 20.2871227861909 4.3128859517149
-7.55374854402789 19.3682902478303 4.49952783769588
-7.86520601929368 18.3485827867722 4.42035417682218
-8.17666349455947 17.3288753257141 4.34118051594849
-8.39052771504534 16.3229560370916 4.10406365581986
-8.52205686936818 15.3286692131546 3.73369717931172
-8.64847898425589 14.3412654875444 3.3498173473464
-8.67986541387383 13.4819477057716 2.71447068954634
-8.71125184349177 12.6226299239989 2.07912403174628
-8.75488957459499 11.8617096341508 1.34083608785309
-8.8087848687415 11.1831739364973 0.51635920043208
-8.86577556595932 10.5075463252092 -0.309727232005167
-9.06353298068081 9.96416700677725 -1.2090094206622
-9.26129039540229 9.42078768834528 -2.10829160931923
-9.55962286831965 8.89121925825644 -2.9814702460642
-9.96039898938702 8.37571830982203 -3.82806035146239
-10.3611751104544 7.86021736138762 -4.67465045686058
-10.9373267065174 7.27389834510899 -5.35760209798173
-11.5160968768761 6.68652192686391 -6.03811041299723
-12.144692034692 6.04306570799935 -6.59830488178855
-12.8230849603982 5.34356032510862 -7.03825123223514
-13.5018700377898 4.64007311169957 -7.46761477990971
-14.1900941118484 3.84074419621726 -7.64225281234477
-14.878318185907 3.04141528073495 -7.81689084477982
-15.5305183057915 2.20443915645496 -7.84346232548777
-16.1586269636624 1.34228599868532 -7.77101248029704
-16.7685436364821 0.475203093423718 -7.66316932370341
-17.2922908024828 -0.415230419752755 -7.38767958100657
-17.8160379684834 -1.30566393292923 -7.11218983830972
-18.2454608497152 -2.19958534250334 -6.72148325429833
-18.645433530568 -3.09459575315564 -6.29480333561437
-18.9994421915493 -3.98728401721453 -5.83145067222486
-19.2715913493656 -4.87583666026065 -5.30278577831914
-19.5437405071819 -5.76438930330678 -4.77412088441343
-19.6954872296535 -6.6435894799545 -4.18555732539454
-19.8429242586775 -7.52245489374597 -3.59484974923994
-19.9209968321993 -8.39522903372686 -2.98539395424329
-19.94823164132 -9.26353883039758 -2.36219743965859
-19.9528684401439 -10.1297250031562 -1.73720856620984
-19.8630640534378 -10.987036166246 -1.10472909983753
-19.7732596667318 -11.8443473293359 -0.472249633465227
-19.589139368973 -12.6898342862801 0.1540259011676
-19.3831077376656 -13.5325742610671 0.778860147515778
-19.1259134947204 -14.3661254850585 1.3940308630432
-18.8012571651924 -15.1875605898387 1.99645942307742
-18.4701418710864 -16.0072838465367 2.59697962673882
-18.0227338414995 -16.7961855228098 3.16314014624483
-17.5753258119125 -17.5850871990829 3.72930066575084
-17.0422397910426 -18.3412850681354 4.26069591267129
-16.4674614818422 -19.0815687386905 4.77517381889757
-15.8549008013881 -19.8013606778718 5.26939072163684
-15.1503716438802 -20.47127238815 5.71428902492208
-14.4458424863723 -21.1411840984282 6.15918732820731
-13.6261623522375 -21.7218353899687 6.52141213939083
-12.7948314299942 -22.293455457844 6.87527218140888
-11.9046412268837 -22.7965827996461 7.17000617947491
-10.9607336556427 -23.2372009003135 7.41077935059431
-10.0055480970074 -23.6554934820391 7.63337173417551
-8.97744520335167 -23.9294413959387 7.73841702983164
-7.94934230969593 -24.2033893098383 7.84346232548777
-6.89350334594781 -24.328529414902 7.8342190310711
-5.82799923539004 -24.401814685664 7.78514976282173
-4.77249452809219 -24.3968718150599 7.67983114866616
-3.73603347276129 -24.2429451041731 7.4673868452108
-2.6995724174304 -24.0890183932863 7.25494254175543
-1.7694551264662 -23.7117042855315 6.89368645196557
-0.845828316183653 -23.3207561711895 6.52334793002599
-0.0311196519264563 -22.8121864147841 6.082990566305
0.688307164686179 -22.2007209721432 5.58138055682827
1.37540923281871 -21.56969467626 5.07052298991894
1.81044279870432 -20.7861327780511 4.48755293765147
2.24547636458993 -20.0025708798421 3.90458288538401
2.46020328281981 -19.1513429329602 3.31554104077644
2.56960457823577 -18.2677647651673 2.72359635453144
2.61321236822578 -17.3761889796345 2.15033425214528
2.41207344806703 -16.4548626796976 1.64656990499998
2.21093452790829 -15.5335363797607 1.14280555785467
1.84771201278524 -14.6015165766142 0.79306453679522
1.41925563736896 -13.6651929542281 0.505313355842637
0.982555117511426 -12.7248455946061 0.274846177266707
0.509107080456611 -11.7665627955546 0.299717181744903
0.0356590434017954 -10.8082799965032 0.324588186223099
-0.319825008060364 -9.83010825346344 0.514230298081397
-0.607238795359815 -8.84045973923464 0.798952384979499
-0.86882202905334 -7.84889454974203 1.08796979768163
-0.833663616701249 -6.83531057654884 1.42633195416415
-0.798505204349158 -5.82172660335566 1.76469411064666
-0.598854535424437 -4.81592822801411 2.01210574842157
-0.258025989252263 -3.81681195553076 2.18145777759706
0.0873147729696891 -2.81964037632958 2.3447191506022
0.639842310814306 -1.91176299897066 2.22831673990564
1.19236984865892 -1.00388562161175 2.11191432920908
1.80507587723417 -0.18560321574773 1.84888369387301
2.47024323195843 0.554573691559598 1.45802813268602
3.13843332758455 1.2823658418656 1.05469074324714
3.84685886392535 1.8453055710511 0.485208825731316
4.55528440026616 2.4082453002366 -0.0842730917845104
5.28024787295811 2.90759591374084 -0.688219489770776
6.01543537907167 3.3676346548221 -1.31347241553091
6.75756859368811 3.82980865860329 -1.92823061620931
7.53309454647593 4.3022483204144 -2.49253354559481
8.30862049926375 4.77468798222552 -3.0568364749803
9.10784117635201 5.31867987303944 -3.50545383544825
9.91593496166894 5.8894663643684 -3.91074971386455
10.7193396397722 6.49589653560588 -4.25092728843044
11.5107605282564 7.1934200305411 -4.42468425921708
12.3021814167406 7.89094352547633 -4.59844123000372
13.0157907855622 8.67760371312201 -4.55043726372381
13.7137578051522 9.4821829349003 -4.45785298287602
14.3456013406926 10.308277153881 -4.2647642601057
14.870592778574 11.1691384849588 -3.90926560691719
15.3955842164553 12.0299998160367 -3.55376695372869
15.6966704619482 12.8831423002667 -2.99020299276184
15.9810671711384 13.7357094339507 -2.41113017525413
16.1293978460573 14.5513439047852 -1.75691948442093
16.1293978460573 15.3267166979987 -1.02079818656501
16.1214893769341 16.0983818434526 -0.282821227742032
15.8221832913756 16.7334339854442 0.523529922633702
15.522877205817 17.3684861274357 1.32988107300944
15.0609797864338 17.8939704186025 2.12036458257438
14.4783542829594 18.3380978723728 2.89906597664111
13.8674985267049 18.755761943609 3.66243842157221
13.0488230179124 18.9786132495331 4.31296531599237
12.2301475091199 19.2014645554573 4.96349221041253
11.30539232096 19.2751477557498 5.4679462065584
10.3264721665491 19.2726647623334 5.89781444177056
9.33497938967973 19.230807249083 6.26899462001094
8.29348408171539 19.0323534760732 6.40676674011918
7.25198877375104 18.8338997030633 6.54453886022743
6.24113695116002 18.540321320515 6.44208298433667
5.24140716020376 18.2122175273079 6.25243652491715
4.27416107021956 17.8763861492882 5.98253873465737
3.40101011368642 17.518170372249 5.48017791035063
2.52785915715328 17.1599545952097 4.97781708604389
1.77295702571757 16.8661971832964 4.29150100274085
1.05417555793382 16.5921294293933 3.54899335870355
0.359868221674022 16.3625199749363 2.77569432489201
-0.262877756152396 16.2629047676252 1.91236252819616
-0.885623733978814 16.1632895603142 1.0490307315003
-1.52873851198526 16.1998508740828 0.19999989782851
-2.17960270100187 16.2882212204136 -0.643590063561406
-2.85721252174231 16.3974341072467 -1.45821513252452
-3.64753653964543 16.594483775944 -2.15077336719107
-4.43786055754855 16.7915334446414 -2.84333160185761
-5.34025500102965 16.9728559386074 -3.36907457547635
-6.29637082926844 17.1466395515481 -3.81485401923441
-7.27067426246653 17.2940509492414 -4.20847989280088
-8.32818445986995 17.3208116784951 -4.36350756571866
-9.38569465727336 17.3475724077488 -4.51853523863644
-10.4330928591548 17.217125456944 -4.47863724116708
-11.476075787869 17.0180357886929 -4.35362744947449
-12.4883563923628 16.763400962917 -4.17870377878491
-13.3926570431245 16.3134140362221 -3.82823319164759
-14.2969576938862 15.8634271095273 -3.47776260451027
-15.0196706896338 15.241383068251 -3.02044659753356
-15.6818000280315 14.5619350736411 -2.52748341892262
-16.2573128805657 13.8336117075557 -2.02195788380724
-16.6100016569969 12.9795546617367 -1.48411522737401
-16.9626904334281 12.1254976159177 -0.946272570940792
-17.0456215698262 11.1915605376563 -0.451494931506722
-17.0647583752192 10.2387328239723 0.0330983663500718
-16.9792396480799 9.28054202240502 0.470464336824709
-16.6850312852335 8.31165689030858 0.81365608154822
-16.390822922387 7.34277175821213 1.15684782627173
-15.8796032420436 6.42603220974342 1.32262812933148
-15.3314421914285 5.51816929192716 1.45820806389192
-14.7217803920408 4.65453206260152 1.50436412136126
-14.0073833906211 3.86621076863466 1.39823214948868
-13.2929863892013 3.0778894746678 1.2921001776161
-12.5143555165206 2.42249346659661 0.978414075257433
-11.7269435313182 1.78526905350364 0.636354217146918
-10.9379448142924 1.20592114079225 0.222311197939987
-10.1464391435253 0.718015088025735 -0.305461471331648
-9.35493347275828 0.23010903525922 -0.833234140603284
-8.57140786772663 -0.158362515592149 -1.44663913935024
-7.78880074816524 -0.535389405675078 -2.06990020357527
-6.99142343776053 -0.894373038250748 -2.6843091379105
-6.17269206891876 -1.22727056406638 -3.28592007247953
-5.35396070007699 -1.56016808988201 -3.88753100704855
-4.45661038505268 -1.90727917553768 -4.35142396971199
-3.55256977788899 -2.25559980256077 -4.80359744859156
-2.61623545956262 -2.61986645916451 -5.14235127896354
-1.63677523364768 -3.00542788101331 -5.32964140001985
-0.657315007732733 -3.39098930286211 -5.51693152107614
0.319993113477519 -3.79606769561971 -5.39132687152736
1.29712428771506 -4.20275078210405 -5.2399958796141
2.22606107876633 -4.60484456157047 -4.94725843732687
3.08428108516167 -5.00020433979754 -4.44703188865544
3.942501091557 -5.3955641180246 -3.946805339984
4.59183230766276 -5.76424754629422 -3.19228800274145
5.21007715245869 -6.1289610587114 -2.39992766845137
5.72118457051794 -6.48681121901632 -1.5499441931293
6.00628167373808 -6.83018288736007 -0.578402597145361
6.29137877695822 -7.17355455570382 0.393138998838577
6.28705825495297 -7.52265738032825 1.390795188582
6.19411381519786 -7.87351516898584 2.39644804959798
6.02354682486796 -8.23132796091378 3.37654902923829
5.56037179602407 -8.61535851880958 4.2603289548252
5.09719676718019 -8.99938907670539 5.14410888041211
4.43557592370821 -9.41252010419536 5.84970000397198
3.67249927748076 -9.84052880249322 6.46419176126117
2.88896989768132 -10.2734382683024 7.03305148734731
1.95842363708062 -10.7415750816205 7.27390230115359
1.02787737647991 -11.2097118949385 7.51475311495986
0.0964575987683579 -11.6944352042721 7.51546801106459
-0.835573923442652 -12.1907744253913 7.3480100975563
-1.75860647245712 -12.6880889509082 7.16000005497861
-2.53141427158672 -13.2016847627468 6.62890215319489
-3.30422207071631 -13.7152805745854 6.09780425141118
-3.93431727017674 -14.2354520385815 5.43369992817049
-4.4353946023062 -14.7615681537132 4.64935250882276
