-0.9781466844019665 -1.083171318806377 -0.95595865883070175
-0.98006170890459898 -1.1890043256960108 -0.94399208355744213
-0.97975420809306712 -1.2930289123835492 -0.92105353852171712
-0.97731647212405937 -1.3940616454302239 -0.88738357274768276
-0.9726709240335164 -1.4909628226159475 -0.84338819505194673
-0.96591422146865058 -1.5826313214445478 -0.78955517289917254
-0.95711309992160409 -1.6680282070533257 -0.72649698101928539
-0.94637787268676432 -1.7461862080912811 -0.65492809884957759
-0.9341551533537964 -1.8162181690802608 -0.57560716377100796
-0.92059025794879745 -1.8773250262999839 -0.48942614820759239
-0.90583637066850542 -1.9288208828289106 -0.39736515542888717
-0.88980708169723155 -1.9701295328380004 -0.30050989833938396
-0.87269516911335532 -2.000771579757008 -0.19995160241010052
-0.85490628308135974 -2.0203830228581392 -0.096793494692440224
-0.83571710227373341 -2.0287763025922114 0.0076219787150506729
-0.81538889115707025 -2.026258084544144 0.11214101931669926
-0.79396937024753955 -2.0128618471353854 0.21562614393656665
-0.76999606502665474 -1.9885743421511295 0.31651006747084914
-0.74445549414291701 -1.9531230047685249 0.41362814730827113
-0.71714625276768773 -1.9071884955766627 0.5057461439705
-0.68807557025434507 -1.8510751038485329 0.59145091534546979
-0.65959248722536046 -1.7856166187541134 0.67046944722108448
-0.63294684260483203 -1.7117375636950087 0.7423816791327873
-0.60898282715173324 -1.6304465382347106 0.80684951980734365
-0.58846168614871919 -1.5422246592300153 0.86282347555218031
-0.57180484895582884 -1.4482036483442129 0.90991010072319278
-0.56041412411731006 -1.3492584086047559 0.94753452324339826
-0.55492922986580429 -1.2466850767151401 0.9755079121611222
-0.55721126739986082 -1.1418506612983674 0.99394051923393634
-0.56810083099279884 -1.0363053890106571 1.0027046946483535
-0.5889929018615413 -0.93195914784100553 1.0019812855654702
-0.6209569113453941 -0.83097197876217754 0.99239404346429372
-0.66623322344684466 -0.73630364642998825 0.97545374790842243
-0.71896456503558526 -0.64469505228754631 0.9626323056105236
-0.78353037958932115 -0.5605312094015511 0.95701044113473854
-0.85546811297025582 -0.48240056801092668 0.95344511264896548
-0.93579492092099714 -0.412599704497005 0.95151658380245874
-1.0231204977578201 -0.35173125753023304 0.95081300362836163
-1.1100269297090719 -0.29082672659882813 0.94432306142534361
-1.190939997480452 -0.22297723032578814 0.93146927796963275
-1.2644494457507753 -0.1481700828897943 0.91338391592725665
-1.3296965578797806 -0.067323020804064465 0.8902053522247233
-1.3860296374110606 0.018553063123018097 0.86223065785166897
-1.4327743911636062 0.10857428251592684 0.82996371811619651
-1.4693995392537189 0.20172115092346798 0.79375114063148189
-1.4960603233952543 0.29699231749055999 0.75443887894437101
-1.5119047228466982 0.39361380643612948 0.71266814009044721
-1.516894708425131 0.48996621741207003 0.66770620810331005
-1.5111006618735081 0.58487824957734258 0.61987812909644391
-1.4944718885628372 0.67724239216503634 0.56966004976344198
-1.4669257818389638 0.76618864370254336 0.518099772386168
-1.4288122277041579 0.85088655428794424 0.46610729792096289
-1.3804675711835832 0.93008044547277713 0.41393533874760247
-1.3220494567265695 1.0033319052622609 0.36342162715459841
-1.2542198297864675 1.0699320953634597 0.31554289820657633
-1.1776139028730588 1.1292510188157325 0.27148404217080185
-1.0929912454128767 1.1808542933883202 0.23273270181761294
-1.001994304068148 1.225691786691893 0.20043980726059463
-0.90540158213649202 1.2635166730620155 0.17661361780305659
-0.8044151389105324 1.2940052694889908 0.16266756595921747
-0.70089092021220389 1.3184995131363717 0.16146190949076153
-0.59787961118396848 1.3398270648390029 0.17680313747072537
-0.49879875833610549 1.3660549093219108 0.20507004942601501
-0.40504559224881831 1.4041380502675371 0.23751800810536974
-0.31513212697438026 1.4541536461773981 0.26443582704412649
-0.22538176293256224 1.5095804403606472 0.27730061942845691
-0.13296601019557314 1.5620234187484101 0.27418928262683545
-0.037935153590427456 1.6073800368243691 0.25925034870979446
0.058925251556070896 1.6438950259427052 0.23468023140667865
0.15675823828086938 1.6703670515402238 0.2022704330633521
0.25457479974114888 1.6863793269687855 0.16356632501636054
0.35166648310913246 1.6914476697787517 0.12030297308090013
0.44710668651384694 1.6852958775482942 0.073611741660768296
0.54006179021605205 1.6681276919910106 0.02471915505490959
0.62950455532855853 1.6401408708746223 -0.025730797205274495
0.71446266752160104 1.6012681022897817 -0.076673289739227768
0.79452814758626644 1.5525838308638651 -0.12709683630123705
0.86883253609300282 1.4942275982188311 -0.17607289424273448
0.93669292993417863 1.4269640963258825 -0.22293362563049909
0.99759716687282995 1.3514461518913963 -0.26669978102660802
1.0509543100158647 1.2682570234479122 -0.30616023965391043
1.096583186109416 1.17875384676566 -0.34125700751996441
1.1335028151708568 1.0835519138966547 -0.3712406857282825
1.161719967156654 0.98382480687602425 -0.39543408409819242
1.181304821164965 0.88062237554216549 -0.41252953849346991
1.1923897364719787 0.77517623355941589 -0.42163425392002785
1.1953106960573683 0.66881025900433644 -0.4221419358252253
1.1903026150945593 0.56289056156768702 -0.41321654764061916
1.1784627150640918 0.45892295318876286 -0.39383450552569732
1.1608872380618454 0.35860596224347691 -0.3629039719713763
1.1403307134386129 0.26453187851130383 -0.31767142057724695
1.1231433121844039 0.17769471430395967 -0.25858964974949489
1.1169073988322851 0.095091958679402205 -0.19182584213938864
1.1256527715159921 0.011892054140942861 -0.12614299966226747
1.1426312060637218 -0.076480228272605005 -0.069522938921868713
1.1583850847973094 -0.17262592876358837 -0.027010206628545107
1.1663863516587472 -0.27418960438746587 0.0035311088451218768
1.1653470600296296 -0.3784294825734435 0.024931385592006895
1.1530126579723858 -0.48315556559066658 0.039014324366494546
1.1290623918892335 -0.58641727471689897 0.048061449543916626
1.093556042028422 -0.68660029257796928 0.052984747461869347
1.0471605736520717 -0.7823378965286536 0.05454353098437683
0.99054350239289257 -0.87242045010907654 0.053540496608651941
0.92452942614832634 -0.9558324934764052 0.050900941729805117
0.84993889651794907 -1.0316473716640129 0.047222411023261697
0.7675864571626515 -1.0989272317062846 0.042840372171084377
0.67857310418104111 -1.1570469933985501 0.037718240543116482
0.58390756478239236 -1.2053916446162487 0.032426787500114747
0.48498361762053316 -1.2441492776297289 0.025860629936554788
0.38264854152364058 -1.2723209907798902 0.017929589725766051
0.27792425635912593 -1.2895941893179368 0.010013555701382074
0.17202750760919172 -1.2957465394473366 0.0012853097596924258
0.066125949816051591 -1.2908561305810335 -0.0081575146356901058
-0.038675027442833895 -1.2748587044252755 -0.017605220587176309
-0.14128691006498875 -1.2481364203105887 -0.027042327688210833
-0.24064362530031028 -1.2109082995530474 -0.036452955733107736
-0.3345585601381425 -1.1612762634953486 -0.041792417229654988
-0.429613016600213 -1.1140978176890233 -0.035460961164586358
-0.52830483411648144 -1.0760260646648099 -0.0241627653877091
-0.62972915915255989 -1.0481315273428056 -0.0079625965546672346
-0.73259924461790993 -1.0319395448261044 0.013811866340141685
-0.83701333198130901 -1.0277053224575567 0.034128405706573793
-0.93980139019924425 -1.034202150659526 0.059858332594498284
-1.0372812622608549 -1.0485760202140038 0.099305589878619899
-1.1288588824405177 -1.0667292086702596 0.15002622411313959
-1.2131563447950688 -1.0876298126334965 0.21144575067637816
-1.2890159521380296 -1.1099734026232249 0.2826691536280751
-1.3559502625819129 -1.1320582094211045 0.36244084856571002
-1.4134480814162937 -1.1525643444627069 0.44966602503691716
-1.4615440002913418 -1.1700867435308446 0.5430197232035342
-1.4999214576767994 -1.1843794266578298 0.64131594632907929
-1.5284968387951734 -1.1940031373226589 0.74343082930877402
-1.5473807022553754 -1.1987545575399552 0.84812780203097993
-1.5565818900418364 -1.1987060074904066 0.95422351221138479
-1.5558792662523762 -1.1920961143137867 1.0604904110819591
-1.5462217468006205 -1.1780173057757044 1.1655991726635966
-1.5280188528310357 -1.1559843803646799 1.2681872394739053
-1.5010974191730162 -1.1272574509850315 1.3671255020361004
-1.465905564589987 -1.0927220148233752 1.4615247648967271
-1.4224126311223764 -1.0530406442841247 1.5502826956940641
-1.3707173525379703 -1.0093296944061247 1.6325103308200486
-1.3113016190843938 -0.96212405186249483 1.70725101761003
-1.2447961570499912 -0.91199682671353077 1.7736581505702382
-1.1717407318667017 -0.85986886977272792 1.8310353234804124
-1.092953453862848 -0.80634730255725917 1.8787378931520788
-1.0092929885842883 -0.75205587873835045 1.9161663929442427
-0.92188164632929381 -0.69736443059816366 1.9429054686532086
-0.83170283364082676 -0.64290598573459656 1.9586629620783724
-0.73979253816206725 -0.58926604096063828 1.9632362183977623
-0.64719608287194175 -0.53704400903868488 1.9565847304146589
-0.55495408881680441 -0.48683520531196084 1.9388257525691432
-0.46410302572605089 -0.43923498761344326 1.9100987788308883
-0.3756603320165175 -0.39479318641096373 1.8707579023838887
-0.29074306376952957 -0.3538003286326345 1.8212237842703363
-0.21016482272236531 -0.31697648407833362 1.7620950409311154
-0.13476950047743425 -0.28484809215186996 1.694059409026258
-0.065529380700877313 -0.25758370553243365 1.6178457885837674
-0.0031691115092776084 -0.2355434834344049 1.5343489581572314
0.051656888608250573 -0.21920081151817339 1.4444965578592854
0.098362031186494558 -0.20868232652450125 1.3493417390815916
0.13639719482950791 -0.20408350879070153 1.2499537368741367
0.16523859252663697 -0.20547966552359381 1.1474307153325245
0.18421510684047027 -0.21302472401248915 1.0429216414970426
0.1933926045161399 -0.22642926543046066 0.93769890804773892
0.19839605155727932 -0.24227624677815965 0.83247842358191992
0.20287253071583583 -0.25843178804692191 0.72728116835786494
0.20676823661455301 -0.27411633191908014 0.62198944482363017
0.20662831342655341 -0.2861490126813368 0.51616287465973809
0.20409347932490451 -0.29611674255759113 0.41013576745159497
0.19591822830628455 -0.30138559048385533 0.30413202932429562
0.18154786373970502 -0.30156084137850014 0.19858113925185611
0.16946795693977185 -0.29617314757450014 0.09289001110128034
0.1655628465391622 -0.29526616991300769 -0.013524137567039875
0.16910160164411406 -0.3001766434958078 -0.11952344867995858
0.1846872033785939 -0.32053892921051619 -0.22262429000614001
0.21110500046398278 -0.34619962660672782 -0.32242628349134578
0.24946955776937163 -0.37510563987080386 -0.41744890603936585
0.29895306834864488 -0.40532344096760542 -0.50677489448137003
0.35885388005826985 -0.43459308541265473 -0.58981437552714566
0.42811409078447121 -0.46229766182018894 -0.66579392169803853
0.50581443310552354 -0.48738289077731622 -0.73414157564303084
0.59079260553864321 -0.50923747682070464 -0.79448676818053643
0.68215538083924565 -0.52682932070936594 -0.84633081909954377
0.77887853904902915 -0.53945875620510408 -0.88910105558404628
0.87977600374339016 -0.54768066015067229 -0.92219046705151086
0.98361784203950176 -0.55023378994658545 -0.94571837434190764
1.0891919852562457 -0.54721682675450545 -0.95943805826874717
1.1952700556895799 -0.53843692084796435 -0.96327791855028311
1.3005247728452405 -0.52306701940917111 -0.95780701572671978
1.4038432253665643 -0.50240905170610417 -0.94223887668799511
1.5040937943649151 -0.47617884345722739 -0.9175833932720735
1.6000342911293741 -0.44385457836113223 -0.88446634896832521
1.6906198015491596 -0.40681204996590414 -0.84242136701332637
1.7748033055732626 -0.36488422479184285 -0.79240764796754992
1.8515932616752502 -0.3172848491941288 -0.73597659935743298
1.9200651367211232 -0.26558205691705639 -0.67284929325683074
1.9794279049780317 -0.21057116654749661 -0.60359616465028998
2.028965230760611 -0.15238373117302381 -0.52939644997702417
2.0684381138287522 -0.091746820121750172 -0.45121342748374438
2.097358152429559 -0.029333024426620294 -0.36988495274748578
2.1150837023007698 0.034189232117855385 -0.28623394468241964
2.1214302087077592 0.098429831434211398 -0.20150186272525056
2.1163047328806948 0.16263357848980969 -0.1166614360121891
2.0998068578777489 0.22638940144849318 -0.032941723135037827
2.0722622491413345 0.28831494295368004 0.049233497552875892
2.0339138060389019 0.34767299426491788 0.12893112820875602
1.9851446825258294 0.40500789779712504 0.20428809016514618
1.9268649832347799 0.45971177815711678 0.27469799185070498
1.8594056969122825 0.51011211601599293 0.33992609479061403
1.7835523979621071 0.55663985878554734 0.39845866283847803
1.7001903973626404 0.59878016885918472 0.44964322442551635
1.6102357541898529 0.63518535885331373 0.49355072399814476
1.5147382569529595 0.66673745263023054 0.52861294091771194
1.4148364580175239 0.69276267920294055 0.55481891963299212
1.3116321778080526 0.71298062354576497 0.57163978764799261
1.2064727823163892 0.72837274929827123 0.57843664553187646
1.1004772902189413 0.73840239834634769 0.57545074955879094
0.99488320087401905 0.74315595085128516 0.56225278576564219
0.89100647079902606 0.74279721389105402 0.5386697708025715
0.79033951588038998 0.73825557622763605 0.50419778618778532
0.69407884647212237 0.73078887582105145 0.45926699016406436
0.60348171994656374 0.72065510995038495 0.40416692094336448
0.5202935421067485 0.70911673199420733 0.33863737503033686
0.4457048626019316 0.69867025621410994 0.26333579366351961
0.38172235383381897 0.69185698954513541 0.17852255382469157
0.32997714905434944 0.69158008098400436 0.085559096598357642
0.283492052388989 0.69785545083982992 -0.010082337973282771
0.24251407664373886 0.71055750211848567 -0.10747901482475769
0.20701356958598324 0.73985999640126821 -0.20346038912847386
0.17393160035314886 0.78265292999519109 -0.29514959528622547
0.14169436077888761 0.83711443631812155 -0.38074791059302665
0.10938843234699511 0.90164647929932973 -0.45902207612765378
0.07538757697482576 0.97455526299287443 -0.52880878692417388
0.039424639302936201 1.0547520035387823 -0.58897423037059959
0.0012166612788519404 1.1405714689934368 -0.63917574034885505
-0.039394275296522216 1.2307900841764285 -0.67862137263795508
-0.082295791340209368 1.3240051601973841 -0.70712015534591544
-0.12692472358965814 1.4191023065097297 -0.72462449535825091
-0.17330728604597584 1.5147620699699107 -0.73099351466853757
-0.22149976696758261 1.609611957037163 -0.72610007639704466
-0.27089607168557839 1.7026035080412587 -0.71013920293953481
-0.32114224325033636 1.7925510921624741 -0.68318176715423395
-0.37210371386571128 1.8782354917530013 -0.64573713517016162
-0.42309923789080933 1.9587089555594404 -0.59816022360359966
-0.47327919215842501 2.0331632840044316 -0.5409033707924662
-0.52336192444663043 2.1002262547713615 -0.47506789967026181
-0.57260541606442861 2.1591457682413062 -0.40129211362197176
-0.61913988556706701 2.2098722684933541 -0.32004617311228206
-0.66324330033279844 2.2516490093673003 -0.23258597573416073
-0.70532425711076463 2.2835651169869862 -0.14012282964311201
-0.7439986391873582 2.3054608924434357 -0.043359269954012195
-0.7790608845285113 2.3169552774678479 0.056523132890216876
-0.81023257231436063 2.3178550388501886 0.15833238409857814
-0.83754985722365116 2.3080473273724693 0.26077768037758109
-0.8615592133010308 2.2875292282185566 0.36246814785598347
-0.88103122179551896 2.2567619405295622 0.46252706561727552
-0.89519026674097846 2.2163155210194594 0.56000036700661071
-0.90470130746902755 2.1662171869697513 0.65347168222386198
-0.90973002596195773 2.1069792386460131 0.7418055426814737
-0.90950158073043641 2.0396301064937106 0.82427795233701984
-0.9041519161543824 1.9648246427799392 0.89986176970940146
-0.89500247203540517 1.8829477189455395 0.96731148033767589
-0.88159012938801407 1.7951991079977194 1.026111194072818
-0.86403448455447596 1.7027037008881292 1.0758619221741101
-0.84333029947104654 1.6060422892990194 1.1154423192164857
-0.81893359502977991 1.5065964333948356 1.1446693664327015
-0.79158271457511831 1.4053330287687777 1.1630286136233461
-0.76162613498150211 1.3034031881013912 1.1702557054539473
-0.73046632885057827 1.2016683368485188 1.1659982809866949
-0.69869396039599307 1.1012228410198863 1.1504281121673636
-0.66591371639780184 1.0034924220222987 1.1236359572865571
-0.63413160076964414 0.90917716102690871 1.0857159287909346
-0.60395543017164344 0.81925001381408236 1.0372717260116264
-0.57629426726988331 0.73463619438264649 0.97877402957206527
-0.55220094615273974 0.65628364873148459 0.91076350685597407
-0.53283952547239255 0.58498705668901518 0.83404471162052496
-0.51925766245073512 0.52166625444938175 0.74949929841225882
-0.5135086907170564 0.46630250906322629 0.65871318003411117
-0.51791547695121287 0.4196351205239488 0.56312548308473798
-0.53968725483887037 0.37842668742904817 0.46758210912183518
-0.57032123295243109 0.33855086790191768 0.37379926587171919
-0.61237319864488471 0.30156252316338644 0.28324375290762754
-0.65702197659182515 0.25892756348476853 0.19648831427840427
-0.69411803901792157 0.21034551063392931 0.10928965800795305
-0.72591886950757967 0.15861258677426782 0.021768573377822786
-0.7512945179941577 0.10362961438706635 -0.065849048891707021
-0.77301480378884246 0.047025538607232319 -0.15343694665548988
-0.79304125134315429 -0.010236575624680415 -0.24100132371913349
-0.81303501359221186 -0.067489194594419918 -0.32857937765715034
-0.83298493341937307 -0.1247316651062875 -0.41617406176433491
-0.85288118520467016 -0.18196387189899549 -0.503787657491646
-0.87235199035327915 -0.24319520436763079 -0.58873021705956863
-0.89072982023677916 -0.31319381534555624 -0.66687107781842503
-0.90772173880581741 -0.39151098565026932 -0.73704151379369687
-0.92326148439278299 -0.4770174567411597 -0.79863393774943892
-0.93715872182655835 -0.56877780832137115 -0.8509183922543001
-0.94925927399803411 -0.66574820280961278 -0.89331350942370413
-0.95949226021937783 -0.76683042755866349 -0.92532771105072931
-0.9677568729093684 -0.87088417258306661 -0.94658619040812297
-0.97402633368547309 -0.97672980321960334 -0.95682754046610441
