-19.6544136777996 -4.1260915684666 -3.68915103475208
-20.0311371653411 -5.08357920099812 -3.36612245706535
-20.4078606528827 -6.04106683352964 -3.04309387937863
-20.7845841404243 -6.99855446606116 -2.72006530169191
-21.0203517460456 -7.95774395785551 -2.30293862296035
-21.1902433772041 -8.91772881651083 -1.841835034454
-21.3601350083626 -9.87771367516615 -1.38073144594764
-21.4419306701401 -10.8284728118559 -0.892468867443945
-21.3798682428453 -11.7641666198865 -0.359856468742913
-21.3178058155504 -12.6998604279171 0.172755929958119
-21.2351720198652 -13.6307318607712 0.706428957555113
-20.9276058847259 -14.5088742719283 1.25169915916277
-20.6200397495866 -15.3870166830854 1.79696936077043
-20.3124736144474 -16.2651590942425 2.34223956237809
-19.8104579611397 -17.0633597268249 2.85385021574911
-19.2562800648034 -17.8401155004977 3.35643149454573
-18.7021021684671 -18.6168712741705 3.85901277334235
-18.0364418179993 -19.3175526776229 4.31449742897287
-17.2533386994333 -19.9380924597805 4.72036748080047
-16.4702355808673 -20.5586322419381 5.12623753262806
-15.6546645495321 -21.1406815091435 5.50582095823673
-14.6878605606862 -21.5434450164755 5.76296336786987
-13.7210565718403 -21.9462085238075 6.02010577750302
-12.7542525829944 -22.3489720311395 6.27724818713616
-11.7000551162762 -22.5152595857128 6.36920586663842
-10.6308401152869 -22.6409115481196 6.43277850636204
-9.56162511429767 -22.7665635105263 6.49635114608567
-8.50257626513517 -22.7291739591588 6.44670545732277
-7.45320441030767 -22.5365878464921 6.28928908580312
-6.40383255548017 -22.3440017338254 6.13187271428347
-5.38042952010877 -22.104333043653 5.94262796632081
-4.50630109611085 -21.5940231149944 5.57042655634231
-3.63217267211292 -21.0837131863358 5.19822514636381
-2.758044248115 -20.5734032576773 4.82602373638532
-2.12903845122448 -19.8753724544132 4.33309292217906
-1.58294743185022 -19.1138434962185 3.79932437785649
-1.03685641247595 -18.3523145380237 3.26555583353392
-0.604019173436885 -17.5545930836565 2.71621981713903
-0.467126021036916 -16.6622968151746 2.12620435242824
-0.330232868636947 -15.7700005466927 1.53618888771746
-0.193339716236978 -14.8777042782108 0.946173423006676
-0.332139801046963 -13.9548980779067 0.4400109299826
-0.589181828869881 -13.019006487274 -0.0301879014007879
-0.8462238566928 -12.0831148966413 -0.500386732784176
-1.12092122774322 -11.147985253781 -0.949251251425692
-1.6635198407815 -10.2244173660181 -1.07439003973971
-2.20611845381979 -9.30084947825523 -1.19952882805373
-2.74871706685807 -8.37728159049233 -1.32466761636775
-3.35636480878676 -7.52140513497717 -1.24952650653401
-4.03799439687024 -6.74251567701257 -0.94660253680012
-4.71962398495373 -5.96362621904796 -0.643678567066228
-5.40125357303722 -5.18473676108336 -0.340754597332336
-6.1118276109522 -4.63573488338025 0.250496325187456
-6.82391519562235 -4.0987541566468 0.856824277201913
-7.5360027802925 -3.56177342991335 1.46315222921637
-8.26331840467005 -3.09416000405533 2.10221046772827
-9.00807807444807 -2.70600830597246 2.77876194992761
-9.75283774422608 -2.31785660788958 3.45531343212694
-10.4975974140041 -1.9297049098067 4.13186491432628
-11.3276543762502 -1.48488964057078 4.65696864967622
-12.1588891112168 -1.03929196891133 5.1799812163659
-12.9901238461834 -0.593694297251882 5.70299378305559
-13.8367403774131 -0.0614529795224526 6.06572695900884
-14.6978193279449 0.552253254130287 6.27776071633379
-15.5588982784768 1.16595948778303 6.48979447365874
-16.4142917527874 1.78688766083788 6.68457383769429
-17.1527339708167 2.55637241086115 6.52442726535442
-17.8911761888459 3.32585716088443 6.36428069301456
-18.6296184068752 4.0953419109077 6.20413412067469
-19.2026367608912 4.90796155540977 5.84959964862601
-19.6555468963091 5.7518998694772 5.35392723079005
-20.108457031727 6.59583818354463 4.8582548129541
-20.5160844631326 7.4355627264179 4.33799920214738
-20.5664250846695 8.24204003063087 3.62377879209789
-20.6167657062064 9.04851733484383 2.90955838204839
-20.6671063277432 9.8549946390568 2.1953379719989
-20.4325180205608 10.5643978351196 1.45095883454124
-20.0401877691113 11.2200590028582 0.689883265733624
-19.6478575176618 11.8757201705968 -0.0711923030739972
-19.1896650605338 12.4915260110455 -0.807034224477373
-18.4060246939355 12.9103929118685 -1.41818797743261
-17.6223843273373 13.3292598126915 -2.02934173038785
-16.838743960739 13.7481267135145 -2.64049548334309
-15.8881573337226 13.9885403012666 -3.02626401287629
-14.8577803769139 14.143663876132 -3.30431188270692
-13.8274034201053 14.2987874509975 -3.58235975253755
-12.7916804853983 14.4233661736892 -3.79019973239714
-11.7272694692322 14.3840322832024 -3.62128363416482
-10.6628584530661 14.3446983927157 -3.45236753593249
-9.59844743690001 14.305364502229 -3.28345143770017
-8.62881438180523 14.2619712815224 -2.86854688771511
-7.72576701771549 14.2157262025922 -2.28082461877857
-6.82271965362576 14.1694811236619 -1.69310234984204
-5.91967228953602 14.1232360447316 -1.1053800809055
-5.19248188907258 14.2977665042823 -0.333474411698274
-4.47759237301047 14.4877398233108 0.451314561466077
-3.76270285694836 14.6777131423394 1.23610353463043
-3.05025666213886 14.9350765874981 1.99040967098941
-2.34684804139697 15.441708627884 2.63196317806342
-1.64343942065509 15.94834066827 3.27351668513743
-0.9400307999132 16.4549727086559 3.91507019221144
-0.162833074660821 17.0246209297021 4.34653359368202
0.680990060631657 17.6511675086225 4.58830314368155
1.52481319592413 18.2777140875428 4.83007269368108
2.36863633121661 18.9042606664632 5.07184224368061
3.31429212870144 19.3731833539765 4.89828171948473
4.26915193999119 19.8278594094049 4.68718212232157
5.22401175128093 20.2825354648332 4.47608252515842
6.16785032411514 20.599888034299 4.14223567779369
7.09224883055063 20.6750193964126 3.59187825370876
8.01664733698611 20.7501507585262 3.04152082962384
8.9410458434216 20.8252821206398 2.49116340553891
9.71117685291489 20.523575945732 1.82560949350474
10.4503293013741 20.1461967685916 1.13692289633871
11.1894817498334 19.7688175914512 0.448236299172682
11.835151483298 19.2645823925534 -0.21242567582588
12.2785283789716 18.4858358614411 -0.812443494879613
12.7219052746452 17.7070893303288 -1.41246131393335
13.1652821703189 16.9283427992165 -2.01247913298708
13.3482227445674 15.950928491103 -2.3775972187681
13.4655493874082 14.9234621248827 -2.68353502238911
13.582876030249 13.8959957586625 -2.98947282601012
13.6338654911262 12.8587432992756 -3.18039065249181
13.5048155161775 11.7949313352415 -3.05914369928423
13.3757655412289 10.7311193712073 -2.93789674607665
13.2467155662802 9.66730740717315 -2.81664979286907
13.0857136886836 8.70830115336407 -2.39752282956423
12.9114636738842 7.79275022814674 -1.85488662528488
12.7372136590847 6.87719930292941 -1.31225042100554
12.5798357834451 5.97599675698937 -0.749482981962237
12.5996827374909 5.22550948488612 0.0247428038035985
12.6195296915366 4.47502221278287 0.798968589569435
12.6393766455824 3.72453494067962 1.57319437533527
12.7713344257081 2.97245231185365 2.32293349530125
13.0556624742369 2.218201427378 3.03939269065443
13.3399905227656 1.46395054290234 3.75585188600762
13.6243185712943 0.709699658426687 4.47231108136081
14.0071166809772 -0.161153380735196 4.96439652500027
14.4112882913523 -1.0573155971707 5.40778033809996
14.8154599017274 -1.95347781360619 5.85116415119966
15.1998279005504 -2.88997511749456 6.17817874279345
15.5443031991902 -3.90772404290572 6.27077738193027
15.8887784978301 -4.92547296831688 6.36337602106708
16.23325379647 -5.94322189372804 6.45597466020389
16.4195346016935 -6.98073045252046 6.25044352767041
16.5924135116811 -8.01991300470388 6.01965548587094
16.7652924216688 -9.0590955568873 5.78886744407148
16.8165063981995 -10.0580526716385 5.42129211090043
16.7728270577753 -11.0256357077997 4.94702868423585
16.7291477173511 -11.993218743961 4.47276525757128
16.6344630178855 -12.9306464516048 3.96320127286684
16.3718777776955 -13.7688081985936 3.33743415001864
16.1092925375055 -14.6069699455823 2.71166702717044
15.8467072973155 -15.4451316925711 2.08589990432224
15.3975691415919 -16.1397184695688 1.39741725242737
14.9331343984853 -16.822532677544 0.703792179854756
14.4686996553787 -17.5053468855191 0.0101671072821433
13.8915005443238 -18.0859548810849 -0.681968693460332
13.2474425799135 -18.6059640341987 -1.37322149358205
12.6033846155032 -19.1259731873125 -2.06447429370377
11.9064908953587 -19.5910941956287 -2.73428426430936
11.1049499076851 -19.9475029447373 -3.36162425439188
10.3034089200116 -20.303911693846 -3.98896424447439
9.49632559445326 -20.6533505707694 -4.61116941328321
8.56228935883907 -20.8431374064386 -5.11575625623983
7.62825312322487 -21.0329242421078 -5.62034309919646
6.69421688761067 -21.222711077777 -6.12492994215309
5.6890432323076 -21.2846590995142 -6.49198176219008
4.65897107583101 -21.301862809852 -6.81089554257731
3.62889891935441 -21.3190665201898 -7.12980932296453
2.58431814175467 -21.2606320312551 -7.34312020408711
1.52021644301326 -21.100428579525 -7.41434550372146
0.456114744271847 -20.9402251277949 -7.48557080335581
-0.602056471753138 -20.7639195154505 -7.52883240383926
-1.60309981052197 -20.432503046348 -7.30272187238883
-2.6041431492908 -20.1010865772455 -7.07661134093839
-3.60518648805964 -19.7696701081431 -6.85050080948795
-4.46445230562534 -19.3350128765944 -6.39635760364277
-5.27311185247234 -18.8635047399852 -5.86082008962233
-6.08177139931934 -18.3919966033761 -5.3252825756019
-6.78021040510909 -17.8952577072843 -4.701645914085
-7.26642598742105 -17.3499384095452 -3.90837932235876
-7.752641569733 -16.8046191118061 -3.11511273063252
-8.23885715204496 -16.259299814067 -2.32184613890628
-8.38069644323229 -15.723306323906 -1.40665528902734
-8.4759417856579 -15.1885746110846 -0.474968144880782
-8.57118712808352 -14.6538428982632 0.456718999265771
-8.54278737629772 -14.1330722824468 1.38230373285809
-8.24085186927611 -13.6431873175132 2.29438831514754
-7.9389163622545 -13.1533023525795 3.20647289743698
-7.63698085523289 -12.6634173876458 4.11855747972643
-7.07636975161975 -12.1686760798681 4.86654924105777
-6.39310767323924 -11.6716321382454 5.53673642898508
-5.70984559485873 -11.1745881966227 6.20692361691238
-5.00754012905692 -10.6761447808962 6.84159044591126
-4.08778937491677 -10.1617215899707 7.07067109855393
-3.16803862077663 -9.64729839904511 7.29975175119659
-2.24828786663648 -9.13287520811955 7.52883240383926
-1.31503994415669 -8.65320026889717 7.49061895242276
-0.370571408064891 -8.20241262634643 7.23019564283862
0.573897128026911 -7.75162498379569 6.96977233325448
1.51078060294932 -7.30863623731084 6.68793433286868
2.32108162924312 -6.99579849931133 6.04871964984805
3.13138265553692 -6.68296076131183 5.40950496682742
3.94168368183072 -6.37012302331232 4.77029028380679
4.67652936795985 -6.13179199905819 4.02827283739971
5.35720154318414 -5.94695341497806 3.21244767093983
6.03787371840843 -5.76211483089793 2.39662250447996
6.7225479994218 -5.5794326076119 1.58383842134842
7.4448129897392 -5.41700450454109 0.799618420574896
8.1670779800566 -5.25457640147027 0.0153984198013757
8.889342970374 -5.09214829839946 -0.768821580972145
9.70436721041611 -4.87293456582745 -1.42610386262454
10.5815078039375 -4.61569426183416 -1.99838213385012
11.458648397459 -4.35845395784087 -2.57066040507569
12.3442670565265 -4.08526112122308 -3.11005781734141
13.3090717566165 -3.66306991983205 -3.3423444821994
14.2738764567065 -3.24087871844103 -3.5746311470574
15.2386811567965 -2.81868751705001 -3.80691781191539
16.1525607031677 -2.2868675530896 -3.8098873042927
17.032312286466 -1.6815788592882 -3.65917777122069
17.9120638697644 -1.0762901654868 -3.50846823814869
18.7621495917094 -0.455424581346223 -3.32154589963738
19.3685916935602 0.293372900905404 -2.83721035252679
19.9750337954111 1.04217038315703 -2.35287480541621
20.581475897262 1.79096786540866 -1.86853925830562
20.9298471168862 2.57489720729273 -1.25519090082864
21.1225839682444 3.38001346004693 -0.564039007104712
21.3153208196026 4.18512971280112 0.127112886619219
21.4419306701401 4.9827713179555 0.822478950464346
21.1632121211009 5.7345967374152 1.54367595794171
20.8844935720616 6.4864221568749 2.26487296541907
20.6057750230224 7.2382475763346 2.98606997289644
20.0487201991415 7.88904707315363 3.59892060632457
19.3415601143325 8.48536383146827 4.15334062104684
18.6344000295235 9.08168058978291 4.70776063576911
17.8866368014848 9.6465921780658 5.21242313252741
16.8998057026065 10.0265927832167 5.42411757480214
15.9129746037281 10.4065933883676 5.63581201707686
14.9261435048497 10.7865939935186 5.8475064593516
13.90902402058 11.0486686792338 5.78674182402462
12.8728103933261 11.2364015227498 5.55421588422971
11.8365967660723 11.4241343662657 5.32168994443481
10.8062834228446 11.6103608028085 5.07574319322924
9.9480594172276 11.7526509513664 4.43836129489457
9.08983541161062 11.8949410999243 3.8009793965599
8.23161140599363 12.0372312484822 3.16359749822523
7.46639812313192 12.2513008479516 2.45602661436889
6.85521250953342 12.5842386939778 1.63222132734272
6.24402689593492 12.917176540004 0.80841604031655
5.63284128233642 13.2501143860302 -0.0153892467096206
5.08223595069755 13.7937801807838 -0.747148852714825
4.56252651603636 14.4449170665194 -1.43196523254026
4.04281708137516 15.0960539522551 -2.11678161236569
3.52310764671398 15.7471908379908 -2.80159799219113
2.9056968718494 16.5771707386377 -3.1000700155775
2.28628776554183 17.4108085995472 -3.3906399562116
1.66687865923425 18.2444464604567 -3.68120989684569
0.992697086747741 19.0423246112228 -3.8014718300947
0.223962016932223 19.7784709121489 -3.62773170638347
-0.544773052883295 20.514617213075 -3.45399158267224
-1.31350812269881 21.2507635140011 -3.28025145896101
-2.14243310877159 21.7119189503531 -2.80924460491203
-2.98623306330595 22.1051148231751 -2.26477306585584
-3.83003301784031 22.498310695997 -1.72030152679965
-4.66089396375884 22.7665635105263 -1.12839224479957
-5.45557975548119 22.6854978777406 -0.403855516859377
-6.25026554720353 22.6044322449549 0.320681211080813
-7.04495133892588 22.5233666121692 1.045217939021
-7.71555198111193 22.0897459746126 1.73458532786548
-8.34204839490073 21.5308148828146 2.41145229607256
-8.96854480868953 20.9718837910166 3.08831926427964
-9.54316912936903 20.335631258037 3.70835135254398
-9.92773158765748 19.4160692182911 4.12013768700911
-10.3122940459459 18.4965071785453 4.53192402147424
-10.6968565042344 17.5769451387995 4.94371035593937
-10.9238575865243 16.5567635485234 5.07045631280751
-11.0767057052884 15.4892274729671 5.06305398244852
-11.2295538240524 14.4216913974108 5.05565165208953
-11.3703592984019 13.3644892164335 4.99648094146167
-11.420604810002 12.3849973020652 4.54801512027833
-11.470850321602 11.4055053876968 4.09954929909499
-11.5210958332021 10.4260134733284 3.65108347791165
-11.6290937073111 9.54503969364107 3.06512789784569
-11.7948145464628 8.76253390032225 2.3417525447876
-11.9605353856146 7.98002810700343 1.61837719172952
-12.1262562247664 7.19752231368461 0.895001838671429
-12.4978456838379 6.4867484233622 0.180566612502571
-12.9098876446213 5.79006961430999 -0.532111908353784
-13.3219296054047 5.09339080525778 -1.24479042921014
-13.7752400360606 4.38201811167283 -1.904752791501
-14.3687374066329 3.62073102304268 -2.38564098466791
-14.9622347772053 2.85944393441252 -2.86652917783483
-15.5557321477776 2.09815684578237 -3.34741737100174
-16.1746770485723 1.26400797439573 -3.59983429303144
-16.8025656669177 0.404251305335727 -3.77195334333582
-17.4304542852632 -0.455505363724277 -3.9440723936402
-18.0285917137617 -1.33805343084505 -4.02020655086377
-18.5690218381522 -2.26480914632217 -3.91016229158457
-19.1094519625427 -3.19156486179929 -3.80011803230536
