-0.9781466844019665 -1.083171318806377 -0.95595865883070175
-0.98006179662185833 -1.188974420938322 -0.94399867424517481
-0.97975691116996422 -1.2929166283521729 -0.92109092697504868
-0.97732757864901121 -1.3938294989019751 -0.88748885458005566
-0.9726981964379281 -1.490591988780519 -0.84360565582524982
-0.96596723712791788 -1.582115545682987 -0.78993530118659983
-0.95720661215621239 -1.667345420760977 -0.72712062693165047
-0.94652351321035166 -1.7453488344382211 -0.65587357549625702
-0.93435416268430271 -1.8153176401961719 -0.57687195943341896
-0.92086196201164594 -1.8763706389914441 -0.49112282976328669
-0.90619607293852611 -1.9278860202967349 -0.3995403071195533
-0.89025380758950612 -1.9693198053877921 -0.30313600746089969
-0.87324499091633545 -2.0001496856208432 -0.20314849972058319
-0.85567596961496439 -2.0200217082766452 -0.10099475346728121
-0.83678253549292647 -2.0288908685707931 0.0021332115243325911
-0.81603101634396402 -2.0266594587972602 0.1090383233704286
-0.79398953649173509 -2.0128819545133001 0.2155409362303019
-0.77101952585280209 -1.9899789944906481 0.31259529600298241
-0.74578942474564747 -1.9553518552381759 0.4091012661606177
-0.71843750401950957 -1.9096498215405271 0.50192385680650409
-0.69000108636985114 -1.8554455812877959 0.58609969324341571
-0.66134257617519243 -1.790397373568317 0.66574486054719162
-0.63475337467701309 -1.717763092276241 0.73752577607140557
-0.61054863956933247 -1.6370303306284471 0.80258736513437667
-0.59002715274985029 -1.550743360802636 0.8584470262028403
-0.573003373073528 -1.4581061249805161 0.90603904089923681
-0.56100362961209982 -1.358961537471892 0.94479647942328282
-0.55477898251505364 -1.256505235590218 0.97370775619186556
-0.55640475310107462 -1.1502449563281261 0.99318657302587654
-0.56654373114080592 -1.044717288568439 1.002664698904316
-0.58460706677345242 -0.94713397377597452 1.003128674639399
-0.6116434747866335 -0.85358900975736551 0.99605561363059425
-0.64410597877814446 -0.77475608333701018 0.98329300603791991
-0.67869458755688272 -0.71464845056665183 0.97103892575741024
-0.73061731778431627 -0.62445293383811262 0.96019971755963685
-0.82668378162692857 -0.50839966041439388 0.9544094174351484
-0.91898683260655278 -0.42502806762255668 0.95131717003230665
-0.9854298025835585 -0.37589830684513947 0.95210545974707628
-1.0754456434926041 -0.31818068565737118 0.94901871582191799
-1.1707517735571431 -0.24279309123723919 0.9360774780132175
-1.2523778205360729 -0.16267260120153479 0.91744537076718757
-1.3206384034643439 -0.08066621545973475 0.89447934341132851
-1.3783125581551581 0.0042912093473884989 0.8672664236996297
-1.426287959705749 0.092954049141124234 0.83596016382340954
-1.4642867619526809 0.18446047496499929 0.80083179530625748
-1.493621561449028 0.28349441260791219 0.7602062071068173
-1.5108842576299959 0.37903888812727032 0.71938236450163362
-1.5175508077215309 0.47425469891211608 0.67551931789272535
-1.513579151875581 0.56936338846791312 0.62822314894323539
-1.498700262901079 0.6625023140673495 0.57812626588678651
-1.473112776454341 0.75170008095788465 0.52689400190485558
-1.4359715467290499 0.83867656481504138 0.47410124562885803
-1.38853516229017 0.91957780034002645 0.42113475882507478
-1.3319347563855051 0.9932619979812527 0.37062524572761141
-1.2657897001363509 1.0606423108202241 0.32242400022680451
-1.1906405028549181 1.120981781378652 0.27772952417876418
-1.10918792997645 1.172687573061143 0.23867784690893681
-1.0124755049364269 1.2214520794244561 0.20317864355408241
-0.91892585425481754 1.2592934621863661 0.17873324061315321
-0.81951271531094705 1.290337103270851 0.16315248661137541
-0.71598075528395233 1.3154916332560991 0.15982713264435711
-0.6260555888246162 1.3334165540810861 0.1695692921403226
-0.52823964541722068 1.3556713331523289 0.19468236592540891
-0.43237723235547981 1.3894812745812 0.22850568122654591
-0.33518667653274697 1.441600363299079 0.26055326619366831
-0.24966491131155799 1.495133298952918 0.27711028017912259
-0.1607209696933454 1.5480500658343741 0.27780745184797789
-0.062065454512368702 1.597718606357752 0.26494660265263281
0.037806484442588793 1.637705915131932 0.24137060466191559
0.13578436956843359 1.666419522549949 0.21033145267315401
0.23329243083290041 1.68477168751791 0.17285556280546399
0.33231734230435039 1.692251886502679 0.1296335909625316
0.42866567052065768 1.6882473191859311 0.083172125660765164
0.52219632696719653 1.6732779555709449 0.034682986465238048
0.61294202911302276 1.647117744761569 -0.015927225248741309
0.69353223737649417 1.6131695588230259 -0.063629604428183217
0.77645220524025549 1.566019625141454 -0.1153046994605557
0.85318667493179456 1.508983121647465 -0.16536368668671461
0.9233318148083397 1.4428296358029551 -0.21337631151087319
0.98650450224029662 1.3678157797823449 -0.25856424768848679
1.039323982829806 1.2898692023560709 -0.29730287897982738
1.088359605760524 1.1987482357058781 -0.33464715925909011
1.1273979160192149 1.1038325024405811 -0.36602489209849087
1.1578024855715849 1.002827956807594 -0.3920013998586811
1.178888304884838 0.9005436251168113 -0.41047780059267752
1.191461718151521 0.7968910630585162 -0.42115322982679071
1.196049594576841 0.68953870573691578 -0.42353128535513968
1.192164555854222 0.58055104898362164 -0.41622625417599868
1.180747874485935 0.47226395306501168 -0.39777192884466928
1.1626726235620639 0.36673874636235598 -0.36662753086366873
1.142536814654874 0.27501615374516658 -0.32463275141648912
1.1241705208062289 0.18773218040982689 -0.26667809057466141
1.11595830197993 0.1074857082019781 -0.20201347950293361
1.1217302935333451 0.032112349432601717 -0.14005672907675709
1.138839883815858 -0.056087245150779071 -0.079365958947051049
1.155893732667461 -0.14781747251113289 -0.035090805114547478
1.166228520008487 -0.25072950833157032 -0.001570346107359546
1.1669684703559311 -0.36071572591856688 0.022346424441108868
1.157987520165477 -0.45883176947809973 0.036664457923373459
1.1366461153887311 -0.56317716808355966 0.046745028799001852
1.1037051916097209 -0.66412369933243987 0.052463079492993822
1.060567790346886 -0.75965700624521892 0.05468034906017185
1.0064013532084419 -0.85128997121823968 0.054127590954545023
0.94140483383253526 -0.93789739341089751 0.0517212693494188
0.86630481703602247 -1.0177133209056239 0.048070594997457562
0.78445121745204838 -1.087404005893394 0.043828431452748819
0.69726045224278876 -1.1469790522660781 0.038720167631495613
0.60469397116569856 -1.1968498996032619 0.033757191367521769
0.50147348935060976 -1.2392662278287221 0.027150713765279891
0.40193345173215272 -1.2687424401875169 0.019363206685522681
0.2980859820462996 -1.288012606350736 0.01164331106974021
0.19259352243734951 -1.2962879434857799 0.0031159208534173371
0.085755828445944343 -1.293475421980363 -0.0063938587262841852
-0.020860097066579548 -1.279249242491854 -0.01597281795533427
-0.13001377193410721 -1.2523480223079351 -0.025974695165389691
-0.23988018992069499 -1.211302341853967 -0.036379691506827273
-0.30724250708227763 -1.176533711582993 -0.042844217751065068
-0.38783828991148578 -1.1315167404237689 -0.039740889234685058
-0.5036211657121199 -1.0832384361129921 -0.027878636158362578
-0.6134421026376059 -1.051149632418237 -0.011346230891765931
-0.70960950840901227 -1.03332914194574 0.0086325378918427689
-0.78556819784287657 -1.028737876735496 0.025745174483473281
-0.87240712606131166 -1.026994934311003 0.039895994121000838
-0.98186827733065207 -1.038700829598203 0.072318642832842825
-1.0983125594508201 -1.0594524545739219 0.12902873847773011
-1.197190835925934 -1.0830072668379629 0.1969974819052287
-1.2788637268938929 -1.1066542850349761 0.27090880472583312
-1.34900595443216 -1.1295862330072359 0.35216163834542569
-1.4083003719773819 -1.1506933611019301 0.43993132968009763
-1.4576675380141819 -1.168636321426257 0.53328825428914672
-1.4978549412343869 -1.1836728918322179 0.63417469074220534
-1.5267379302140689 -1.193547885886505 0.73398556191822784
-1.546788765870619 -1.198737565342729 0.84165773215750683
-1.556579658846555 -1.1990186238969129 0.94867558628732751
-1.5566211919549371 -1.193199352405526 1.051948755878783
-1.547283320870722 -1.1793140064196721 1.1594539613970041
-1.529400673807646 -1.157470556569469 1.2629725450771909
-1.5036088645735941 -1.129730947885764 1.3603052715088471
-1.4676768537920339 -1.094341877796952 1.457884377461774
-1.423796016740227 -1.054212381660669 1.5480691127687001
-1.3721793824090081 -1.010492728285 1.6306619191026781
-1.312740313010718 -0.96320939105061376 1.7058094072093379
-1.2458797105494821 -0.91277028745488409 1.7728055473479909
-1.1723311755631389 -0.86026996843721371 1.8306778332576239
-1.092951186615466 -0.80634576237670941 1.878739265880379
-1.0088699118488389 -0.75178132361669836 1.9163556696332951
-0.92100299500199889 -0.69681477628568333 1.9431736429409581
-0.83038713109163809 -0.6421117214010208 1.958891173722827
-0.73831193963085051 -0.58840237753094538 1.963307229995207
-0.64525922527894819 -0.53595227978851501 1.956441829663685
-0.5530607548551133 -0.48580541864811633 1.9384564145852641
-0.46219800934610261 -0.43823768884232028 1.9094915043294189
-0.3738689657769162 -0.39389386697747109 1.869956100567564
-0.28907367445396209 -0.35299514369124019 1.820245109679326
-0.20888413755343169 -0.31639190374090809 1.7611512693645031
-0.1338890860330032 -0.28447338037493819 1.6932624187787719
-0.06485215101024451 -0.25731731342195963 1.6170986469615589
-0.002953790801860391 -0.2354674762124192 1.5340600988261079
0.05141092058596574 -0.21925638437488101 1.4449966973219861
0.09803425397943645 -0.20872252797420471 1.350195069467597
0.13599896998522129 -0.20406620475175991 1.2513582831804519
0.16478356625461879 -0.2053169799907002 1.149834485886031
0.18315835328968419 -0.21188651718983301 1.0527658665161239
0.1916941977665054 -0.22108029412431551 0.97324990586928839
0.19819506908591461 -0.24155417304639629 0.83717386745020916
0.20270454069928109 -0.25775544161491709 0.73182154148649803
0.2070930770728443 -0.27542417561980698 0.61320977494700946
0.20686435544525189 -0.28522082448933572 0.52603604640138746
0.20369475177499349 -0.29768465917554587 0.393457781048558
0.19761036829687861 -0.30136495433048271 0.3165608637708307
0.1808090984410019 -0.3015698508423123 0.19315487922404209
0.16895049014803259 -0.29592691003962229 0.088315185928169102
0.16541960803375549 -0.29521174873310979 0.00072201757651365825
0.16635322747515521 -0.29556646251228752 -0.092133512921054511
0.1756874751827687 -0.31122392711922992 -0.18515739880850041
0.20483263065738741 -0.34139008083961381 -0.30649199307017788
0.2460399773661224 -0.37298716871038962 -0.41117488808257269
0.2961291586796867 -0.40392753854718161 -0.50280721217231716
0.35495732339280389 -0.43300721429418498 -0.58546264232720346
0.42194808184067728 -0.46027198115063278 -0.66027893082382094
0.49927823259518611 -0.48567677588660801 -0.72944442824695332
0.58590892944454531 -0.50828959531486229 -0.79170034458287131
0.67988829329097122 -0.52653021963237445 -0.84532108274601658
0.77615604831748897 -0.539231003609555 -0.88819770301447964
0.87595231711393251 -0.54757955700633698 -0.92131120999763472
0.97999763446638766 -0.55033064770939122 -0.94523643925155543
1.085660469596033 -0.54750366455561283 -0.95930265699367157
1.1926939766018141 -0.53881015764574891 -0.96340641150555906
1.298270619653588 -0.52351362099800969 -0.95814032517371439
1.40084303969529 -0.50319157459438213 -0.94297349590603141
1.503001075223859 -0.47654622334561508 -0.91795929198702797
1.5990778010881881 -0.44424454993429158 -0.88490860546338024
1.689388196813532 -0.40742400233090909 -0.84315139173327558
1.7739924054326759 -0.36538637121748818 -0.79300286443629187
1.8512407691917381 -0.31755065408405558 -0.73630106357151015
1.9196540887708939 -0.26596205083474672 -0.67332759602833214
1.9788855622110191 -0.21120542297532219 -0.604404790572865
2.0282704760886712 -0.15345098985722319 -0.53077253441579697
2.0687806398569899 -0.091220643194892703 -0.45053499413688147
2.0973210215409082 -0.029465580158256961 -0.37005951070807092
2.1150459545996769 0.033811695317622591 -0.28673190184444441
2.121463780903202 0.098000123670262007 -0.20206972428293751
2.1164619908915392 0.16202060172659699 -0.117466253173174
2.100143059213174 0.2256302446666659 -0.033949005351294637
2.0726480215377752 0.28771519828970221 0.048428009751022759
2.034615334898894 0.34684307026512801 0.1278397702656611
1.986627847612344 0.40361331830478692 0.20249318569314451
1.927362142375963 0.45933923706669583 0.27421566644213252
1.860528470872963 0.50942036159215665 0.33905522231828022
1.785457539949429 0.55567245719329428 0.39728351180778232
1.7020573907742249 0.59802176115233885 0.44872732645027569
1.61207089216188 0.63457596302376296 0.4928723412996297
1.5170238561057421 0.66613831324846373 0.52800771846933403
1.4173671927196589 0.69226198047916954 0.5543966194882477
1.3157329808994871 0.71237002266427274 0.57135617764597635
1.2114745967849001 0.72789387490099411 0.57856664834395122
1.1028213075937601 0.73829635558098572 0.57574262653647656
0.99536826083224428 0.74315750479752729 0.56236257617132834
0.89164293550475671 0.74282520860039147 0.53888497231118393
0.79389502245215249 0.73852579593915868 0.50583443838017284
0.69830341248467198 0.73126080099454427 0.46183220835488192
0.6039701673562341 0.72072285864942898 0.40455168399250502
0.51918704354660894 0.70896325828043705 0.33776575660952007
0.44651437792143772 0.69875953680550806 0.26438807589140217
0.38567012606367052 0.69204908839502721 0.1852971391839876
0.3421792979433001 0.68993282190944005 0.1106645843420377
0.2733386326878271 0.69922613668318534 -0.03097263821333179
0.24222083884067669 0.7106652987953036 -0.1082068294205525
0.2096117923045665 0.73659603991478007 -0.19623418911829829
0.1770262455536058 0.77753087045215397 -0.28686140001104432
0.14505999762028701 0.83043936712174593 -0.372474608609911
0.1123069250976939 0.89539855190156126 -0.45298717506423808
0.076733761667385922 0.97155380100002176 -0.52654587133416164
0.040222795324662587 1.0529588848682681 -0.58792023950219574
0.001957922415116338 1.138923854336958 -0.63845024307225307
-0.038392089184829073 1.228610561556216 -0.67794216042022959
-0.080180242571328955 1.319490114266157 -0.7062632716441174
-0.12470852493083601 1.414523253208267 -0.72429904561642589
-0.17146344832965879 1.511127086757557 -0.73116502655573556
-0.2196399006108174 1.6061032301149889 -0.72668370253457826
-0.26873993060932932 1.698732787345635 -0.71127611114685252
-0.31878921435494922 1.788581638392214 -0.68488570372520141
-0.36934667500760271 1.8738697974946701 -0.64827471849243046
-0.42004235276494739 1.954144991533568 -0.60161432920926672
-0.47007514236006048 2.0288445116085159 -0.54508013446784365
-0.5202940411274517 2.0965350930285038 -0.47961533666845863
-0.56944675062804317 2.1556737831254078 -0.40675766038484801
-0.61610774128681711 2.206963249617854 -0.32601855344749031
-0.66039913408804751 2.24945611465736 -0.23877829739897169
-0.7025180131328046 2.28193040029953 -0.14707703074912501
-0.74129068885404215 2.30451658329596 -0.050993801172016497
-0.77655143325704867 2.3168126151237609 0.048416904631134107
-0.80792847511647359 2.3185964004449149 0.14977351047550641
-0.83546263684739341 2.309737064966793 0.25205279400064351
-0.86000028103964865 2.28987228195709 0.35462373474577019
-0.87980079870746553 2.2601123763500701 0.45425823730248838
-0.89435318172250744 2.2204863112991622 0.5520548065401264
-0.90422438091469481 2.1713028941655161 0.64575163341859376
-0.90971183241063769 2.1127874449715121 0.73457745571840882
-0.90992158495729303 2.045824923645037 0.81790971016828518
-0.90490149321339775 1.9717815011084039 0.89402599160110352
-0.8961824430480223 1.8908596051808819 0.96190752755298115
-0.88316528932845906 1.8035775972028061 1.0215226226184191
-0.86551649947842735 1.7097012920451491 1.072935010167877
-0.84511267991989802 1.613361110172 1.11323162491427
-0.82085396130213584 1.5137498199528729 1.143319820204955
-0.79356148275999594 1.41208502196652 1.1624997349913211
-0.76368253401598374 1.310131463072135 1.170485681833829
-0.73260154177561798 1.2084384265309831 1.1670097542737039
-0.70025422577485119 1.105875245246321 1.151686483391666
-0.66686123874893133 1.0063039312392379 1.124754671318984
-0.63508828668540029 0.91202652715531352 1.0872412055070919
-0.60460080767313207 0.82122348656768851 1.0386339864544369
-0.57645313187198466 0.73515189103984036 0.97921997649513626
-0.55253957030474488 0.65752513467810059 0.91209250404676001
-0.53317818781773918 0.58654117171401721 0.83610494443944761
-0.51947850921450711 0.52367360864557611 0.75276374086340103
-0.51337305301674774 0.4681789620004046 0.66251605031477556
-0.5166287936282532 0.42313806246255142 0.57123494495198446
-0.52591727528101473 0.39785055671284159 0.51269327706557566
-0.56414652901886708 0.34392454874012862 0.38745225702729352
-0.60448359033887045 0.30882027559323272 0.2982623059997962
-0.65238729832539855 0.26475303682133589 0.20707344670509789
-0.68883250438720878 0.21894390748074091 0.1238363134445315
-0.72740124177258392 0.15620109467370519 0.017688842551264919
-0.74960054615147331 0.1080326550297173 -0.059033511060815697
-0.77244624344641133 0.048651187661338413 -0.15095104490836969
-0.79262267422549415 -0.0090380199098447182 -0.23916793374360559
-0.81262038477686105 -0.066299559668530766 -0.32675896658204062
-0.83257411853462582 -0.1235499429059907 -0.41436502910735928
-0.85573415528076235 -0.19017053188351479 -0.51635077589033729
-0.87301123899434163 -0.24529875414564911 -0.59160159278471314
-0.89069961381537188 -0.31305485180916082 -0.6667462878802658
-0.90755786456686005 -0.39061061752813681 -0.73639174638692495
-0.92314612337965662 -0.47625660681780962 -0.79819976800963799
-0.93708594982610949 -0.56819508408898967 -0.85066334003547073
-0.94921917044203274 -0.66535225478821358 -0.89318800364993278
-0.95947364647203059 -0.76659613187535536 -0.92527981986492891
-0.96775102913847988 -0.87078552435290579 -0.94657664225245053
-0.97402506433896707 -0.97669701203865855 -0.95682780814037383
