-23.3092873102016 -5.88215056604845 2.55513956599014
-23.2253516075228 -6.70186804123466 1.87149612690158
-23.141415904844 -7.52158551642088 1.18785268781302
-23.0574802021652 -8.34130299160709 0.504209248724461
-22.6678543476048 -9.04557923904233 -0.191700809655955
-22.2374993609198 -9.73447448388799 -0.889245231311686
-21.8071443742347 -10.4233697287336 -1.58678965296742
-21.1433710056714 -10.9701577427165 -2.20468113136123
-20.4076095559893 -11.4731187590971 -2.79800701001631
-19.6718481063072 -11.9760797754777 -3.39133288867139
-18.7927762444594 -12.3411313757841 -3.84720704315773
-17.8340215419118 -12.6295031740723 -4.22665587951587
-16.8752668393641 -12.9178749723604 -4.60610471587401
-15.8623749863774 -13.1021298740858 -4.83217277766589
-14.7981809086135 -13.1877200255014 -4.91289194485461
-13.7339868308497 -13.2733101769171 -4.99361111204332
-12.6792790099516 -13.307836765419 -4.94987653816997
-11.6406562788755 -13.2557789394658 -4.69511567310673
-10.6020335477994 -13.2037211135125 -4.4403548080435
-9.58947776440508 -13.1483418715345 -4.12335971945755
-8.67704217055709 -13.0802054473186 -3.56733003689284
-7.7646065767091 -13.0120690231027 -3.01130035432813
-6.85331111897855 -12.9449622365829 -2.45378795262033
-6.08394940634149 -13.0060334211536 -1.71169418586174
-5.31458769370442 -13.0671046057244 -0.96960041910314
-4.54522598106736 -13.1281757902952 -0.227506652344543
-3.82466501350035 -13.3628261074867 0.522522281494051
-3.11839333544117 -13.648301928981 1.27487470239286
-2.412121657382 -13.9337777504754 2.02722712329167
-1.67800322615848 -14.3252730943256 2.68756768604893
-0.91927332192868 -14.8104704434761 3.26658647496982
-0.160543417698882 -15.2956677926267 3.84560526389071
0.634790127218654 -15.8020852638823 4.32868801439935
1.50992183110454 -16.3547638896366 4.60262437672973
2.38505353499043 -16.9074425153909 4.87656073906012
3.27213873337287 -17.4471298536268 5.10523421861073
4.2396240979413 -17.8994367462744 5.02946590512751
5.20710946250972 -18.3517436389219 4.95369759164429
6.17459482707815 -18.8040505315695 4.87792927816107
7.14912141685761 -19.0277453097859 4.50196088051844
8.12390786962987 -19.2430029443995 4.11491331838828
9.09869432240214 -19.4582605790131 3.72786575625812
9.99563131904564 -19.4167776142522 3.16543559731066
10.8745290648709 -19.3158028007661 2.56236583970093
11.7534268106961 -19.21482798728 1.95929608209121
12.5073375267295 -18.8910674242802 1.29714381777439
13.1981558334944 -18.4548464747033 0.605167197282505
13.8889741402593 -18.0186255251264 -0.0868094232093757
14.4483787070585 -17.4267160410084 -0.753024789099633
14.8855778787747 -16.6900273360996 -1.39528402759224
15.3227770504909 -15.9533386311908 -2.03754326608484
15.6570662877359 -15.136321072849 -2.61204959025964
15.8152260159948 -14.1818213405534 -3.07059735715347
15.9733857442538 -13.2273216082578 -3.52914512404731
16.078265766952 -12.2517664923267 -3.92534892715696
15.9849660702272 -11.1978935633127 -4.08965750636434
15.8916663735025 -10.1440206342986 -4.25396608557172
15.7919361940448 -9.09139127942201 -4.40413555501199
15.5379467845471 -8.06859371119351 -4.21512548277359
15.2839573750495 -7.045796142965 -4.0261154105352
15.0299679655518 -6.0229985747365 -3.83710533829681
14.7683370853712 -5.10603150570003 -3.36770318894489
14.5052835954003 -4.2087668618266 -2.84610054958473
14.2422301054293 -3.31150221795317 -2.32449791022458
14.0761873240352 -2.4910787221941 -1.6727544083025
13.9730565200732 -1.72048713310756 -0.936613842091188
13.8699257161113 -0.949895544021018 -0.200473275879874
13.8514064521196 -0.188167457669284 0.541698646341691
14.0068838772705 0.555333562603715 1.29627355729495
14.1623613024215 1.29883458287671 2.05084846824822
14.3256597601343 2.04561046478199 2.79834606692682
14.6977874683363 2.8798283685319 3.3568724771977
15.0699151765384 3.7140462722818 3.91539888746857
15.4420428847404 4.54826417603171 4.47392529773945
15.8607914803465 5.47671841462973 4.76429569616821
16.2933966273753 6.43318135688867 4.974965390164
16.7260017744041 7.3896442991476 5.18563508415978
17.0959149533459 8.3732627958594 5.18695089726663
17.4115249105293 9.380403190837 5.00692625214907
17.7271348677127 10.3875435858146 4.82690160703151
17.9633321776193 11.371994666846 4.53949515579603
18.031570915552 12.3084576137431 4.02497507178306
18.0998096534848 13.2449205606403 3.5104549877701
18.1320568148192 14.1593176216016 2.97103329878255
17.8914492056339 14.9064315898958 2.24283072401334
17.6508415964486 15.65354555819 1.51462814924413
17.4102339872633 16.4006595264842 0.786425574474919
16.8891085629128 16.8941587110369 0.000251137015407791
16.3427490606473 17.3648438892507 -0.791138179574519
15.7963895583817 17.8355290674645 -1.58252749616445
15.069661106907 18.0776834074897 -2.30696254128268
14.2726559811781 18.2307958844736 -3.00531037157394
13.4756508554493 18.3839083614575 -3.7036582018652
12.5977028321414 18.3784400187799 -4.28047983928029
11.6451938514307 18.2268941561059 -4.74535701261807
10.69268487072 18.0753482934319 -5.21023418595586
9.72794307967282 17.8498519030645 -5.56796152308303
8.73687043567089 17.4651786418821 -5.69505121409312
7.74579779166895 17.0805053806998 -5.82214090510322
6.76240954320703 16.6848185502856 -5.90915478122013
5.84422594326627 16.1956779267936 -5.65611205682701
4.92604234332551 15.7065373033015 -5.40306933243388
4.00785874338474 15.2173966798094 -5.15002660804076
3.20919022796204 14.7804790020574 -4.59949351613576
2.42694065878478 14.350735696832 -4.00809128731461
1.64469108960753 13.9209923916066 -3.41668905849346
0.930502295972547 13.6214902364828 -2.69289189165567
0.25580472530166 13.3975585146486 -1.89227458906607
-0.418892845369226 13.1736267928144 -1.09165728647646
-1.09496354139169 13.0470830451549 -0.281218755362959
-1.77339206218522 13.0877664029093 0.546084030619539
-2.45182058297876 13.1284497606636 1.37338681660204
-3.14296286683933 13.1913979311223 2.18386986926068
-3.93994288694501 13.4396930647206 2.85433438532581
-4.73692290705068 13.6879881983189 3.52479890139094
-5.53390292715635 13.9362833319172 4.19526341745607
-6.46449710761436 14.2475664801805 4.60866907616035
-7.41415813539416 14.5678380684083 4.98539223075661
-8.36381916317397 14.888109656636 5.36211538535287
-9.37575616624553 15.1572793211336 5.4998219034196
-10.4179590335045 15.4016136638867 5.52136733326837
-11.4601619007634 15.6459480066397 5.54291276311713
-12.4920468142638 15.7975486955399 5.3978267119746
-13.5133141694736 15.853723004528 5.08127066747201
-14.5345815246834 15.9098973135161 4.76471462296942
-15.5097818245773 15.8850997659874 4.36254631342193
-16.3900731529118 15.6934811448183 3.78399659697655
-17.2703644812463 15.5018625236493 3.20544688053116
-18.1101869822249 15.2663528115664 2.6013550972307
-18.751753951972 14.8158220051254 1.87213351986494
-19.3933209217191 14.3652911986844 1.14291194249918
-20.0295039545785 13.9106529949351 0.41325452526891
-20.3703901376373 13.2307332711169 -0.340307729943802
-20.711276320696 12.5508135472987 -1.09386998515651
-21.0521625037547 11.8708938234804 -1.84743224036923
-21.1126759824479 11.0435485106413 -2.51232013400105
-21.1314411462553 10.1942510968421 -3.16400415610066
-21.1502063100626 9.34495368304285 -3.81568817820028
-20.9522949999805 8.43226047952855 -4.31111459029982
-20.6718189519571 7.49541026131646 -4.74699891926772
-20.3913429039336 6.55856004310438 -5.18288324823561
-19.9786222344585 5.62452430556044 -5.44467377855792
-19.4689284114448 4.69255238779963 -5.57880373198256
-18.9592345884312 3.76058047003882 -5.71293368540719
-18.4010850957237 2.86546012766641 -5.70204421773739
-17.777391187469 2.02018771817957 -5.49499167444247
-17.1536972792142 1.17491530869272 -5.28793913114754
-16.5371160836805 0.36280169786341 -4.99781091936268
-15.9403889728434 -0.35675403486637 -4.47578927631859
-15.3436618620064 -1.07630976759615 -3.9537676332745
-14.759561449681 -1.78851887161756 -3.41349441997951
-14.3150076145806 -2.41953518486745 -2.67151019290406
-13.8704537794803 -3.05055149811733 -1.92952596582861
-13.4258999443799 -3.68156781136722 -1.18754173875316
-13.1613653748171 -4.33072657879442 -0.381426986931278
-12.9219593572966 -4.98241781741358 0.433639624702816
-12.6825533397761 -5.63410905603273 1.24870623633691
-12.5473836530814 -6.37369117667887 2.0033243931296
-12.4668024006257 -7.15930164076082 2.72628577079531
-12.38622114817 -7.94491210484277 3.44924714846102
-12.3260445418596 -8.80579095218257 4.06557664433205
-12.2913031072562 -9.76049471756602 4.54898542187239
-12.2565616726528 -10.7151984829495 5.03239419941272
-12.2033614793365 -11.6954016615049 5.43120223873608
-12.0965311191024 -12.7496909585255 5.58421088371662
-11.9897007588682 -13.8039802555461 5.73721952869716
-11.8703947240689 -14.8555176862389 5.86131517042366
-11.6139221956079 -15.8767991293111 5.66752056446164
-11.3574496671469 -16.8980805723832 5.47372595849962
-11.1009771386858 -17.9193620154553 5.2799313525376
-10.6810618171734 -18.7806474720348 4.81383937207263
-10.2469719669461 -19.6280573231962 4.32413248096029
-9.81288211671879 -20.4754671743576 3.83442558984795
-9.25325416809951 -21.104212547477 3.19348559517555
-8.6543551373192 -21.6645548557668 2.50523655479155
-8.05545610653889 -22.2248971640566 1.81698751440754
-7.38243769034181 -22.5695572880801 1.08267888463718
-6.66095461477588 -22.7731886713278 0.31825313641357
-5.93947153920995 -22.9768200545756 -0.446172611810041
-5.18974898399332 -23.0119767111631 -1.18523237105937
-4.40516237383304 -22.8391368961601 -1.89297564557749
-3.62057576367275 -22.6662970811571 -2.6007189200956
-2.83752539179499 -22.3944624588997 -3.25502875739424
-2.05825776125564 -21.8788689393739 -3.77776729216598
-1.27899013071628 -21.3632754198482 -4.30050582693772
-0.508594320899069 -20.8157160915898 -4.78624700354589
0.200454691771094 -20.0471198369346 -5.0161591347619
0.909503704441256 -19.2785235822795 -5.2460712659779
1.61855271711142 -18.5099273276244 -5.47598339719391
2.21876056159333 -17.6338701475231 -5.36546750175192
2.81395877576737 -16.7528668655194 -5.23928273222137
3.40915698994141 -15.8718635835158 -5.11309796269082
3.919495356479 -15.0321715714558 -4.71706120167597
4.40493762530979 -14.204599418688 -4.24185553176617
4.89037989414058 -13.3770272659203 -3.76664986185637
5.35454356631539 -12.6573642106898 -3.1442340789235
5.80258440280151 -12.0194640967395 -2.41027689585238
6.25062523928763 -11.3815639827892 -1.67631971278126
6.72780227007308 -10.8217422281673 -0.908656572231171
7.26246859744904 -10.415978684121 -0.0744874300232232
7.79713492482501 -10.0102151400747 0.759681712184724
8.3481212529337 -9.61812390932068 1.5864555150129
9.0749740797121 -9.37336734520143 2.33353615700777
9.8018269064905 -9.12861078108217 3.08061679900264
10.5286797332689 -8.88385421696291 3.82769744099751
11.4222691626656 -8.66349208632763 4.36196446519903
12.347192784195 -8.4477143112193 4.85623821447657
13.2721164057244 -8.23193653611097 5.3505119637541
14.2542524367799 -7.96136380929953 5.62540066927887
15.2710759599081 -7.65756927853738 5.7672777252495
16.2878994830363 -7.35377474777523 5.90915478122013
17.2745222014982 -6.98787494890874 5.8973511957474
18.2197550566079 -6.53686057813934 5.67493001847491
19.1649879117177 -6.08584620736993 5.45250884120241
20.0566239268822 -5.59993559926264 5.159937743368
20.7720387316376 -4.99928954800789 4.63672051184022
21.487453536393 -4.39864349675315 4.11350328031244
22.1850926007547 -3.79226736014214 3.58074537310164
22.5542818294587 -3.08001402506324 2.87170038637895
22.9234710581628 -2.36776068998433 2.16265539965625
23.2926602868668 -1.65550735490543 1.45361041293356
23.3092873102016 -0.900116077786111 0.707608201565863
23.2735565777628 -0.138318538737596 -0.0438823954329874
23.237825845324 0.623479000310919 -0.795372992431838
22.9280068482804 1.37010863163589 -1.47077180449559
22.494077525865 2.10987005951736 -2.11171537930199
22.0601482034497 2.84963148739884 -2.75265895410839
21.4648311778906 3.54549020210996 -3.26634980300488
20.7092826010152 4.19776071461458 -3.65369954111929
19.9537340241399 4.8500312271192 -4.04104927923371
19.1446834745847 5.46431244420128 -4.31984568470155
18.2135331996529 5.99189624984201 -4.35090669947283
17.282382924721 6.51948005548273 -4.38196771424411
16.3523873339752 7.03791118006611 -4.37890119897967
15.4341051902932 7.46349488684221 -4.02963524552839
14.5158230466112 7.88907859361831 -3.68036929207712
13.5975409029292 8.31466230039441 -3.33110333862585
12.8239442889087 8.74088171632956 -2.73844795155619
12.0774090561919 9.16722003266886 -2.10027001441628
11.3308738234751 9.59355834900816 -1.46209207727638
10.6987145310234 10.0988097901338 -0.773756826150608
10.159002293926 10.6678446283481 -0.0448807412469705
9.61929005682855 11.2368794665623 0.683995343656667
9.10453162664724 11.8576551749886 1.37850518623173
8.66588821853206 12.6362527937608 1.96818984914738
8.22724481041687 13.4148504125331 2.55787451206302
7.78860140230168 14.1934480313053 3.14755917497866
7.30531126580179 15.1017719926863 3.43904381978105
6.82087529931242 16.0134252984373 3.72287535010045
6.33643933282305 16.9250786041884 4.00670688041985
5.75427026018563 17.8079350774073 4.01829810389798
5.13987709127265 18.6812967955682 3.94012754446039
4.52548392235967 19.5546585137291 3.8619569850228
3.83744774832038 20.3071704204827 3.60460983383933
3.09226433748381 20.96590243901 3.2082210031444
2.34708092664724 21.6246344575372 2.81183217244948
1.57102162016849 22.1496358317406 2.33336110953946
0.747248992194902 22.4679797764629 1.72804624653114
-0.0765236357786847 22.7863237211853 1.12273138352283
-0.900944004422121 23.0119767111631 0.500952768330703
-1.72749499200541 22.9327405488542 -0.1749802080999
-2.5540459795887 22.8535043865454 -0.850913184530504
-3.3749190930964 22.74421511738 -1.52105940831056
-4.12853349392809 22.2789240679394 -2.12265717034787
-4.88214789475977 21.8136330184989 -2.72425493238518
-5.63576229559146 21.3483419690584 -3.3258526944225
-6.26542125217619 20.5940180995361 -3.73766646590211
-6.88471270513684 19.8155198274462 -4.13360690304089
-7.50400415809749 19.0370215553564 -4.52954734017966
-7.99877666895498 18.1166430067108 -4.692986854021
-8.45503591812057 17.1523813979651 -4.78451466710966
-8.91129516728617 16.1881197892195 -4.87604248019832
-9.28339196354872 15.2079892699118 -4.76128520608492
-9.59801384573433 14.2170218008766 -4.50565492680911
-9.91263572791994 13.2260543318414 -4.2500246475333
-10.2049967204305 12.2831417012289 -3.86940512400034
-10.4648371364247 11.4104316129551 -3.30619081917515
-10.724677552419 10.5377215246813 -2.74297651434996
-10.9991711836283 9.69985350926176 -2.14481263232739
-11.3354849313923 9.00897992293076 -1.39920077358738
-11.6717986791563 8.31810633659975 -0.653588914847361
-12.0081124269203 7.62723275026875 0.092022943892656
-12.5170806007949 7.06006710373331 0.842714077868786
-13.0340339000253 6.49862284777578 1.59364012415149
-13.5509871992557 5.93717859181825 2.34456617043419
-14.2043862876328 5.38080252273683 2.97504153361234
-14.9086833534775 4.82631702472422 3.56058552739501
-15.6129804193222 4.27183152671161 4.14612952117768
-16.3664615332883 3.66675786256958 4.5801501792281
-17.1624207400046 3.01799343089239 4.88330681622092
-17.9583799467209 2.36922899921521 5.18646345321375
-18.734081061651 1.67424424409875 5.36667291677947
-19.4763387409769 0.902955835762887 5.34391282523568
-20.2185964203029 0.13166742742702 5.32115273369189
-20.9149259545556 -0.66061137775776 5.2261927220574
-21.4648099704112 -1.51981972131173 4.90101756219365
-22.0146939862669 -2.3790280648657 4.5758424023299
-22.5320031420917 -3.24036829848497 4.22496522912683
-22.7904181116554 -4.11865208744516 3.66981697624856
-23.0488330812191 -4.99693587640536 3.11466872337029
