-1.6751647721447669 -0.47940241238201919 0.14140693823445991
-1.6573638274709199 -0.56820043054251268 0.10856794205134131
-1.628828228781027 -0.66019854304255066 0.073648427010681708
-1.588743644316579 -0.75179117707396226 0.038032757905261512
-1.542757611977404 -0.83180439081542534 0.0052227762290964373
-1.4872517560553249 -0.90882280465308296 -0.026201363213297021
-1.4226873133096121 -0.98077804089202603 -0.055554127258029731
-1.3501523353946929 -1.046294322070269 -0.081971391732756929
-1.2700473183842851 -1.1048574102703661 -0.1047945417734569
-1.1831953460041491 -1.155889393209937 -0.12288703015810989
-1.093180297855137 -1.19770822615787 -0.13467091150244229
-0.99047073440746591 -1.235210516664583 -0.13928770139240321
-0.89309470825663417 -1.2622623412500831 -0.13457270719939299
-0.79900427479744462 -1.2804355277192281 -0.1201985975878139
-0.70222807845820179 -1.293985222019213 -0.091766762802785534
-0.61950393942149173 -1.306877545113285 -0.05499973500071114
-0.53073025015447062 -1.3281670191875239 -0.003148061678012206
-0.45525504657501942 -1.359075327365346 0.04585461785234262
-0.37115576245473508 -1.4061020172814369 0.093638409056976249
-0.2861443381079275 -1.4582281095022891 0.12742425234953331
-0.2081496785770488 -1.5013138594521751 0.14457732127102099
-0.1115345673701696 -1.544861357463106 0.1529049708310084
-0.0097538663374737589 -1.580095726925413 0.1513834021569023
0.096556603137006008 -1.605282350866549 0.14178547102401459
0.20496552414261729 -1.6192181320638299 0.125395192364917
0.31395901547924021 -1.6212789569330199 0.1036153079825444
0.42054570081430898 -1.6115409820173601 0.077730420853905954
0.51929862465982257 -1.591512820301745 0.0506554409474523
0.62007977439694462 -1.558978840492496 0.02045566952347946
0.71476333647880841 -1.516402969247173 -0.01126452889644561
0.8032673154234885 -1.4640894666127171 -0.042171355776426778
0.88678042330614493 -1.400971493003951 -0.073154761359501871
0.96037169111621745 -1.3312798194213149 -0.1031422182198348
1.0268849508906981 -1.2534437605923381 -0.13082322014792269
1.084944227597632 -1.1684619089391459 -0.15606120710652999
1.135276492894761 -1.0743471699221461 -0.17953145664830569
1.174874454003787 -0.97632588051257874 -0.19869162757522629
1.204179220997827 -0.87547333783055503 -0.2129761789029371
1.223411702384136 -0.77129476277561704 -0.22201802986755209
1.232407109495536 -0.6663520732051903 -0.22477868808173371
1.2314144353652361 -0.55876261715288589 -0.22060486003222279
1.2203332901302431 -0.45170893770327553 -0.2080651958170914
1.200665679091764 -0.35029292908796972 -0.18692330822929429
1.174639645637505 -0.25836806998353512 -0.15753847723949391
1.141695063869314 -0.16736249868622899 -0.1161514376799635
1.1084306115462601 -0.08903089028362049 -0.067864123061608245
1.0720233103992609 -0.007266018889270965 0.00039473035085605247
1.044694625614919 0.067376276574936875 0.083031687734634776
1.0343481498111859 0.13435818176775799 0.17006043927681411
1.041315091215854 0.22214579748220439 0.28392847667170951
1.05431405950948 0.27838402302593429 0.34825329957325868
1.076773485862587 0.34429598972025999 0.41078350919545331
1.1085663706284481 0.42348675257732588 0.47045791716711899
1.1464564949631091 0.51130203842196631 0.52091891835163262
1.185272771300248 0.60036445246427261 0.55847424895055353
1.22378965400081 0.6915760572831664 0.5848549629492702
1.261725825139459 0.78552252728320415 0.60041758600145945
1.297887263546327 0.88164201649773322 0.60534227672863783
1.3308937176446061 0.9784811166470927 0.59987813587375027
1.360248510119044 1.075201906779079 0.58435149775096884
1.3858414870080329 1.172040529223209 0.55868840854503288
1.4072289265100379 1.267120636746313 0.52326753475493015
1.4230111784297541 1.35948104793594 0.4789506389411235
1.432887599972797 1.446783218081763 0.4273114482421328
1.4369452938744689 1.5296764224171731 0.36829834648896331
1.43496832532227 1.60774696947718 0.30220645589594802
1.426844196290225 1.6802450698494129 0.22945814628522079
1.411662863073011 1.746179374987918 0.15234803402416211
1.39091264180941 1.803919752132028 0.071517667860120773
1.364021791156613 1.854839959725604 -0.01483573656671777
1.330820227883849 1.8975785963241081 -0.10316331197649969
1.292327949294289 1.931032750690189 -0.19355276878115399
1.2487761881422099 1.954978939033849 -0.28475276563726082
1.1993790068523249 1.969894324621893 -0.3750955139583726
1.1455647156463169 1.9749920563705441 -0.4638232734748497
1.0879570374458021 1.970039638544574 -0.55049105061805592
1.026829353359165 1.955331538401061 -0.63358412573596856
0.96330881967070314 1.9310188009849509 -0.71207096744740417
0.89518005270905632 1.896595108483115 -0.78750754128892908
0.8272616316196918 1.854239328946631 -0.85470486480826524
0.75833083984261174 1.8032034528362031 -0.91514183442754571
0.68878329007524564 1.74414777166416 -0.96786454845289227
0.62028194991164731 1.6771689612713321 -1.0128227084092809
0.55380151679949063 1.6036666306426901 -1.04893754677271
0.48905329115992757 1.5248897101586389 -1.0753486660286751
0.42696402418405183 1.4409635278844539 -1.092292298218148
0.3685947374572669 1.352871016990332 -1.099600428194871
0.31335233257522499 1.2615250582471129 -1.0965987559884529
0.26339129429202163 1.169450917445553 -1.0837441487054269
0.21821787688881009 1.076574638693284 -1.060715241856788
0.17785839556822919 0.98401289209445575 -1.027456779674861
0.14424175738343559 0.89370085530776555 -0.98530828334525955
0.1155870893716637 0.80659670178790821 -0.93372791767855579
0.091535250058918438 0.7212759261552939 -0.87094907244545883
0.074018733324994965 0.64132147066625955 -0.79964517449317862
0.061784490001389837 0.57020089785011074 -0.72172856813614905
0.053839512414182618 0.50701917961178689 -0.63622654708259618
0.049958051685622777 0.45316924075017279 -0.54438112752433732
0.049585397221173173 0.40901365654505117 -0.44538701482900989
0.053346460499169079 0.37577832840409142 -0.33901457910149008
0.058443348108023818 0.35526209046847501 -0.22375887203219261
0.064865365787434154 0.35059489634872387 -0.1234216807327194
0.066519094854899638 0.3569493684754898 0.0041100756314273396
0.06406480798887336 0.37224934903632029 0.1043792332263445
0.060132988884033088 0.39755504440030048 0.2013787375405483
0.053089927229117713 0.43133890144193332 0.29168503277033908
0.037919196123920987 0.47916288560308468 0.3896179980103755
0.01656081714244393 0.53470102363941174 0.47893770501289029
-0.01127050157422816 0.59661124360173778 0.56004969341757671
-0.047007702207893291 0.66520169094125592 0.63502937686863603
-0.090876985216405679 0.73835919357105195 0.70199068127396747
-0.1410160908417587 0.81286097376561017 0.75858989778581276
-0.1980593488107843 0.88945696928703111 0.80606030980183385
-0.26275425926149298 0.9674740706331274 0.84438251186351554
-0.33215485592206467 1.04317413813212 0.87223473637601823
-0.40567476419385179 1.115910749848974 0.89015618961170728
-0.48372717106440982 1.185981428096198 0.89821383954094025
-0.56547425075099544 1.2521106254037211 0.89656857228324782
-0.64972123677678295 1.3128931360606659 0.88551993923880801
-0.73533219113084769 1.367649936014391 0.86550323478674074
-0.82169715083602968 1.415806396454701 0.83708657550632848
-0.90834089818399777 1.4575816414752321 0.80007574786208213
-0.99399922525801188 1.4914789207082251 0.75593928424976908
-1.0783432650650591 1.518044344861623 0.70486106542680238
-1.1585794153855611 1.5369781682728409 0.64823233939331004
-1.236597022713678 1.5483140747444051 0.58517415637381054
-1.3111051255238959 1.551240014694151 0.5176423224839668
-1.38082079315866 1.54599563489939 0.44673520727566379
-1.445169065490725 1.532969275152738 0.37269294629553668
-1.503898471306131 1.512246285573462 0.29608053257479428
-1.5567638256479031 1.4838748836016069 0.21745426659755029
-1.603077191735637 1.4484297454536701 0.13710035779687821
-1.6420511637103701 1.40677771302823 0.057805094661196141
-1.6742437450457499 1.358481290522177 -0.020371622775344111
-1.6991006426628059 1.3040428134835511 -0.097408406773882725
-1.716826698101074 1.243792755914942 -0.17161965147960401
-1.727058768116299 1.17821698286881 -0.2431656282320892
-1.7292094085401839 1.109068756901777 -0.31136427245769122
-1.7239571354776311 1.0360338408170531 -0.37512797038068041
-1.7115721920641711 0.95874926911228531 -0.43395746814487463
-1.691648974633378 0.87963950367658317 -0.48729619444093042
-1.665018895484252 0.79879354650446477 -0.53429024313773199
-1.6323305777966199 0.71602863203155964 -0.57430554967564862
-1.5929517905494679 0.63317622889421077 -0.60759304718778306
-1.5476487167596329 0.55021104547102706 -0.63320547176367403
-1.4971072949932041 0.46835310143166747 -0.65075959157816854
-1.441326373582936 0.38727683945740238 -0.66009357324279727
-1.380267781013947 0.30719064072548491 -0.66070656672227057
-1.316345824821274 0.23133499173132899 -0.65241167370286735
-1.251167265250767 0.1597685316603317 -0.63519660638339015
-1.1828314369002131 0.090908053205869657 -0.60876410339525877
-1.1128674269378671 0.026262608815132611 -0.57296158336641312
-1.0441909244710139 -0.03248947045356388 -0.52851242310940927
-0.97505755749115131 -0.08695252360521509 -0.47355284069303599
-0.90702958940961798 -0.13644731605123289 -0.4074624331147273
-0.84450978996336989 -0.17899494323041321 -0.3323060175939942
-0.79046924033654964 -0.2153086735219846 -0.24934192111485959
-0.74921578334381067 -0.24352501688930889 -0.16636575462868339
-0.72134528389088737 -0.26637451992653011 -0.088283578112528585
-0.69437433021448591 -0.29240207090301512 0.025537397987598971
-0.68346671291080596 -0.3256145166931107 0.1634442453952934
-0.68407143251374347 -0.34991979826472019 0.2399892031705832
-0.6929639284327469 -0.38140891583747782 0.32223135116515061
-0.71083886113567596 -0.42416109444465028 0.40893145931719538
-0.73713357537307422 -0.47815878266707568 0.49486341112458521
-0.76889756813247156 -0.5426245137306861 0.57509303227907282
-0.80292427308663628 -0.6125906160129283 0.64464918878245248
-0.83881528724684795 -0.6906384782021795 0.70600963417986085
-0.87464044487110615 -0.77490642772039164 0.75785078977517784
-0.90974326669871819 -0.86454686125450531 0.7996218983214548
-0.94285956989372344 -0.9577633466091382 0.83096217175901488
-0.97401797544822721 -1.054309841894679 0.85199099811896495
-1.0033033350134379 -1.15623185141589 0.86296009283851938
-1.0281592116016549 -1.258399462441939 0.86355525441496506
-1.049262110411318 -1.360285201835344 0.8538802430198168
-1.0664094067618091 -1.4623970422792301 0.83365959951230384
-1.0780583877634311 -1.562846192426361 0.80398174556423774
-1.084496464787942 -1.660326644511094 0.76488748383562299
-1.085554260189503 -1.754325337253408 0.71666940192458894
-1.0806677754834491 -1.8435812373771709 0.66016985883109691
-1.070601075218987 -1.926327877052441 0.59607784000733255
-1.0539979874941761 -2.0046209733720479 0.52350066954394714
-1.0329821768258469 -2.0727361028322169 0.44723569842297239
-1.00706912390311 -2.13296158247037 0.36485511220692779
-0.9758912515475584 -2.1844184769314321 0.27769173251083279
-0.93960331938079855 -2.226325182407499 0.18762228115546969
-0.89810386166369438 -2.2584770520749662 0.09610665356258459
-0.85259608951639676 -2.2802229920789898 0.0040875186485904236
-0.80326659445324877 -2.291537040390089 -0.088260971005602748
-0.75133148645892156 -2.2920754416702618 -0.18039349871314389
-0.69703854657948416 -2.282337086870561 -0.26920681722002682
-0.64007172863109552 -2.262646401007308 -0.3543408963424588
-0.58145734787173065 -2.2331084467428068 -0.43497313057232367
-0.52130384019045406 -2.194048985599895 -0.51046020458235541
-0.46167226185351612 -2.145794856516583 -0.58025880968607957
-0.40241915847794352 -2.0894608760876521 -0.64300284189064993
-0.34321865591282619 -2.0253864485174939 -0.69832694888980296
-0.28657524661396139 -1.9545358019429251 -0.74590892573357026
-0.23151941771757509 -1.878408431073884 -0.78461697446887813
-0.17670727539625211 -1.795617978913274 -0.81491015780187215
-0.12614335061707441 -1.7095685665673419 -0.83601237684122776
-0.078554216097671187 -1.620622448074492 -0.84745883274127765
-0.034665713383199903 -1.5296409034067791 -0.84952311810998582
0.0054870754664404654 -1.4378513973735769 -0.84204709209447182
0.042211295955807873 -1.3452210648398579 -0.82497239591278904
0.074313553159920748 -1.254037257894024 -0.79871305463667575
0.1020542028460303 -1.1670204449796671 -0.76423896849035688
0.1266311836601057 -1.081990334762116 -0.72070094502688031
0.1482135370667676 -0.99922831383319888 -0.66747524706892725
0.16614258948421659 -0.92186945771441942 -0.60624889476013377
0.18098357241519231 -0.85081133758268601 -0.5368977194663066
0.1930660515435835 -0.7885019843977159 -0.46150934848494141
0.20404199817949711 -0.73299186054547283 -0.37711288233573309
0.21388229933272621 -0.68782586000211565 -0.28660293446309121
0.2258115078030071 -0.65309084382415572 -0.18821230795463381
0.23800174443603511 -0.63426194669727931 -0.098493428782576456
0.25815623953521261 -0.62527878670357107 0.0095101988533442885
0.27172213031401288 -0.6195345783069679 0.087830000614698922
0.29672158853154113 -0.62190182798231042 0.17710658407106239
0.33285378993710801 -0.63037912608095281 0.26465586202376679
0.37679889455735138 -0.64171333119896468 0.34251793721594742
0.43749140884397769 -0.65591666237066693 0.42425456707159009
0.50282445540427601 -0.669347574165718 0.49417911093570133
0.57990129917978095 -0.68115966612055823 0.55969828726106718
0.66113306837950236 -0.68918911286288098 0.6150808152406384
0.74960360923745506 -0.69335509133569118 0.66356588399276895
0.84072716276700965 -0.69330453797844338 0.70297289652654649
0.93503980788959096 -0.68797141331265188 0.73421627393964262
1.0316041358224699 -0.67729445602212712 0.75708089190134842
1.127587097337406 -0.66056393181946682 0.77166999377469503
1.2217877848669649 -0.63851495491294685 0.77831689511745938
1.316721295962435 -0.61142850902327861 0.77681591975012809
1.4107591131569781 -0.57757978558942857 0.76752134868127542
1.4983812854922061 -0.53964273304552512 0.75120952582432421
1.5819744935095921 -0.49667503782787847 0.72782799870208659
1.6605308877358991 -0.44851970215337938 0.69828148728730632
1.733618803619061 -0.39590251119721143 0.66216860181678461
1.8008872419869639 -0.33784393202718399 0.6205659018257057
1.8601910617835551 -0.27662510857262862 0.57409790876420008
1.91168740080587 -0.21256492451122089 0.52266845388329652
1.956047500143266 -0.14332450425093299 0.46637659477523541
1.9904166141482149 -0.074104427041110352 0.40858470254092383
2.015450074728331 -0.0044178008234064094 0.34858934926391022
2.0325764442108492 0.070995732370521619 0.28332896846069749
2.0395767725370439 0.14248165884050171 0.22113426103609671
2.0374208244489052 0.2144778826243107 0.15621479720057621
2.0262429082970348 0.2835906368376932 0.093247972506065577
2.0047124330102961 0.35717334173991239 0.026238719225148699
1.9752267890955859 0.42505441762906992 -0.035654759138461542
1.935611329538889 0.4924296156619713 -0.096968046389720022
1.886449396643693 0.55696451950877235 -0.15594910598893511
1.8302379565816771 0.61631006667426369 -0.20934893648697109
1.763917509762972 0.67452166373056521 -0.25959657083533499
1.6916064743380379 0.72779499237579559 -0.30317256030758349
1.6124307147182411 0.77639036617292423 -0.34038574946331479
1.5273373954566261 0.82035851523629044 -0.37021435829907412
1.4378181370632059 0.85915133706983615 -0.39190942377439603
1.3428229218258501 0.89421689144133765 -0.40487900858380782
1.243571529423914 0.92580963177154241 -0.40776119169022362
1.141028193231967 0.95372860065040932 -0.39829763005608448
1.041938487033804 0.97768372777949686 -0.37579519724517102
0.95825306008506561 0.99795358084353081 -0.34321841687978782
0.87403898307009742 1.023924462724165 -0.29596737247729049
0.79202994321725384 1.061128356060655 -0.23999711170740809
0.72499969493754579 1.104701177945163 -0.19434896336323229
0.65386453261710309 1.158928893611582 -0.15390173355941711
0.58942199245135773 1.2043285741364469 -0.1299948344894217
0.5044998634948773 1.252255250138298 -0.1112212586733867
0.41317547326749221 1.2919557734495051 -0.100050754938385
0.31739853436511412 1.32243461829466 -0.094393743710943001
0.2190559680186657 1.3428026847227299 -0.092395786092558468
0.11666388689379439 1.3538880357895451 -0.094175062981201943
0.028673438302476491 1.355197703245002 -0.09755427912216294
-0.072439123924478127 1.3466215032641511 -0.1021341471468289
-0.1708462444005773 1.3277727739023391 -0.1068146081977997
-0.26673150570111298 1.2991202326024129 -0.10984930712942589
-0.3573241157570522 1.2616777982236029 -0.11092200827876519
-0.44396661838530788 1.2155424746397161 -0.1093990204104473
-0.51972162138252853 1.1652277322982301 -0.1045251685661283
-0.60016824052593487 1.1006532121028629 -0.093452673215321996
-0.66532635060285594 1.0372795336027141 -0.077680567026405356
-0.73006895528948323 0.96259109119368269 -0.052907053317438398
-0.78548427085951866 0.88866888398028165 -0.018968925369014279
-0.82806208501120404 0.82427450726285445 0.023267383937761621
-0.88331435597328478 0.74856969670950757 0.089407012255819845
-0.93823006968004152 0.69473295919998468 0.15170013993864359
-1.016557022696964 0.64027024002264721 0.21980691440726469
-1.097748076366915 0.59183343479948658 0.27004801137290291
-1.178766918603845 0.53943778246126506 0.30346875058842943
-1.25930958344431 0.48085272929316691 0.32510574705694723
-1.337562747812751 0.41445802122744502 0.33709057325854269
-1.4108551305768531 0.34051787514660647 0.34046175509423882
-1.4769462275948491 0.2610320699361377 0.33627451751168042
-1.5351460926187099 0.17599691562711781 0.32560049938940372
-1.583591224036164 0.088450106195901379 0.30968654359408171
-1.6236134441935739 -0.0033580214477197039 0.28869183465993881
-1.6535776439772321 -0.096711544383848685 0.26426201466936478
-1.673233689821831 -0.1895256742536216 0.23793227463226579
-1.683680729582187 -0.28354408529409658 0.20866286203506501
-1.684792101491918 -0.3793038912781041 0.1763806644329079
