-1.6751647721447669 -0.47940241238201919 0.14140693823445991
-1.6556615838132014 -0.57368842486241967 0.10648487648630631
-1.6265236350674201 -0.66546450279794467 0.071600765840611508
-1.5876100998378766 -0.75376348327317755 0.037223999861057289
-1.5389192501776472 -0.83713039710145287 0.0030497223337517202
-1.4812698493772052 -0.91548946961414612 -0.028920901829188137
-1.4149688549210819 -0.98774963865881182 -0.058365192518518884
-1.3407348138399153 -1.0531792734256518 -0.084654588309923756
-1.2593576228710111 -1.1111384001444358 -0.10702135581819608
-1.1717610947352646 -1.1612014721737409 -0.12438388943869115
-1.0789233790434025 -1.2029138476507575 -0.13531175931079212
-0.98258032703581766 -1.2374025337817669 -0.13890564405849454
-0.88389854351976427 -1.2640385432551104 -0.13316781750897361
-0.78472545980431629 -1.2824347133190084 -0.11600363101372477
-0.68803348077152382 -1.2961974099210516 -0.08545792509395482
-0.59693058198167204 -1.3122910286797735 -0.041814901009578735
-0.51156997689264228 -1.3360134588479942 0.0092918481974879393
-0.43066062163416607 -1.3728280531757566 0.059828754237271894
-0.34988241866341152 -1.4191461026950472 0.1020930122490158
-0.26594011368132464 -1.4693893116514098 0.13186769060773246
-0.17614633817455225 -1.5157387810313332 0.14733581940130105
-0.081906522408662738 -1.555117972636981 0.15246204693059279
0.015531261140182133 -1.5860861717069241 0.14910060805942082
0.11505344828056159 -1.6076600886428269 0.13898894428613331
0.21553571587783577 -1.6194179909153348 0.12328297858894437
0.3159530938789179 -1.6210967739016697 0.10313104023241172
0.4151159111007991 -1.6120370585757149 0.079049061108311197
0.512199458485042 -1.592952608033164 0.05260181148565983
0.60618922954687882 -1.5634629598627383 0.024618067754901045
0.69619771706244193 -1.524751276012158 -0.0050448100906956804
0.7816736697758071 -1.4768531779390019 -0.034630552801255425
0.86159956347595845 -1.4200028149904462 -0.063812649530237089
0.93519002878323421 -1.3551271078809686 -0.092881027791227297
1.001937067104864 -1.2826386152212745 -0.12044059236033766
1.0612181596873431 -1.2031899540996693 -0.14574764092964743
1.1121840023425433 -1.1175271005043379 -0.16876328413307898
1.1545556620846145 -1.0266232727868492 -0.18886002222746667
1.1879566474224827 -0.93130342834969926 -0.20506851715794863
1.2120969281637954 -0.83258467288480065 -0.21669856535625842
1.2268176737790457 -0.73155984090323445 -0.22306331028590121
1.2320662108856477 -0.6294043026454913 -0.22334533534636905
1.2281675541373021 -0.52739486816891379 -0.21693061883410794
1.2155134151783253 -0.42685525930318696 -0.20288402489494339
1.1947183233783032 -0.32928666100010756 -0.18020841474452975
1.1667111269703625 -0.23646646030696825 -0.14757817730202955
1.1340402561931398 -0.14933684801673658 -0.10503957258708024
1.0996601559021153 -0.069333874706500542 -0.051420683770213853
1.0679714083647605 0.0038008608833147491 0.012646942939590032
1.0442457519994244 0.070282233204706765 0.086807360833161359
1.0346365664800985 0.13249100512330494 0.16763444001913877
1.0391576247795486 0.19496043400257493 0.24866673775671963
1.050019065208164 0.25980232848138451 0.32699970916864274
1.0720463286572792 0.33042314081590718 0.39762243703280314
1.1020382191346592 0.40722621816382831 0.45820474862295735
1.1369709259753595 0.48931799992420144 0.50828630454179202
1.1745459231615065 0.57575212278061694 0.54809586219763828
1.2129625883405459 0.66593654636974009 0.5774393648374172
1.2510445039191824 0.75907092730718162 0.59603576857336482
1.2876068020709659 0.85431587159212341 0.60394221922182112
1.3214744406052576 0.95084548181543183 0.60143747503635636
1.3519082801119338 1.0477217725940851 0.58876289780749891
1.37841422849866 1.1439372927101652 0.56613601413262638
1.4007826185377601 1.23846289793313 0.53394360755348924
1.4180689775138775 1.3305584511421409 0.49282844321100627
1.4297939096251953 1.4194366857443419 0.44348690866848239
1.4356976906565395 1.5041895742271894 0.38644287326485238
1.4355706959643895 1.5839593348631387 0.32234426462898313
1.4293480144295068 1.6579014982419868 0.25187883119642218
1.4163823206223571 1.7256822190600074 0.1763194399760934
1.3972358732115051 1.7863244811569228 0.096149169523569361
1.3723823794658467 1.8390084452150608 0.012012252469972007
1.3415293560132606 1.8837932955643335 -0.074673348577710852
1.3052163030627397 1.9198313099780937 -0.16328770422993633
1.263941584548006 1.9466405061201637 -0.25299551706812473
1.2173073189308417 1.9644809046531584 -0.34230633563609758
1.1658743920866452 1.9730681569736654 -0.43033714838297576
1.1105994618215866 1.9719861628553006 -0.51642669234011962
1.0518800390971124 1.9613590527753206 -0.59953182123792326
0.99028825197204129 1.941345286218769 -0.67873481125443191
0.92627604629264515 1.9123071045884186 -0.75307604750503987
0.86043571332880542 1.8749275909624357 -0.82188299608238469
0.79349380950771198 1.8292378696365552 -0.88431173260242824
0.72604169782952477 1.7757854160768629 -0.93961963711325003
0.65901233100146228 1.7150385101774015 -0.98740354633085647
0.59342624880802564 1.6474766664204217 -1.0274118026598793
0.5294753166476287 1.5740697866193476 -1.0588603232952951
0.46751654203451315 1.4957784447060252 -1.0812258614524792
0.40857650745878288 1.4132125888500509 -1.0945945083309156
0.35313407323115276 1.3273060692014553 -1.0987603516956783
0.30126160610189656 1.2392428301359197 -1.093487901091881
0.25380877450776573 1.1497493134980861 -1.0788590864681125
0.2109757077192905 1.0599652124677521 -1.0547472907940285
0.17299726160527559 0.97095332001964063 -1.0213618963653237
0.14084376635880566 0.88337167851371334 -0.9791916666910172
0.11343612046200961 0.79896641899136234 -0.92811357182647691
0.090964631767711884 0.71867132870829431 -0.86862627568032924
0.074433508138554802 0.6432147177582751 -0.80133358443383595
0.062513197129368772 0.57443704609289403 -0.72636950790973898
0.054621192216281811 0.51323541779077719 -0.64463880528755813
0.050489274597831695 0.46053922935622854 -0.55695123827975168
0.049655979087674176 0.41737685582737538 -0.46413679488858056
0.052348371328563875 0.38459812712778585 -0.36724307947575335
0.056515438973737252 0.36302240334030605 -0.2673546009337926
0.062151916185234711 0.35256689279280545 -0.16581644284778785
0.065641322436372732 0.35357651830498293 -0.063581700745405312
0.065680552843751711 0.36217682442108406 0.038368459290499535
0.062667546858746218 0.38124230205885379 0.13885020795989436
0.05738095462017162 0.41075588470234214 0.23666538287913153
0.047086231489179925 0.45026486143583261 0.33044122204915877
0.030763774930431906 0.49776910896379473 0.4195416230680778
0.0083832232259940485 0.55289192013569277 0.50277060023721798
-0.020479058619231095 0.61428523697191872 0.57937002853148378
-0.05610260004061475 0.68036856777363863 0.64891166945577672
-0.098663034860749774 0.74992849764921499 0.7107799148292101
-0.14785164909290308 0.82203955871732115 0.76427833105723519
-0.20317984846691411 0.89563189924414577 0.80909345137528865
-0.26449443257346494 0.96937219894203086 0.84508088767161926
-0.33131120814768023 1.0422539127084305 0.87189615906757589
-0.40300692538326544 1.1132713347537944 0.88950586849994084
-0.47885845047322623 1.1816105884552599 0.89771122280303406
-0.55826465302323147 1.2462784303886201 0.89671367489887766
-0.64060982797016763 1.3063194373562594 0.88671486165883806
-0.72505890407324414 1.3610791375864946 0.8679052328994219
-0.81089509557079631 1.4097832506229888 0.84064077532357107
-0.89700387537480375 1.4521155008689701 0.80491848158532298
-0.98294031233506451 1.4871026146073762 0.76163751960514392
-1.0677201566518471 1.5146984370598375 0.71129435291636844
-1.1502110735353261 1.5350034386004408 0.65413851181183491
-1.2296895386911821 1.5473104219086609 0.59075717034478414
-1.3058520666910576 1.5510337265977205 0.52240353211262169
-1.3778639954856382 1.5462180607973219 0.44974253690990029
-1.4446914016621564 1.5330659711578272 0.37324256959658098
-1.5054911864218246 1.5113915185651514 0.29371169869726271
-1.5598066972207836 1.481546074180524 0.2121748700536624
-1.6069403220458296 1.4443011637158847 0.12924054985447112
-1.6468279509377364 1.3996114118313496 0.04620510702932866
-1.6792192352903894 1.3475845923255019 -0.035791719569729444
-1.7035535785040812 1.2889074867482553 -0.11605090242253908
-1.719935393278782 1.223869603596824 -0.19335666389096395
-1.7278226894791033 1.1536550865938309 -0.26739022694214221
-1.7270560340181473 1.0791252399439042 -0.33750669135003059
-1.7182450528236579 1.0003892805863799 -0.40226083183207817
-1.7014150316720451 0.91841790301114723 -0.46115036507443352
-1.6766759772615685 0.83418314969878116 -0.51371901367806339
-1.6449558618601048 0.74799511515546246 -0.5588503458699241
-1.6061975357347291 0.6610450866387626 -0.59639621405187604
-1.5607466863543731 0.57419783839682459 -0.62580043872112878
-1.5093358801439392 0.48815877376861622 -0.6465123416711559
-1.4526502653166451 0.4037358507028031 -0.6581987139406843
-1.3913813242033173 0.32176748226460189 -0.66059499308091563
-1.3262525987742984 0.24309127724580759 -0.65369723558179438
-1.2586575675329745 0.16799292972514979 -0.63717495722270179
-1.1892210966511334 0.097346769736127756 -0.61123564291612231
-1.1188617441587254 0.031801246477124664 -0.5760290413705289
-1.0489570299536928 -0.02841211361296964 -0.53159716649021294
-0.98059003587671756 -0.082594054207055664 -0.47795104542515759
-0.91519458114814711 -0.13050675097456327 -0.41539487100889105
-0.8544857935259329 -0.17220580948274281 -0.34429838922066447
-0.80073176360747778 -0.20841254635923454 -0.26509714523171579
-0.75536858226891157 -0.23931665473504607 -0.17874133973552669
-0.72089490352281982 -0.26680914667830652 -0.086382913652352802
-0.69783725708402156 -0.289060271917852 0.010923390593460022
-0.68769947020837063 -0.31272625536397802 0.10992878014770763
-0.68382239470055828 -0.33991030933457422 0.20846618191888922
-0.69104093541447587 -0.37459942682612773 0.30444657197135916
-0.70811130662720967 -0.41763749519844778 0.39570179994981369
-0.73277093398852722 -0.46919985095242817 0.48060616208870777
-0.76221555357879756 -0.5290632163068022 0.55821557294167778
-0.79491240251603301 -0.5961165155506587 0.62827161346199822
-0.82939969483006293 -0.67016352432946169 0.68991243108062739
-0.86426576578995606 -0.75050310360253691 0.74283800579420245
-0.89871615756669443 -0.83638744865579906 0.78650003094659071
-0.93191681393670589 -0.92696144084084886 0.8206062766026635
-0.96335709172935058 -1.0212763492821073 0.84479596138399093
-0.99242163050329646 -1.1183601910656047 0.85888425258065415
-1.018156027520853 -1.2172823681981648 0.86331573315785404
-1.0403021779785693 -1.3170262472689913 0.8579880885422958
-1.0587020882087343 -1.4165000993294323 0.84274831750463619
-1.0724918913441737 -1.5148463000294548 0.81816338666315913
-1.0812452720754187 -1.6110995640917747 0.78462986628144515
-1.0849901566982925 -1.704197504718951 0.74238324819897428
-1.0834237917400251 -1.7932401994871603 0.6920360507096609
-1.0765698291499715 -1.8772656900534812 0.6340793180735429
-1.0644384584885445 -1.9553881550714718 0.56913915894034839
-1.0470511195857768 -2.02713672660142 0.49829095059583622
-1.0249680634464529 -2.091361998576251 0.42175790697304888
-0.99831963837028936 -2.1474019954824137 0.34039434333387358
-0.96688225420938934 -2.1948224149775672 0.25533070505460054
-0.93057926195692831 -2.233316606732652 0.16772220717837422
-0.88948044937921111 -2.2625977593150695 0.078669655419576517
-0.84444726032626438 -2.2820919803388136 -0.011167696658101724
-0.7961291955386024 -2.2916110324324888 -0.10092266804752004
-0.74550594648062996 -2.2910305327864471 -0.18992301652366397
-0.69206007926178037 -2.2806162704450728 -0.27664688927948133
-0.63598352250756762 -2.2605862027430565 -0.35996479255123354
-0.5781480549337199 -2.2309596244395817 -0.43912598633355554
-0.51897625884584719 -2.1921654967876427 -0.51318463240482637
-0.46007254002396458 -2.1442739454907676 -0.58195277999773609
-0.40117589383666158 -2.0881152545682955 -0.64416469868345139
-0.34249124682747301 -2.0244765914898286 -0.69893799195171691
-0.28585471139991658 -1.953539495964733 -0.74641551173435938
-0.2303762096562959 -1.8766816838916243 -0.78524879453504282
-0.17630943946005673 -1.7949409438795181 -0.81507618963393391
-0.1255636062179831 -1.7084849996032039 -0.83615182082911521
-0.077616322665474038 -1.6186781804891941 -0.84750294633754431
-0.033238730732012021 -1.5263788128665436 -0.84925742898278933
0.0075034366621278669 -1.4327654838926172 -0.84110959759220283
0.044422635415873074 -1.3389399379665596 -0.82316354125219682
0.076920489890072039 -1.2458598241174557 -0.79547334098792732
0.10554222761720083 -1.1549527653497786 -0.75805994652353181
0.13044602400348485 -1.0673615363919733 -0.71129290985811888
0.15170270557578436 -0.98417352575078398 -0.65556000161011552
0.16934868604939657 -0.90651877670211267 -0.59126696492874387
0.18389420095497977 -0.83580122419877656 -0.51873691473287742
0.19605149776184083 -0.77340328769055211 -0.43855359632457541
0.20679898524806586 -0.7203375649606123 -0.35175443527440298
0.21720927218322897 -0.67813850680732934 -0.25916247653555124
0.22933288550500211 -0.64765176495376708 -0.16229533274937147
0.24470820151859812 -0.63127277844140672 -0.062554959972659238
0.26307453121220131 -0.62319623327537665 0.037904915826020957
0.2856439077420983 -0.62085285979971316 0.13754662701534395
0.32003362000602931 -0.62737127164769757 0.23359225180808854
0.36635622997957779 -0.63901998677924154 0.32401559112785144
0.42464261863109359 -0.65290977388212179 0.40695067346844227
0.49204129889237247 -0.6671308150888251 0.48263813220889001
0.56828360757164031 -0.67937924498683833 0.5498226677146244
0.65162390779848145 -0.68824916905515998 0.6085976208312468
0.7407785463506531 -0.69293952902928857 0.65872942909310384
0.83438939769009945 -0.69330805403208351 0.70023208607581122
0.93129124333386648 -0.68818338448647975 0.73297446996924576
1.0303316753519223 -0.67743514986206521 0.75677959717737264
1.1301271977816931 -0.65996938609474742 0.77184922598092065
1.2295631717772544 -0.63629648016797513 0.77819395998012864
1.3277759064843675 -0.60744942416796222 0.77572329695006859
1.423306157975248 -0.57214739461057529 0.7651855794689939
1.5151695965718657 -0.53101338323591107 0.74651373342497063
1.6023061997642285 -0.48421163304498099 0.7201808682953118
1.6836767453963368 -0.43185661910268164 0.68684507270757478
1.7584002888525823 -0.3745139096882491 0.64684229544610672
1.8256141108906168 -0.3123185977875223 0.60119096144937367
1.8845411230552005 -0.24633422893762735 0.54977947368137492
1.9345392268387616 -0.17689615771703712 0.49367005688644772
1.9753255300798651 -0.10449816963920801 0.43396046009031597
2.0061966034695238 -0.030177051757372314 0.37076627823599911
2.0268268439167785 0.045678184884972217 0.3052379378450335
2.037621555174733 0.12251537753452715 0.23850547080427179
2.0378890263999674 0.19884263953559855 0.17031319771259706
2.0277591815474767 0.27421556020853155 0.10178935988564305
2.0072816878842614 0.34839263807722959 0.034235005804981129
1.9771162954788968 0.42070444560303638 -0.031688485829605206
1.9368374035554696 0.49034439487709353 -0.095070438001198909
1.8869050250137918 0.55636641582727397 -0.15540247483614517
1.8277045824304787 0.6185336909463609 -0.21126834541925688
1.7604562910528601 0.67707162917876051 -0.26168236630468017
1.6857550454833887 0.73138639931403593 -0.30592277489150421
1.6041461449715315 0.78067104532270915 -0.3432898222212174
1.5166835357759074 0.82497532381861105 -0.3727963299048071
1.424423194701103 0.86409580799426999 -0.39373821947266779
1.3287695060027596 0.89869023842525997 -0.40528710882998592
1.2310754288591521 0.92921188349974559 -0.40660794641585823
1.1327210999052701 0.95573685644557993 -0.3964111595375005
1.0357567807409636 0.97918102883667668 -0.37338880349744569
0.94378008928586443 1.0024169179530869 -0.33509788632113136
0.85885151201487175 1.0308143501585691 -0.28560209180919172
0.78034192590720863 1.06872611840682 -0.2320374761441939
0.705842368092089 1.1193051802306198 -0.18345616750716226
0.62983460565552951 1.1758579439607049 -0.14498710919712254
0.54598859694952495 1.22884065714067 -0.12039309518517798
0.4553478194465681 1.2736226183263006 -0.10520913978315879
0.35973189490070767 1.3089629836577097 -0.096894139929382353
0.26066309613441069 1.3341852896228581 -0.093241089216996975
0.15946518672663718 1.3492542064000981 -0.093431300741389639
0.05732553282645677 1.3547712397330016 -0.096453914004836702
-0.044757986157166869 1.3489693715009097 -0.1008803369875895
-0.14566440288265925 1.332596060198157 -0.10561690392755879
-0.24437715090340884 1.305800185969457 -0.10914180802370664
-0.33983378622542881 1.2689066496205015 -0.11071490643481445
-0.4310355266728163 1.2224280109798698 -0.10962632104471831
-0.51699533588656355 1.1670384688417141 -0.10470056967584955
-0.59661592933390506 1.1035046531360908 -0.093941605498333816
-0.66889222942537507 1.0331658601358769 -0.076316096932534702
-0.73353639287266104 0.9579656435735342 -0.050783482619689041
-0.7904107687485914 0.88121808437285276 -0.014081941553904163
-0.8399263024270297 0.80801855404700906 0.037469423356301899
-0.89017698288408287 0.74184190572430242 0.097191569089164459
-0.94881913210894175 0.68737011523372071 0.16090753099499489
-1.0173730876042697 0.63978339356385749 0.22031189610518503
-1.095063923661068 0.59343474154358733 0.2683870552666644
-1.1762261143269608 0.54108094464274603 0.30242065418528513
-1.257195832430239 0.48239022765864514 0.32453790859124249
-1.3348738314404447 0.41673946018257574 0.33667875354936155
-1.4071480890080574 0.34425767981371225 0.34029124472563588
-1.472934410485303 0.26585696357079136 0.33652868837785421
-1.5309721889981578 0.18209535826610196 0.3263660049944106
-1.5805799389309119 0.093891899737152812 0.31067573397606568
-1.6211962188313391 0.0021869216795386975 0.28995985384300133
-1.6521612534482841 -0.092298776925170356 0.26541679824137343
-1.6730763300932205 -0.1887826353737273 0.23814306172440924
-1.6837097238557206 -0.28604233631511983 0.20782066073472058
-1.684428407015472 -0.38308534280148865 0.17505945160425621
